YYYYMMDD	Hour	Lat	Long	Course	PL	Distance	Ice_Log	URL_W	URL_E	Note	Ice_1	Ice_2	Orig Lat	Orig Lon	Orig Course	DirM	DirT	Kts	Baro	Attd	Dry	Wet	Water	SeaT	Weather	Clouds	Clear	Flora&Fauna	People	Ships	Other
1873-01-01	1	-24.73	-43.89	208.12		4		https://s3.amazonaws.com/NARAprodstorage/lz/dc-metro/rg-024/581208/2020-03/581208-omaha-002/581208-omaha-002-138.JPG	https://s3.amazonaws.com/NARAprodstorage/lz/dc-metro/rg-024/581208/2020-03/581208-omaha-002/581208-omaha-002-138.JPG	 					swxs1/2s	112	110	8	29.99	80	80	79	79		b	none					
1873-01-01	2	-24.81	-43.95	208.12		4.2		https://s3.amazonaws.com/NARAprodstorage/lz/dc-metro/rg-024/581208/2020-03/581208-omaha-002/581208-omaha-002-138.JPG	https://s3.amazonaws.com/NARAprodstorage/lz/dc-metro/rg-024/581208/2020-03/581208-omaha-002/581208-omaha-002-138.JPG	 					swxs1/2s	112	110	8	29.96	80	80	79	79		bc	cum	9				
1873-01-01	3	-24.89	-44	208.12		4.2		https://s3.amazonaws.com/NARAprodstorage/lz/dc-metro/rg-024/581208/2020-03/581208-omaha-002/581208-omaha-002-138.JPG	https://s3.amazonaws.com/NARAprodstorage/lz/dc-metro/rg-024/581208/2020-03/581208-omaha-002/581208-omaha-002-138.JPG	 					swxs1/2s	112	110	8	29.96	80	80	79	79		bc	cum nim	8				
1873-01-01	4	-24.97	-44.06	208.12		4.4		https://s3.amazonaws.com/NARAprodstorage/lz/dc-metro/rg-024/581208/2020-03/581208-omaha-002/581208-omaha-002-138.JPG	https://s3.amazonaws.com/NARAprodstorage/lz/dc-metro/rg-024/581208/2020-03/581208-omaha-002/581208-omaha-002-138.JPG	 					swxs1/2s	112	110	8	29.96	80	80	79	79		bc	cum nim	3				
1873-01-01	5	-25.04	-44.12	208.12		4.4		https://s3.amazonaws.com/NARAprodstorage/lz/dc-metro/rg-024/581208/2020-03/581208-omaha-002/581208-omaha-002-138.JPG	https://s3.amazonaws.com/NARAprodstorage/lz/dc-metro/rg-024/581208/2020-03/581208-omaha-002/581208-omaha-002-138.JPG	 					swxs1/2s	68	66	6	29.95	81	80	79	78		bc	cir cum cum nim	4				
1873-01-01	6	-25.13	-44.18	208.12		5		https://s3.amazonaws.com/NARAprodstorage/lz/dc-metro/rg-024/581208/2020-03/581208-omaha-002/581208-omaha-002-138.JPG	https://s3.amazonaws.com/NARAprodstorage/lz/dc-metro/rg-024/581208/2020-03/581208-omaha-002/581208-omaha-002-138.JPG	 					swxs1/2s	68	66	8	29.95	81	81	80	78		bc	cir cum	5				
1873-01-01	7	-25.21	-44.23	208.12		4		https://s3.amazonaws.com/NARAprodstorage/lz/dc-metro/rg-024/581208/2020-03/581208-omaha-002/581208-omaha-002-138.JPG	https://s3.amazonaws.com/NARAprodstorage/lz/dc-metro/rg-024/581208/2020-03/581208-omaha-002/581208-omaha-002-138.JPG	 					swxs1/2s	34	32	8	29.97	80	79	78	78		bc	cir cum	6				
1873-01-01	8	-25.28	-44.29	208.12		4		https://s3.amazonaws.com/NARAprodstorage/lz/dc-metro/rg-024/581208/2020-03/581208-omaha-002/581208-omaha-002-138.JPG	https://s3.amazonaws.com/NARAprodstorage/lz/dc-metro/rg-024/581208/2020-03/581208-omaha-002/581208-omaha-002-138.JPG	 					swxs1/2s	34	32	8	30	81	79	79	78		bc	cir	8				
1873-01-01	9	-25.35	-44.34	208.12		4		https://s3.amazonaws.com/NARAprodstorage/lz/dc-metro/rg-024/581208/2020-03/581208-omaha-002/581208-omaha-002-138.JPG	https://s3.amazonaws.com/NARAprodstorage/lz/dc-metro/rg-024/581208/2020-03/581208-omaha-002/581208-omaha-002-138.JPG	 					swxs1/2s	34	32	5	30.01	81	80	81	79		bc	cir	7				
1873-01-01	10	-25.44	-44.4	208.12		4.6		https://s3.amazonaws.com/NARAprodstorage/lz/dc-metro/rg-024/581208/2020-03/581208-omaha-002/581208-omaha-002-138.JPG	https://s3.amazonaws.com/NARAprodstorage/lz/dc-metro/rg-024/581208/2020-03/581208-omaha-002/581208-omaha-002-138.JPG	 					ssw1/2w	34	32	5	30.02	81	80	80	79		bc	cir	8				
1873-01-01	11	-25.52	-44.43	191.25		4.4		https://s3.amazonaws.com/NARAprodstorage/lz/dc-metro/rg-024/581208/2020-03/581208-omaha-002/581208-omaha-002-138.JPG	https://s3.amazonaws.com/NARAprodstorage/lz/dc-metro/rg-024/581208/2020-03/581208-omaha-002/581208-omaha-002-138.JPG	 					sxw	45	43	5	30.02	82	81	81	80		bc	cir	8				
1873-01-01	12	-25.6	-44.47	191.25		4		https://s3.amazonaws.com/NARAprodstorage/lz/dc-metro/rg-024/581208/2020-03/581208-omaha-002/581208-omaha-002-138.JPG	https://s3.amazonaws.com/NARAprodstorage/lz/dc-metro/rg-024/581208/2020-03/581208-omaha-002/581208-omaha-002-138.JPG	 			25 36S	44 28W	sxw	45	43	5	30.04	84	81	81	80		bc	cir	8				
1873-01-01	13	-25.7	-44.49	191.25		4.4		https://s3.amazonaws.com/NARAprodstorage/lz/dc-metro/rg-024/581208/2020-03/581208-omaha-002/581208-omaha-002-138.JPG	https://s3.amazonaws.com/NARAprodstorage/lz/dc-metro/rg-024/581208/2020-03/581208-omaha-002/581208-omaha-002-138.JPG	 					sxw	11	9	8	30	82	81	81	80		bc	cir	6				
1873-01-01	14	-25.8	-44.52	191.25		4.6		https://s3.amazonaws.com/NARAprodstorage/lz/dc-metro/rg-024/581208/2020-03/581208-omaha-002/581208-omaha-002-138.JPG	https://s3.amazonaws.com/NARAprodstorage/lz/dc-metro/rg-024/581208/2020-03/581208-omaha-002/581208-omaha-002-138.JPG	 					sxw	11	9	8	30	82	81	81	80		bc	cir	6				
1873-01-01	15	-25.9	-44.55	191.25		5		https://s3.amazonaws.com/NARAprodstorage/lz/dc-metro/rg-024/581208/2020-03/581208-omaha-002/581208-omaha-002-138.JPG	https://s3.amazonaws.com/NARAprodstorage/lz/dc-metro/rg-024/581208/2020-03/581208-omaha-002/581208-omaha-002-138.JPG	 					sxw	11	9	8	30	82	81	81	80		bc	cir	6				
1873-01-01	16	-25.99	-44.6	208.12		4.6		https://s3.amazonaws.com/NARAprodstorage/lz/dc-metro/rg-024/581208/2020-03/581208-omaha-002/581208-omaha-002-138.JPG	https://s3.amazonaws.com/NARAprodstorage/lz/dc-metro/rg-024/581208/2020-03/581208-omaha-002/581208-omaha-002-138.JPG	 					ssw1/2w	11	9	8	30	82	81	81	80		bc	cir	6				
1873-01-01	17	-26.09	-44.65	208.12		5		https://s3.amazonaws.com/NARAprodstorage/lz/dc-metro/rg-024/581208/2020-03/581208-omaha-002/581208-omaha-002-138.JPG	https://s3.amazonaws.com/NARAprodstorage/lz/dc-metro/rg-024/581208/2020-03/581208-omaha-002/581208-omaha-002-138.JPG	 					ssw1/2w	68	66	8	29.96	82	81	81	80		bc	cir	6				
1873-01-01	18	-26.19	-44.71	208.12		5		https://s3.amazonaws.com/NARAprodstorage/lz/dc-metro/rg-024/581208/2020-03/581208-omaha-002/581208-omaha-002-138.JPG	https://s3.amazonaws.com/NARAprodstorage/lz/dc-metro/rg-024/581208/2020-03/581208-omaha-002/581208-omaha-002-138.JPG	 					ssw1/2w	68	66	5	29.96	82	81	80	80		bc	cir	6				
1873-01-01	19	-26.28	-44.76	208.12		4.4		https://s3.amazonaws.com/NARAprodstorage/lz/dc-metro/rg-024/581208/2020-03/581208-omaha-002/581208-omaha-002-138.JPG	https://s3.amazonaws.com/NARAprodstorage/lz/dc-metro/rg-024/581208/2020-03/581208-omaha-002/581208-omaha-002-138.JPG	 					ssw1/2w	56	54	5	29.98	82	81	80	80		bc	cir	6				
1873-01-01	20	-26.38	-44.81	208.12		5		https://s3.amazonaws.com/NARAprodstorage/lz/dc-metro/rg-024/581208/2020-03/581208-omaha-002/581208-omaha-002-138.JPG	https://s3.amazonaws.com/NARAprodstorage/lz/dc-metro/rg-024/581208/2020-03/581208-omaha-002/581208-omaha-002-138.JPG	 					ssw1/2w	56	54	8	30	82	80	79	80		bc	cir	7				
1873-01-01	21	-26.47	-44.87	208.12		5		https://s3.amazonaws.com/NARAprodstorage/lz/dc-metro/rg-024/581208/2020-03/581208-omaha-002/581208-omaha-002-138.JPG	https://s3.amazonaws.com/NARAprodstorage/lz/dc-metro/rg-024/581208/2020-03/581208-omaha-002/581208-omaha-002-138.JPG	 					ssw1/2w	56	54	8	30	81	83	80	80		bc	cir	9				
1873-01-01	22	-26.56	-44.92	208.12		4.4		https://s3.amazonaws.com/NARAprodstorage/lz/dc-metro/rg-024/581208/2020-03/581208-omaha-002/581208-omaha-002-138.JPG	https://s3.amazonaws.com/NARAprodstorage/lz/dc-metro/rg-024/581208/2020-03/581208-omaha-002/581208-omaha-002-138.JPG	 					ssw1/2w	22	20	6	30	81	82	80	80		bcl	cu cir	9				
1873-01-01	23	-26.63	-44.95	208.12		3		https://s3.amazonaws.com/NARAprodstorage/lz/dc-metro/rg-024/581208/2020-03/581208-omaha-002/581208-omaha-002-138.JPG	https://s3.amazonaws.com/NARAprodstorage/lz/dc-metro/rg-024/581208/2020-03/581208-omaha-002/581208-omaha-002-138.JPG	 					ssw1/2w	11	9	5	30	81	81	80	80		bcl	cu cir	7				
1873-01-01	24	-26.69	-44.99	208.12		2.4		https://s3.amazonaws.com/NARAprodstorage/lz/dc-metro/rg-024/581208/2020-03/581208-omaha-002/581208-omaha-002-138.JPG	https://s3.amazonaws.com/NARAprodstorage/lz/dc-metro/rg-024/581208/2020-03/581208-omaha-002/581208-omaha-002-138.JPG	 					ssw1/2w	11	9	5	30	81	80	80	80		bclm	cu cir	5				
1873-01-02	1	-26.75	-45	180		2		https://s3.amazonaws.com/NARAprodstorage/lz/dc-metro/rg-024/581208/2020-03/581208-omaha-002/581208-omaha-002-139.JPG	https://s3.amazonaws.com/NARAprodstorage/lz/dc-metro/rg-024/581208/2020-03/581208-omaha-002/581208-omaha-002-139.JPG	 					s	248	246	2	29.95	76	78	77	79		oc	cum nimb	0				
1873-01-02	2	-26.81	-45	168.75		2.4		https://s3.amazonaws.com/NARAprodstorage/lz/dc-metro/rg-024/581208/2020-03/581208-omaha-002/581208-omaha-002-139.JPG	https://s3.amazonaws.com/NARAprodstorage/lz/dc-metro/rg-024/581208/2020-03/581208-omaha-002/581208-omaha-002-139.JPG	 					sxe	236	234	2	29.94	76	78	77	80		bc	cum nimb	3				
1873-01-02	3	-26.85	-45	157.5		1		https://s3.amazonaws.com/NARAprodstorage/lz/dc-metro/rg-024/581208/2020-03/581208-omaha-002/581208-omaha-002-139.JPG	https://s3.amazonaws.com/NARAprodstorage/lz/dc-metro/rg-024/581208/2020-03/581208-omaha-002/581208-omaha-002-139.JPG	 					sse	225	223	1	29.92	77	77	76	80		oc	cum nimb	4				
1873-01-02	4	-26.87	-45.02			0		https://s3.amazonaws.com/NARAprodstorage/lz/dc-metro/rg-024/581208/2020-03/581208-omaha-002/581208-omaha-002-139.JPG	https://s3.amazonaws.com/NARAprodstorage/lz/dc-metro/rg-024/581208/2020-03/581208-omaha-002/581208-omaha-002-139.JPG	 						0	0	0	29.9	78	77	76	80		bc	cum nimb	8				
1873-01-02	5	-26.9	-45.03	208.12		0.4		https://s3.amazonaws.com/NARAprodstorage/lz/dc-metro/rg-024/581208/2020-03/581208-omaha-002/581208-omaha-002-139.JPG	https://s3.amazonaws.com/NARAprodstorage/lz/dc-metro/rg-024/581208/2020-03/581208-omaha-002/581208-omaha-002-139.JPG	 					ssw1/2w	135	133	1	29.95	76	77	76	80		bc	cum nimb	8				
1873-01-02	6	-26.95	-45.06	208.12		1.6		https://s3.amazonaws.com/NARAprodstorage/lz/dc-metro/rg-024/581208/2020-03/581208-omaha-002/581208-omaha-002-139.JPG	https://s3.amazonaws.com/NARAprodstorage/lz/dc-metro/rg-024/581208/2020-03/581208-omaha-002/581208-omaha-002-139.JPG	 					ssw1/2w	135	133	2	29.95	76	77	76	80		bc	cum nimb	8				
1873-01-02	7	-27.01	-45.09	208.12		2.6		https://s3.amazonaws.com/NARAprodstorage/lz/dc-metro/rg-024/581208/2020-03/581208-omaha-002/581208-omaha-002-139.JPG	https://s3.amazonaws.com/NARAprodstorage/lz/dc-metro/rg-024/581208/2020-03/581208-omaha-002/581208-omaha-002-139.JPG	 					ssw1/2w	135	133	2	29.91	80	79	78	79		bc	cum nimb	8				
1873-01-02	8	-27.09	-45.14	208.12		4		https://s3.amazonaws.com/NARAprodstorage/lz/dc-metro/rg-024/581208/2020-03/581208-omaha-002/581208-omaha-002-139.JPG	https://s3.amazonaws.com/NARAprodstorage/lz/dc-metro/rg-024/581208/2020-03/581208-omaha-002/581208-omaha-002-139.JPG	 					ssw1/2w	124	122	8	30	80	79	79	79		bc	cum nimb	8				
1873-01-02	9	-27.16	-45.17	208.12		3		https://s3.amazonaws.com/NARAprodstorage/lz/dc-metro/rg-024/581208/2020-03/581208-omaha-002/581208-omaha-002-139.JPG	https://s3.amazonaws.com/NARAprodstorage/lz/dc-metro/rg-024/581208/2020-03/581208-omaha-002/581208-omaha-002-139.JPG	 					ssw1/2w	124	122	5	30	80	80	80	80		bc	cum nimb	8				
1873-01-02	10	-27.23	-45.21	208.12		3		https://s3.amazonaws.com/NARAprodstorage/lz/dc-metro/rg-024/581208/2020-03/581208-omaha-002/581208-omaha-002-139.JPG	https://s3.amazonaws.com/NARAprodstorage/lz/dc-metro/rg-024/581208/2020-03/581208-omaha-002/581208-omaha-002-139.JPG	 					ssw1/2w	124	122	5	30	80	80	80	80		bc	cum nimb	8				
1873-01-02	11	-27.27	-45.23	208.12		1		https://s3.amazonaws.com/NARAprodstorage/lz/dc-metro/rg-024/581208/2020-03/581208-omaha-002/581208-omaha-002-139.JPG	https://s3.amazonaws.com/NARAprodstorage/lz/dc-metro/rg-024/581208/2020-03/581208-omaha-002/581208-omaha-002-139.JPG	 					ssw1/2w	124	122	2	30	82	81	81	80		bc	cum nimb	8				
1873-01-02	12	-27.3	-45.25	208.12		0.6		https://s3.amazonaws.com/NARAprodstorage/lz/dc-metro/rg-024/581208/2020-03/581208-omaha-002/581208-omaha-002-139.JPG	https://s3.amazonaws.com/NARAprodstorage/lz/dc-metro/rg-024/581208/2020-03/581208-omaha-002/581208-omaha-002-139.JPG	 			27 18S	45 15W	ssw1/2w	124	122	2	30	82	81	81	80		bc	cum nimb	0				
1873-01-02	13	-27.31	-45.26	211		0.8		https://s3.amazonaws.com/NARAprodstorage/lz/dc-metro/rg-024/581208/2020-03/581208-omaha-002/581208-omaha-002-139.JPG	https://s3.amazonaws.com/NARAprodstorage/lz/dc-metro/rg-024/581208/2020-03/581208-omaha-002/581208-omaha-002-139.JPG	 					ssw1/2w|swxs	124	122	2	29.98	82	82	82	80		bc	cir cum	2				
1873-01-02	14	-27.32	-45.26	213.75		0.4		https://s3.amazonaws.com/NARAprodstorage/lz/dc-metro/rg-024/581208/2020-03/581208-omaha-002/581208-omaha-002-139.JPG	https://s3.amazonaws.com/NARAprodstorage/lz/dc-metro/rg-024/581208/2020-03/581208-omaha-002/581208-omaha-002-139.JPG	 					swxs	112	110	1	29.98	83	82	82	80		bc	cir cum	2				
1873-01-02	15	-27.34	-45.27	213.75		1.4		https://s3.amazonaws.com/NARAprodstorage/lz/dc-metro/rg-024/581208/2020-03/581208-omaha-002/581208-omaha-002-139.JPG	https://s3.amazonaws.com/NARAprodstorage/lz/dc-metro/rg-024/581208/2020-03/581208-omaha-002/581208-omaha-002-139.JPG	 					swxs	135	133	2	29.96	83	82	81	80		bc	cir cum	2				
1873-01-02	16	-27.38	-45.3	213.75		3		https://s3.amazonaws.com/NARAprodstorage/lz/dc-metro/rg-024/581208/2020-03/581208-omaha-002/581208-omaha-002-139.JPG	https://s3.amazonaws.com/NARAprodstorage/lz/dc-metro/rg-024/581208/2020-03/581208-omaha-002/581208-omaha-002-139.JPG	 					swxs	135	133	5	29.95	82	81	81	80		bc	cir cum	2				
1873-01-02	17	-27.44	-45.33	213.75		4		https://s3.amazonaws.com/NARAprodstorage/lz/dc-metro/rg-024/581208/2020-03/581208-omaha-002/581208-omaha-002-139.JPG	https://s3.amazonaws.com/NARAprodstorage/lz/dc-metro/rg-024/581208/2020-03/581208-omaha-002/581208-omaha-002-139.JPG	 					swxs	112	110	5	29.92	82	81	80	80		bc	cir cum	8				
1873-01-02	18	-27.49	-45.37	213.75		4		https://s3.amazonaws.com/NARAprodstorage/lz/dc-metro/rg-024/581208/2020-03/581208-omaha-002/581208-omaha-002-139.JPG	https://s3.amazonaws.com/NARAprodstorage/lz/dc-metro/rg-024/581208/2020-03/581208-omaha-002/581208-omaha-002-139.JPG	 					swxs	112	110	5	29.92	82	80	80	80		bc	cir cum	9				
1873-01-02	19	-27.55	-45.41	213.75		4		https://s3.amazonaws.com/NARAprodstorage/lz/dc-metro/rg-024/581208/2020-03/581208-omaha-002/581208-omaha-002-139.JPG	https://s3.amazonaws.com/NARAprodstorage/lz/dc-metro/rg-024/581208/2020-03/581208-omaha-002/581208-omaha-002-139.JPG	 					swxs	112	110	5	29.92	81	80	80	80		bc	cir cum	8				
1873-01-02	20	-27.6	-45.45	213.75		4		https://s3.amazonaws.com/NARAprodstorage/lz/dc-metro/rg-024/581208/2020-03/581208-omaha-002/581208-omaha-002-139.JPG	https://s3.amazonaws.com/NARAprodstorage/lz/dc-metro/rg-024/581208/2020-03/581208-omaha-002/581208-omaha-002-139.JPG	 					swxs	112	110	5	29.93	81	80	80	80		bc	cir cum	9				
1873-01-02	21	-27.65	-45.48	213.75		3		https://s3.amazonaws.com/NARAprodstorage/lz/dc-metro/rg-024/581208/2020-03/581208-omaha-002/581208-omaha-002-139.JPG	https://s3.amazonaws.com/NARAprodstorage/lz/dc-metro/rg-024/581208/2020-03/581208-omaha-002/581208-omaha-002-139.JPG	 					swxs	68	66	5	29.91	79	80	80	79		oc	cir cum cum nim	4				
1873-01-02	22	-27.69	-45.51	213.75		3		https://s3.amazonaws.com/NARAprodstorage/lz/dc-metro/rg-024/581208/2020-03/581208-omaha-002/581208-omaha-002-139.JPG	https://s3.amazonaws.com/NARAprodstorage/lz/dc-metro/rg-024/581208/2020-03/581208-omaha-002/581208-omaha-002-139.JPG	 					swxs	68	66	5	29.92	78	80	80	79		bc	cir cum	6				
1873-01-02	23	-27.73	-45.53	213.75		3		https://s3.amazonaws.com/NARAprodstorage/lz/dc-metro/rg-024/581208/2020-03/581208-omaha-002/581208-omaha-002-139.JPG	https://s3.amazonaws.com/NARAprodstorage/lz/dc-metro/rg-024/581208/2020-03/581208-omaha-002/581208-omaha-002-139.JPG	 					swxs	68	66	5	29.93	78	80	80	79		oc	cir cum	2				
1873-01-02	24	-27.79	-45.57	213.75		4		https://s3.amazonaws.com/NARAprodstorage/lz/dc-metro/rg-024/581208/2020-03/581208-omaha-002/581208-omaha-002-139.JPG	https://s3.amazonaws.com/NARAprodstorage/lz/dc-metro/rg-024/581208/2020-03/581208-omaha-002/581208-omaha-002-139.JPG	 					swxs	68	66	5	29.93	78	80	80	79		bc	cir cum	5				
1873-01-03	1	-27.84	-45.61	213.75		4		https://s3.amazonaws.com/NARAprodstorage/lz/dc-metro/rg-024/581208/2020-03/581208-omaha-002/581208-omaha-002-140.JPG	https://s3.amazonaws.com/NARAprodstorage/lz/dc-metro/rg-024/581208/2020-03/581208-omaha-002/581208-omaha-002-140.JPG	 					swxs	22	20	5	29.93	79	80	79	79		bc	cir cum	5				
1873-01-03	2	-27.9	-45.65	213.75		4		https://s3.amazonaws.com/NARAprodstorage/lz/dc-metro/rg-024/581208/2020-03/581208-omaha-002/581208-omaha-002-140.JPG	https://s3.amazonaws.com/NARAprodstorage/lz/dc-metro/rg-024/581208/2020-03/581208-omaha-002/581208-omaha-002-140.JPG	 					swxs	360	358	5	29.94	80	80	79	79		bc	cir	6				
1873-01-03	3	-27.94	-45.68	213.75		3		https://s3.amazonaws.com/NARAprodstorage/lz/dc-metro/rg-024/581208/2020-03/581208-omaha-002/581208-omaha-002-140.JPG	https://s3.amazonaws.com/NARAprodstorage/lz/dc-metro/rg-024/581208/2020-03/581208-omaha-002/581208-omaha-002-140.JPG	 					swxs	360	358	2	29.94	80	80	79	79		bc	cir	6				
1873-01-03	4	-27.97	-45.7	213.75		2.2		https://s3.amazonaws.com/NARAprodstorage/lz/dc-metro/rg-024/581208/2020-03/581208-omaha-002/581208-omaha-002-140.JPG	https://s3.amazonaws.com/NARAprodstorage/lz/dc-metro/rg-024/581208/2020-03/581208-omaha-002/581208-omaha-002-140.JPG	 					swxs	34	32	2	29.94	80	80	80	79		bc	cir	6				
1873-01-03	5	-28.01	-45.72	213.75		2.6		https://s3.amazonaws.com/NARAprodstorage/lz/dc-metro/rg-024/581208/2020-03/581208-omaha-002/581208-omaha-002-140.JPG	https://s3.amazonaws.com/NARAprodstorage/lz/dc-metro/rg-024/581208/2020-03/581208-omaha-002/581208-omaha-002-140.JPG	 					swxs	34	32	2	29.93	80	80	80	79		bc	str	7				
1873-01-03	6	-28.05	-45.75	213.75		3.2		https://s3.amazonaws.com/NARAprodstorage/lz/dc-metro/rg-024/581208/2020-03/581208-omaha-002/581208-omaha-002-140.JPG	https://s3.amazonaws.com/NARAprodstorage/lz/dc-metro/rg-024/581208/2020-03/581208-omaha-002/581208-omaha-002-140.JPG	 					swxs	34	32	5	29.95	80	80	80	80		bc	str	7				
1873-01-03	7	-28.12	-45.8	213.75		5		https://s3.amazonaws.com/NARAprodstorage/lz/dc-metro/rg-024/581208/2020-03/581208-omaha-002/581208-omaha-002-140.JPG	https://s3.amazonaws.com/NARAprodstorage/lz/dc-metro/rg-024/581208/2020-03/581208-omaha-002/581208-omaha-002-140.JPG	 					swxs	34	32	8	29.95	80	80	80	80		bc	str	7				
1873-01-03	8	-28.21	-45.86	213.75		6.2		https://s3.amazonaws.com/NARAprodstorage/lz/dc-metro/rg-024/581208/2020-03/581208-omaha-002/581208-omaha-002-140.JPG	https://s3.amazonaws.com/NARAprodstorage/lz/dc-metro/rg-024/581208/2020-03/581208-omaha-002/581208-omaha-002-140.JPG	 					swxs	349	347	8	29.95	80	79	78	79		bc	str	7				
1873-01-03	9	-28.31	-45.93	213.75		7		https://s3.amazonaws.com/NARAprodstorage/lz/dc-metro/rg-024/581208/2020-03/581208-omaha-002/581208-omaha-002-140.JPG	https://s3.amazonaws.com/NARAprodstorage/lz/dc-metro/rg-024/581208/2020-03/581208-omaha-002/581208-omaha-002-140.JPG	 					swxs	349	347	13	29.94	80	78	78	79		bc	str	5				
1873-01-03	10	-28.42	-46.02	213.75		8		https://s3.amazonaws.com/NARAprodstorage/lz/dc-metro/rg-024/581208/2020-03/581208-omaha-002/581208-omaha-002-140.JPG	https://s3.amazonaws.com/NARAprodstorage/lz/dc-metro/rg-024/581208/2020-03/581208-omaha-002/581208-omaha-002-140.JPG	 					swxs	304	302	19	29.94	80	78	78	79		oc	cum	0				
1873-01-03	11	-28.54	-46.1	213.75		8.6		https://s3.amazonaws.com/NARAprodstorage/lz/dc-metro/rg-024/581208/2020-03/581208-omaha-002/581208-omaha-002-140.JPG	https://s3.amazonaws.com/NARAprodstorage/lz/dc-metro/rg-024/581208/2020-03/581208-omaha-002/581208-omaha-002-140.JPG	 					swxs	315	313	19	29.94	79	78	77	78		oc	cum nim	9				
1873-01-03	12	-28.65	-46.18	213.75		8		https://s3.amazonaws.com/NARAprodstorage/lz/dc-metro/rg-024/581208/2020-03/581208-omaha-002/581208-omaha-002-140.JPG	https://s3.amazonaws.com/NARAprodstorage/lz/dc-metro/rg-024/581208/2020-03/581208-omaha-002/581208-omaha-002-140.JPG	 			28 39S	46 11W	swxs	315	313	19	29.94	79	78	78	78		bc	cum	9				
1873-01-03	13	-28.76	-46.27	210.94		7.2		https://s3.amazonaws.com/NARAprodstorage/lz/dc-metro/rg-024/581208/2020-03/581208-omaha-002/581208-omaha-002-140.JPG	https://s3.amazonaws.com/NARAprodstorage/lz/dc-metro/rg-024/581208/2020-03/581208-omaha-002/581208-omaha-002-140.JPG	 					ssw3/4w	315	313	19	29.91	79	79	79	78		bc	cir cum	8				
1873-01-03	14	-28.86	-46.36	210.94		7.2		https://s3.amazonaws.com/NARAprodstorage/lz/dc-metro/rg-024/581208/2020-03/581208-omaha-002/581208-omaha-002-140.JPG	https://s3.amazonaws.com/NARAprodstorage/lz/dc-metro/rg-024/581208/2020-03/581208-omaha-002/581208-omaha-002-140.JPG	1400: cc SWxS.					ssw3/4w	315	313	19	29.92	79	80	81	79		bc	cir cum	2				
1873-01-03	15	-28.96	-46.45	213.75		7		https://s3.amazonaws.com/NARAprodstorage/lz/dc-metro/rg-024/581208/2020-03/581208-omaha-002/581208-omaha-002-140.JPG	https://s3.amazonaws.com/NARAprodstorage/lz/dc-metro/rg-024/581208/2020-03/581208-omaha-002/581208-omaha-002-140.JPG	 					swxs	315	313	16	29.89	79	80	81	79		bc	cir str	4				
1873-01-03	16	-29.05	-46.53	213.75		6		https://s3.amazonaws.com/NARAprodstorage/lz/dc-metro/rg-024/581208/2020-03/581208-omaha-002/581208-omaha-002-140.JPG	https://s3.amazonaws.com/NARAprodstorage/lz/dc-metro/rg-024/581208/2020-03/581208-omaha-002/581208-omaha-002-140.JPG	 					swxs	315	313	13	29.9	79	80	81	79		bc	cir str	5				
1873-01-03	17	-29.09	-46.58	213.75		3		https://s3.amazonaws.com/NARAprodstorage/lz/dc-metro/rg-024/581208/2020-03/581208-omaha-002/581208-omaha-002-140.JPG	https://s3.amazonaws.com/NARAprodstorage/lz/dc-metro/rg-024/581208/2020-03/581208-omaha-002/581208-omaha-002-140.JPG	 					swxs	315	313	2	29.9	79	81	81	79		bc	cir str	6				
1873-01-03	18	-29.12	-46.61	213.75		1.4		https://s3.amazonaws.com/NARAprodstorage/lz/dc-metro/rg-024/581208/2020-03/581208-omaha-002/581208-omaha-002-140.JPG	https://s3.amazonaws.com/NARAprodstorage/lz/dc-metro/rg-024/581208/2020-03/581208-omaha-002/581208-omaha-002-140.JPG	 					swxs	315	315	2	29.9	81	81	81	78		bc	cir cum	4				
1873-01-03	19	-29.16	-46.66	213.75		3		https://s3.amazonaws.com/NARAprodstorage/lz/dc-metro/rg-024/581208/2020-03/581208-omaha-002/581208-omaha-002-140.JPG	https://s3.amazonaws.com/NARAprodstorage/lz/dc-metro/rg-024/581208/2020-03/581208-omaha-002/581208-omaha-002-140.JPG	 					swxs	315	315	3	29.9	79	79	80	78		bc	cir cum cir str	3				
1873-01-03	20	-29.22	-46.72	213.75		4		https://s3.amazonaws.com/NARAprodstorage/lz/dc-metro/rg-024/581208/2020-03/581208-omaha-002/581208-omaha-002-140.JPG	https://s3.amazonaws.com/NARAprodstorage/lz/dc-metro/rg-024/581208/2020-03/581208-omaha-002/581208-omaha-002-140.JPG	 					swxs	315	315	5	29.9	79	79	80	78		bc	cir str	3				
1873-01-03	21	-29.3	-46.8	213.75		5.4		https://s3.amazonaws.com/NARAprodstorage/lz/dc-metro/rg-024/581208/2020-03/581208-omaha-002/581208-omaha-002-140.JPG	https://s3.amazonaws.com/NARAprodstorage/lz/dc-metro/rg-024/581208/2020-03/581208-omaha-002/581208-omaha-002-140.JPG	 					swxs	298	298	8	29.95	80	79	80	80		oc	cum nim	3				
1873-01-03	22	-29.39	-46.88	213.75		6		https://s3.amazonaws.com/NARAprodstorage/lz/dc-metro/rg-024/581208/2020-03/581208-omaha-002/581208-omaha-002-140.JPG	https://s3.amazonaws.com/NARAprodstorage/lz/dc-metro/rg-024/581208/2020-03/581208-omaha-002/581208-omaha-002-140.JPG	 					swxs	281	281	8	29.97	80	79	79	78		oc	cum nim	3				
1873-01-03	23	-29.49	-46.93	196.88		6		https://s3.amazonaws.com/NARAprodstorage/lz/dc-metro/rg-024/581208/2020-03/581208-omaha-002/581208-omaha-002-140.JPG	https://s3.amazonaws.com/NARAprodstorage/lz/dc-metro/rg-024/581208/2020-03/581208-omaha-002/581208-omaha-002-140.JPG	 					sxw1/2w	259	259	8	29.95	80	79	78	78		ocl	cum nim	3				
1873-01-03	24	-29.56	-46.95	180		4.4		https://s3.amazonaws.com/NARAprodstorage/lz/dc-metro/rg-024/581208/2020-03/581208-omaha-002/581208-omaha-002-140.JPG	https://s3.amazonaws.com/NARAprodstorage/lz/dc-metro/rg-024/581208/2020-03/581208-omaha-002/581208-omaha-002-140.JPG	 					s	253	253	19	29.95	80	79	78	78		ocql	cum nim	3				
1873-01-04	1	-29.58	-46.94	135		1.4		https://s3.amazonaws.com/NARAprodstorage/lz/dc-metro/rg-024/581208/2020-03/581208-omaha-002/581208-omaha-002-141.JPG	https://s3.amazonaws.com/NARAprodstorage/lz/dc-metro/rg-024/581208/2020-03/581208-omaha-002/581208-omaha-002-141.JPG	 					se	202	202	13	29.95	77	76	75	75		qoc	nimb	0				
1873-01-04	2	-29.6	-46.92	118.12		2.4		https://s3.amazonaws.com/NARAprodstorage/lz/dc-metro/rg-024/581208/2020-03/581208-omaha-002/581208-omaha-002-141.JPG	https://s3.amazonaws.com/NARAprodstorage/lz/dc-metro/rg-024/581208/2020-03/581208-omaha-002/581208-omaha-002-141.JPG	 					sexe1/2e	191	191	13	29.95	77	76	75	75		ocq	nimb	0				
1873-01-04	3	-29.63	-46.9	118.12		2.4		https://s3.amazonaws.com/NARAprodstorage/lz/dc-metro/rg-024/581208/2020-03/581208-omaha-002/581208-omaha-002-141.JPG	https://s3.amazonaws.com/NARAprodstorage/lz/dc-metro/rg-024/581208/2020-03/581208-omaha-002/581208-omaha-002-141.JPG	 					sexe1/2e	191	191	13	29.95	77	76	75	75		ocq	nimb	0				
1873-01-04	4	-29.65	-46.93	213.75		1.4		https://s3.amazonaws.com/NARAprodstorage/lz/dc-metro/rg-024/581208/2020-03/581208-omaha-002/581208-omaha-002-141.JPG	https://s3.amazonaws.com/NARAprodstorage/lz/dc-metro/rg-024/581208/2020-03/581208-omaha-002/581208-omaha-002-141.JPG	 					swxs	158	158	5	29.95	77	76	75	75		oc	nimb	1				
1873-01-04	5	-29.7	-47.03	236.25		5		https://s3.amazonaws.com/NARAprodstorage/lz/dc-metro/rg-024/581208/2020-03/581208-omaha-002/581208-omaha-002-141.JPG	https://s3.amazonaws.com/NARAprodstorage/lz/dc-metro/rg-024/581208/2020-03/581208-omaha-002/581208-omaha-002-141.JPG	 					swxw	158	158	13	29.96	77	75	75	75		bc	cum	4				
1873-01-04	6	-29.75	-47.16	244.69		6.6		https://s3.amazonaws.com/NARAprodstorage/lz/dc-metro/rg-024/581208/2020-03/581208-omaha-002/581208-omaha-002-141.JPG	https://s3.amazonaws.com/NARAprodstorage/lz/dc-metro/rg-024/581208/2020-03/581208-omaha-002/581208-omaha-002-141.JPG	 					swxw3/4w	158	158	13	29.97	77	75	75	75		bc	cum	3				
1873-01-04	7	-29.81	-47.26	233.44		5.4		https://s3.amazonaws.com/NARAprodstorage/lz/dc-metro/rg-024/581208/2020-03/581208-omaha-002/581208-omaha-002-141.JPG	https://s3.amazonaws.com/NARAprodstorage/lz/dc-metro/rg-024/581208/2020-03/581208-omaha-002/581208-omaha-002-141.JPG	 					sw3/4w	158	158	8	30	78	75	74	75		bc	cir cum	3				
1873-01-04	8	-29.85	-47.34	236.25		4.2		https://s3.amazonaws.com/NARAprodstorage/lz/dc-metro/rg-024/581208/2020-03/581208-omaha-002/581208-omaha-002-141.JPG	https://s3.amazonaws.com/NARAprodstorage/lz/dc-metro/rg-024/581208/2020-03/581208-omaha-002/581208-omaha-002-141.JPG	 					swxw	158	158	5	30.03	77	75	74	75		bc	cir cum	3				
1873-01-04	9	-29.87	-47.43	250.31		3.6		https://s3.amazonaws.com/NARAprodstorage/lz/dc-metro/rg-024/581208/2020-03/581208-omaha-002/581208-omaha-002-141.JPG	https://s3.amazonaws.com/NARAprodstorage/lz/dc-metro/rg-024/581208/2020-03/581208-omaha-002/581208-omaha-002-141.JPG	 					wsw1/4w	180	180	8	30.05	77	75	75	76		oc	cum	0				
1873-01-04	10	-29.9	-47.52	247.5		4.2		https://s3.amazonaws.com/NARAprodstorage/lz/dc-metro/rg-024/581208/2020-03/581208-omaha-002/581208-omaha-002-141.JPG	https://s3.amazonaws.com/NARAprodstorage/lz/dc-metro/rg-024/581208/2020-03/581208-omaha-002/581208-omaha-002-141.JPG	 					wsw	180	180	8	30.07	77	75	75	76		oc	cum	0				
1873-01-04	11	-29.93	-47.61	247.5		4		https://s3.amazonaws.com/NARAprodstorage/lz/dc-metro/rg-024/581208/2020-03/581208-omaha-002/581208-omaha-002-141.JPG	https://s3.amazonaws.com/NARAprodstorage/lz/dc-metro/rg-024/581208/2020-03/581208-omaha-002/581208-omaha-002-141.JPG	 					wsw	180	180	8	30.08	77	76	75	77		oc	cum	0				
1873-01-04	12	-29.97	-47.72	247.5		5.2		https://s3.amazonaws.com/NARAprodstorage/lz/dc-metro/rg-024/581208/2020-03/581208-omaha-002/581208-omaha-002-141.JPG	https://s3.amazonaws.com/NARAprodstorage/lz/dc-metro/rg-024/581208/2020-03/581208-omaha-002/581208-omaha-002-141.JPG	 			29 58S	47 43W	wsw	180	180	10	30.07	77	74	74	77		oc	cum	3				
1873-01-04	13	-30.01	-47.84	247.5		5		https://s3.amazonaws.com/NARAprodstorage/lz/dc-metro/rg-024/581208/2020-03/581208-omaha-002/581208-omaha-002-141.JPG	https://s3.amazonaws.com/NARAprodstorage/lz/dc-metro/rg-024/581208/2020-03/581208-omaha-002/581208-omaha-002-141.JPG	 					wsw	180	180	8	30.05	75	75	74	77		oc	cir cum	2				
1873-01-04	14	-30	-47.82	61.88		3.6		https://s3.amazonaws.com/NARAprodstorage/lz/dc-metro/rg-024/581208/2020-03/581208-omaha-002/581208-omaha-002-141.JPG	https://s3.amazonaws.com/NARAprodstorage/lz/dc-metro/rg-024/581208/2020-03/581208-omaha-002/581208-omaha-002-141.JPG	 					nexe1/2e	135	135	6	30.06	75	75	74	77		oc	cir cum	3				
1873-01-04	15	-30.02	-47.84	108		1		https://s3.amazonaws.com/NARAprodstorage/lz/dc-metro/rg-024/581208/2020-03/581208-omaha-002/581208-omaha-002-141.JPG	https://s3.amazonaws.com/NARAprodstorage/lz/dc-metro/rg-024/581208/2020-03/581208-omaha-002/581208-omaha-002-141.JPG	 					nexe|swxs	129	129	8	30.05	74	75	75	77		oc	cir cum	0				
1873-01-04	16	-30.1	-47.93	210.94		5.4		https://s3.amazonaws.com/NARAprodstorage/lz/dc-metro/rg-024/581208/2020-03/581208-omaha-002/581208-omaha-002-141.JPG	https://s3.amazonaws.com/NARAprodstorage/lz/dc-metro/rg-024/581208/2020-03/581208-omaha-002/581208-omaha-002-141.JPG	 					swxs1/4s	135	135	13	30.02	74	75	74	77		oc	cir cum	2				
1873-01-04	17	-30.19	-48.01	202.5		5		https://s3.amazonaws.com/NARAprodstorage/lz/dc-metro/rg-024/581208/2020-03/581208-omaha-002/581208-omaha-002-141.JPG	https://s3.amazonaws.com/NARAprodstorage/lz/dc-metro/rg-024/581208/2020-03/581208-omaha-002/581208-omaha-002-141.JPG	 					ssw	135	135	8	30.03	74	75	75	77		bc	cir nim	4				
1873-01-04	18	-30.29	-48.1	205.31		5.6		https://s3.amazonaws.com/NARAprodstorage/lz/dc-metro/rg-024/581208/2020-03/581208-omaha-002/581208-omaha-002-141.JPG	https://s3.amazonaws.com/NARAprodstorage/lz/dc-metro/rg-024/581208/2020-03/581208-omaha-002/581208-omaha-002-141.JPG	 					ssw1/4w	135	135	13	30.03	74	75	74	77		ocq	cir nim	2				
1873-01-04	19	-30.39	-48.18	202.5		6		https://s3.amazonaws.com/NARAprodstorage/lz/dc-metro/rg-024/581208/2020-03/581208-omaha-002/581208-omaha-002-141.JPG	https://s3.amazonaws.com/NARAprodstorage/lz/dc-metro/rg-024/581208/2020-03/581208-omaha-002/581208-omaha-002-141.JPG	 					ssw	135	135	21	30.03	74	75	74	77		ocq	cir nim	2				
1873-01-04	20	-30.5	-48.27	202.5		6.2		https://s3.amazonaws.com/NARAprodstorage/lz/dc-metro/rg-024/581208/2020-03/581208-omaha-002/581208-omaha-002-141.JPG	https://s3.amazonaws.com/NARAprodstorage/lz/dc-metro/rg-024/581208/2020-03/581208-omaha-002/581208-omaha-002-141.JPG	 					ssw	135	135	16	29.99	76	74	74	77		ocq	cir nim	1				
1873-01-04	21	-30.59	-48.35	202.5		5		https://s3.amazonaws.com/NARAprodstorage/lz/dc-metro/rg-024/581208/2020-03/581208-omaha-002/581208-omaha-002-141.JPG	https://s3.amazonaws.com/NARAprodstorage/lz/dc-metro/rg-024/581208/2020-03/581208-omaha-002/581208-omaha-002-141.JPG	 					ssw	135	135	13	30	76	73	73	75		bc	cir nim	3				
1873-01-04	22	-30.68	-48.43	202.5		5.2		https://s3.amazonaws.com/NARAprodstorage/lz/dc-metro/rg-024/581208/2020-03/581208-omaha-002/581208-omaha-002-141.JPG	https://s3.amazonaws.com/NARAprodstorage/lz/dc-metro/rg-024/581208/2020-03/581208-omaha-002/581208-omaha-002-141.JPG	 					ssw	135	135	16	30.1	76	73	73	75		bc	cir nim	3				
1873-01-04	23	-30.78	-48.51	202.5		5.4		https://s3.amazonaws.com/NARAprodstorage/lz/dc-metro/rg-024/581208/2020-03/581208-omaha-002/581208-omaha-002-141.JPG	https://s3.amazonaws.com/NARAprodstorage/lz/dc-metro/rg-024/581208/2020-03/581208-omaha-002/581208-omaha-002-141.JPG	 					ssw	135	135	13	30.1	76	73	73	75		bc	cir nim	3				
1873-01-04	24	-30.89	-48.6	202.5		6.4		https://s3.amazonaws.com/NARAprodstorage/lz/dc-metro/rg-024/581208/2020-03/581208-omaha-002/581208-omaha-002-141.JPG	https://s3.amazonaws.com/NARAprodstorage/lz/dc-metro/rg-024/581208/2020-03/581208-omaha-002/581208-omaha-002-141.JPG	 					ssw	135	135	19	30.1	76	73	73	75		bc	cum	6				
1873-01-05	1	-31.01	-48.69	202.5		7		https://s3.amazonaws.com/NARAprodstorage/lz/dc-metro/rg-024/581208/2020-03/581208-omaha-002/581208-omaha-002-142.JPG	https://s3.amazonaws.com/NARAprodstorage/lz/dc-metro/rg-024/581208/2020-03/581208-omaha-002/581208-omaha-002-142.JPG	 					ssw	112	112	19	30.1	76	73	73	73		oc	cum nimb	2				
1873-01-05	2	-31.12	-48.78	202.5		6.4		https://s3.amazonaws.com/NARAprodstorage/lz/dc-metro/rg-024/581208/2020-03/581208-omaha-002/581208-omaha-002-142.JPG	https://s3.amazonaws.com/NARAprodstorage/lz/dc-metro/rg-024/581208/2020-03/581208-omaha-002/581208-omaha-002-142.JPG	 					ssw	112	112	13	30.08	76	73	73	73		oc	cum nimb	2				
1873-01-05	3	-31.2	-48.85	202.5		4.6		https://s3.amazonaws.com/NARAprodstorage/lz/dc-metro/rg-024/581208/2020-03/581208-omaha-002/581208-omaha-002-142.JPG	https://s3.amazonaws.com/NARAprodstorage/lz/dc-metro/rg-024/581208/2020-03/581208-omaha-002/581208-omaha-002-142.JPG	 					ssw	112	112	5	30.07	75	73	73	74		oc	cum nimb	2				
1873-01-05	4	-31.28	-48.93	202.5		4.4		https://s3.amazonaws.com/NARAprodstorage/lz/dc-metro/rg-024/581208/2020-03/581208-omaha-002/581208-omaha-002-142.JPG	https://s3.amazonaws.com/NARAprodstorage/lz/dc-metro/rg-024/581208/2020-03/581208-omaha-002/581208-omaha-002-142.JPG	 					ssw	90	90	5	30.07	75	73	73	74		bc	cum nimb	2				
1873-01-05	5	-31.36	-49	202.5		4.2		https://s3.amazonaws.com/NARAprodstorage/lz/dc-metro/rg-024/581208/2020-03/581208-omaha-002/581208-omaha-002-142.JPG	https://s3.amazonaws.com/NARAprodstorage/lz/dc-metro/rg-024/581208/2020-03/581208-omaha-002/581208-omaha-002-142.JPG	 					ssw	90	90	5	30.08	75	73	73	74		oc	cum nimb	0				
1873-01-05	6	-31.43	-49.07	202.5		4.4		https://s3.amazonaws.com/NARAprodstorage/lz/dc-metro/rg-024/581208/2020-03/581208-omaha-002/581208-omaha-002-142.JPG	https://s3.amazonaws.com/NARAprodstorage/lz/dc-metro/rg-024/581208/2020-03/581208-omaha-002/581208-omaha-002-142.JPG	 					ssw	34	34	8	30.1	75	74	73	75		oc	cum	0				
1873-01-05	7	-31.52	-49.15	202.5		5		https://s3.amazonaws.com/NARAprodstorage/lz/dc-metro/rg-024/581208/2020-03/581208-omaha-002/581208-omaha-002-142.JPG	https://s3.amazonaws.com/NARAprodstorage/lz/dc-metro/rg-024/581208/2020-03/581208-omaha-002/581208-omaha-002-142.JPG	 					ssw	34	34	8	30.12	75	74	73	75		oc	cum	0				
1873-01-05	8	-31.6	-49.22	202.5		4.4		https://s3.amazonaws.com/NARAprodstorage/lz/dc-metro/rg-024/581208/2020-03/581208-omaha-002/581208-omaha-002-142.JPG	https://s3.amazonaws.com/NARAprodstorage/lz/dc-metro/rg-024/581208/2020-03/581208-omaha-002/581208-omaha-002-142.JPG	 					ssw	34	34	5	30.13	75	75	74	76		oc	cum	0				
1873-01-05	9	-31.68	-49.29	202.5		4		https://s3.amazonaws.com/NARAprodstorage/lz/dc-metro/rg-024/581208/2020-03/581208-omaha-002/581208-omaha-002-142.JPG	https://s3.amazonaws.com/NARAprodstorage/lz/dc-metro/rg-024/581208/2020-03/581208-omaha-002/581208-omaha-002-142.JPG	 					ssw	68	68	8	30.1	74	74	74	76		oc	cum cir nim	0				
1873-01-05	10	-31.76	-49.37	202.5		4.6		https://s3.amazonaws.com/NARAprodstorage/lz/dc-metro/rg-024/581208/2020-03/581208-omaha-002/581208-omaha-002-142.JPG	https://s3.amazonaws.com/NARAprodstorage/lz/dc-metro/rg-024/581208/2020-03/581208-omaha-002/581208-omaha-002-142.JPG	 					ssw	68	68	8	30.09	74	74	74	76		ocr	cum nimb	0				
1873-01-05	11	-31.86	-49.45	202.5		5.4		https://s3.amazonaws.com/NARAprodstorage/lz/dc-metro/rg-024/581208/2020-03/581208-omaha-002/581208-omaha-002-142.JPG	https://s3.amazonaws.com/NARAprodstorage/lz/dc-metro/rg-024/581208/2020-03/581208-omaha-002/581208-omaha-002-142.JPG	 					ssw	79	79	13	30.1	74	74	74	76		oc	cum nimb	0				
1873-01-05	12	-31.95	-49.53	202.5		5.4		https://s3.amazonaws.com/NARAprodstorage/lz/dc-metro/rg-024/581208/2020-03/581208-omaha-002/581208-omaha-002-142.JPG	https://s3.amazonaws.com/NARAprodstorage/lz/dc-metro/rg-024/581208/2020-03/581208-omaha-002/581208-omaha-002-142.JPG	Noon: cc SSW1/2W.			31 57S	49 32W	ssw	79	79	13	30.08	75	74	74	76		oc	cum nimb	1				
1873-01-05	13	-32.03	-49.58	208.12		5.2		https://s3.amazonaws.com/NARAprodstorage/lz/dc-metro/rg-024/581208/2020-03/581208-omaha-002/581208-omaha-002-142.JPG	https://s3.amazonaws.com/NARAprodstorage/lz/dc-metro/rg-024/581208/2020-03/581208-omaha-002/581208-omaha-002-142.JPG	 					ssw1/2w	101	101	8	30	76	74	74	71		ocr	cir nimb	2				
1873-01-05	14	-32.11	-49.62	208.12		5		https://s3.amazonaws.com/NARAprodstorage/lz/dc-metro/rg-024/581208/2020-03/581208-omaha-002/581208-omaha-002-142.JPG	https://s3.amazonaws.com/NARAprodstorage/lz/dc-metro/rg-024/581208/2020-03/581208-omaha-002/581208-omaha-002-142.JPG	 					ssw1/2w	112	112	8	29.98	76	74	74	71		bc	cir nimb	4				
1873-01-05	15	-32.2	-49.68	208.12		6.4		https://s3.amazonaws.com/NARAprodstorage/lz/dc-metro/rg-024/581208/2020-03/581208-omaha-002/581208-omaha-002-142.JPG	https://s3.amazonaws.com/NARAprodstorage/lz/dc-metro/rg-024/581208/2020-03/581208-omaha-002/581208-omaha-002-142.JPG	 					ssw1/2w	112	112	19	29.98	76	74	74	71		oc	cir nimb	4				
1873-01-05	16	-32.31	-49.75	208.12		7		https://s3.amazonaws.com/NARAprodstorage/lz/dc-metro/rg-024/581208/2020-03/581208-omaha-002/581208-omaha-002-142.JPG	https://s3.amazonaws.com/NARAprodstorage/lz/dc-metro/rg-024/581208/2020-03/581208-omaha-002/581208-omaha-002-142.JPG	 					ssw1/2w	112	112	19	30	75	73	73	71		oc	cir nimb	5				
1873-01-05	17	-32.42	-49.82	208.12		7.6		https://s3.amazonaws.com/NARAprodstorage/lz/dc-metro/rg-024/581208/2020-03/581208-omaha-002/581208-omaha-002-142.JPG	https://s3.amazonaws.com/NARAprodstorage/lz/dc-metro/rg-024/581208/2020-03/581208-omaha-002/581208-omaha-002-142.JPG	 					ssw1/2w	101	101	19	30.05	75	73	73	71		bc	cir nimb	5				
1873-01-05	18	-32.54	-49.9	208.12		8		https://s3.amazonaws.com/NARAprodstorage/lz/dc-metro/rg-024/581208/2020-03/581208-omaha-002/581208-omaha-002-142.JPG	https://s3.amazonaws.com/NARAprodstorage/lz/dc-metro/rg-024/581208/2020-03/581208-omaha-002/581208-omaha-002-142.JPG	1800: cc SSW.					ssw1/2w	101	101	19	30.05	75	73	73	71		bc	cir nimb	5				
1873-01-05	19	-32.68	-49.97	202.5		9		https://s3.amazonaws.com/NARAprodstorage/lz/dc-metro/rg-024/581208/2020-03/581208-omaha-002/581208-omaha-002-142.JPG	https://s3.amazonaws.com/NARAprodstorage/lz/dc-metro/rg-024/581208/2020-03/581208-omaha-002/581208-omaha-002-142.JPG	 					ssw	101	101	19	30.08	75	73	73	71		bc	cir nimb	5				
1873-01-05	20	-32.82	-50.04	202.5		9		https://s3.amazonaws.com/NARAprodstorage/lz/dc-metro/rg-024/581208/2020-03/581208-omaha-002/581208-omaha-002-142.JPG	https://s3.amazonaws.com/NARAprodstorage/lz/dc-metro/rg-024/581208/2020-03/581208-omaha-002/581208-omaha-002-142.JPG	 					ssw	90	90	24	30.08	75	73	73	71		bc	cir nimb	5				
1873-01-05	21	-32.97	-50.12	202.5		9.4		https://s3.amazonaws.com/NARAprodstorage/lz/dc-metro/rg-024/581208/2020-03/581208-omaha-002/581208-omaha-002-142.JPG	https://s3.amazonaws.com/NARAprodstorage/lz/dc-metro/rg-024/581208/2020-03/581208-omaha-002/581208-omaha-002-142.JPG	 					ssw	90	90	24	30.09	74	72	71	71		bc	cir nimb	5				
1873-01-05	22	-33.03	-50.28	244.69		9.2		https://s3.amazonaws.com/NARAprodstorage/lz/dc-metro/rg-024/581208/2020-03/581208-omaha-002/581208-omaha-002-142.JPG	https://s3.amazonaws.com/NARAprodstorage/lz/dc-metro/rg-024/581208/2020-03/581208-omaha-002/581208-omaha-002-142.JPG	 					swxw3/4w	68	72	24	30.09	74	72	71	71		bc	cir cum	5				
1873-01-05	23	-33.09	-50.43	244.69		9		https://s3.amazonaws.com/NARAprodstorage/lz/dc-metro/rg-024/581208/2020-03/581208-omaha-002/581208-omaha-002-142.JPG	https://s3.amazonaws.com/NARAprodstorage/lz/dc-metro/rg-024/581208/2020-03/581208-omaha-002/581208-omaha-002-142.JPG	 					swxw3/4w	68	72	24	30.09	73	72	71	71		bc	cir cum	5				
1873-01-05	24	-33.15	-50.58	244.69		8.6		https://s3.amazonaws.com/NARAprodstorage/lz/dc-metro/rg-024/581208/2020-03/581208-omaha-002/581208-omaha-002-142.JPG	https://s3.amazonaws.com/NARAprodstorage/lz/dc-metro/rg-024/581208/2020-03/581208-omaha-002/581208-omaha-002-142.JPG	 					swxw3/4w	68	72	19	30.09	73	72	71	70		oc	cum nimb	5				
1873-01-06	1	-33.28	-50.65	199.69		8.6		https://s3.amazonaws.com/NARAprodstorage/lz/dc-metro/rg-024/581208/2020-03/581208-omaha-002/581208-omaha-002-143.JPG	https://s3.amazonaws.com/NARAprodstorage/lz/dc-metro/rg-024/581208/2020-03/581208-omaha-002/581208-omaha-002-143.JPG	 					sxw3/4w	68	72	19	30.06	73	72	71	70		ocm	cum nimb	0				
1873-01-06	2	-33.42	-50.71	199.69		8.6		https://s3.amazonaws.com/NARAprodstorage/lz/dc-metro/rg-024/581208/2020-03/581208-omaha-002/581208-omaha-002-143.JPG	https://s3.amazonaws.com/NARAprodstorage/lz/dc-metro/rg-024/581208/2020-03/581208-omaha-002/581208-omaha-002-143.JPG	 					sxw3/4w	68	72	19	30.02	73	72	71	70		ocm	cum nimb	0				
1873-01-06	3	-33.56	-50.77	199.69		8.4		https://s3.amazonaws.com/NARAprodstorage/lz/dc-metro/rg-024/581208/2020-03/581208-omaha-002/581208-omaha-002-143.JPG	https://s3.amazonaws.com/NARAprodstorage/lz/dc-metro/rg-024/581208/2020-03/581208-omaha-002/581208-omaha-002-143.JPG	 					sxw3/4w	68	72	19	30.04	73	72	71	70		ocm	cum nimb	0				
1873-01-06	4	-33.68	-50.82	199.69		7.6		https://s3.amazonaws.com/NARAprodstorage/lz/dc-metro/rg-024/581208/2020-03/581208-omaha-002/581208-omaha-002-143.JPG	https://s3.amazonaws.com/NARAprodstorage/lz/dc-metro/rg-024/581208/2020-03/581208-omaha-002/581208-omaha-002-143.JPG	 					sxw3/4w	22	26	13	30.04	73	72	71	70		ocm	cum nimb	0				
1873-01-06	5	-33.81	-50.88	199.69		8.2		https://s3.amazonaws.com/NARAprodstorage/lz/dc-metro/rg-024/581208/2020-03/581208-omaha-002/581208-omaha-002-143.JPG	https://s3.amazonaws.com/NARAprodstorage/lz/dc-metro/rg-024/581208/2020-03/581208-omaha-002/581208-omaha-002-143.JPG	 					sxw3/4w	22	26	13	30.02	72	72	71	69		oc	cum nimb	0				
1873-01-06	6	-33.96	-50.95	199.69		9.2		https://s3.amazonaws.com/NARAprodstorage/lz/dc-metro/rg-024/581208/2020-03/581208-omaha-002/581208-omaha-002-143.JPG	https://s3.amazonaws.com/NARAprodstorage/lz/dc-metro/rg-024/581208/2020-03/581208-omaha-002/581208-omaha-002-143.JPG	 					sxw3/4w	22	26	19	29.98	72	72	71	70		oc	cum nimb	0				
1873-01-06	7	-34.09	-51.01	199.69		8.4		https://s3.amazonaws.com/NARAprodstorage/lz/dc-metro/rg-024/581208/2020-03/581208-omaha-002/581208-omaha-002-143.JPG	https://s3.amazonaws.com/NARAprodstorage/lz/dc-metro/rg-024/581208/2020-03/581208-omaha-002/581208-omaha-002-143.JPG	 					sxw3/4w	22	26	16	29.95	73	72	71	70		oc	cum nimb	0				
1873-01-06	8	-34.22	-51.06	199.69		8.2		https://s3.amazonaws.com/NARAprodstorage/lz/dc-metro/rg-024/581208/2020-03/581208-omaha-002/581208-omaha-002-143.JPG	https://s3.amazonaws.com/NARAprodstorage/lz/dc-metro/rg-024/581208/2020-03/581208-omaha-002/581208-omaha-002-143.JPG	 					sxw3/4w	22	26	13	29.96	73	72	71	70		oc	cum nimb	0				
1873-01-06	9	-34.36	-51.13	199.69		8.4		https://s3.amazonaws.com/NARAprodstorage/lz/dc-metro/rg-024/581208/2020-03/581208-omaha-002/581208-omaha-002-143.JPG	https://s3.amazonaws.com/NARAprodstorage/lz/dc-metro/rg-024/581208/2020-03/581208-omaha-002/581208-omaha-002-143.JPG	 					sxw3/4w	22	26	24	29.96	74	72	73	70		ocr	cum nimb	0				
1873-01-06	10	-34.49	-51.18	199.69		8		https://s3.amazonaws.com/NARAprodstorage/lz/dc-metro/rg-024/581208/2020-03/581208-omaha-002/581208-omaha-002-143.JPG	https://s3.amazonaws.com/NARAprodstorage/lz/dc-metro/rg-024/581208/2020-03/581208-omaha-002/581208-omaha-002-143.JPG	 					sxw3/4w	22	26	19	29.96	73	74	74	70		ocr	cum nimb	0				
1873-01-06	11	-34.62	-51.24	199.69		8		https://s3.amazonaws.com/NARAprodstorage/lz/dc-metro/rg-024/581208/2020-03/581208-omaha-002/581208-omaha-002-143.JPG	https://s3.amazonaws.com/NARAprodstorage/lz/dc-metro/rg-024/581208/2020-03/581208-omaha-002/581208-omaha-002-143.JPG	 					sxw3/4w	22	26	19	29.94	74	74	74	70		ocr	cum nimb	0				
1873-01-06	12	-34.75	-51.3	199.69		8.4		https://s3.amazonaws.com/NARAprodstorage/lz/dc-metro/rg-024/581208/2020-03/581208-omaha-002/581208-omaha-002-143.JPG	https://s3.amazonaws.com/NARAprodstorage/lz/dc-metro/rg-024/581208/2020-03/581208-omaha-002/581208-omaha-002-143.JPG	 			34 45S	51 18W	sxw3/4w	22	26	19	29.94	74	74	74	70		ocr	cum nimb	0				
1873-01-06	13	-34.89	-51.37	241.88		8		https://s3.amazonaws.com/NARAprodstorage/lz/dc-metro/rg-024/581208/2020-03/581208-omaha-002/581208-omaha-002-143.JPG	https://s3.amazonaws.com/NARAprodstorage/lz/dc-metro/rg-024/581208/2020-03/581208-omaha-002/581208-omaha-002-143.JPG	 					swxw1/2w	360	4	19	29.85	76	74	74	71		oc	cir nimb	0				
1873-01-06	14	-35.04	-51.45	241.88		8		https://s3.amazonaws.com/NARAprodstorage/lz/dc-metro/rg-024/581208/2020-03/581208-omaha-002/581208-omaha-002-143.JPG	https://s3.amazonaws.com/NARAprodstorage/lz/dc-metro/rg-024/581208/2020-03/581208-omaha-002/581208-omaha-002-143.JPG	 					swxw1/2w	360	4	19	29.85	76	74	74	71		oc	cir nimb	0				
1873-01-06	15	-35.2	-51.53	241.88		9		https://s3.amazonaws.com/NARAprodstorage/lz/dc-metro/rg-024/581208/2020-03/581208-omaha-002/581208-omaha-002-143.JPG	https://s3.amazonaws.com/NARAprodstorage/lz/dc-metro/rg-024/581208/2020-03/581208-omaha-002/581208-omaha-002-143.JPG	 					swxw1/2w	360	4	24	29.81	76	74	74	71		oc	cir nimb	0				
1873-01-06	16	-35.35	-51.61	241.88		8.4		https://s3.amazonaws.com/NARAprodstorage/lz/dc-metro/rg-024/581208/2020-03/581208-omaha-002/581208-omaha-002-143.JPG	https://s3.amazonaws.com/NARAprodstorage/lz/dc-metro/rg-024/581208/2020-03/581208-omaha-002/581208-omaha-002-143.JPG	 					swxw1/2w	360	4	19	29.78	76	74	74	71		oc	cir nimb	0				
1873-01-06	17	-35.5	-51.69	241.88		8.4		https://s3.amazonaws.com/NARAprodstorage/lz/dc-metro/rg-024/581208/2020-03/581208-omaha-002/581208-omaha-002-143.JPG	https://s3.amazonaws.com/NARAprodstorage/lz/dc-metro/rg-024/581208/2020-03/581208-omaha-002/581208-omaha-002-143.JPG	 					swxw1/2w	338	342	19	29.76	75	74	74	71		ocm	cir nimb	0				
1873-01-06	18	-35.64	-51.76	241.88		8		https://s3.amazonaws.com/NARAprodstorage/lz/dc-metro/rg-024/581208/2020-03/581208-omaha-002/581208-omaha-002-143.JPG	https://s3.amazonaws.com/NARAprodstorage/lz/dc-metro/rg-024/581208/2020-03/581208-omaha-002/581208-omaha-002-143.JPG	 					swxw1/2w	338	342	19	29.75	75	74	74	72		ocm	cir nimb	0				
1873-01-06	19	-35.78	-51.84	241.88		7.6		https://s3.amazonaws.com/NARAprodstorage/lz/dc-metro/rg-024/581208/2020-03/581208-omaha-002/581208-omaha-002-143.JPG	https://s3.amazonaws.com/NARAprodstorage/lz/dc-metro/rg-024/581208/2020-03/581208-omaha-002/581208-omaha-002-143.JPG	 					swxw1/2w	338	342	19	29.7	75	74	73	72		oc	cir nimb	0				
1873-01-06	20	-35.92	-51.91	241.88		7.6		https://s3.amazonaws.com/NARAprodstorage/lz/dc-metro/rg-024/581208/2020-03/581208-omaha-002/581208-omaha-002-143.JPG	https://s3.amazonaws.com/NARAprodstorage/lz/dc-metro/rg-024/581208/2020-03/581208-omaha-002/581208-omaha-002-143.JPG	 					swxw1/2w	326	330	19	29.65	75	74	73	72		ocr	cum nimb	0				
1873-01-06	21	-36.03	-51.97	241.88		6		https://s3.amazonaws.com/NARAprodstorage/lz/dc-metro/rg-024/581208/2020-03/581208-omaha-002/581208-omaha-002-143.JPG	https://s3.amazonaws.com/NARAprodstorage/lz/dc-metro/rg-024/581208/2020-03/581208-omaha-002/581208-omaha-002-143.JPG	 					swxw1/2w	315	319	19	29.64	75	74	73	72		ocrtl	cum nimb	0				
1873-01-06	22	-36.17	-52.04	241.88		7.3		https://s3.amazonaws.com/NARAprodstorage/lz/dc-metro/rg-024/581208/2020-03/581208-omaha-002/581208-omaha-002-143.JPG	https://s3.amazonaws.com/NARAprodstorage/lz/dc-metro/rg-024/581208/2020-03/581208-omaha-002/581208-omaha-002-143.JPG	 					swxw1/2w	292	296	30	29.62	75	73	72	71		ocrqtl	cum nimb	0				
1873-01-06	23	-36.3	-52.11	241.88		7.4		https://s3.amazonaws.com/NARAprodstorage/lz/dc-metro/rg-024/581208/2020-03/581208-omaha-002/581208-omaha-002-143.JPG	https://s3.amazonaws.com/NARAprodstorage/lz/dc-metro/rg-024/581208/2020-03/581208-omaha-002/581208-omaha-002-143.JPG	 					swxw1/2w	292	296	30	29.59	75	73	72	71		ocrqtl	cum nimb	0				
1873-01-06	24	-36.44	-52.18	241.88		7.3		https://s3.amazonaws.com/NARAprodstorage/lz/dc-metro/rg-024/581208/2020-03/581208-omaha-002/581208-omaha-002-143.JPG	https://s3.amazonaws.com/NARAprodstorage/lz/dc-metro/rg-024/581208/2020-03/581208-omaha-002/581208-omaha-002-143.JPG	 					swxw1/2w	292	296	30	29.58	75	73	72	71		ocrqtl	cum nimb	0				
1873-01-07	1	-36.5	-52.28	230.62		5		https://s3.amazonaws.com/NARAprodstorage/lz/dc-metro/rg-024/581208/2020-03/581208-omaha-002/581208-omaha-002-144.JPG	https://s3.amazonaws.com/NARAprodstorage/lz/dc-metro/rg-024/581208/2020-03/581208-omaha-002/581208-omaha-002-144.JPG	 					sw1/2w	270	274	24	29.57	75	73	72	71		ocfrs	nimb	0				
1873-01-07	2	-36.59	-52.25	146.25		4		https://s3.amazonaws.com/NARAprodstorage/lz/dc-metro/rg-024/581208/2020-03/581208-omaha-002/581208-omaha-002-144.JPG	https://s3.amazonaws.com/NARAprodstorage/lz/dc-metro/rg-024/581208/2020-03/581208-omaha-002/581208-omaha-002-144.JPG	 					sexs	202	206	13	29.58	75	73	72	71		ocfrs	nimb	0				
1873-01-07	3	-36.64	-52.22	129.38		3		https://s3.amazonaws.com/NARAprodstorage/lz/dc-metro/rg-024/581208/2020-03/581208-omaha-002/581208-omaha-002-144.JPG	https://s3.amazonaws.com/NARAprodstorage/lz/dc-metro/rg-024/581208/2020-03/581208-omaha-002/581208-omaha-002-144.JPG	 					se1/2e	202	206	13	29.6	72	73	72	71		oc	cum nim	0				
1873-01-07	4	-36.7	-52.19	135		3		https://s3.amazonaws.com/NARAprodstorage/lz/dc-metro/rg-024/581208/2020-03/581208-omaha-002/581208-omaha-002-144.JPG	https://s3.amazonaws.com/NARAprodstorage/lz/dc-metro/rg-024/581208/2020-03/581208-omaha-002/581208-omaha-002-144.JPG	 					se	202	206	13	29.6	70	71	72	70		oc	cum nim	0				
1873-01-07	5	-36.77	-52.16	135		3.4		https://s3.amazonaws.com/NARAprodstorage/lz/dc-metro/rg-024/581208/2020-03/581208-omaha-002/581208-omaha-002-144.JPG	https://s3.amazonaws.com/NARAprodstorage/lz/dc-metro/rg-024/581208/2020-03/581208-omaha-002/581208-omaha-002-144.JPG	 					se	202	206	24	29.69	70	71	72	70		ocq	cum nim	0				
1873-01-07	6	-36.82	-52.13	123.75		2.4		https://s3.amazonaws.com/NARAprodstorage/lz/dc-metro/rg-024/581208/2020-03/581208-omaha-002/581208-omaha-002-144.JPG	https://s3.amazonaws.com/NARAprodstorage/lz/dc-metro/rg-024/581208/2020-03/581208-omaha-002/581208-omaha-002-144.JPG	 					sexe	191	195	24	29.71	73	69	69	70		bcq	cum nim	6				
1873-01-07	7	-36.86	-52.12	135		2		https://s3.amazonaws.com/NARAprodstorage/lz/dc-metro/rg-024/581208/2020-03/581208-omaha-002/581208-omaha-002-144.JPG	https://s3.amazonaws.com/NARAprodstorage/lz/dc-metro/rg-024/581208/2020-03/581208-omaha-002/581208-omaha-002-144.JPG	 					se	191	195	24	29.74	73	70	70	70		bcq	cum nim	6				
1873-01-07	8	-36.91	-52.1	135		2		https://s3.amazonaws.com/NARAprodstorage/lz/dc-metro/rg-024/581208/2020-03/581208-omaha-002/581208-omaha-002-144.JPG	https://s3.amazonaws.com/NARAprodstorage/lz/dc-metro/rg-024/581208/2020-03/581208-omaha-002/581208-omaha-002-144.JPG	 					se	191	195	30	29.78	73	70	70	70		ocqr	nim	0				
1873-01-07	9	-36.94	-52.1	129.38		1		https://s3.amazonaws.com/NARAprodstorage/lz/dc-metro/rg-024/581208/2020-03/581208-omaha-002/581208-omaha-002-144.JPG	https://s3.amazonaws.com/NARAprodstorage/lz/dc-metro/rg-024/581208/2020-03/581208-omaha-002/581208-omaha-002-144.JPG	 					se1/2e	225	229	13	29.82	73	69	68	70		bc	cir cum	1				
1873-01-07	10	-37	-52.07	129.38		3		https://s3.amazonaws.com/NARAprodstorage/lz/dc-metro/rg-024/581208/2020-03/581208-omaha-002/581208-omaha-002-144.JPG	https://s3.amazonaws.com/NARAprodstorage/lz/dc-metro/rg-024/581208/2020-03/581208-omaha-002/581208-omaha-002-144.JPG	 					se1/2e	225	229	13	29.87	73	69	68	70		bc	cir cum	2				
1873-01-07	11	-37.06	-52.02	123.75		3.4		https://s3.amazonaws.com/NARAprodstorage/lz/dc-metro/rg-024/581208/2020-03/581208-omaha-002/581208-omaha-002-144.JPG	https://s3.amazonaws.com/NARAprodstorage/lz/dc-metro/rg-024/581208/2020-03/581208-omaha-002/581208-omaha-002-144.JPG	 					sexe	202	206	13	29.89	73	69	68	70		bc	cir cum	3				
1873-01-07	12	-37.1	-52.03	168		1.2		https://s3.amazonaws.com/NARAprodstorage/lz/dc-metro/rg-024/581208/2020-03/581208-omaha-002/581208-omaha-002-144.JPG	https://s3.amazonaws.com/NARAprodstorage/lz/dc-metro/rg-024/581208/2020-03/581208-omaha-002/581208-omaha-002-144.JPG	 			37 6S	52 2W	wsw	169	173	13	29.89	73	69	68	70		bcq	str	8				
1873-01-07	13	-37.12	-52.12	255.94		3.2		https://s3.amazonaws.com/NARAprodstorage/lz/dc-metro/rg-024/581208/2020-03/581208-omaha-002/581208-omaha-002-144.JPG	https://s3.amazonaws.com/NARAprodstorage/lz/dc-metro/rg-024/581208/2020-03/581208-omaha-002/581208-omaha-002-144.JPG	 					wsw3/4w	180	184	13	29.89	72	69	68	69		bc	str	8				
1873-01-07	14	-37.15	-52.2	253.12		3.4		https://s3.amazonaws.com/NARAprodstorage/lz/dc-metro/rg-024/581208/2020-03/581208-omaha-002/581208-omaha-002-144.JPG	https://s3.amazonaws.com/NARAprodstorage/lz/dc-metro/rg-024/581208/2020-03/581208-omaha-002/581208-omaha-002-144.JPG	 					wsw1/2w	180	184	13	29.9	72	70	68	69		bc	str	8		"1440: At 2:40 the fore topsail runner parted near the fly block, dropping the top sail yard to the cap; there were four men on the yard at the time, three of whom escaped with slight injuries, the fourth, John Owens (Carp) was thrown from the yard and fell to the rail and from thence overboard. The ship was hove to with fore topsail to mast, a boat was lowered, and Lieut S. M. Ackley jumped overboard to try and save the man, but all attempts were unsuccessful, and the body was not recovered. At 3:00 the life boat returned, hoisted it, and filled away again."		
1873-01-07	15	-37.17	-52.27	253.12		2.4		https://s3.amazonaws.com/NARAprodstorage/lz/dc-metro/rg-024/581208/2020-03/581208-omaha-002/581208-omaha-002-144.JPG	https://s3.amazonaws.com/NARAprodstorage/lz/dc-metro/rg-024/581208/2020-03/581208-omaha-002/581208-omaha-002-144.JPG	 					wsw1/2w	180	184	13	29.91	72	69	67	69		bc	str	8				
1873-01-07	16	-37.2	-52.36	253.12		3.6		https://s3.amazonaws.com/NARAprodstorage/lz/dc-metro/rg-024/581208/2020-03/581208-omaha-002/581208-omaha-002-144.JPG	https://s3.amazonaws.com/NARAprodstorage/lz/dc-metro/rg-024/581208/2020-03/581208-omaha-002/581208-omaha-002-144.JPG	 					wsw1/2w	180	184	13	29.94	72	68	66	69		bc	str	8				
1873-01-07	17	-37.25	-52.45	233.44		4.4		https://s3.amazonaws.com/NARAprodstorage/lz/dc-metro/rg-024/581208/2020-03/581208-omaha-002/581208-omaha-002-144.JPG	https://s3.amazonaws.com/NARAprodstorage/lz/dc-metro/rg-024/581208/2020-03/581208-omaha-002/581208-omaha-002-144.JPG	 					sw3/4w	169	173	13	29.94	72	67	66	69		bc	str	9				
1873-01-07	18	-37.31	-52.55	230.62		4.6		https://s3.amazonaws.com/NARAprodstorage/lz/dc-metro/rg-024/581208/2020-03/581208-omaha-002/581208-omaha-002-144.JPG	https://s3.amazonaws.com/NARAprodstorage/lz/dc-metro/rg-024/581208/2020-03/581208-omaha-002/581208-omaha-002-144.JPG	 					sw1/2w	169	173	13	29.94	72	67	66	69		bc	str	9				
1873-01-07	19	-37.39	-52.63	213.75		5.2		https://s3.amazonaws.com/NARAprodstorage/lz/dc-metro/rg-024/581208/2020-03/581208-omaha-002/581208-omaha-002-144.JPG	https://s3.amazonaws.com/NARAprodstorage/lz/dc-metro/rg-024/581208/2020-03/581208-omaha-002/581208-omaha-002-144.JPG	 					swxs	135	139	13	29.96	72	67	66	69		bc	str	9				
1873-01-07	20	-37.47	-52.72	213.75		5		https://s3.amazonaws.com/NARAprodstorage/lz/dc-metro/rg-024/581208/2020-03/581208-omaha-002/581208-omaha-002-144.JPG	https://s3.amazonaws.com/NARAprodstorage/lz/dc-metro/rg-024/581208/2020-03/581208-omaha-002/581208-omaha-002-144.JPG	 					swxs	135	139	13	29.96	72	67	66	69		bc	str	9				
1873-01-07	21	-37.53	-52.77	213.75		3		https://s3.amazonaws.com/NARAprodstorage/lz/dc-metro/rg-024/581208/2020-03/581208-omaha-002/581208-omaha-002-144.JPG	https://s3.amazonaws.com/NARAprodstorage/lz/dc-metro/rg-024/581208/2020-03/581208-omaha-002/581208-omaha-002-144.JPG	 					swxs	90	94	2	30	65	66	66	68		bc	str	9				
1873-01-07	22	-37.57	-52.82	213.75		2		https://s3.amazonaws.com/NARAprodstorage/lz/dc-metro/rg-024/581208/2020-03/581208-omaha-002/581208-omaha-002-144.JPG	https://s3.amazonaws.com/NARAprodstorage/lz/dc-metro/rg-024/581208/2020-03/581208-omaha-002/581208-omaha-002-144.JPG	 					swxs	34	38	2	29.98	66	67	66	68		bc	str	9				
1873-01-07	23	-37.6	-52.85	213.75		1		https://s3.amazonaws.com/NARAprodstorage/lz/dc-metro/rg-024/581208/2020-03/581208-omaha-002/581208-omaha-002-144.JPG	https://s3.amazonaws.com/NARAprodstorage/lz/dc-metro/rg-024/581208/2020-03/581208-omaha-002/581208-omaha-002-144.JPG	 					swxs	22	30	1	29.96	64	65	64	68		bc	str	9				
1873-01-07	24	-37.62	-52.86	213.75		0.2		https://s3.amazonaws.com/NARAprodstorage/lz/dc-metro/rg-024/581208/2020-03/581208-omaha-002/581208-omaha-002-144.JPG	https://s3.amazonaws.com/NARAprodstorage/lz/dc-metro/rg-024/581208/2020-03/581208-omaha-002/581208-omaha-002-144.JPG	 					swxs	22	30	1	29.95	65	65	65	68		b	None	10				
1873-01-08	1	-37.65	-52.9	213.75		1.4		https://s3.amazonaws.com/NARAprodstorage/lz/dc-metro/rg-024/581208/2020-03/581208-omaha-002/581208-omaha-002-145.JPG	https://s3.amazonaws.com/NARAprodstorage/lz/dc-metro/rg-024/581208/2020-03/581208-omaha-002/581208-omaha-002-145.JPG	 					swxs	315	322	1	29.98	68	65	65	66		b	none	10				
1873-01-08	2	-37.71	-52.96	213.75		3.6		https://s3.amazonaws.com/NARAprodstorage/lz/dc-metro/rg-024/581208/2020-03/581208-omaha-002/581208-omaha-002-145.JPG	https://s3.amazonaws.com/NARAprodstorage/lz/dc-metro/rg-024/581208/2020-03/581208-omaha-002/581208-omaha-002-145.JPG	 					swxs	315	322	2	29.97	67	64	64	66		b	none	10				
1873-01-08	3	-37.79	-53.04	213.75		4.6		https://s3.amazonaws.com/NARAprodstorage/lz/dc-metro/rg-024/581208/2020-03/581208-omaha-002/581208-omaha-002-145.JPG	https://s3.amazonaws.com/NARAprodstorage/lz/dc-metro/rg-024/581208/2020-03/581208-omaha-002/581208-omaha-002-145.JPG	 					swxs	304	311	5	29.97	66	64	64	66		b	none	10				
1873-01-08	4	-37.89	-53.16	213.75		7		https://s3.amazonaws.com/NARAprodstorage/lz/dc-metro/rg-024/581208/2020-03/581208-omaha-002/581208-omaha-002-145.JPG	https://s3.amazonaws.com/NARAprodstorage/lz/dc-metro/rg-024/581208/2020-03/581208-omaha-002/581208-omaha-002-145.JPG	 					swxs	304	311	13	29.96	66	64	64	66		bc	cir cum	9				
1873-01-08	5	-38.02	-53.29	213.75		9		https://s3.amazonaws.com/NARAprodstorage/lz/dc-metro/rg-024/581208/2020-03/581208-omaha-002/581208-omaha-002-145.JPG	https://s3.amazonaws.com/NARAprodstorage/lz/dc-metro/rg-024/581208/2020-03/581208-omaha-002/581208-omaha-002-145.JPG	 					swxs	304	311	19	29.95	67	65	64	66		bc	cir cum	9				
1873-01-08	6	-38.16	-53.44	213.75		9.4		https://s3.amazonaws.com/NARAprodstorage/lz/dc-metro/rg-024/581208/2020-03/581208-omaha-002/581208-omaha-002-145.JPG	https://s3.amazonaws.com/NARAprodstorage/lz/dc-metro/rg-024/581208/2020-03/581208-omaha-002/581208-omaha-002-145.JPG	 					swxs	315	322	19	29.95	67	65	64	66		bc	cir cum	8				
1873-01-08	7	-38.29	-53.59	213.75		9.4		https://s3.amazonaws.com/NARAprodstorage/lz/dc-metro/rg-024/581208/2020-03/581208-omaha-002/581208-omaha-002-145.JPG	https://s3.amazonaws.com/NARAprodstorage/lz/dc-metro/rg-024/581208/2020-03/581208-omaha-002/581208-omaha-002-145.JPG	 					swxs	315	322	19	29.97	67	65	64	66		bc	cir cum	8				
1873-01-08	8	-38.41	-53.71	213.75		8		https://s3.amazonaws.com/NARAprodstorage/lz/dc-metro/rg-024/581208/2020-03/581208-omaha-002/581208-omaha-002-145.JPG	https://s3.amazonaws.com/NARAprodstorage/lz/dc-metro/rg-024/581208/2020-03/581208-omaha-002/581208-omaha-002-145.JPG	 					swxs	304	311	19	29.94	67	64	64	64		bc	cir cum	8				
1873-01-08	9	-38.52	-53.83	213.75		7.2		https://s3.amazonaws.com/NARAprodstorage/lz/dc-metro/rg-024/581208/2020-03/581208-omaha-002/581208-omaha-002-145.JPG	https://s3.amazonaws.com/NARAprodstorage/lz/dc-metro/rg-024/581208/2020-03/581208-omaha-002/581208-omaha-002-145.JPG	 					swxs	292	300	13	29.94	67	63	63	63		bcm	cir cum	8				
1873-01-08	10	-38.62	-53.94	213.75		6.6		https://s3.amazonaws.com/NARAprodstorage/lz/dc-metro/rg-024/581208/2020-03/581208-omaha-002/581208-omaha-002-145.JPG	https://s3.amazonaws.com/NARAprodstorage/lz/dc-metro/rg-024/581208/2020-03/581208-omaha-002/581208-omaha-002-145.JPG	 					swxs	292	300	13	29.95	67	63	63	61		bcm	cir cum	5				
1873-01-08	11	-38.72	-54.04	213.75		6.4		https://s3.amazonaws.com/NARAprodstorage/lz/dc-metro/rg-024/581208/2020-03/581208-omaha-002/581208-omaha-002-145.JPG	https://s3.amazonaws.com/NARAprodstorage/lz/dc-metro/rg-024/581208/2020-03/581208-omaha-002/581208-omaha-002-145.JPG	 					swxs	292	300	13	29.95	67	60	61	59		bcm	cir cum	3				
1873-01-08	12	-38.83	-54.17	213.75		8		https://s3.amazonaws.com/NARAprodstorage/lz/dc-metro/rg-024/581208/2020-03/581208-omaha-002/581208-omaha-002-145.JPG	https://s3.amazonaws.com/NARAprodstorage/lz/dc-metro/rg-024/581208/2020-03/581208-omaha-002/581208-omaha-002-145.JPG	 			39 50S	54 10W	swxs	292	300	13	29.92	65	59	59	59		bcm	cir cum	2				
1873-01-08	13	-38.91	-54.26	213.75		6.4		https://s3.amazonaws.com/NARAprodstorage/lz/dc-metro/rg-024/581208/2020-03/581208-omaha-002/581208-omaha-002-145.JPG	https://s3.amazonaws.com/NARAprodstorage/lz/dc-metro/rg-024/581208/2020-03/581208-omaha-002/581208-omaha-002-145.JPG	 					swxs	292	300	13	29.88	65	59	59	59		bcn	cum	7				
1873-01-08	14	-38.99	-54.35	213.75		6.4		https://s3.amazonaws.com/NARAprodstorage/lz/dc-metro/rg-024/581208/2020-03/581208-omaha-002/581208-omaha-002-145.JPG	https://s3.amazonaws.com/NARAprodstorage/lz/dc-metro/rg-024/581208/2020-03/581208-omaha-002/581208-omaha-002-145.JPG	 					swxs	292	300	13	29.87	65	59	59	59		bcn	cum	2				
1873-01-08	15	-39.08	-54.46	213.75		7		https://s3.amazonaws.com/NARAprodstorage/lz/dc-metro/rg-024/581208/2020-03/581208-omaha-002/581208-omaha-002-145.JPG	https://s3.amazonaws.com/NARAprodstorage/lz/dc-metro/rg-024/581208/2020-03/581208-omaha-002/581208-omaha-002-145.JPG	 					swxs	292	300	13	29.85	65	60	60	59		bcf	cum	9				
1873-01-08	16	-39.17	-54.56	213.75		7.4		https://s3.amazonaws.com/NARAprodstorage/lz/dc-metro/rg-024/581208/2020-03/581208-omaha-002/581208-omaha-002-145.JPG	https://s3.amazonaws.com/NARAprodstorage/lz/dc-metro/rg-024/581208/2020-03/581208-omaha-002/581208-omaha-002-145.JPG	 					swxs	292	300	13	29.84	65	59	60	59		bf	cum	10				
1873-01-08	17	-39.27	-54.69	213.75		8.6		https://s3.amazonaws.com/NARAprodstorage/lz/dc-metro/rg-024/581208/2020-03/581208-omaha-002/581208-omaha-002-145.JPG	https://s3.amazonaws.com/NARAprodstorage/lz/dc-metro/rg-024/581208/2020-03/581208-omaha-002/581208-omaha-002-145.JPG	 					swxs	292	300	13	29.78	65	59	59	59		bcfm	cum	9				
1873-01-08	18	-39.37	-54.81	213.75		8.4		https://s3.amazonaws.com/NARAprodstorage/lz/dc-metro/rg-024/581208/2020-03/581208-omaha-002/581208-omaha-002-145.JPG	https://s3.amazonaws.com/NARAprodstorage/lz/dc-metro/rg-024/581208/2020-03/581208-omaha-002/581208-omaha-002-145.JPG	 					swxs	315	322	13	29.75	66	60	58	59		bcfm	cum	9				
1873-01-08	19	-39.48	-54.94	213.75		8.6		https://s3.amazonaws.com/NARAprodstorage/lz/dc-metro/rg-024/581208/2020-03/581208-omaha-002/581208-omaha-002-145.JPG	https://s3.amazonaws.com/NARAprodstorage/lz/dc-metro/rg-024/581208/2020-03/581208-omaha-002/581208-omaha-002-145.JPG	 					swxs	292	300	13	29.75	65	59	59	59		bc	none	10				
1873-01-08	20	-39.58	-55.06	213.75		8		https://s3.amazonaws.com/NARAprodstorage/lz/dc-metro/rg-024/581208/2020-03/581208-omaha-002/581208-omaha-002-145.JPG	https://s3.amazonaws.com/NARAprodstorage/lz/dc-metro/rg-024/581208/2020-03/581208-omaha-002/581208-omaha-002-145.JPG	 					swxs	248	254	13	29.72	63	63	59	59		bc	none	10				
1873-01-08	21	-39.69	-55.09	185.62		7		https://s3.amazonaws.com/NARAprodstorage/lz/dc-metro/rg-024/581208/2020-03/581208-omaha-002/581208-omaha-002-145.JPG	https://s3.amazonaws.com/NARAprodstorage/lz/dc-metro/rg-024/581208/2020-03/581208-omaha-002/581208-omaha-002-145.JPG	 					s1/2w	259	266	12	29.72	63	63	60	57		bc	nim	9				
1873-01-08	22	-39.76	-55.08	163.12		4.6		https://s3.amazonaws.com/NARAprodstorage/lz/dc-metro/rg-024/581208/2020-03/581208-omaha-002/581208-omaha-002-145.JPG	https://s3.amazonaws.com/NARAprodstorage/lz/dc-metro/rg-024/581208/2020-03/581208-omaha-002/581208-omaha-002-145.JPG	 					sxe1/2e	259	266	5	29.76	64	57	57	57		b	none	10				
1873-01-08	23	-39.79	-55.06	135		2		https://s3.amazonaws.com/NARAprodstorage/lz/dc-metro/rg-024/581208/2020-03/581208-omaha-002/581208-omaha-002-145.JPG	https://s3.amazonaws.com/NARAprodstorage/lz/dc-metro/rg-024/581208/2020-03/581208-omaha-002/581208-omaha-002-145.JPG	 					se	191	198	1	29.75	64	57	57	57		b	none	10				
1873-01-08	24	-39.84	-55.11	213.75		4		https://s3.amazonaws.com/NARAprodstorage/lz/dc-metro/rg-024/581208/2020-03/581208-omaha-002/581208-omaha-002-145.JPG	https://s3.amazonaws.com/NARAprodstorage/lz/dc-metro/rg-024/581208/2020-03/581208-omaha-002/581208-omaha-002-145.JPG	 					swbs	292	300	5	29.76	63	56	57	57		b	none	10				
1873-01-09	1	-39.9	-55.19	213.75		5.4		https://s3.amazonaws.com/NARAprodstorage/lz/dc-metro/rg-024/581208/2020-03/581208-omaha-002/581208-omaha-002-146.JPG	https://s3.amazonaws.com/NARAprodstorage/lz/dc-metro/rg-024/581208/2020-03/581208-omaha-002/581208-omaha-002-146.JPG	 					swxs	292	300	8	29.76	62	56	57	57		bc	str	9				
1873-01-09	2	-39.98	-55.29	213.75		6.4		https://s3.amazonaws.com/NARAprodstorage/lz/dc-metro/rg-024/581208/2020-03/581208-omaha-002/581208-omaha-002-146.JPG	https://s3.amazonaws.com/NARAprodstorage/lz/dc-metro/rg-024/581208/2020-03/581208-omaha-002/581208-omaha-002-146.JPG	 					swxs	292	300	8	29.73	62	56	57	57		bc	str	9				
1873-01-09	3	-40.07	-55.39	213.75		7		https://s3.amazonaws.com/NARAprodstorage/lz/dc-metro/rg-024/581208/2020-03/581208-omaha-002/581208-omaha-002-146.JPG	https://s3.amazonaws.com/NARAprodstorage/lz/dc-metro/rg-024/581208/2020-03/581208-omaha-002/581208-omaha-002-146.JPG	 					swxs	292	300	13	29.67	62	56	57	57		bc	str	8				
1873-01-09	4	-40.18	-55.53	213.75		9		https://s3.amazonaws.com/NARAprodstorage/lz/dc-metro/rg-024/581208/2020-03/581208-omaha-002/581208-omaha-002-146.JPG	https://s3.amazonaws.com/NARAprodstorage/lz/dc-metro/rg-024/581208/2020-03/581208-omaha-002/581208-omaha-002-146.JPG	 					swxs	292	300	19	29.68	62	56	57	57		bc	str	8				
1873-01-09	5	-40.29	-55.66	213.75		9		https://s3.amazonaws.com/NARAprodstorage/lz/dc-metro/rg-024/581208/2020-03/581208-omaha-002/581208-omaha-002-146.JPG	https://s3.amazonaws.com/NARAprodstorage/lz/dc-metro/rg-024/581208/2020-03/581208-omaha-002/581208-omaha-002-146.JPG	 					swxs	304	311	19	29.65	61	56	57	56		bc	str	9				
1873-01-09	6	-40.4	-55.8	213.75		9.2		https://s3.amazonaws.com/NARAprodstorage/lz/dc-metro/rg-024/581208/2020-03/581208-omaha-002/581208-omaha-002-146.JPG	https://s3.amazonaws.com/NARAprodstorage/lz/dc-metro/rg-024/581208/2020-03/581208-omaha-002/581208-omaha-002-146.JPG	 					swxs	304	311	24	29.64	60	56	57	56		bc	str	9				
1873-01-09	7	-40.51	-55.92	213.75		8.6		https://s3.amazonaws.com/NARAprodstorage/lz/dc-metro/rg-024/581208/2020-03/581208-omaha-002/581208-omaha-002-146.JPG	https://s3.amazonaws.com/NARAprodstorage/lz/dc-metro/rg-024/581208/2020-03/581208-omaha-002/581208-omaha-002-146.JPG	 					swxs	304	311	27	29.64	60	57	57	56		bc	cum	9				
1873-01-09	8	-40.62	-56.04	208.12		8.4		https://s3.amazonaws.com/NARAprodstorage/lz/dc-metro/rg-024/581208/2020-03/581208-omaha-002/581208-omaha-002-146.JPG	https://s3.amazonaws.com/NARAprodstorage/lz/dc-metro/rg-024/581208/2020-03/581208-omaha-002/581208-omaha-002-146.JPG	 					swxs1/2s	292	300	21	29.65	61	57	57	56		bc	cum	9				
1873-01-09	9	-40.72	-56.08	191.25		6.4		https://s3.amazonaws.com/NARAprodstorage/lz/dc-metro/rg-024/581208/2020-03/581208-omaha-002/581208-omaha-002-146.JPG	https://s3.amazonaws.com/NARAprodstorage/lz/dc-metro/rg-024/581208/2020-03/581208-omaha-002/581208-omaha-002-146.JPG	 					sxw	259	266	19	29.65	60	56	57	52		bc	cir	8				
1873-01-09	10	-40.8	-56.07	163.12		5		https://s3.amazonaws.com/NARAprodstorage/lz/dc-metro/rg-024/581208/2020-03/581208-omaha-002/581208-omaha-002-146.JPG	https://s3.amazonaws.com/NARAprodstorage/lz/dc-metro/rg-024/581208/2020-03/581208-omaha-002/581208-omaha-002-146.JPG	 					sxe1/2e	236	243	19	29.67	60	55	55	50		bc	cir	6				
1873-01-09	11	-40.89	-56.05	160.31		5.4		https://s3.amazonaws.com/NARAprodstorage/lz/dc-metro/rg-024/581208/2020-03/581208-omaha-002/581208-omaha-002-146.JPG	https://s3.amazonaws.com/NARAprodstorage/lz/dc-metro/rg-024/581208/2020-03/581208-omaha-002/581208-omaha-002-146.JPG	 					sxe3/4e	225	232	19	29.62	60	54	55	50		bc	cir	6				
1873-01-09	12	-40.98	-56.02	157.5		6		https://s3.amazonaws.com/NARAprodstorage/lz/dc-metro/rg-024/581208/2020-03/581208-omaha-002/581208-omaha-002-146.JPG	https://s3.amazonaws.com/NARAprodstorage/lz/dc-metro/rg-024/581208/2020-03/581208-omaha-002/581208-omaha-002-146.JPG	 			40 59S	56 1W	sse	225	232	19	29.73	60	54	55	50		bc	str	7				
1873-01-09	13	-41.06	-56	157.5		4.4		https://s3.amazonaws.com/NARAprodstorage/lz/dc-metro/rg-024/581208/2020-03/581208-omaha-002/581208-omaha-002-146.JPG	https://s3.amazonaws.com/NARAprodstorage/lz/dc-metro/rg-024/581208/2020-03/581208-omaha-002/581208-omaha-002-146.JPG	 					sse	225	232	8	29.73	59	55	55	54		bc	cir str	8				
1873-01-09	14	-41.17	-55.95	151.88		7		https://s3.amazonaws.com/NARAprodstorage/lz/dc-metro/rg-024/581208/2020-03/581208-omaha-002/581208-omaha-002-146.JPG	https://s3.amazonaws.com/NARAprodstorage/lz/dc-metro/rg-024/581208/2020-03/581208-omaha-002/581208-omaha-002-146.JPG	 					sse1/2e	225	232	13	29.72	60	56	56	54		bc	none	10				
1873-01-09	15	-41.29	-55.92	157.5		7.4		https://s3.amazonaws.com/NARAprodstorage/lz/dc-metro/rg-024/581208/2020-03/581208-omaha-002/581208-omaha-002-146.JPG	https://s3.amazonaws.com/NARAprodstorage/lz/dc-metro/rg-024/581208/2020-03/581208-omaha-002/581208-omaha-002-146.JPG	 					sse	225	232	13	29.76	59	55	55	55		bch	none	10				
1873-01-09	16	-41.4	-55.89	157.5		6.4		https://s3.amazonaws.com/NARAprodstorage/lz/dc-metro/rg-024/581208/2020-03/581208-omaha-002/581208-omaha-002-146.JPG	https://s3.amazonaws.com/NARAprodstorage/lz/dc-metro/rg-024/581208/2020-03/581208-omaha-002/581208-omaha-002-146.JPG	 					sse	225	232	10	29.76	59	56	56	56		bc	none	10				
1873-01-09	17	-41.5	-55.86	157.5		6.4		https://s3.amazonaws.com/NARAprodstorage/lz/dc-metro/rg-024/581208/2020-03/581208-omaha-002/581208-omaha-002-146.JPG	https://s3.amazonaws.com/NARAprodstorage/lz/dc-metro/rg-024/581208/2020-03/581208-omaha-002/581208-omaha-002-146.JPG	 					sse	225	232	13	29.77	61	56	56	55		b	none	10				
1873-01-09	18	-41.6	-55.84	160.31		5.6		https://s3.amazonaws.com/NARAprodstorage/lz/dc-metro/rg-024/581208/2020-03/581208-omaha-002/581208-omaha-002-146.JPG	https://s3.amazonaws.com/NARAprodstorage/lz/dc-metro/rg-024/581208/2020-03/581208-omaha-002/581208-omaha-002-146.JPG	 					sxe3/4e	225	232	13	29.77	60	56	56	55		bcf	cir	8				
1873-01-09	19	-41.66	-55.82	154.69		4		https://s3.amazonaws.com/NARAprodstorage/lz/dc-metro/rg-024/581208/2020-03/581208-omaha-002/581208-omaha-002-146.JPG	https://s3.amazonaws.com/NARAprodstorage/lz/dc-metro/rg-024/581208/2020-03/581208-omaha-002/581208-omaha-002-146.JPG	 					sse1/4e	214	221	8	29.77	60	56	56	55		bcf	cir	7				
1873-01-09	20	-41.71	-55.79	151.88		3.2		https://s3.amazonaws.com/NARAprodstorage/lz/dc-metro/rg-024/581208/2020-03/581208-omaha-002/581208-omaha-002-146.JPG	https://s3.amazonaws.com/NARAprodstorage/lz/dc-metro/rg-024/581208/2020-03/581208-omaha-002/581208-omaha-002-146.JPG	 					sse1/2e	214	221	8	29.77	60	56	55	55		bc	nimb	7				
1873-01-09	21	-41.75	-55.77	146.25		2.4		https://s3.amazonaws.com/NARAprodstorage/lz/dc-metro/rg-024/581208/2020-03/581208-omaha-002/581208-omaha-002-146.JPG	https://s3.amazonaws.com/NARAprodstorage/lz/dc-metro/rg-024/581208/2020-03/581208-omaha-002/581208-omaha-002-146.JPG	 					sexs	214	221	5	29.88	60	56	55	55		bcw	str	9				
1873-01-09	22	-41.78	-55.75	132.19		2.2		https://s3.amazonaws.com/NARAprodstorage/lz/dc-metro/rg-024/581208/2020-03/581208-omaha-002/581208-omaha-002-146.JPG	https://s3.amazonaws.com/NARAprodstorage/lz/dc-metro/rg-024/581208/2020-03/581208-omaha-002/581208-omaha-002-146.JPG	 					se1/4e	214	221	5	29.9	60	56	55	55		bcw	none	10				
1873-01-09	23	-41.78	-55.74	359		0.5		https://s3.amazonaws.com/NARAprodstorage/lz/dc-metro/rg-024/581208/2020-03/581208-omaha-002/581208-omaha-002-146.JPG	https://s3.amazonaws.com/NARAprodstorage/lz/dc-metro/rg-024/581208/2020-03/581208-omaha-002/581208-omaha-002-146.JPG	 					se1/2e | nwxn	214	221	5	29.93	60	56	55	55		bcw	none	10				
1873-01-09	24	-41.72	-55.78	326.25		3.6		https://s3.amazonaws.com/NARAprodstorage/lz/dc-metro/rg-024/581208/2020-03/581208-omaha-002/581208-omaha-002-146.JPG	https://s3.amazonaws.com/NARAprodstorage/lz/dc-metro/rg-024/581208/2020-03/581208-omaha-002/581208-omaha-002-146.JPG	 					nwxn	191	198	5	29.93	60	56	55	55		bcw	none	10				
1873-01-10	1	-41.72	-55.83	258.75		2.4		https://s3.amazonaws.com/NARAprodstorage/lz/dc-metro/rg-024/581208/2020-03/581208-omaha-002/581208-omaha-002-147.JPG	https://s3.amazonaws.com/NARAprodstorage/lz/dc-metro/rg-024/581208/2020-03/581208-omaha-002/581208-omaha-002-147.JPG	 					wxs	180	187	2	29.91	60	55	55	55		b	none	10				
1873-01-10	2	-41.73	-55.84	225		0.4		https://s3.amazonaws.com/NARAprodstorage/lz/dc-metro/rg-024/581208/2020-03/581208-omaha-002/581208-omaha-002-147.JPG	https://s3.amazonaws.com/NARAprodstorage/lz/dc-metro/rg-024/581208/2020-03/581208-omaha-002/581208-omaha-002-147.JPG	 					sw	158	164	1	29.92	60	55	55	55		bc	cum	9				
1873-01-10	3	-41.74	-55.86	225		1		https://s3.amazonaws.com/NARAprodstorage/lz/dc-metro/rg-024/581208/2020-03/581208-omaha-002/581208-omaha-002-147.JPG	https://s3.amazonaws.com/NARAprodstorage/lz/dc-metro/rg-024/581208/2020-03/581208-omaha-002/581208-omaha-002-147.JPG	 					sw	112	120	1	29.89	60	55	56	55		bc	cum	5				
1873-01-10	4	-41.77	-55.91	225		2.4		https://s3.amazonaws.com/NARAprodstorage/lz/dc-metro/rg-024/581208/2020-03/581208-omaha-002/581208-omaha-002-147.JPG	https://s3.amazonaws.com/NARAprodstorage/lz/dc-metro/rg-024/581208/2020-03/581208-omaha-002/581208-omaha-002-147.JPG	 					sw	112	120	2	29.89	60	55	56	55		bc	cum	5				
1873-01-10	5	-41.79	-55.95	225		2.2		https://s3.amazonaws.com/NARAprodstorage/lz/dc-metro/rg-024/581208/2020-03/581208-omaha-002/581208-omaha-002-147.JPG	https://s3.amazonaws.com/NARAprodstorage/lz/dc-metro/rg-024/581208/2020-03/581208-omaha-002/581208-omaha-002-147.JPG	 					sw	135	142	2	29.92	60	55	56	55		bc	cum	3				
1873-01-10	6	-41.81	-56	225		2.6		https://s3.amazonaws.com/NARAprodstorage/lz/dc-metro/rg-024/581208/2020-03/581208-omaha-002/581208-omaha-002-147.JPG	https://s3.amazonaws.com/NARAprodstorage/lz/dc-metro/rg-024/581208/2020-03/581208-omaha-002/581208-omaha-002-147.JPG	 					sw	135	142	2	29.93	60	55	56	55		bc	cum	1				
1873-01-10	7	-41.84	-56.04	225		2.1		https://s3.amazonaws.com/NARAprodstorage/lz/dc-metro/rg-024/581208/2020-03/581208-omaha-002/581208-omaha-002-147.JPG	https://s3.amazonaws.com/NARAprodstorage/lz/dc-metro/rg-024/581208/2020-03/581208-omaha-002/581208-omaha-002-147.JPG	 					sw	45	52	2	29.92	60	57	57	55		bc	cum str nim	3				
1873-01-10	8	-41.86	-56.08	225		2.2		https://s3.amazonaws.com/NARAprodstorage/lz/dc-metro/rg-024/581208/2020-03/581208-omaha-002/581208-omaha-002-147.JPG	https://s3.amazonaws.com/NARAprodstorage/lz/dc-metro/rg-024/581208/2020-03/581208-omaha-002/581208-omaha-002-147.JPG	 					sw	22	30	2	29.92	60	57	58	55		bc	cum nimb	1				
1873-01-10	9	-41.9	-56.16	225		4.4		https://s3.amazonaws.com/NARAprodstorage/lz/dc-metro/rg-024/581208/2020-03/581208-omaha-002/581208-omaha-002-147.JPG	https://s3.amazonaws.com/NARAprodstorage/lz/dc-metro/rg-024/581208/2020-03/581208-omaha-002/581208-omaha-002-147.JPG	 					sw	45	52	5	29.87	60	56	57	55		bc	cum nimb	8				
1873-01-10	10	-41.96	-56.28	225		6.4		https://s3.amazonaws.com/NARAprodstorage/lz/dc-metro/rg-024/581208/2020-03/581208-omaha-002/581208-omaha-002-147.JPG	https://s3.amazonaws.com/NARAprodstorage/lz/dc-metro/rg-024/581208/2020-03/581208-omaha-002/581208-omaha-002-147.JPG	 					sw	45	56	8	29.86	58	56	56	56		oc	cir cum cum nim	0				
1873-01-10	11	-42.05	-56.43	225		8.4		https://s3.amazonaws.com/NARAprodstorage/lz/dc-metro/rg-024/581208/2020-03/581208-omaha-002/581208-omaha-002-147.JPG	https://s3.amazonaws.com/NARAprodstorage/lz/dc-metro/rg-024/581208/2020-03/581208-omaha-002/581208-omaha-002-147.JPG	 					sw	888	888	13	29.83	59	57	58	56		bc	cir str sir cum	4				
1873-01-10	12	-42.13	-56.6	225		9		https://s3.amazonaws.com/NARAprodstorage/lz/dc-metro/rg-024/581208/2020-03/581208-omaha-002/581208-omaha-002-147.JPG	https://s3.amazonaws.com/NARAprodstorage/lz/dc-metro/rg-024/581208/2020-03/581208-omaha-002/581208-omaha-002-147.JPG	 			42 8S	56 36W	sw	22	34	13	29.81	59	57	57	55		bc	cir str sir cum	8				
1873-01-10	13	-42.2	-56.74	225		8		https://s3.amazonaws.com/NARAprodstorage/lz/dc-metro/rg-024/581208/2020-03/581208-omaha-002/581208-omaha-002-147.JPG	https://s3.amazonaws.com/NARAprodstorage/lz/dc-metro/rg-024/581208/2020-03/581208-omaha-002/581208-omaha-002-147.JPG	 					sw	22	34	13	29.77	63	59	59	55		bc	cir	5				
1873-01-10	14	-42.27	-56.91	225		9		https://s3.amazonaws.com/NARAprodstorage/lz/dc-metro/rg-024/581208/2020-03/581208-omaha-002/581208-omaha-002-147.JPG	https://s3.amazonaws.com/NARAprodstorage/lz/dc-metro/rg-024/581208/2020-03/581208-omaha-002/581208-omaha-002-147.JPG	 					sw	315	326	19	29.77	63	59	59	55		bc	cir	5				
1873-01-10	15	-42.35	-57.08	225		9.6		https://s3.amazonaws.com/NARAprodstorage/lz/dc-metro/rg-024/581208/2020-03/581208-omaha-002/581208-omaha-002-147.JPG	https://s3.amazonaws.com/NARAprodstorage/lz/dc-metro/rg-024/581208/2020-03/581208-omaha-002/581208-omaha-002-147.JPG	 					sw	315	326	19	29.75	64	57	57	55		bc	cir cum	6				
1873-01-10	16	-42.42	-57.24	225		9		https://s3.amazonaws.com/NARAprodstorage/lz/dc-metro/rg-024/581208/2020-03/581208-omaha-002/581208-omaha-002-147.JPG	https://s3.amazonaws.com/NARAprodstorage/lz/dc-metro/rg-024/581208/2020-03/581208-omaha-002/581208-omaha-002-147.JPG	 					sw	315	326	19	29.75	64	57	57	57		bc	cir cum	6				
1873-01-10	17	-42.48	-57.38	225		7.4		https://s3.amazonaws.com/NARAprodstorage/lz/dc-metro/rg-024/581208/2020-03/581208-omaha-002/581208-omaha-002-147.JPG	https://s3.amazonaws.com/NARAprodstorage/lz/dc-metro/rg-024/581208/2020-03/581208-omaha-002/581208-omaha-002-147.JPG	 					sw	315	326	13	29.76	61	57	57	51		bc	cir str	9				
1873-01-10	18	-42.53	-57.49	225		6.4		https://s3.amazonaws.com/NARAprodstorage/lz/dc-metro/rg-024/581208/2020-03/581208-omaha-002/581208-omaha-002-147.JPG	https://s3.amazonaws.com/NARAprodstorage/lz/dc-metro/rg-024/581208/2020-03/581208-omaha-002/581208-omaha-002-147.JPG	 					sw	315	326	13	29.78	61	57	57	51		bc	cir str	9				
1873-01-10	19	-42.57	-57.57	216.56		5		https://s3.amazonaws.com/NARAprodstorage/lz/dc-metro/rg-024/581208/2020-03/581208-omaha-002/581208-omaha-002-147.JPG	https://s3.amazonaws.com/NARAprodstorage/lz/dc-metro/rg-024/581208/2020-03/581208-omaha-002/581208-omaha-002-147.JPG	 					sw3/4s	292	304	8	29.78	61	54	55	51		bc	cir str	9				
1873-01-10	20	-42.58	-57.65	241.88		4		https://s3.amazonaws.com/NARAprodstorage/lz/dc-metro/rg-024/581208/2020-03/581208-omaha-002/581208-omaha-002-147.JPG	https://s3.amazonaws.com/NARAprodstorage/lz/dc-metro/rg-024/581208/2020-03/581208-omaha-002/581208-omaha-002-147.JPG	 					swxw1/2w	259	270	8	29.78	61	54	55	51		bcw	cir str	8				
1873-01-10	21	-42.65	-57.62	154.69		4.4		https://s3.amazonaws.com/NARAprodstorage/lz/dc-metro/rg-024/581208/2020-03/581208-omaha-002/581208-omaha-002-147.JPG	https://s3.amazonaws.com/NARAprodstorage/lz/dc-metro/rg-024/581208/2020-03/581208-omaha-002/581208-omaha-002-147.JPG	 					sse1/4e	236	247	8	29.8	60	54	55	51		bc	cir str	9				
1873-01-10	22	-42.7	-57.56	135		4.4		https://s3.amazonaws.com/NARAprodstorage/lz/dc-metro/rg-024/581208/2020-03/581208-omaha-002/581208-omaha-002-147.JPG	https://s3.amazonaws.com/NARAprodstorage/lz/dc-metro/rg-024/581208/2020-03/581208-omaha-002/581208-omaha-002-147.JPG	 					se	214	225	8	29.82	60	54	55	50		bc	cir str	5				
1873-01-10	23	-42.66	-57.66	278.44		5		https://s3.amazonaws.com/NARAprodstorage/lz/dc-metro/rg-024/581208/2020-03/581208-omaha-002/581208-omaha-002-147.JPG	https://s3.amazonaws.com/NARAprodstorage/lz/dc-metro/rg-024/581208/2020-03/581208-omaha-002/581208-omaha-002-147.JPG	 					w3/4n	214	225	8	29.84	59	54	55	50		bc	cir cum	2				
1873-01-10	24	-42.63	-57.71	284.06		3		https://s3.amazonaws.com/NARAprodstorage/lz/dc-metro/rg-024/581208/2020-03/581208-omaha-002/581208-omaha-002-147.JPG	https://s3.amazonaws.com/NARAprodstorage/lz/dc-metro/rg-024/581208/2020-03/581208-omaha-002/581208-omaha-002-147.JPG	 					wnw3/4w	214	225	5	29.86	59	54	55	50		bc	cir cum	2				
1873-01-11	1	-42.61	-57.72	275.62		1		https://s3.amazonaws.com/NARAprodstorage/lz/dc-metro/rg-024/581208/2020-03/581208-omaha-002/581208-omaha-002-148.JPG	https://s3.amazonaws.com/NARAprodstorage/lz/dc-metro/rg-024/581208/2020-03/581208-omaha-002/581208-omaha-002-148.JPG	 					wxn1/2w	214	225	7	29.88	60	54	55	50		bc	cum	1				
1873-01-11	2	-42.6	-57.77	264.38		2.4		https://s3.amazonaws.com/NARAprodstorage/lz/dc-metro/rg-024/581208/2020-03/581208-omaha-002/581208-omaha-002-148.JPG	https://s3.amazonaws.com/NARAprodstorage/lz/dc-metro/rg-024/581208/2020-03/581208-omaha-002/581208-omaha-002-148.JPG	 					w1/2s	191	202	5	29.91	60	53	54	50		bc	cir cum str	5				
1873-01-11	3	-42.58	-57.85	264.38		4		https://s3.amazonaws.com/NARAprodstorage/lz/dc-metro/rg-024/581208/2020-03/581208-omaha-002/581208-omaha-002-148.JPG	https://s3.amazonaws.com/NARAprodstorage/lz/dc-metro/rg-024/581208/2020-03/581208-omaha-002/581208-omaha-002-148.JPG	 					w1/2s	191	202	8	29.92	60	52	52	50		bc	cir cum	5				
1873-01-11	4	-42.57	-57.96	258.75		5		https://s3.amazonaws.com/NARAprodstorage/lz/dc-metro/rg-024/581208/2020-03/581208-omaha-002/581208-omaha-002-148.JPG	https://s3.amazonaws.com/NARAprodstorage/lz/dc-metro/rg-024/581208/2020-03/581208-omaha-002/581208-omaha-002-148.JPG	 					wxs	191	202	8	29.91	60	52	52	50		bc	cir str	6				
1873-01-11	5	-42.6	-58.06	236.25		5		https://s3.amazonaws.com/NARAprodstorage/lz/dc-metro/rg-024/581208/2020-03/581208-omaha-002/581208-omaha-002-148.JPG	https://s3.amazonaws.com/NARAprodstorage/lz/dc-metro/rg-024/581208/2020-03/581208-omaha-002/581208-omaha-002-148.JPG	 					swxw	169	180	8	29.92	59	50	50	50		bc	none	10				
1873-01-11	6	-42.62	-58.16	236.25		5.4		https://s3.amazonaws.com/NARAprodstorage/lz/dc-metro/rg-024/581208/2020-03/581208-omaha-002/581208-omaha-002-148.JPG	https://s3.amazonaws.com/NARAprodstorage/lz/dc-metro/rg-024/581208/2020-03/581208-omaha-002/581208-omaha-002-148.JPG	 					swxw	169	180	8	29.95	59	51	51	51		bc	cir cum cir str	8				
1873-01-11	7	-42.66	-58.28	230.62		6		https://s3.amazonaws.com/NARAprodstorage/lz/dc-metro/rg-024/581208/2020-03/581208-omaha-002/581208-omaha-002-148.JPG	https://s3.amazonaws.com/NARAprodstorage/lz/dc-metro/rg-024/581208/2020-03/581208-omaha-002/581208-omaha-002-148.JPG	 					sw1/2w	174	185	8	30	59	51	51	51		bc	sir str	9				
1873-01-11	8	-42.68	-58.4	236.25		6		https://s3.amazonaws.com/NARAprodstorage/lz/dc-metro/rg-024/581208/2020-03/581208-omaha-002/581208-omaha-002-148.JPG	https://s3.amazonaws.com/NARAprodstorage/lz/dc-metro/rg-024/581208/2020-03/581208-omaha-002/581208-omaha-002-148.JPG	 					swxw	169	180	8	30	59	52	52	51		bc	sir str	9				
1873-01-11	9	-42.73	-58.5	222.19		6		https://s3.amazonaws.com/NARAprodstorage/lz/dc-metro/rg-024/581208/2020-03/581208-omaha-002/581208-omaha-002-148.JPG	https://s3.amazonaws.com/NARAprodstorage/lz/dc-metro/rg-024/581208/2020-03/581208-omaha-002/581208-omaha-002-148.JPG	 					sw1/4s	169	180	8	30.02	58	52	52	51		bc	sir str	9				
1873-01-11	10	-42.78	-58.59	219.38		5.4		https://s3.amazonaws.com/NARAprodstorage/lz/dc-metro/rg-024/581208/2020-03/581208-omaha-002/581208-omaha-002-148.JPG	https://s3.amazonaws.com/NARAprodstorage/lz/dc-metro/rg-024/581208/2020-03/581208-omaha-002/581208-omaha-002-148.JPG	 					sw1/2s	169	180	8	29.99	58	52	52	49		bc	sir str	9				
1873-01-11	11	-42.83	-58.68	219.38		5.4		https://s3.amazonaws.com/NARAprodstorage/lz/dc-metro/rg-024/581208/2020-03/581208-omaha-002/581208-omaha-002-148.JPG	https://s3.amazonaws.com/NARAprodstorage/lz/dc-metro/rg-024/581208/2020-03/581208-omaha-002/581208-omaha-002-148.JPG	 					sw1/2s	158	168	8	29.96	58	52	52	50		bc	sir str	9				
1873-01-11	12	-42.87	-58.75	219.38		4.6		https://s3.amazonaws.com/NARAprodstorage/lz/dc-metro/rg-024/581208/2020-03/581208-omaha-002/581208-omaha-002-148.JPG	https://s3.amazonaws.com/NARAprodstorage/lz/dc-metro/rg-024/581208/2020-03/581208-omaha-002/581208-omaha-002-148.JPG	 			42 52S	58 45W	sw1/2s	158	168	5	29.96	60	54	53	50		b	sir str	10				
1873-01-11	13	-42.91	-58.82	213.75		4		https://s3.amazonaws.com/NARAprodstorage/lz/dc-metro/rg-024/581208/2020-03/581208-omaha-002/581208-omaha-002-148.JPG	https://s3.amazonaws.com/NARAprodstorage/lz/dc-metro/rg-024/581208/2020-03/581208-omaha-002/581208-omaha-002-148.JPG	 					swxs	146	157	8	30.1	60	54	55	50		bc	cir str	9				
1873-01-11	14	-42.94	-58.88	213.75		3.2		https://s3.amazonaws.com/NARAprodstorage/lz/dc-metro/rg-024/581208/2020-03/581208-omaha-002/581208-omaha-002-148.JPG	https://s3.amazonaws.com/NARAprodstorage/lz/dc-metro/rg-024/581208/2020-03/581208-omaha-002/581208-omaha-002-148.JPG	 					swxs	45	56	5	30.15	60	54	55	50		bc	cir str	9				
1873-01-11	15	-42.97	-58.93	213.75		2.4		https://s3.amazonaws.com/NARAprodstorage/lz/dc-metro/rg-024/581208/2020-03/581208-omaha-002/581208-omaha-002-148.JPG	https://s3.amazonaws.com/NARAprodstorage/lz/dc-metro/rg-024/581208/2020-03/581208-omaha-002/581208-omaha-002-148.JPG	 					swxs	11	22	2	30.13	60	54	55	50		bc	cir str	9				
1873-01-11	16	-43	-58.98	213.75		3		https://s3.amazonaws.com/NARAprodstorage/lz/dc-metro/rg-024/581208/2020-03/581208-omaha-002/581208-omaha-002-148.JPG	https://s3.amazonaws.com/NARAprodstorage/lz/dc-metro/rg-024/581208/2020-03/581208-omaha-002/581208-omaha-002-148.JPG	 					swxs	11	22	2	30.13	60	54	55	50		bc	cir str	9				
1873-01-11	17	-43.03	-59.04	213.75		3		https://s3.amazonaws.com/NARAprodstorage/lz/dc-metro/rg-024/581208/2020-03/581208-omaha-002/581208-omaha-002-148.JPG	https://s3.amazonaws.com/NARAprodstorage/lz/dc-metro/rg-024/581208/2020-03/581208-omaha-002/581208-omaha-002-148.JPG	 					swxs	360	11	2	30.11	61	61	64	54		bc	cir str	9				
1873-01-11	18	-43.05	-59.09	213.75		2.6		https://s3.amazonaws.com/NARAprodstorage/lz/dc-metro/rg-024/581208/2020-03/581208-omaha-002/581208-omaha-002-148.JPG	https://s3.amazonaws.com/NARAprodstorage/lz/dc-metro/rg-024/581208/2020-03/581208-omaha-002/581208-omaha-002-148.JPG	 					swxs	315	326	2	30.11	61	60	62	54		bc	cir str	9				
1873-01-11	19	-43.09	-59.15	213.75		3.4		https://s3.amazonaws.com/NARAprodstorage/lz/dc-metro/rg-024/581208/2020-03/581208-omaha-002/581208-omaha-002-148.JPG	https://s3.amazonaws.com/NARAprodstorage/lz/dc-metro/rg-024/581208/2020-03/581208-omaha-002/581208-omaha-002-148.JPG	 					swxs	34	45	5	30.1	60	59	61	54		bc	cir str	9				
1873-01-11	20	-43.13	-59.22	213.75		4		https://s3.amazonaws.com/NARAprodstorage/lz/dc-metro/rg-024/581208/2020-03/581208-omaha-002/581208-omaha-002-148.JPG	https://s3.amazonaws.com/NARAprodstorage/lz/dc-metro/rg-024/581208/2020-03/581208-omaha-002/581208-omaha-002-148.JPG	 					swxs	22	34	5	30.1	60	56	58	54		bc	cir str	9				
1873-01-11	21	-43.18	-59.3	213.75		4.4		https://s3.amazonaws.com/NARAprodstorage/lz/dc-metro/rg-024/581208/2020-03/581208-omaha-002/581208-omaha-002-148.JPG	https://s3.amazonaws.com/NARAprodstorage/lz/dc-metro/rg-024/581208/2020-03/581208-omaha-002/581208-omaha-002-148.JPG	 					swxs	22	34	5	30.11	61	56	57	54		bc	cir str	9				
1873-01-11	22	-43.24	-59.4	213.75		5.4		https://s3.amazonaws.com/NARAprodstorage/lz/dc-metro/rg-024/581208/2020-03/581208-omaha-002/581208-omaha-002-148.JPG	https://s3.amazonaws.com/NARAprodstorage/lz/dc-metro/rg-024/581208/2020-03/581208-omaha-002/581208-omaha-002-148.JPG	 					swxs	22	34	8	30.1	61	56	57	54		bc	str	10				
1873-01-11	23	-43.32	-59.53	213.75		7.4		https://s3.amazonaws.com/NARAprodstorage/lz/dc-metro/rg-024/581208/2020-03/581208-omaha-002/581208-omaha-002-148.JPG	https://s3.amazonaws.com/NARAprodstorage/lz/dc-metro/rg-024/581208/2020-03/581208-omaha-002/581208-omaha-002-148.JPG	 					swxs	22	34	13	30.08	61	55	56	54		b	none	10				
1873-01-11	24	-43.41	-59.68	213.75		8.6		https://s3.amazonaws.com/NARAprodstorage/lz/dc-metro/rg-024/581208/2020-03/581208-omaha-002/581208-omaha-002-148.JPG	https://s3.amazonaws.com/NARAprodstorage/lz/dc-metro/rg-024/581208/2020-03/581208-omaha-002/581208-omaha-002-148.JPG	 					swxs	22	34	13	30.06	61	55	56	54		b	none	10				
1873-01-12	1	-43.52	-59.85	213.75		9.6		https://s3.amazonaws.com/NARAprodstorage/lz/dc-metro/rg-024/581208/2020-03/581208-omaha-002/581208-omaha-002-149.JPG	https://s3.amazonaws.com/NARAprodstorage/lz/dc-metro/rg-024/581208/2020-03/581208-omaha-002/581208-omaha-002-149.JPG	 					swxs	338	348	13	30.02	60	56	56	54		bc	none	10				
1873-01-12	2	-43.62	-60.02	213.75		10		https://s3.amazonaws.com/NARAprodstorage/lz/dc-metro/rg-024/581208/2020-03/581208-omaha-002/581208-omaha-002-149.JPG	https://s3.amazonaws.com/NARAprodstorage/lz/dc-metro/rg-024/581208/2020-03/581208-omaha-002/581208-omaha-002-149.JPG	 					swxs	338	348	13	30	60	56	56	54		bc	cir str	9				
1873-01-12	3	-43.73	-60.2	213.75		10		https://s3.amazonaws.com/NARAprodstorage/lz/dc-metro/rg-024/581208/2020-03/581208-omaha-002/581208-omaha-002-149.JPG	https://s3.amazonaws.com/NARAprodstorage/lz/dc-metro/rg-024/581208/2020-03/581208-omaha-002/581208-omaha-002-149.JPG	 					swxs	338	348	13	29.98	60	56	56	54		bc	cir	9				
1873-01-12	4	-43.84	-60.37	213.75		10		https://s3.amazonaws.com/NARAprodstorage/lz/dc-metro/rg-024/581208/2020-03/581208-omaha-002/581208-omaha-002-149.JPG	https://s3.amazonaws.com/NARAprodstorage/lz/dc-metro/rg-024/581208/2020-03/581208-omaha-002/581208-omaha-002-149.JPG	 					swxs	338	348	13	29.97	60	57	57	55		bc	none	10				
1873-01-12	5	-43.95	-60.55	213.75		10		https://s3.amazonaws.com/NARAprodstorage/lz/dc-metro/rg-024/581208/2020-03/581208-omaha-002/581208-omaha-002-149.JPG	https://s3.amazonaws.com/NARAprodstorage/lz/dc-metro/rg-024/581208/2020-03/581208-omaha-002/581208-omaha-002-149.JPG	 					swxs	338	348	19	29.95	60	57	57	55		b	none	10				
1873-01-12	6	-44.06	-60.73	213.75		10		https://s3.amazonaws.com/NARAprodstorage/lz/dc-metro/rg-024/581208/2020-03/581208-omaha-002/581208-omaha-002-149.JPG	https://s3.amazonaws.com/NARAprodstorage/lz/dc-metro/rg-024/581208/2020-03/581208-omaha-002/581208-omaha-002-149.JPG	 					swxs	338	348	19	29.95	60	57	57	55		b	none	10				
1873-01-12	7	-44.17	-60.9	213.75		9.6		https://s3.amazonaws.com/NARAprodstorage/lz/dc-metro/rg-024/581208/2020-03/581208-omaha-002/581208-omaha-002-149.JPG	https://s3.amazonaws.com/NARAprodstorage/lz/dc-metro/rg-024/581208/2020-03/581208-omaha-002/581208-omaha-002-149.JPG	 					swxs	338	348	19	29.93	60	58	58	54		b	none	10				
1873-01-12	8	-44.27	-61.06	213.75		9.4		https://s3.amazonaws.com/NARAprodstorage/lz/dc-metro/rg-024/581208/2020-03/581208-omaha-002/581208-omaha-002-149.JPG	https://s3.amazonaws.com/NARAprodstorage/lz/dc-metro/rg-024/581208/2020-03/581208-omaha-002/581208-omaha-002-149.JPG	 					swxs	338	348	19	29.95	60	58	58	54		bc	cir str	9				
1873-01-12	9	-44.37	-61.23	213.75		9.4		https://s3.amazonaws.com/NARAprodstorage/lz/dc-metro/rg-024/581208/2020-03/581208-omaha-002/581208-omaha-002-149.JPG	https://s3.amazonaws.com/NARAprodstorage/lz/dc-metro/rg-024/581208/2020-03/581208-omaha-002/581208-omaha-002-149.JPG	 					swxs	338	348	19	29.9	61	58	59	54		bc	cir str	9				
1873-01-12	10	-44.49	-61.42	213.75		10.4		https://s3.amazonaws.com/NARAprodstorage/lz/dc-metro/rg-024/581208/2020-03/581208-omaha-002/581208-omaha-002-149.JPG	https://s3.amazonaws.com/NARAprodstorage/lz/dc-metro/rg-024/581208/2020-03/581208-omaha-002/581208-omaha-002-149.JPG	 					swxs	338	348	24	29.86	61	58	59	54		bc	cir str	9				
1873-01-12	11	-44.6	-61.59	213.75		10		https://s3.amazonaws.com/NARAprodstorage/lz/dc-metro/rg-024/581208/2020-03/581208-omaha-002/581208-omaha-002-149.JPG	https://s3.amazonaws.com/NARAprodstorage/lz/dc-metro/rg-024/581208/2020-03/581208-omaha-002/581208-omaha-002-149.JPG	 					swxs	326	337	24	29.84	62	59	60	55		bc	cir str	2				
1873-01-12	12	-44.73	-61.82	213.75		12.6		https://s3.amazonaws.com/NARAprodstorage/lz/dc-metro/rg-024/581208/2020-03/581208-omaha-002/581208-omaha-002-149.JPG	https://s3.amazonaws.com/NARAprodstorage/lz/dc-metro/rg-024/581208/2020-03/581208-omaha-002/581208-omaha-002-149.JPG	 			44 44S	61 49W	swxs	326	337	24	29.82	62	59	60	55		bc	cir str	2				
1873-01-12	13	-44.91	-61.93	199		9.7		https://s3.amazonaws.com/NARAprodstorage/lz/dc-metro/rg-024/581208/2020-03/581208-omaha-002/581208-omaha-002-149.JPG	https://s3.amazonaws.com/NARAprodstorage/lz/dc-metro/rg-024/581208/2020-03/581208-omaha-002/581208-omaha-002-149.JPG	 					swxs|sxw1/2w	315	330	24	29.8	63	60	61	56		bc	cir str	3				
1873-01-12	14	-45.1	-62.03	196.88		10		https://s3.amazonaws.com/NARAprodstorage/lz/dc-metro/rg-024/581208/2020-03/581208-omaha-002/581208-omaha-002-149.JPG	https://s3.amazonaws.com/NARAprodstorage/lz/dc-metro/rg-024/581208/2020-03/581208-omaha-002/581208-omaha-002-149.JPG	 					sxw1/2w	304	319	24	29.78	64	60	61	56		bc	cir str	3				
1873-01-12	15	-45.29	-62.14	196.88		10		https://s3.amazonaws.com/NARAprodstorage/lz/dc-metro/rg-024/581208/2020-03/581208-omaha-002/581208-omaha-002-149.JPG	https://s3.amazonaws.com/NARAprodstorage/lz/dc-metro/rg-024/581208/2020-03/581208-omaha-002/581208-omaha-002-149.JPG	 					sxw1/2w	315	330	24	29.75	64	60	61	56		bc	cir str	3				
1873-01-12	16	-45.47	-62.24	196.88		9.6		https://s3.amazonaws.com/NARAprodstorage/lz/dc-metro/rg-024/581208/2020-03/581208-omaha-002/581208-omaha-002-149.JPG	https://s3.amazonaws.com/NARAprodstorage/lz/dc-metro/rg-024/581208/2020-03/581208-omaha-002/581208-omaha-002-149.JPG	 					sxw1/2w	326	341	24	29.6	64	60	61	56		bc	cir str	4				
1873-01-12	17	-45.65	-62.34	196.88		9.4		https://s3.amazonaws.com/NARAprodstorage/lz/dc-metro/rg-024/581208/2020-03/581208-omaha-002/581208-omaha-002-149.JPG	https://s3.amazonaws.com/NARAprodstorage/lz/dc-metro/rg-024/581208/2020-03/581208-omaha-002/581208-omaha-002-149.JPG	 					sxw1/2w	326	341	24	29.65	64	61	62	56		b	none	10				
1873-01-12	18	-45.82	-62.43	196.88		9.2		https://s3.amazonaws.com/NARAprodstorage/lz/dc-metro/rg-024/581208/2020-03/581208-omaha-002/581208-omaha-002-149.JPG	https://s3.amazonaws.com/NARAprodstorage/lz/dc-metro/rg-024/581208/2020-03/581208-omaha-002/581208-omaha-002-149.JPG	 					sxw1/2w	326	341	24	29.63	64	61	62	54		bc	cir str	7				
1873-01-12	19	-45.99	-62.52	196.88		8.4		https://s3.amazonaws.com/NARAprodstorage/lz/dc-metro/rg-024/581208/2020-03/581208-omaha-002/581208-omaha-002-149.JPG	https://s3.amazonaws.com/NARAprodstorage/lz/dc-metro/rg-024/581208/2020-03/581208-omaha-002/581208-omaha-002-149.JPG	 					sxw1/2w	326	341	19	29.59	64	60	61	54		bc	cir cum	3				
1873-01-12	20	-46.15	-62.61	196.88		8.6		https://s3.amazonaws.com/NARAprodstorage/lz/dc-metro/rg-024/581208/2020-03/581208-omaha-002/581208-omaha-002-149.JPG	https://s3.amazonaws.com/NARAprodstorage/lz/dc-metro/rg-024/581208/2020-03/581208-omaha-002/581208-omaha-002-149.JPG	 					sxw1/2w	326	341	19	29.55	64	60	60	54		bc	cir cum	4				
1873-01-12	21	-46.31	-62.69	196.88		8		https://s3.amazonaws.com/NARAprodstorage/lz/dc-metro/rg-024/581208/2020-03/581208-omaha-002/581208-omaha-002-149.JPG	https://s3.amazonaws.com/NARAprodstorage/lz/dc-metro/rg-024/581208/2020-03/581208-omaha-002/581208-omaha-002-149.JPG	 					sxw1/2w	326	341	19	29.52	63	60	59	54		bc	cir cum cum nim	6				
1873-01-12	22	-46.49	-62.79	196.88		9.4		https://s3.amazonaws.com/NARAprodstorage/lz/dc-metro/rg-024/581208/2020-03/581208-omaha-002/581208-omaha-002-149.JPG	https://s3.amazonaws.com/NARAprodstorage/lz/dc-metro/rg-024/581208/2020-03/581208-omaha-002/581208-omaha-002-149.JPG	 					sxw1/2w	326	341	19	29.53	63	60	59	54		bc	cir cum cum nim	7				
1873-01-12	23	-46.69	-62.9	196.88		10.6		https://s3.amazonaws.com/NARAprodstorage/lz/dc-metro/rg-024/581208/2020-03/581208-omaha-002/581208-omaha-002-149.JPG	https://s3.amazonaws.com/NARAprodstorage/lz/dc-metro/rg-024/581208/2020-03/581208-omaha-002/581208-omaha-002-149.JPG	 					sxw1/2w	304	319	19	29.51	63	60	59	54		bc	cir cum cum nim	7				
1873-01-12	24	-46.88	-63.02	196.88		10.2		https://s3.amazonaws.com/NARAprodstorage/lz/dc-metro/rg-024/581208/2020-03/581208-omaha-002/581208-omaha-002-149.JPG	https://s3.amazonaws.com/NARAprodstorage/lz/dc-metro/rg-024/581208/2020-03/581208-omaha-002/581208-omaha-002-149.JPG	 					sxw1/2w	304	319	19	29.48	63	59	59	55		bc	cir cum cum nim	6				
1873-01-13	1	-46.95	-63.19	241.88		8.6		https://s3.amazonaws.com/NARAprodstorage/lz/dc-metro/rg-024/581208/2020-03/581208-omaha-002/581208-omaha-002-150.JPG	https://s3.amazonaws.com/NARAprodstorage/lz/dc-metro/rg-024/581208/2020-03/581208-omaha-002/581208-omaha-002-150.JPG	 					swxw1/2w	292	308	19	29.49	63	59	59	55		bc	cir	5				
1873-01-13	2	-47.03	-63.36	241.88		8		https://s3.amazonaws.com/NARAprodstorage/lz/dc-metro/rg-024/581208/2020-03/581208-omaha-002/581208-omaha-002-150.JPG	https://s3.amazonaws.com/NARAprodstorage/lz/dc-metro/rg-024/581208/2020-03/581208-omaha-002/581208-omaha-002-150.JPG	 					swxw1/2w	292	308	19	29.44	63	59	59	55		bc	cir	5				
1873-01-13	3	-47.1	-63.53	241.88		8.2		https://s3.amazonaws.com/NARAprodstorage/lz/dc-metro/rg-024/581208/2020-03/581208-omaha-002/581208-omaha-002-150.JPG	https://s3.amazonaws.com/NARAprodstorage/lz/dc-metro/rg-024/581208/2020-03/581208-omaha-002/581208-omaha-002-150.JPG	 					swxw1/2w	292	308	19	29.37	62	57	57	53		bc	cir cum	7				
1873-01-13	4	-47.18	-63.7	241.88		8.4		https://s3.amazonaws.com/NARAprodstorage/lz/dc-metro/rg-024/581208/2020-03/581208-omaha-002/581208-omaha-002-150.JPG	https://s3.amazonaws.com/NARAprodstorage/lz/dc-metro/rg-024/581208/2020-03/581208-omaha-002/581208-omaha-002-150.JPG	 					swxw1/2w	292	308	19	29.37	62	57	57	53		bc	cir cum	7				
1873-01-13	5	-47.25	-63.9	241.88		9.2		https://s3.amazonaws.com/NARAprodstorage/lz/dc-metro/rg-024/581208/2020-03/581208-omaha-002/581208-omaha-002-150.JPG	https://s3.amazonaws.com/NARAprodstorage/lz/dc-metro/rg-024/581208/2020-03/581208-omaha-002/581208-omaha-002-150.JPG	 					swxw1/2w	292	308	19	29.33	61	56	56	53		bc	cir cum	6				
1873-01-13	6	-47.34	-64.12	241.88		10.4		https://s3.amazonaws.com/NARAprodstorage/lz/dc-metro/rg-024/581208/2020-03/581208-omaha-002/581208-omaha-002-150.JPG	https://s3.amazonaws.com/NARAprodstorage/lz/dc-metro/rg-024/581208/2020-03/581208-omaha-002/581208-omaha-002-150.JPG	 					swxw1/2w	292	308	19	29.3	61	57	57	56		bc	cir cum	6				
1873-01-13	7	-47.42	-64.37	241.88		11.4		https://s3.amazonaws.com/NARAprodstorage/lz/dc-metro/rg-024/581208/2020-03/581208-omaha-002/581208-omaha-002-150.JPG	https://s3.amazonaws.com/NARAprodstorage/lz/dc-metro/rg-024/581208/2020-03/581208-omaha-002/581208-omaha-002-150.JPG	 					swxw1/2w	292	308	24	29.25	61	57	57	56		bc	cir str	5				
1873-01-13	8	-47.49	-64.51	241.88		7		https://s3.amazonaws.com/NARAprodstorage/lz/dc-metro/rg-024/581208/2020-03/581208-omaha-002/581208-omaha-002-150.JPG	https://s3.amazonaws.com/NARAprodstorage/lz/dc-metro/rg-024/581208/2020-03/581208-omaha-002/581208-omaha-002-150.JPG	 					swxw1/2w	292	308	24	29.22	61	59	59	56		bc	cir str	5				
1873-01-13	9	-47.57	-64.67	241.88		7.6		https://s3.amazonaws.com/NARAprodstorage/lz/dc-metro/rg-024/581208/2020-03/581208-omaha-002/581208-omaha-002-150.JPG	https://s3.amazonaws.com/NARAprodstorage/lz/dc-metro/rg-024/581208/2020-03/581208-omaha-002/581208-omaha-002-150.JPG	 					swxw1/2w	292	308	24	29.2	61	60	58	56		bc	cir str	5				
1873-01-13	10	-47.64	-64.84	241.88		8.2		https://s3.amazonaws.com/NARAprodstorage/lz/dc-metro/rg-024/581208/2020-03/581208-omaha-002/581208-omaha-002-150.JPG	https://s3.amazonaws.com/NARAprodstorage/lz/dc-metro/rg-024/581208/2020-03/581208-omaha-002/581208-omaha-002-150.JPG	 					swxw1/2w	292	308	30	29.19	61	60	58	56		bc	cir str	5				
1873-01-13	11	-47.8	-64.88	185.62		7.4		https://s3.amazonaws.com/NARAprodstorage/lz/dc-metro/rg-024/581208/2020-03/581208-omaha-002/581208-omaha-002-150.JPG	https://s3.amazonaws.com/NARAprodstorage/lz/dc-metro/rg-024/581208/2020-03/581208-omaha-002/581208-omaha-002-150.JPG	 					s1/2w	270	285	21	29.3	62	60	59	55		bc	cir cum	4				
1873-01-13	12	-47.9	-64.82	135		3.4		https://s3.amazonaws.com/NARAprodstorage/lz/dc-metro/rg-024/581208/2020-03/581208-omaha-002/581208-omaha-002-150.JPG	https://s3.amazonaws.com/NARAprodstorage/lz/dc-metro/rg-024/581208/2020-03/581208-omaha-002/581208-omaha-002-150.JPG	 			47 54S	64 49W	se	214	229	8	29.34	63	58	57	55		bc	cir cum	4				
1873-01-13	13	-47.94	-64.8	163.12		2.4		https://s3.amazonaws.com/NARAprodstorage/lz/dc-metro/rg-024/581208/2020-03/581208-omaha-002/581208-omaha-002-150.JPG	https://s3.amazonaws.com/NARAprodstorage/lz/dc-metro/rg-024/581208/2020-03/581208-omaha-002/581208-omaha-002-150.JPG	 					sxe1/2e	236	251	5	29.36	63	57	58	55		bc	cum nim	2				
1873-01-13	14	-47.99	-64.81	180		3		https://s3.amazonaws.com/NARAprodstorage/lz/dc-metro/rg-024/581208/2020-03/581208-omaha-002/581208-omaha-002-150.JPG	https://s3.amazonaws.com/NARAprodstorage/lz/dc-metro/rg-024/581208/2020-03/581208-omaha-002/581208-omaha-002-150.JPG	 					s	270	285	5	29.37	63	58	59	54		bc	cum nim	3				
1873-01-13	15	-48.03	-64.84	196.88		3.4		https://s3.amazonaws.com/NARAprodstorage/lz/dc-metro/rg-024/581208/2020-03/581208-omaha-002/581208-omaha-002-150.JPG	https://s3.amazonaws.com/NARAprodstorage/lz/dc-metro/rg-024/581208/2020-03/581208-omaha-002/581208-omaha-002-150.JPG	 					sxw1/2w	315	330	5	29.36	63	60	60	52		bc	cum nim	5				
1873-01-13	16	-48.07	-64.85	196.88		2.4		https://s3.amazonaws.com/NARAprodstorage/lz/dc-metro/rg-024/581208/2020-03/581208-omaha-002/581208-omaha-002-150.JPG	https://s3.amazonaws.com/NARAprodstorage/lz/dc-metro/rg-024/581208/2020-03/581208-omaha-002/581208-omaha-002-150.JPG	 					sxw1/2w	45	60	2	29.37	63	60	60	52		bc	cum nim	3				
1873-01-13	17	-48.09	-64.87	196.88		2		https://s3.amazonaws.com/NARAprodstorage/lz/dc-metro/rg-024/581208/2020-03/581208-omaha-002/581208-omaha-002-150.JPG	https://s3.amazonaws.com/NARAprodstorage/lz/dc-metro/rg-024/581208/2020-03/581208-omaha-002/581208-omaha-002-150.JPG	 					sxw1/2w	45	60	2	29.4	63	60	59	53		bc	cum nim	3				
1873-01-13	18	-48.12	-64.88	196.88		2.4		https://s3.amazonaws.com/NARAprodstorage/lz/dc-metro/rg-024/581208/2020-03/581208-omaha-002/581208-omaha-002-150.JPG	https://s3.amazonaws.com/NARAprodstorage/lz/dc-metro/rg-024/581208/2020-03/581208-omaha-002/581208-omaha-002-150.JPG	 					sxw1/2w	315	330	5	29.43	63	60	59	54		bc	cum str	4				
1873-01-13	19	-48.16	-64.9	193		2.6		https://s3.amazonaws.com/NARAprodstorage/lz/dc-metro/rg-024/581208/2020-03/581208-omaha-002/581208-omaha-002-150.JPG	https://s3.amazonaws.com/NARAprodstorage/lz/dc-metro/rg-024/581208/2020-03/581208-omaha-002/581208-omaha-002-150.JPG	 					sxw1/2w | sxw	888	888	2	29.47	63	59	59	54		bc	cum str	4				
1873-01-13	20	-48.19	-64.91	191.25		2.2		https://s3.amazonaws.com/NARAprodstorage/lz/dc-metro/rg-024/581208/2020-03/581208-omaha-002/581208-omaha-002-150.JPG	https://s3.amazonaws.com/NARAprodstorage/lz/dc-metro/rg-024/581208/2020-03/581208-omaha-002/581208-omaha-002-150.JPG	 					sxw	888	888	2	29.48	63	59	58	54		bc	cum str	8				
1873-01-13	21	-48.22	-64.91	180		2		https://s3.amazonaws.com/NARAprodstorage/lz/dc-metro/rg-024/581208/2020-03/581208-omaha-002/581208-omaha-002-150.JPG	https://s3.amazonaws.com/NARAprodstorage/lz/dc-metro/rg-024/581208/2020-03/581208-omaha-002/581208-omaha-002-150.JPG	 					s	888	888	2	29.51	63	57	57	54		bc	cum str	8				
1873-01-13	22	-48.27	-64.89	165.94		3		https://s3.amazonaws.com/NARAprodstorage/lz/dc-metro/rg-024/581208/2020-03/581208-omaha-002/581208-omaha-002-150.JPG	https://s3.amazonaws.com/NARAprodstorage/lz/dc-metro/rg-024/581208/2020-03/581208-omaha-002/581208-omaha-002-150.JPG	 					sxe1/4e	236	251	5	29.57	63	57	57	54		bc	cum str	8				
1873-01-13	23	-48.38	-64.9	171.56		6.4		https://s3.amazonaws.com/NARAprodstorage/lz/dc-metro/rg-024/581208/2020-03/581208-omaha-002/581208-omaha-002-150.JPG	https://s3.amazonaws.com/NARAprodstorage/lz/dc-metro/rg-024/581208/2020-03/581208-omaha-002/581208-omaha-002-150.JPG	 					s3/4e	248	262	13	29.57	63	57	57	54		bc	cum str	8				
1873-01-13	24	-48.48	-64.89	165.94		6.2		https://s3.amazonaws.com/NARAprodstorage/lz/dc-metro/rg-024/581208/2020-03/581208-omaha-002/581208-omaha-002-150.JPG	https://s3.amazonaws.com/NARAprodstorage/lz/dc-metro/rg-024/581208/2020-03/581208-omaha-002/581208-omaha-002-150.JPG	 					sxe1/4e	236	251	13	29.57	63	55	55	54		bc	cum str	8				
1873-01-14	1	-48.51	-64.87	151.88		2		https://s3.amazonaws.com/NARAprodstorage/lz/dc-metro/rg-024/581208/2020-03/581208-omaha-002/581208-omaha-002-151.JPG	https://s3.amazonaws.com/NARAprodstorage/lz/dc-metro/rg-024/581208/2020-03/581208-omaha-002/581208-omaha-002-151.JPG	 					sexs1/2s	236	251	30	29.6	60	54	54	54		bc	nim cum	4				
1873-01-14	2	-48.54	-64.84	157.5		2		https://s3.amazonaws.com/NARAprodstorage/lz/dc-metro/rg-024/581208/2020-03/581208-omaha-002/581208-omaha-002-151.JPG	https://s3.amazonaws.com/NARAprodstorage/lz/dc-metro/rg-024/581208/2020-03/581208-omaha-002/581208-omaha-002-151.JPG	 					sse	248	262	24	29.6	60	54	54	54		bc	nim cum	4				
1873-01-14	3	-48.59	-64.8	140.62		3.4		https://s3.amazonaws.com/NARAprodstorage/lz/dc-metro/rg-024/581208/2020-03/581208-omaha-002/581208-omaha-002-151.JPG	https://s3.amazonaws.com/NARAprodstorage/lz/dc-metro/rg-024/581208/2020-03/581208-omaha-002/581208-omaha-002-151.JPG	 					se1/2s	225	240	19	29.67	60	54	54	54		bc	str	8				
1873-01-14	4	-48.67	-64.74	146.25		5		https://s3.amazonaws.com/NARAprodstorage/lz/dc-metro/rg-024/581208/2020-03/581208-omaha-002/581208-omaha-002-151.JPG	https://s3.amazonaws.com/NARAprodstorage/lz/dc-metro/rg-024/581208/2020-03/581208-omaha-002/581208-omaha-002-151.JPG	 					sexs	236	251	19	29.69	60	54	54	54		bc	str	9				
1873-01-14	5	-48.75	-64.7	151.88		5		https://s3.amazonaws.com/NARAprodstorage/lz/dc-metro/rg-024/581208/2020-03/581208-omaha-002/581208-omaha-002-151.JPG	https://s3.amazonaws.com/NARAprodstorage/lz/dc-metro/rg-024/581208/2020-03/581208-omaha-002/581208-omaha-002-151.JPG	 					sse1/2e	236	251	24	29.75	60	53	52	52		b	none	10				
1873-01-14	6	-48.84	-64.66	151.88		5		https://s3.amazonaws.com/NARAprodstorage/lz/dc-metro/rg-024/581208/2020-03/581208-omaha-002/581208-omaha-002-151.JPG	https://s3.amazonaws.com/NARAprodstorage/lz/dc-metro/rg-024/581208/2020-03/581208-omaha-002/581208-omaha-002-151.JPG	 					sse1/2e	242	257	27	29.76	60	51	51	52		b	none	10				
1873-01-14	7	-48.92	-64.62	151.88		5		https://s3.amazonaws.com/NARAprodstorage/lz/dc-metro/rg-024/581208/2020-03/581208-omaha-002/581208-omaha-002-151.JPG	https://s3.amazonaws.com/NARAprodstorage/lz/dc-metro/rg-024/581208/2020-03/581208-omaha-002/581208-omaha-002-151.JPG	 					sse1/2e	242	257	27	29.77	60	52	53	52		b	none	10				
1873-01-14	8	-49	-64.58	151.88		5		https://s3.amazonaws.com/NARAprodstorage/lz/dc-metro/rg-024/581208/2020-03/581208-omaha-002/581208-omaha-002-151.JPG	https://s3.amazonaws.com/NARAprodstorage/lz/dc-metro/rg-024/581208/2020-03/581208-omaha-002/581208-omaha-002-151.JPG	 					sse1/2e	242	257	27	29.8	60	53	53	52		b	none	10				
1873-01-14	9	-49.06	-64.59	180		4		https://s3.amazonaws.com/NARAprodstorage/lz/dc-metro/rg-024/581208/2020-03/581208-omaha-002/581208-omaha-002-151.JPG	https://s3.amazonaws.com/NARAprodstorage/lz/dc-metro/rg-024/581208/2020-03/581208-omaha-002/581208-omaha-002-151.JPG	 					s	248	262	24	29.81	60	53	53	52		b	none	10				
1873-01-14	10	-49.12	-64.6	180		3.6		https://s3.amazonaws.com/NARAprodstorage/lz/dc-metro/rg-024/581208/2020-03/581208-omaha-002/581208-omaha-002-151.JPG	https://s3.amazonaws.com/NARAprodstorage/lz/dc-metro/rg-024/581208/2020-03/581208-omaha-002/581208-omaha-002-151.JPG	 					s	248	262	24	29.84	60	53	53	52		b	none	10				
1873-01-14	11	-49.17	-64.61	182.81		3.4		https://s3.amazonaws.com/NARAprodstorage/lz/dc-metro/rg-024/581208/2020-03/581208-omaha-002/581208-omaha-002-151.JPG	https://s3.amazonaws.com/NARAprodstorage/lz/dc-metro/rg-024/581208/2020-03/581208-omaha-002/581208-omaha-002-151.JPG	 					s1/4w	259	274	19	29.87	60	54	53	52		b	none	10				
1873-01-14	12	-49.23	-64.63	182.81		4.2		https://s3.amazonaws.com/NARAprodstorage/lz/dc-metro/rg-024/581208/2020-03/581208-omaha-002/581208-omaha-002-151.JPG	https://s3.amazonaws.com/NARAprodstorage/lz/dc-metro/rg-024/581208/2020-03/581208-omaha-002/581208-omaha-002-151.JPG	 			49 14S	64 38W	s1/4w	259	274	19	29.87	60	54	54	52		bc	cir cum	9				
1873-01-14	13	-49.28	-64.67	208.12		3.6		https://s3.amazonaws.com/NARAprodstorage/lz/dc-metro/rg-024/581208/2020-03/581208-omaha-002/581208-omaha-002-151.JPG	https://s3.amazonaws.com/NARAprodstorage/lz/dc-metro/rg-024/581208/2020-03/581208-omaha-002/581208-omaha-002-151.JPG	 					ssw1/2w	281	296	8	29.89	61	56	55	52		bc	str cir cum	9				
1873-01-14	14	-49.32	-64.72	213.75		4.4		https://s3.amazonaws.com/NARAprodstorage/lz/dc-metro/rg-024/581208/2020-03/581208-omaha-002/581208-omaha-002-151.JPG	https://s3.amazonaws.com/NARAprodstorage/lz/dc-metro/rg-024/581208/2020-03/581208-omaha-002/581208-omaha-002-151.JPG	 					swxs	292	308	8	29.9	61	56	55	52		bc	str cir cum	9				
1873-01-14	15	-49.37	-64.77	213.75		4.4		https://s3.amazonaws.com/NARAprodstorage/lz/dc-metro/rg-024/581208/2020-03/581208-omaha-002/581208-omaha-002-151.JPG	https://s3.amazonaws.com/NARAprodstorage/lz/dc-metro/rg-024/581208/2020-03/581208-omaha-002/581208-omaha-002-151.JPG	 					swxs	304	319	8	29.9	61	57	58	53		bc	str cir cum	9				
1873-01-14	16	-49.43	-64.87	213.75		6.6		https://s3.amazonaws.com/NARAprodstorage/lz/dc-metro/rg-024/581208/2020-03/581208-omaha-002/581208-omaha-002-151.JPG	https://s3.amazonaws.com/NARAprodstorage/lz/dc-metro/rg-024/581208/2020-03/581208-omaha-002/581208-omaha-002-151.JPG	 					swxs	304	319	13	29.89	62	58	58	55		bc	str cir cum	8				
1873-01-14	17	-49.51	-64.99	213.75		7.6		https://s3.amazonaws.com/NARAprodstorage/lz/dc-metro/rg-024/581208/2020-03/581208-omaha-002/581208-omaha-002-151.JPG	https://s3.amazonaws.com/NARAprodstorage/lz/dc-metro/rg-024/581208/2020-03/581208-omaha-002/581208-omaha-002-151.JPG	 					swxs	304	322	13	29.86	61	57	57	51		bc	str cir cum	8				
1873-01-14	18	-49.59	-65.11	213.75		7.6		https://s3.amazonaws.com/NARAprodstorage/lz/dc-metro/rg-024/581208/2020-03/581208-omaha-002/581208-omaha-002-151.JPG	https://s3.amazonaws.com/NARAprodstorage/lz/dc-metro/rg-024/581208/2020-03/581208-omaha-002/581208-omaha-002-151.JPG	 					swxs	304	322	13	29.85	62	56	55	51		bc	cir cum	8				
1873-01-14	19	-49.67	-65.23	213.75		7.4		https://s3.amazonaws.com/NARAprodstorage/lz/dc-metro/rg-024/581208/2020-03/581208-omaha-002/581208-omaha-002-151.JPG	https://s3.amazonaws.com/NARAprodstorage/lz/dc-metro/rg-024/581208/2020-03/581208-omaha-002/581208-omaha-002-151.JPG	 					swxs	304	322	13	29.83	62	56	55	51		bc	cir cum	8				
1873-01-14	20	-49.74	-65.34	213.75		7.4		https://s3.amazonaws.com/NARAprodstorage/lz/dc-metro/rg-024/581208/2020-03/581208-omaha-002/581208-omaha-002-151.JPG	https://s3.amazonaws.com/NARAprodstorage/lz/dc-metro/rg-024/581208/2020-03/581208-omaha-002/581208-omaha-002-151.JPG	 					swxs	304	322	13	29.83	62	56	55	51		bc	cir cum	9				
1873-01-14	21	-49.83	-65.49	213.75		9		https://s3.amazonaws.com/NARAprodstorage/lz/dc-metro/rg-024/581208/2020-03/581208-omaha-002/581208-omaha-002-151.JPG	https://s3.amazonaws.com/NARAprodstorage/lz/dc-metro/rg-024/581208/2020-03/581208-omaha-002/581208-omaha-002-151.JPG	 					swxs	304	322	13	29.85	61	55	53	51		bc	str	8				
1873-01-14	22	-49.92	-65.62	213.75		8		https://s3.amazonaws.com/NARAprodstorage/lz/dc-metro/rg-024/581208/2020-03/581208-omaha-002/581208-omaha-002-151.JPG	https://s3.amazonaws.com/NARAprodstorage/lz/dc-metro/rg-024/581208/2020-03/581208-omaha-002/581208-omaha-002-151.JPG	 					swxs	315	333	13	29.8	61	55	53	51		bcm	str	6				
1873-01-14	23	-50.01	-65.77	213.75		9.4		https://s3.amazonaws.com/NARAprodstorage/lz/dc-metro/rg-024/581208/2020-03/581208-omaha-002/581208-omaha-002-151.JPG	https://s3.amazonaws.com/NARAprodstorage/lz/dc-metro/rg-024/581208/2020-03/581208-omaha-002/581208-omaha-002-151.JPG	 					swxs	315	333	19	29.79	61	55	53	51		bcm	str	6				
1873-01-14	24	-50.11	-65.93	213.75		9.4		https://s3.amazonaws.com/NARAprodstorage/lz/dc-metro/rg-024/581208/2020-03/581208-omaha-002/581208-omaha-002-151.JPG	https://s3.amazonaws.com/NARAprodstorage/lz/dc-metro/rg-024/581208/2020-03/581208-omaha-002/581208-omaha-002-151.JPG	 					swxs	315	333	19	29.76	61	55	53	51		bcm	str	6				
1873-01-15	1	-50.23	-66.08	208.12		10		https://s3.amazonaws.com/NARAprodstorage/lz/dc-metro/rg-024/581208/2020-03/581208-omaha-002/581208-omaha-002-152.JPG	https://s3.amazonaws.com/NARAprodstorage/lz/dc-metro/rg-024/581208/2020-03/581208-omaha-002/581208-omaha-002-152.JPG	 					ssw1/2w	326	344	19	29.73	60	55	55	51		bc	str	5				
1873-01-15	2	-50.34	-66.24	208.12		10		https://s3.amazonaws.com/NARAprodstorage/lz/dc-metro/rg-024/581208/2020-03/581208-omaha-002/581208-omaha-002-152.JPG	https://s3.amazonaws.com/NARAprodstorage/lz/dc-metro/rg-024/581208/2020-03/581208-omaha-002/581208-omaha-002-152.JPG	 					ssw1/2w	338	356	19	29.68	59	54	54	51		bc	str	5				
1873-01-15	3	-50.45	-66.38	208.12		9.6		https://s3.amazonaws.com/NARAprodstorage/lz/dc-metro/rg-024/581208/2020-03/581208-omaha-002/581208-omaha-002-152.JPG	https://s3.amazonaws.com/NARAprodstorage/lz/dc-metro/rg-024/581208/2020-03/581208-omaha-002/581208-omaha-002-152.JPG	 					ssw1/2w	315	333	13	29.63	59	54	53	51		bc	str	5				
1873-01-15	4	-50.57	-66.54	208.12		10		https://s3.amazonaws.com/NARAprodstorage/lz/dc-metro/rg-024/581208/2020-03/581208-omaha-002/581208-omaha-002-152.JPG	https://s3.amazonaws.com/NARAprodstorage/lz/dc-metro/rg-024/581208/2020-03/581208-omaha-002/581208-omaha-002-152.JPG	 					ssw1/2w	315	333	19	29.59	59	54	53	51		bc	cum str	3				
1873-01-15	5	-50.69	-66.7	208.12		10.4		https://s3.amazonaws.com/NARAprodstorage/lz/dc-metro/rg-024/581208/2020-03/581208-omaha-002/581208-omaha-002-152.JPG	https://s3.amazonaws.com/NARAprodstorage/lz/dc-metro/rg-024/581208/2020-03/581208-omaha-002/581208-omaha-002-152.JPG	 					ssw1/2w	315	333	19	29.5	59	54	54	51		bc	cir cum	4				
1873-01-15	6	-50.81	-66.86	208.12		10.4		https://s3.amazonaws.com/NARAprodstorage/lz/dc-metro/rg-024/581208/2020-03/581208-omaha-002/581208-omaha-002-152.JPG	https://s3.amazonaws.com/NARAprodstorage/lz/dc-metro/rg-024/581208/2020-03/581208-omaha-002/581208-omaha-002-152.JPG	 					ssw1/2w	315	333	19	29.47	59	54	54	52		oc	cum nimb	0				
1873-01-15	7	-50.91	-66.97	202.5		8.4		https://s3.amazonaws.com/NARAprodstorage/lz/dc-metro/rg-024/581208/2020-03/581208-omaha-002/581208-omaha-002-152.JPG	https://s3.amazonaws.com/NARAprodstorage/lz/dc-metro/rg-024/581208/2020-03/581208-omaha-002/581208-omaha-002-152.JPG	 					ssw	315	333	13	29.42	59	54	54	52		oc	cum nimb	0				
1873-01-15	8	-51.01	-67.07	202.5		8		https://s3.amazonaws.com/NARAprodstorage/lz/dc-metro/rg-024/581208/2020-03/581208-omaha-002/581208-omaha-002-152.JPG	https://s3.amazonaws.com/NARAprodstorage/lz/dc-metro/rg-024/581208/2020-03/581208-omaha-002/581208-omaha-002-152.JPG	 					ssw	315	333	13	29.35	59	54	54	52		oc	cum nimb	1				
1873-01-15	9	-51.13	-67.14	190		8.1		https://s3.amazonaws.com/NARAprodstorage/lz/dc-metro/rg-024/581208/2020-03/581208-omaha-002/581208-omaha-002-152.JPG	https://s3.amazonaws.com/NARAprodstorage/lz/dc-metro/rg-024/581208/2020-03/581208-omaha-002/581208-omaha-002-152.JPG	 					s1/2w	349	7	13	29.3	59	53	54	51		oc	cum nimb	1				
1873-01-15	10	-51.26	-67.19	185.62		8.2		https://s3.amazonaws.com/NARAprodstorage/lz/dc-metro/rg-024/581208/2020-03/581208-omaha-002/581208-omaha-002-152.JPG	https://s3.amazonaws.com/NARAprodstorage/lz/dc-metro/rg-024/581208/2020-03/581208-omaha-002/581208-omaha-002-152.JPG	 					s1/2w	349	7	13	29.2	59	55	54	51		oc	cir cum cir nim	5				
1873-01-15	11	-51.4	-67.25	185.62		9		https://s3.amazonaws.com/NARAprodstorage/lz/dc-metro/rg-024/581208/2020-03/581208-omaha-002/581208-omaha-002-152.JPG	https://s3.amazonaws.com/NARAprodstorage/lz/dc-metro/rg-024/581208/2020-03/581208-omaha-002/581208-omaha-002-152.JPG	1115: Cpe Fairweather brg SWxW.					s1/2w	349	7	13	29.2	59	57	56	52		oc	str	8				
1873-01-15	12	-51.52	-67.3	185.62		8		https://s3.amazonaws.com/NARAprodstorage/lz/dc-metro/rg-024/581208/2020-03/581208-omaha-002/581208-omaha-002-152.JPG	https://s3.amazonaws.com/NARAprodstorage/lz/dc-metro/rg-024/581208/2020-03/581208-omaha-002/581208-omaha-002-152.JPG	1200: cc SSE. 1225 cc SSE1/2E.			51 31S	67 18W	s1/2w	349	7	8	29.2	59	57	56	52		oc	str	4				
1873-01-15	13	-51.65	-67.4	154		7.6		https://s3.amazonaws.com/NARAprodstorage/lz/dc-metro/rg-024/581208/2020-03/581208-omaha-002/581208-omaha-002-152.JPG	https://s3.amazonaws.com/NARAprodstorage/lz/dc-metro/rg-024/581208/2020-03/581208-omaha-002/581208-omaha-002-152.JPG	 					sse|sse1/2e	349	7	13	29.15	59	56	54	51		oc	cir cum					
1873-01-15	14	-51.76	-67.49	151.88		6		https://s3.amazonaws.com/NARAprodstorage/lz/dc-metro/rg-024/581208/2020-03/581208-omaha-002/581208-omaha-002-152.JPG	https://s3.amazonaws.com/NARAprodstorage/lz/dc-metro/rg-024/581208/2020-03/581208-omaha-002/581208-omaha-002-152.JPG	 					sse1/2e	349	7	13	29.15	59	56	54	51		bc	cir cum					
1873-01-15	15	-51.85	-67.59	151.88		5.4		https://s3.amazonaws.com/NARAprodstorage/lz/dc-metro/rg-024/581208/2020-03/581208-omaha-002/581208-omaha-002-152.JPG	https://s3.amazonaws.com/NARAprodstorage/lz/dc-metro/rg-024/581208/2020-03/581208-omaha-002/581208-omaha-002-152.JPG	1500: Made Cape VIrgins brg SxE.					sse1/2e	315	333	8	29.15	59	56	54	51		bc	cir cum					
1873-01-15	16	-51.93	-67.69	151.88		4.4		https://s3.amazonaws.com/NARAprodstorage/lz/dc-metro/rg-024/581208/2020-03/581208-omaha-002/581208-omaha-002-152.JPG	https://s3.amazonaws.com/NARAprodstorage/lz/dc-metro/rg-024/581208/2020-03/581208-omaha-002/581208-omaha-002-152.JPG	 					sse1/2e	315	333	5	28.98	60	56	54	51		bc	cir cum					
1873-01-15	17	-52.05	-67.8	157.5		6.4		https://s3.amazonaws.com/NARAprodstorage/lz/dc-metro/rg-024/581208/2020-03/581208-omaha-002/581208-omaha-002-152.JPG	https://s3.amazonaws.com/NARAprodstorage/lz/dc-metro/rg-024/581208/2020-03/581208-omaha-002/581208-omaha-002-152.JPG	 					sse	315	333	5	28.98	60	56	54	51		oc	cir cum					
1873-01-15	18	-52.19	-67.93	163.12		8		https://s3.amazonaws.com/NARAprodstorage/lz/dc-metro/rg-024/581208/2020-03/581208-omaha-002/581208-omaha-002-152.JPG	https://s3.amazonaws.com/NARAprodstorage/lz/dc-metro/rg-024/581208/2020-03/581208-omaha-002/581208-omaha-002-152.JPG	1800: cc Sxe1/2e					sxe1/2e	315	333	13	29.15	60	56	54	51		bocqrp	cum nimb					
1873-01-15	19	-52.31	-68.06	163.12		7		https://s3.amazonaws.com/NARAprodstorage/lz/dc-metro/rg-024/581208/2020-03/581208-omaha-002/581208-omaha-002-152.JPG	https://s3.amazonaws.com/NARAprodstorage/lz/dc-metro/rg-024/581208/2020-03/581208-omaha-002/581208-omaha-002-152.JPG	1930: cc WSW.					sxe1/2e	158	176	13	29.18	60	56	54	51		ocqrlu	cum nimb					
1873-01-15	20	-52.39	-68.28	202		5.5		https://s3.amazonaws.com/NARAprodstorage/lz/dc-metro/rg-024/581208/2020-03/581208-omaha-002/581208-omaha-002-152.JPG	https://s3.amazonaws.com/NARAprodstorage/lz/dc-metro/rg-024/581208/2020-03/581208-omaha-002/581208-omaha-002-152.JPG	 					sxe1/2e|wsw	158	176	13	29.2	60	56	54	51		ocqrlu	cum nimb					
1873-01-15	21	-52.41	-68.47	888		5		https://s3.amazonaws.com/NARAprodstorage/lz/dc-metro/rg-024/581208/2020-03/581208-omaha-002/581208-omaha-002-152.JPG	https://s3.amazonaws.com/NARAprodstorage/lz/dc-metro/rg-024/581208/2020-03/581208-omaha-002/581208-omaha-002-152.JPG	2123: Anchored. Brgs: Dungeness Pt ESE1/2E; Cape Virgins  NE1/2N.						236	254	24	29.22	61	53	53	51		ocqr	cum nimb					
1873-01-15	22	-52.38	-68.47	888		2		https://s3.amazonaws.com/NARAprodstorage/lz/dc-metro/rg-024/581208/2020-03/581208-omaha-002/581208-omaha-002-152.JPG	https://s3.amazonaws.com/NARAprodstorage/lz/dc-metro/rg-024/581208/2020-03/581208-omaha-002/581208-omaha-002-152.JPG	 						236	254	27	29.25	60	51	52	51		ocqr	nimb					
1873-01-15	23	-52.38	-68.47			a		https://s3.amazonaws.com/NARAprodstorage/lz/dc-metro/rg-024/581208/2020-03/581208-omaha-002/581208-omaha-002-152.JPG	https://s3.amazonaws.com/NARAprodstorage/lz/dc-metro/rg-024/581208/2020-03/581208-omaha-002/581208-omaha-002-152.JPG	 						236	254	27	29.3	59	50	51	50		bc	cir cum					
1873-01-15	24	-52.38	-68.47			a		https://s3.amazonaws.com/NARAprodstorage/lz/dc-metro/rg-024/581208/2020-03/581208-omaha-002/581208-omaha-002-152.JPG	https://s3.amazonaws.com/NARAprodstorage/lz/dc-metro/rg-024/581208/2020-03/581208-omaha-002/581208-omaha-002-152.JPG	 						248	266	33	29.32	57	50	51	50		bc	cir cum					
1873-01-16	1	-52.38	-68.47			a		https://s3.amazonaws.com/NARAprodstorage/lz/dc-metro/rg-024/581208/2020-03/581208-omaha-002/581208-omaha-002-153.JPG	https://s3.amazonaws.com/NARAprodstorage/lz/dc-metro/rg-024/581208/2020-03/581208-omaha-002/581208-omaha-002-153.JPG	 						270	288	70	29.39	50	48	47	50		ocrs	nimb	0				
1873-01-16	2	-52.38	-68.47			a		https://s3.amazonaws.com/NARAprodstorage/lz/dc-metro/rg-024/581208/2020-03/581208-omaha-002/581208-omaha-002-153.JPG	https://s3.amazonaws.com/NARAprodstorage/lz/dc-metro/rg-024/581208/2020-03/581208-omaha-002/581208-omaha-002-153.JPG	 						270	288	51	29.42	50	47	47	50		ocrs	nimb	0				
1873-01-16	3	-52.38	-68.47			a		https://s3.amazonaws.com/NARAprodstorage/lz/dc-metro/rg-024/581208/2020-03/581208-omaha-002/581208-omaha-002-153.JPG	https://s3.amazonaws.com/NARAprodstorage/lz/dc-metro/rg-024/581208/2020-03/581208-omaha-002/581208-omaha-002-153.JPG	 						248	266	55	29.47	50	46	46	50		ocrs	nimb	4				
1873-01-16	4	-52.38	-68.47			a		https://s3.amazonaws.com/NARAprodstorage/lz/dc-metro/rg-024/581208/2020-03/581208-omaha-002/581208-omaha-002-153.JPG	https://s3.amazonaws.com/NARAprodstorage/lz/dc-metro/rg-024/581208/2020-03/581208-omaha-002/581208-omaha-002-153.JPG	 						248	266	44	29.45	50	47	47	50		oc	cum nimb	6				
1873-01-16	5	-52.38	-68.47			a		https://s3.amazonaws.com/NARAprodstorage/lz/dc-metro/rg-024/581208/2020-03/581208-omaha-002/581208-omaha-002-153.JPG	https://s3.amazonaws.com/NARAprodstorage/lz/dc-metro/rg-024/581208/2020-03/581208-omaha-002/581208-omaha-002-153.JPG	 						236	254	51	29.54	50	46	46	50		oc	cum nimb	6				
1873-01-16	6	-52.38	-68.47			a		https://s3.amazonaws.com/NARAprodstorage/lz/dc-metro/rg-024/581208/2020-03/581208-omaha-002/581208-omaha-002-153.JPG	https://s3.amazonaws.com/NARAprodstorage/lz/dc-metro/rg-024/581208/2020-03/581208-omaha-002/581208-omaha-002-153.JPG	0600: Brgs: Dungeness Pt ESE; Cape VIrgins NExN.						236	254	51	29.55	50	46	46	50		oc	cum nimb	7				
1873-01-16	7	-52.38	-68.47			a		https://s3.amazonaws.com/NARAprodstorage/lz/dc-metro/rg-024/581208/2020-03/581208-omaha-002/581208-omaha-002-153.JPG	https://s3.amazonaws.com/NARAprodstorage/lz/dc-metro/rg-024/581208/2020-03/581208-omaha-002/581208-omaha-002-153.JPG	 						236	254	40	29.55	50	47	47	50		bc	cir cum	7				
1873-01-16	8	-52.38	-68.47			a		https://s3.amazonaws.com/NARAprodstorage/lz/dc-metro/rg-024/581208/2020-03/581208-omaha-002/581208-omaha-002-153.JPG	https://s3.amazonaws.com/NARAprodstorage/lz/dc-metro/rg-024/581208/2020-03/581208-omaha-002/581208-omaha-002-153.JPG	 						236	254	44	29.57	50	47	47	50		bc	cir cum	1				
1873-01-16	9	-52.38	-68.47			a		https://s3.amazonaws.com/NARAprodstorage/lz/dc-metro/rg-024/581208/2020-03/581208-omaha-002/581208-omaha-002-153.JPG	https://s3.amazonaws.com/NARAprodstorage/lz/dc-metro/rg-024/581208/2020-03/581208-omaha-002/581208-omaha-002-153.JPG	 						236	254	37	29.56	50	47	47	50		bc	cir cum	8				
1873-01-16	10	-52.38	-68.47			a		https://s3.amazonaws.com/NARAprodstorage/lz/dc-metro/rg-024/581208/2020-03/581208-omaha-002/581208-omaha-002-153.JPG	https://s3.amazonaws.com/NARAprodstorage/lz/dc-metro/rg-024/581208/2020-03/581208-omaha-002/581208-omaha-002-153.JPG	 						248	266	37	29.56	50	49	49	50		bc	cir cum	8				
1873-01-16	11	-52.38	-68.47			a		https://s3.amazonaws.com/NARAprodstorage/lz/dc-metro/rg-024/581208/2020-03/581208-omaha-002/581208-omaha-002-153.JPG	https://s3.amazonaws.com/NARAprodstorage/lz/dc-metro/rg-024/581208/2020-03/581208-omaha-002/581208-omaha-002-153.JPG	 						248	266	37	29.56	52	50	49	50		bc	cir cum	5				
1873-01-16	12	-52.38	-68.47			a		https://s3.amazonaws.com/NARAprodstorage/lz/dc-metro/rg-024/581208/2020-03/581208-omaha-002/581208-omaha-002-153.JPG	https://s3.amazonaws.com/NARAprodstorage/lz/dc-metro/rg-024/581208/2020-03/581208-omaha-002/581208-omaha-002-153.JPG	"Noon: Dungeness, Chile"						248	266	37	29.57	52	50	49	50		bc	cir cum	5				
1873-01-16	13	-52.38	-68.47			a		https://s3.amazonaws.com/NARAprodstorage/lz/dc-metro/rg-024/581208/2020-03/581208-omaha-002/581208-omaha-002-153.JPG	https://s3.amazonaws.com/NARAprodstorage/lz/dc-metro/rg-024/581208/2020-03/581208-omaha-002/581208-omaha-002-153.JPG	 						236	254	33	29.58	56	50	49	50		bcq	cum str	4				
1873-01-16	14	-52.38	-68.47			a		https://s3.amazonaws.com/NARAprodstorage/lz/dc-metro/rg-024/581208/2020-03/581208-omaha-002/581208-omaha-002-153.JPG	https://s3.amazonaws.com/NARAprodstorage/lz/dc-metro/rg-024/581208/2020-03/581208-omaha-002/581208-omaha-002-153.JPG	 						236	254	40	29.6	57	52	51	50		bcq	cum str	4				
1873-01-16	15	-52.38	-68.47			a		https://s3.amazonaws.com/NARAprodstorage/lz/dc-metro/rg-024/581208/2020-03/581208-omaha-002/581208-omaha-002-153.JPG	https://s3.amazonaws.com/NARAprodstorage/lz/dc-metro/rg-024/581208/2020-03/581208-omaha-002/581208-omaha-002-153.JPG	 						236	254	33	29.63	57	52	51	50		bcq	cum str	4				
1873-01-16	16	-52.38	-68.47			a		https://s3.amazonaws.com/NARAprodstorage/lz/dc-metro/rg-024/581208/2020-03/581208-omaha-002/581208-omaha-002-153.JPG	https://s3.amazonaws.com/NARAprodstorage/lz/dc-metro/rg-024/581208/2020-03/581208-omaha-002/581208-omaha-002-153.JPG	 						236	254	33	29.64	57	53	52	50		bcq	cum str	4				
1873-01-16	17	-52.38	-68.47			a		https://s3.amazonaws.com/NARAprodstorage/lz/dc-metro/rg-024/581208/2020-03/581208-omaha-002/581208-omaha-002-153.JPG	https://s3.amazonaws.com/NARAprodstorage/lz/dc-metro/rg-024/581208/2020-03/581208-omaha-002/581208-omaha-002-153.JPG	 						236	254	33	29.64	58	54	53	50		bcq	cum str	5				
1873-01-16	18	-52.38	-68.47			a		https://s3.amazonaws.com/NARAprodstorage/lz/dc-metro/rg-024/581208/2020-03/581208-omaha-002/581208-omaha-002-153.JPG	https://s3.amazonaws.com/NARAprodstorage/lz/dc-metro/rg-024/581208/2020-03/581208-omaha-002/581208-omaha-002-153.JPG	 						236	254	27	29.65	58	54	53	50		bcq	cum str	5				
1873-01-16	19	-52.38	-68.47			a		https://s3.amazonaws.com/NARAprodstorage/lz/dc-metro/rg-024/581208/2020-03/581208-omaha-002/581208-omaha-002-153.JPG	https://s3.amazonaws.com/NARAprodstorage/lz/dc-metro/rg-024/581208/2020-03/581208-omaha-002/581208-omaha-002-153.JPG	 						225	243	33	29.65	59	52	52	50		bcq	cum str	7				
1873-01-16	20	-52.38	-68.47			a		https://s3.amazonaws.com/NARAprodstorage/lz/dc-metro/rg-024/581208/2020-03/581208-omaha-002/581208-omaha-002-153.JPG	https://s3.amazonaws.com/NARAprodstorage/lz/dc-metro/rg-024/581208/2020-03/581208-omaha-002/581208-omaha-002-153.JPG	 						225	243	33	29.68	59	52	52	50		bcq	cum str	9				
1873-01-16	21	-52.38	-68.47			a		https://s3.amazonaws.com/NARAprodstorage/lz/dc-metro/rg-024/581208/2020-03/581208-omaha-002/581208-omaha-002-153.JPG	https://s3.amazonaws.com/NARAprodstorage/lz/dc-metro/rg-024/581208/2020-03/581208-omaha-002/581208-omaha-002-153.JPG	 						225	243	33	29.75	59	51	51	50		bcq	cum str	9				
1873-01-16	22	-52.38	-68.47			a		https://s3.amazonaws.com/NARAprodstorage/lz/dc-metro/rg-024/581208/2020-03/581208-omaha-002/581208-omaha-002-153.JPG	https://s3.amazonaws.com/NARAprodstorage/lz/dc-metro/rg-024/581208/2020-03/581208-omaha-002/581208-omaha-002-153.JPG	 						225	243	30	29.71	59	51	51	50		bcq	cum str	8				
1873-01-16	23	-52.38	-68.47			a		https://s3.amazonaws.com/NARAprodstorage/lz/dc-metro/rg-024/581208/2020-03/581208-omaha-002/581208-omaha-002-153.JPG	https://s3.amazonaws.com/NARAprodstorage/lz/dc-metro/rg-024/581208/2020-03/581208-omaha-002/581208-omaha-002-153.JPG	 						225	243	30	29.72	59	51	51	50		bc	cir cum	7				
1873-01-16	24	-52.38	-68.47			a		https://s3.amazonaws.com/NARAprodstorage/lz/dc-metro/rg-024/581208/2020-03/581208-omaha-002/581208-omaha-002-153.JPG	https://s3.amazonaws.com/NARAprodstorage/lz/dc-metro/rg-024/581208/2020-03/581208-omaha-002/581208-omaha-002-153.JPG	 						248	266	28	29.74	59	51	51	50		bc	cir cum					
1873-01-17	1	-52.38	-68.47			a		https://s3.amazonaws.com/NARAprodstorage/lz/dc-metro/rg-024/581208/2020-03/581208-omaha-002/581208-omaha-002-154.JPG	https://s3.amazonaws.com/NARAprodstorage/lz/dc-metro/rg-024/581208/2020-03/581208-omaha-002/581208-omaha-002-154.JPG	 						225	243	27	29.72	59	50	50	51		bc	cum nim	8				
1873-01-17	2	-52.38	-68.47			a		https://s3.amazonaws.com/NARAprodstorage/lz/dc-metro/rg-024/581208/2020-03/581208-omaha-002/581208-omaha-002-154.JPG	https://s3.amazonaws.com/NARAprodstorage/lz/dc-metro/rg-024/581208/2020-03/581208-omaha-002/581208-omaha-002-154.JPG	 						225	243	27	29.78	59	50	50	51		bc	cum nim	1				
1873-01-17	3	-52.38	-68.47			a		https://s3.amazonaws.com/NARAprodstorage/lz/dc-metro/rg-024/581208/2020-03/581208-omaha-002/581208-omaha-002-154.JPG	https://s3.amazonaws.com/NARAprodstorage/lz/dc-metro/rg-024/581208/2020-03/581208-omaha-002/581208-omaha-002-154.JPG	 						248	266	27	29.78	59	50	50	51		bc	cum nim	2				
1873-01-17	4	-52.38	-68.47			a		https://s3.amazonaws.com/NARAprodstorage/lz/dc-metro/rg-024/581208/2020-03/581208-omaha-002/581208-omaha-002-154.JPG	https://s3.amazonaws.com/NARAprodstorage/lz/dc-metro/rg-024/581208/2020-03/581208-omaha-002/581208-omaha-002-154.JPG	 						248	266	27	29.8	59	49	49	51		bc	cum nim	4				
1873-01-17	5	-52.38	-68.47			a		https://s3.amazonaws.com/NARAprodstorage/lz/dc-metro/rg-024/581208/2020-03/581208-omaha-002/581208-omaha-002-154.JPG	https://s3.amazonaws.com/NARAprodstorage/lz/dc-metro/rg-024/581208/2020-03/581208-omaha-002/581208-omaha-002-154.JPG	 						248	266	21	29.8	59	49	49	51		bc	cum nim	5				
1873-01-17	6	-52.38	-68.47			a		https://s3.amazonaws.com/NARAprodstorage/lz/dc-metro/rg-024/581208/2020-03/581208-omaha-002/581208-omaha-002-154.JPG	https://s3.amazonaws.com/NARAprodstorage/lz/dc-metro/rg-024/581208/2020-03/581208-omaha-002/581208-omaha-002-154.JPG	0615: Got Underway						248	266	21	29.8	59	49	49	51		bc	cum nim	5				
1873-01-17	7	-52.38	-68.55	888		3		https://s3.amazonaws.com/NARAprodstorage/lz/dc-metro/rg-024/581208/2020-03/581208-omaha-002/581208-omaha-002-154.JPG	https://s3.amazonaws.com/NARAprodstorage/lz/dc-metro/rg-024/581208/2020-03/581208-omaha-002/581208-omaha-002-154.JPG	 					v	248	266	21	29.8	59	49	49	51		bc	cum nim	5				
1873-01-17	8	-52.39	-68.7	888		5.4		https://s3.amazonaws.com/NARAprodstorage/lz/dc-metro/rg-024/581208/2020-03/581208-omaha-002/581208-omaha-002-154.JPG	https://s3.amazonaws.com/NARAprodstorage/lz/dc-metro/rg-024/581208/2020-03/581208-omaha-002/581208-omaha-002-154.JPG	 					v	248	266	21	29.8	57	53	53	50		oc	cum nim	3				
1873-01-17	9	-52.41	-68.9	888		7		https://s3.amazonaws.com/NARAprodstorage/lz/dc-metro/rg-024/581208/2020-03/581208-omaha-002/581208-omaha-002-154.JPG	https://s3.amazonaws.com/NARAprodstorage/lz/dc-metro/rg-024/581208/2020-03/581208-omaha-002/581208-omaha-002-154.JPG	 					v	248	266	21	29.81	57	53	53	50		oc	cum nim	3				
1873-01-17	10	-52.42	-69.08	888		6.4		https://s3.amazonaws.com/NARAprodstorage/lz/dc-metro/rg-024/581208/2020-03/581208-omaha-002/581208-omaha-002-154.JPG	https://s3.amazonaws.com/NARAprodstorage/lz/dc-metro/rg-024/581208/2020-03/581208-omaha-002/581208-omaha-002-154.JPG	 					v	248	266	21	29.81	57	55	54	50		oc	cir cum	4				
1873-01-17	11	-52.44	-69.28	888		7.4		https://s3.amazonaws.com/NARAprodstorage/lz/dc-metro/rg-024/581208/2020-03/581208-omaha-002/581208-omaha-002-154.JPG	https://s3.amazonaws.com/NARAprodstorage/lz/dc-metro/rg-024/581208/2020-03/581208-omaha-002/581208-omaha-002-154.JPG	 					v	225	243	33	29.81	57	54	54	50		bcq	cum nimb	0				
1873-01-17	12	-52.45	-69.48	888		7		https://s3.amazonaws.com/NARAprodstorage/lz/dc-metro/rg-024/581208/2020-03/581208-omaha-002/581208-omaha-002-154.JPG	https://s3.amazonaws.com/NARAprodstorage/lz/dc-metro/rg-024/581208/2020-03/581208-omaha-002/581208-omaha-002-154.JPG	 					v	248	266	33	29.8	57	54	54	50		bcq	cum nimb	1				
1873-01-17	13	-52.52	-69.62	888		6		https://s3.amazonaws.com/NARAprodstorage/lz/dc-metro/rg-024/581208/2020-03/581208-omaha-002/581208-omaha-002-154.JPG	https://s3.amazonaws.com/NARAprodstorage/lz/dc-metro/rg-024/581208/2020-03/581208-omaha-002/581208-omaha-002-154.JPG	 					v	214	232	30	29.82	58	56	55	50		bcq	cum	2				
1873-01-17	14	-52.58	-69.81	888		6.4		https://s3.amazonaws.com/NARAprodstorage/lz/dc-metro/rg-024/581208/2020-03/581208-omaha-002/581208-omaha-002-154.JPG	https://s3.amazonaws.com/NARAprodstorage/lz/dc-metro/rg-024/581208/2020-03/581208-omaha-002/581208-omaha-002-154.JPG	 					v	214	232	33	29.8	58	56	55	50		bcq	cum	2				
1873-01-17	15	-52.6	-69.99	888		6.4		https://s3.amazonaws.com/NARAprodstorage/lz/dc-metro/rg-024/581208/2020-03/581208-omaha-002/581208-omaha-002-154.JPG	https://s3.amazonaws.com/NARAprodstorage/lz/dc-metro/rg-024/581208/2020-03/581208-omaha-002/581208-omaha-002-154.JPG	1550: Anchored. Gregory Bay. Brgs: Gregory Shoulder W; Cape Gregory SxW3/4W.					v	214	232	33	29.8	58	56	55	50		bcq	cum	2				
1873-01-17	16	-52.61	-70.15	888		6		https://s3.amazonaws.com/NARAprodstorage/lz/dc-metro/rg-024/581208/2020-03/581208-omaha-002/581208-omaha-002-154.JPG	https://s3.amazonaws.com/NARAprodstorage/lz/dc-metro/rg-024/581208/2020-03/581208-omaha-002/581208-omaha-002-154.JPG	 						214	232	24	29.81	58	57	56	50		bc	cum	2				
1873-01-17	17	-52.61	-70.15			a		https://s3.amazonaws.com/NARAprodstorage/lz/dc-metro/rg-024/581208/2020-03/581208-omaha-002/581208-omaha-002-154.JPG	https://s3.amazonaws.com/NARAprodstorage/lz/dc-metro/rg-024/581208/2020-03/581208-omaha-002/581208-omaha-002-154.JPG	 						214	232	13	29.82	58	58	56	50		bc	cir cum	3				
1873-01-17	18	-52.61	-70.15			a		https://s3.amazonaws.com/NARAprodstorage/lz/dc-metro/rg-024/581208/2020-03/581208-omaha-002/581208-omaha-002-154.JPG	https://s3.amazonaws.com/NARAprodstorage/lz/dc-metro/rg-024/581208/2020-03/581208-omaha-002/581208-omaha-002-154.JPG	 						214	232	13	29.84	58	57	56	50		bc	cir cum	7				
1873-01-17	19	-52.61	-70.15			a		https://s3.amazonaws.com/NARAprodstorage/lz/dc-metro/rg-024/581208/2020-03/581208-omaha-002/581208-omaha-002-154.JPG	https://s3.amazonaws.com/NARAprodstorage/lz/dc-metro/rg-024/581208/2020-03/581208-omaha-002/581208-omaha-002-154.JPG	 						202	220	13	29.84	58	55	54	50		bc	cir cum	4				
1873-01-17	20	-52.61	-70.15			a		https://s3.amazonaws.com/NARAprodstorage/lz/dc-metro/rg-024/581208/2020-03/581208-omaha-002/581208-omaha-002-154.JPG	https://s3.amazonaws.com/NARAprodstorage/lz/dc-metro/rg-024/581208/2020-03/581208-omaha-002/581208-omaha-002-154.JPG	 						202	220	8	29.82	58	55	54	50		bc	cir cum	4				
1873-01-17	21	-52.61	-70.15			a		https://s3.amazonaws.com/NARAprodstorage/lz/dc-metro/rg-024/581208/2020-03/581208-omaha-002/581208-omaha-002-154.JPG	https://s3.amazonaws.com/NARAprodstorage/lz/dc-metro/rg-024/581208/2020-03/581208-omaha-002/581208-omaha-002-154.JPG	 						292	310	2	29.8	58	56	57	50		bc	cir cum	7				
1873-01-17	22	-52.61	-70.15			a		https://s3.amazonaws.com/NARAprodstorage/lz/dc-metro/rg-024/581208/2020-03/581208-omaha-002/581208-omaha-002-154.JPG	https://s3.amazonaws.com/NARAprodstorage/lz/dc-metro/rg-024/581208/2020-03/581208-omaha-002/581208-omaha-002-154.JPG	 						292	310	2	29.84	58	56	56	50		bc	cir cum	6				
1873-01-17	23	-52.61	-70.15			a		https://s3.amazonaws.com/NARAprodstorage/lz/dc-metro/rg-024/581208/2020-03/581208-omaha-002/581208-omaha-002-154.JPG	https://s3.amazonaws.com/NARAprodstorage/lz/dc-metro/rg-024/581208/2020-03/581208-omaha-002/581208-omaha-002-154.JPG	 						292	310	2	29.85	57	56	56	50		bc	cum	1				
1873-01-17	24	-52.61	-70.15			a		https://s3.amazonaws.com/NARAprodstorage/lz/dc-metro/rg-024/581208/2020-03/581208-omaha-002/581208-omaha-002-154.JPG	https://s3.amazonaws.com/NARAprodstorage/lz/dc-metro/rg-024/581208/2020-03/581208-omaha-002/581208-omaha-002-154.JPG	 						292	310	1	29.84	57	54	54	50		bc	cir cum cum str	2				
1873-01-18	1	-52.61	-70.15			a		https://s3.amazonaws.com/NARAprodstorage/lz/dc-metro/rg-024/581208/2020-03/581208-omaha-002/581208-omaha-002-155.JPG	https://s3.amazonaws.com/NARAprodstorage/lz/dc-metro/rg-024/581208/2020-03/581208-omaha-002/581208-omaha-002-155.JPG	 						0	0	0	29.82	60	56	56	50		bc	cir cum	5				
1873-01-18	2	-52.61	-70.15			a		https://s3.amazonaws.com/NARAprodstorage/lz/dc-metro/rg-024/581208/2020-03/581208-omaha-002/581208-omaha-002-155.JPG	https://s3.amazonaws.com/NARAprodstorage/lz/dc-metro/rg-024/581208/2020-03/581208-omaha-002/581208-omaha-002-155.JPG	 						45	63	1	29.82	60	56	56	50		oc	nimb cir cum	5				
1873-01-18	3	-52.61	-70.15			a		https://s3.amazonaws.com/NARAprodstorage/lz/dc-metro/rg-024/581208/2020-03/581208-omaha-002/581208-omaha-002-155.JPG	https://s3.amazonaws.com/NARAprodstorage/lz/dc-metro/rg-024/581208/2020-03/581208-omaha-002/581208-omaha-002-155.JPG	 						45	63	1	29.77	60	56	56	50		oc	nimb cir cum	5				
1873-01-18	4	-52.61	-70.15			a		https://s3.amazonaws.com/NARAprodstorage/lz/dc-metro/rg-024/581208/2020-03/581208-omaha-002/581208-omaha-002-155.JPG	https://s3.amazonaws.com/NARAprodstorage/lz/dc-metro/rg-024/581208/2020-03/581208-omaha-002/581208-omaha-002-155.JPG	 						0	0	0	29.75	60	56	56	50		oc	nimb cir cum	5				
1873-01-18	5	-52.61	-70.15			a		https://s3.amazonaws.com/NARAprodstorage/lz/dc-metro/rg-024/581208/2020-03/581208-omaha-002/581208-omaha-002-155.JPG	https://s3.amazonaws.com/NARAprodstorage/lz/dc-metro/rg-024/581208/2020-03/581208-omaha-002/581208-omaha-002-155.JPG	 						68	86	2	29.75	58	54	54	54		oc	nimb	5				
1873-01-18	6	-52.61	-70.15			a		https://s3.amazonaws.com/NARAprodstorage/lz/dc-metro/rg-024/581208/2020-03/581208-omaha-002/581208-omaha-002-155.JPG	https://s3.amazonaws.com/NARAprodstorage/lz/dc-metro/rg-024/581208/2020-03/581208-omaha-002/581208-omaha-002-155.JPG	 						68	86	2	29.75	58	54	54	54		oc	nimb	5				
1873-01-18	7	-52.61	-70.15			a		https://s3.amazonaws.com/NARAprodstorage/lz/dc-metro/rg-024/581208/2020-03/581208-omaha-002/581208-omaha-002-155.JPG	https://s3.amazonaws.com/NARAprodstorage/lz/dc-metro/rg-024/581208/2020-03/581208-omaha-002/581208-omaha-002-155.JPG	 						68	86	2	29.75	58	54	54	54		oc	nimb	5				
1873-01-18	8	-52.61	-70.15			a		https://s3.amazonaws.com/NARAprodstorage/lz/dc-metro/rg-024/581208/2020-03/581208-omaha-002/581208-omaha-002-155.JPG	https://s3.amazonaws.com/NARAprodstorage/lz/dc-metro/rg-024/581208/2020-03/581208-omaha-002/581208-omaha-002-155.JPG	 						90	108	2	29.71	59	55	55	54		oc	nimb	5				
1873-01-18	9	-52.61	-70.15			a		https://s3.amazonaws.com/NARAprodstorage/lz/dc-metro/rg-024/581208/2020-03/581208-omaha-002/581208-omaha-002-155.JPG	https://s3.amazonaws.com/NARAprodstorage/lz/dc-metro/rg-024/581208/2020-03/581208-omaha-002/581208-omaha-002-155.JPG	0900: Got Underway						112	130	2	29.7	59	54	54	52		oc	nimb	5				
1873-01-18	10	-52.69	-70.32	888		7.6		https://s3.amazonaws.com/NARAprodstorage/lz/dc-metro/rg-024/581208/2020-03/581208-omaha-002/581208-omaha-002-155.JPG	https://s3.amazonaws.com/NARAprodstorage/lz/dc-metro/rg-024/581208/2020-03/581208-omaha-002/581208-omaha-002-155.JPG	 					v	112	130	2	29.69	59	53	53	50		oc	cum nim	1				
1873-01-18	11	-52.76	-70.48	888		7.4		https://s3.amazonaws.com/NARAprodstorage/lz/dc-metro/rg-024/581208/2020-03/581208-omaha-002/581208-omaha-002-155.JPG	https://s3.amazonaws.com/NARAprodstorage/lz/dc-metro/rg-024/581208/2020-03/581208-omaha-002/581208-omaha-002-155.JPG	 					v	158	176	2	29.66	58	53	53	50		bc	cum nim	1				
1873-01-18	12	-52.89	-70.6	888		8.2		https://s3.amazonaws.com/NARAprodstorage/lz/dc-metro/rg-024/581208/2020-03/581208-omaha-002/581208-omaha-002-155.JPG	https://s3.amazonaws.com/NARAprodstorage/lz/dc-metro/rg-024/581208/2020-03/581208-omaha-002/581208-omaha-002-155.JPG	 					v	158	176	2	29.63	57	53	53	48		bc	cir cum	1				
1873-01-18	13	-53.03	-70.72	888		8.6		https://s3.amazonaws.com/NARAprodstorage/lz/dc-metro/rg-024/581208/2020-03/581208-omaha-002/581208-omaha-002-155.JPG	https://s3.amazonaws.com/NARAprodstorage/lz/dc-metro/rg-024/581208/2020-03/581208-omaha-002/581208-omaha-002-155.JPG	 					v	158	178	2	29.6	57	52	53	48		bc	cir cum	1				
1873-01-18	14	-53.14	-70.87	888		8.6		https://s3.amazonaws.com/NARAprodstorage/lz/dc-metro/rg-024/581208/2020-03/581208-omaha-002/581208-omaha-002-155.JPG	https://s3.amazonaws.com/NARAprodstorage/lz/dc-metro/rg-024/581208/2020-03/581208-omaha-002/581208-omaha-002-155.JPG	1416: Anchored. Sandy Point Anchorage.					v	888	888	2	29.59	57	52	54	48		oc	cir cum	0				
1873-01-18	15	-53.17	-70.9	888		2		https://s3.amazonaws.com/NARAprodstorage/lz/dc-metro/rg-024/581208/2020-03/581208-omaha-002/581208-omaha-002-155.JPG	https://s3.amazonaws.com/NARAprodstorage/lz/dc-metro/rg-024/581208/2020-03/581208-omaha-002/581208-omaha-002-155.JPG	 						360	21	2	29.59	57	53	54	48		oc	cir cum	0				
1873-01-18	16	-53.17	-70.9			a		https://s3.amazonaws.com/NARAprodstorage/lz/dc-metro/rg-024/581208/2020-03/581208-omaha-002/581208-omaha-002-155.JPG	https://s3.amazonaws.com/NARAprodstorage/lz/dc-metro/rg-024/581208/2020-03/581208-omaha-002/581208-omaha-002-155.JPG	 						360	21	2	29.59	57	53	54	48		ocd	cum nimb	0				
1873-01-18	17	-53.17	-70.9			a		https://s3.amazonaws.com/NARAprodstorage/lz/dc-metro/rg-024/581208/2020-03/581208-omaha-002/581208-omaha-002-155.JPG	https://s3.amazonaws.com/NARAprodstorage/lz/dc-metro/rg-024/581208/2020-03/581208-omaha-002/581208-omaha-002-155.JPG	 						45	66	2	29.58	57	54	54	49		oc	cum nimb	0				
1873-01-18	18	-53.17	-70.9			a		https://s3.amazonaws.com/NARAprodstorage/lz/dc-metro/rg-024/581208/2020-03/581208-omaha-002/581208-omaha-002-155.JPG	https://s3.amazonaws.com/NARAprodstorage/lz/dc-metro/rg-024/581208/2020-03/581208-omaha-002/581208-omaha-002-155.JPG	 						45	66	2	29.56	57	54	54	49		oc	cum nimb	1				
1873-01-18	19	-53.17	-70.9			a		https://s3.amazonaws.com/NARAprodstorage/lz/dc-metro/rg-024/581208/2020-03/581208-omaha-002/581208-omaha-002-155.JPG	https://s3.amazonaws.com/NARAprodstorage/lz/dc-metro/rg-024/581208/2020-03/581208-omaha-002/581208-omaha-002-155.JPG	 						360	21	2	29.55	57	54	54	50		oc	cir cum nimb	0				
1873-01-18	20	-53.17	-70.9			a		https://s3.amazonaws.com/NARAprodstorage/lz/dc-metro/rg-024/581208/2020-03/581208-omaha-002/581208-omaha-002-155.JPG	https://s3.amazonaws.com/NARAprodstorage/lz/dc-metro/rg-024/581208/2020-03/581208-omaha-002/581208-omaha-002-155.JPG	 						360	21	3	29.54	57	54	54	50		oc	cum nimb	0				
1873-01-18	21	-53.17	-70.9			a		https://s3.amazonaws.com/NARAprodstorage/lz/dc-metro/rg-024/581208/2020-03/581208-omaha-002/581208-omaha-002-155.JPG	https://s3.amazonaws.com/NARAprodstorage/lz/dc-metro/rg-024/581208/2020-03/581208-omaha-002/581208-omaha-002-155.JPG	 						0	0	0	29.5	60	60	54	50		oc	cum nimb	0				
1873-01-18	22	-53.17	-70.9			a		https://s3.amazonaws.com/NARAprodstorage/lz/dc-metro/rg-024/581208/2020-03/581208-omaha-002/581208-omaha-002-155.JPG	https://s3.amazonaws.com/NARAprodstorage/lz/dc-metro/rg-024/581208/2020-03/581208-omaha-002/581208-omaha-002-155.JPG	 						0	0	0	29.52	60	60	56	56		oc	nim	0				
1873-01-18	23	-53.17	-70.9			a		https://s3.amazonaws.com/NARAprodstorage/lz/dc-metro/rg-024/581208/2020-03/581208-omaha-002/581208-omaha-002-155.JPG	https://s3.amazonaws.com/NARAprodstorage/lz/dc-metro/rg-024/581208/2020-03/581208-omaha-002/581208-omaha-002-155.JPG	 						338	358	1	29.51	61	60	56	56		bc	nim	3				
1873-01-18	24	-53.17	-70.9			a		https://s3.amazonaws.com/NARAprodstorage/lz/dc-metro/rg-024/581208/2020-03/581208-omaha-002/581208-omaha-002-155.JPG	https://s3.amazonaws.com/NARAprodstorage/lz/dc-metro/rg-024/581208/2020-03/581208-omaha-002/581208-omaha-002-155.JPG	 						338	358	1	29.52	61	60	56	56		bc	cum	4				
1873-01-19	1	-53.17	-70.9			a		https://s3.amazonaws.com/NARAprodstorage/lz/dc-metro/rg-024/581208/2020-03/581208-omaha-002/581208-omaha-002-156.JPG	https://s3.amazonaws.com/NARAprodstorage/lz/dc-metro/rg-024/581208/2020-03/581208-omaha-002/581208-omaha-002-156.JPG	 						0	0	0	29.54	58	56	56	56		bc	cum	1				
1873-01-19	2	-53.17	-70.9			a		https://s3.amazonaws.com/NARAprodstorage/lz/dc-metro/rg-024/581208/2020-03/581208-omaha-002/581208-omaha-002-156.JPG	https://s3.amazonaws.com/NARAprodstorage/lz/dc-metro/rg-024/581208/2020-03/581208-omaha-002/581208-omaha-002-156.JPG	 						0	0	0	29.54	58	56	56	56		bc	cum	1				
1873-01-19	3	-53.17	-70.9			a		https://s3.amazonaws.com/NARAprodstorage/lz/dc-metro/rg-024/581208/2020-03/581208-omaha-002/581208-omaha-002-156.JPG	https://s3.amazonaws.com/NARAprodstorage/lz/dc-metro/rg-024/581208/2020-03/581208-omaha-002/581208-omaha-002-156.JPG	 						292	314	2	29.54	58	56	56	56		oc	nimb cum	0				
1873-01-19	4	-53.17	-70.9			a		https://s3.amazonaws.com/NARAprodstorage/lz/dc-metro/rg-024/581208/2020-03/581208-omaha-002/581208-omaha-002-156.JPG	https://s3.amazonaws.com/NARAprodstorage/lz/dc-metro/rg-024/581208/2020-03/581208-omaha-002/581208-omaha-002-156.JPG	 						292	314	2	29.54	58	56	56	56		oc	nimb cum	0				
1873-01-19	5	-53.17	-70.9			a		https://s3.amazonaws.com/NARAprodstorage/lz/dc-metro/rg-024/581208/2020-03/581208-omaha-002/581208-omaha-002-156.JPG	https://s3.amazonaws.com/NARAprodstorage/lz/dc-metro/rg-024/581208/2020-03/581208-omaha-002/581208-omaha-002-156.JPG	 						360	21	2	29.52	58	56	56	56		bc	nimb cum	0				
1873-01-19	6	-53.17	-70.9			a		https://s3.amazonaws.com/NARAprodstorage/lz/dc-metro/rg-024/581208/2020-03/581208-omaha-002/581208-omaha-002-156.JPG	https://s3.amazonaws.com/NARAprodstorage/lz/dc-metro/rg-024/581208/2020-03/581208-omaha-002/581208-omaha-002-156.JPG	 						360	21	2	29.52	58	57	58	56		bc	nimb cum	0				
1873-01-19	7	-53.17	-70.9			a		https://s3.amazonaws.com/NARAprodstorage/lz/dc-metro/rg-024/581208/2020-03/581208-omaha-002/581208-omaha-002-156.JPG	https://s3.amazonaws.com/NARAprodstorage/lz/dc-metro/rg-024/581208/2020-03/581208-omaha-002/581208-omaha-002-156.JPG	 						45	66	2	29.54	58	56	56	56		bc	nimb cum	0				
1873-01-19	8	-53.17	-70.9			a		https://s3.amazonaws.com/NARAprodstorage/lz/dc-metro/rg-024/581208/2020-03/581208-omaha-002/581208-omaha-002-156.JPG	https://s3.amazonaws.com/NARAprodstorage/lz/dc-metro/rg-024/581208/2020-03/581208-omaha-002/581208-omaha-002-156.JPG	 						45	66	2	29.52	58	56	56	56		bc	nimb cum	1				
1873-01-19	9	-53.17	-70.9			a		https://s3.amazonaws.com/NARAprodstorage/lz/dc-metro/rg-024/581208/2020-03/581208-omaha-002/581208-omaha-002-156.JPG	https://s3.amazonaws.com/NARAprodstorage/lz/dc-metro/rg-024/581208/2020-03/581208-omaha-002/581208-omaha-002-156.JPG	 						45	66	2	29.51	58	56	56	56		oc	cum nimb	0				
1873-01-19	10	-53.17	-70.9			a		https://s3.amazonaws.com/NARAprodstorage/lz/dc-metro/rg-024/581208/2020-03/581208-omaha-002/581208-omaha-002-156.JPG	https://s3.amazonaws.com/NARAprodstorage/lz/dc-metro/rg-024/581208/2020-03/581208-omaha-002/581208-omaha-002-156.JPG	 						315	336	2	29.5	58	56	56	56		oc	cum nimb	2				
1873-01-19	11	-53.17	-70.9			a		https://s3.amazonaws.com/NARAprodstorage/lz/dc-metro/rg-024/581208/2020-03/581208-omaha-002/581208-omaha-002-156.JPG	https://s3.amazonaws.com/NARAprodstorage/lz/dc-metro/rg-024/581208/2020-03/581208-omaha-002/581208-omaha-002-156.JPG	 						315	336	5	29.5	58	56	56	56		oc	cum nimb	1				
1873-01-19	12	-53.17	-70.9			a		https://s3.amazonaws.com/NARAprodstorage/lz/dc-metro/rg-024/581208/2020-03/581208-omaha-002/581208-omaha-002-156.JPG	https://s3.amazonaws.com/NARAprodstorage/lz/dc-metro/rg-024/581208/2020-03/581208-omaha-002/581208-omaha-002-156.JPG	Noon: Punta Arenas						315	336	6	29.49	58	56	56	56		oc	cum nimb	2				
1873-01-19	13	-53.17	-70.9			a		https://s3.amazonaws.com/NARAprodstorage/lz/dc-metro/rg-024/581208/2020-03/581208-omaha-002/581208-omaha-002-156.JPG	https://s3.amazonaws.com/NARAprodstorage/lz/dc-metro/rg-024/581208/2020-03/581208-omaha-002/581208-omaha-002-156.JPG	 						315	336	13	29.48	59	53	56	54		oc	cum nim	1				
1873-01-19	14	-53.17	-70.9			a		https://s3.amazonaws.com/NARAprodstorage/lz/dc-metro/rg-024/581208/2020-03/581208-omaha-002/581208-omaha-002-156.JPG	https://s3.amazonaws.com/NARAprodstorage/lz/dc-metro/rg-024/581208/2020-03/581208-omaha-002/581208-omaha-002-156.JPG	 						292	314	13	29.46	59	53	56	54		oc	cum nim	0				
1873-01-19	15	-53.17	-70.9			a		https://s3.amazonaws.com/NARAprodstorage/lz/dc-metro/rg-024/581208/2020-03/581208-omaha-002/581208-omaha-002-156.JPG	https://s3.amazonaws.com/NARAprodstorage/lz/dc-metro/rg-024/581208/2020-03/581208-omaha-002/581208-omaha-002-156.JPG	 						270	291	8	29.51	65	60	60	50		oc	cum nim	0				
1873-01-19	16	-53.17	-70.9			a		https://s3.amazonaws.com/NARAprodstorage/lz/dc-metro/rg-024/581208/2020-03/581208-omaha-002/581208-omaha-002-156.JPG	https://s3.amazonaws.com/NARAprodstorage/lz/dc-metro/rg-024/581208/2020-03/581208-omaha-002/581208-omaha-002-156.JPG	 						270	291	8	29.51	65	60	60	50		ocqr	cum nim	0				
1873-01-19	17	-53.17	-70.9			a		https://s3.amazonaws.com/NARAprodstorage/lz/dc-metro/rg-024/581208/2020-03/581208-omaha-002/581208-omaha-002-156.JPG	https://s3.amazonaws.com/NARAprodstorage/lz/dc-metro/rg-024/581208/2020-03/581208-omaha-002/581208-omaha-002-156.JPG	 						248	268	13	29.53	65	59	59	50		bc	cir cum	3				
1873-01-19	18	-53.17	-70.9			a		https://s3.amazonaws.com/NARAprodstorage/lz/dc-metro/rg-024/581208/2020-03/581208-omaha-002/581208-omaha-002-156.JPG	https://s3.amazonaws.com/NARAprodstorage/lz/dc-metro/rg-024/581208/2020-03/581208-omaha-002/581208-omaha-002-156.JPG	 						248	268	13	29.57	65	59	59	50		bc	cir cum	5				
1873-01-19	19	-53.17	-70.9			a		https://s3.amazonaws.com/NARAprodstorage/lz/dc-metro/rg-024/581208/2020-03/581208-omaha-002/581208-omaha-002-156.JPG	https://s3.amazonaws.com/NARAprodstorage/lz/dc-metro/rg-024/581208/2020-03/581208-omaha-002/581208-omaha-002-156.JPG	 						225	246	13	29.61	60	57	57	50		bc	cir cum	8				
1873-01-19	20	-53.17	-70.9			a		https://s3.amazonaws.com/NARAprodstorage/lz/dc-metro/rg-024/581208/2020-03/581208-omaha-002/581208-omaha-002-156.JPG	https://s3.amazonaws.com/NARAprodstorage/lz/dc-metro/rg-024/581208/2020-03/581208-omaha-002/581208-omaha-002-156.JPG	 						225	246	13	29.62	60	54	54	50		bc	cir cum	9				
1873-01-19	21	-53.17	-70.9			a		https://s3.amazonaws.com/NARAprodstorage/lz/dc-metro/rg-024/581208/2020-03/581208-omaha-002/581208-omaha-002-156.JPG	https://s3.amazonaws.com/NARAprodstorage/lz/dc-metro/rg-024/581208/2020-03/581208-omaha-002/581208-omaha-002-156.JPG	 						225	246	8	29.64	65	52	52	50		bc	str	9				
1873-01-19	22	-53.17	-70.9			a		https://s3.amazonaws.com/NARAprodstorage/lz/dc-metro/rg-024/581208/2020-03/581208-omaha-002/581208-omaha-002-156.JPG	https://s3.amazonaws.com/NARAprodstorage/lz/dc-metro/rg-024/581208/2020-03/581208-omaha-002/581208-omaha-002-156.JPG	 						225	246	8	29.66	65	51	51	50		bc	str	9				
1873-01-19	23	-53.17	-70.9			a		https://s3.amazonaws.com/NARAprodstorage/lz/dc-metro/rg-024/581208/2020-03/581208-omaha-002/581208-omaha-002-156.JPG	https://s3.amazonaws.com/NARAprodstorage/lz/dc-metro/rg-024/581208/2020-03/581208-omaha-002/581208-omaha-002-156.JPG	 						225	246	16	29.68	65	51	51	50		bcq	str cum	8				
1873-01-19	24	-53.17	-70.9			a		https://s3.amazonaws.com/NARAprodstorage/lz/dc-metro/rg-024/581208/2020-03/581208-omaha-002/581208-omaha-002-156.JPG	https://s3.amazonaws.com/NARAprodstorage/lz/dc-metro/rg-024/581208/2020-03/581208-omaha-002/581208-omaha-002-156.JPG	 						225	246	8	29.7	65	51	51	50		bc	cum str	6				
1873-01-20	1	-53.17	-70.9			a		https://s3.amazonaws.com/NARAprodstorage/lz/dc-metro/rg-024/581208/2020-03/581208-omaha-002/581208-omaha-002-157.JPG	https://s3.amazonaws.com/NARAprodstorage/lz/dc-metro/rg-024/581208/2020-03/581208-omaha-002/581208-omaha-002-157.JPG	 						259	280	2	29.69	65	54	54			bc	cum str	5				
1873-01-20	2	-53.17	-70.9			a		https://s3.amazonaws.com/NARAprodstorage/lz/dc-metro/rg-024/581208/2020-03/581208-omaha-002/581208-omaha-002-157.JPG	https://s3.amazonaws.com/NARAprodstorage/lz/dc-metro/rg-024/581208/2020-03/581208-omaha-002/581208-omaha-002-157.JPG	 						270	291	2	29.68	63	54	54			bc	cum str	1				
1873-01-20	3	-53.17	-70.9			a		https://s3.amazonaws.com/NARAprodstorage/lz/dc-metro/rg-024/581208/2020-03/581208-omaha-002/581208-omaha-002-157.JPG	https://s3.amazonaws.com/NARAprodstorage/lz/dc-metro/rg-024/581208/2020-03/581208-omaha-002/581208-omaha-002-157.JPG	 						281	302	2	29.64	63	53	53			bc	cum str	1				
1873-01-20	4	-53.17	-70.9			a		https://s3.amazonaws.com/NARAprodstorage/lz/dc-metro/rg-024/581208/2020-03/581208-omaha-002/581208-omaha-002-157.JPG	https://s3.amazonaws.com/NARAprodstorage/lz/dc-metro/rg-024/581208/2020-03/581208-omaha-002/581208-omaha-002-157.JPG	 						326	347	2	29.69	63	47	48			bc	cum str	3				
1873-01-20	5	-53.17	-70.9			a		https://s3.amazonaws.com/NARAprodstorage/lz/dc-metro/rg-024/581208/2020-03/581208-omaha-002/581208-omaha-002-157.JPG	https://s3.amazonaws.com/NARAprodstorage/lz/dc-metro/rg-024/581208/2020-03/581208-omaha-002/581208-omaha-002-157.JPG	 						326	347	2	29.7	63	48	48			bc	cum str	5				
1873-01-20	6	-53.17	-70.9			a		https://s3.amazonaws.com/NARAprodstorage/lz/dc-metro/rg-024/581208/2020-03/581208-omaha-002/581208-omaha-002-157.JPG	https://s3.amazonaws.com/NARAprodstorage/lz/dc-metro/rg-024/581208/2020-03/581208-omaha-002/581208-omaha-002-157.JPG	 						360	21	2	29.71	63	49	49			bc	cum str	6				
1873-01-20	7	-53.17	-70.9			a		https://s3.amazonaws.com/NARAprodstorage/lz/dc-metro/rg-024/581208/2020-03/581208-omaha-002/581208-omaha-002-157.JPG	https://s3.amazonaws.com/NARAprodstorage/lz/dc-metro/rg-024/581208/2020-03/581208-omaha-002/581208-omaha-002-157.JPG	 						34	55	2	29.72	63	52	52			bc	cum cir str	8				
1873-01-20	8	-53.17	-70.9			a		https://s3.amazonaws.com/NARAprodstorage/lz/dc-metro/rg-024/581208/2020-03/581208-omaha-002/581208-omaha-002-157.JPG	https://s3.amazonaws.com/NARAprodstorage/lz/dc-metro/rg-024/581208/2020-03/581208-omaha-002/581208-omaha-002-157.JPG	 						248	268	8	29.72	63	53	53			bc	cir cum	6				
1873-01-20	9	-53.17	-70.9			a		https://s3.amazonaws.com/NARAprodstorage/lz/dc-metro/rg-024/581208/2020-03/581208-omaha-002/581208-omaha-002-157.JPG	https://s3.amazonaws.com/NARAprodstorage/lz/dc-metro/rg-024/581208/2020-03/581208-omaha-002/581208-omaha-002-157.JPG	 						225	246	5	29.7	62	55	54			bc	cir cum	8				
1873-01-20	10	-53.17	-70.9			a		https://s3.amazonaws.com/NARAprodstorage/lz/dc-metro/rg-024/581208/2020-03/581208-omaha-002/581208-omaha-002-157.JPG	https://s3.amazonaws.com/NARAprodstorage/lz/dc-metro/rg-024/581208/2020-03/581208-omaha-002/581208-omaha-002-157.JPG	 						270	291	13	29.72	62	55	54			bc	cir cum	7				
1873-01-20	11	-53.17	-70.9			a		https://s3.amazonaws.com/NARAprodstorage/lz/dc-metro/rg-024/581208/2020-03/581208-omaha-002/581208-omaha-002-157.JPG	https://s3.amazonaws.com/NARAprodstorage/lz/dc-metro/rg-024/581208/2020-03/581208-omaha-002/581208-omaha-002-157.JPG	 						292	314	13	29.7	78	58	57			bc	cir str cir cum	6				
1873-01-20	12	-53.17	-70.9			a		https://s3.amazonaws.com/NARAprodstorage/lz/dc-metro/rg-024/581208/2020-03/581208-omaha-002/581208-omaha-002-157.JPG	https://s3.amazonaws.com/NARAprodstorage/lz/dc-metro/rg-024/581208/2020-03/581208-omaha-002/581208-omaha-002-157.JPG	Noon: Punta Arenas						281	302	16	29.7	76	59	58			bc	cir str cir cum	8				
1873-01-20	13	-53.17	-70.9			a		https://s3.amazonaws.com/NARAprodstorage/lz/dc-metro/rg-024/581208/2020-03/581208-omaha-002/581208-omaha-002-157.JPG	https://s3.amazonaws.com/NARAprodstorage/lz/dc-metro/rg-024/581208/2020-03/581208-omaha-002/581208-omaha-002-157.JPG	 						270	291	8	29.67	64	61	59	58		bcq	cir cum					
1873-01-20	14	-53.17	-70.9			a		https://s3.amazonaws.com/NARAprodstorage/lz/dc-metro/rg-024/581208/2020-03/581208-omaha-002/581208-omaha-002-157.JPG	https://s3.amazonaws.com/NARAprodstorage/lz/dc-metro/rg-024/581208/2020-03/581208-omaha-002/581208-omaha-002-157.JPG	 						270	291	5	29.67	64	61	59	58		bcq	cir cum					
1873-01-20	15	-53.17	-70.9			a		https://s3.amazonaws.com/NARAprodstorage/lz/dc-metro/rg-024/581208/2020-03/581208-omaha-002/581208-omaha-002-157.JPG	https://s3.amazonaws.com/NARAprodstorage/lz/dc-metro/rg-024/581208/2020-03/581208-omaha-002/581208-omaha-002-157.JPG	 						270	291	5	29.67	64	60	60	57		bcq	cir cum					
1873-01-20	16	-53.17	-70.9			a		https://s3.amazonaws.com/NARAprodstorage/lz/dc-metro/rg-024/581208/2020-03/581208-omaha-002/581208-omaha-002-157.JPG	https://s3.amazonaws.com/NARAprodstorage/lz/dc-metro/rg-024/581208/2020-03/581208-omaha-002/581208-omaha-002-157.JPG	 						270	291	5	29.67	64	60	60	57		ocq	cir cum nim					
1873-01-20	17	-53.17	-70.9			a		https://s3.amazonaws.com/NARAprodstorage/lz/dc-metro/rg-024/581208/2020-03/581208-omaha-002/581208-omaha-002-157.JPG	https://s3.amazonaws.com/NARAprodstorage/lz/dc-metro/rg-024/581208/2020-03/581208-omaha-002/581208-omaha-002-157.JPG	 						281	302	13	29.69	64	60	59	57		ocq	cum nim					
1873-01-20	18	-53.17	-70.9			a		https://s3.amazonaws.com/NARAprodstorage/lz/dc-metro/rg-024/581208/2020-03/581208-omaha-002/581208-omaha-002-157.JPG	https://s3.amazonaws.com/NARAprodstorage/lz/dc-metro/rg-024/581208/2020-03/581208-omaha-002/581208-omaha-002-157.JPG	 						270	291	10	29.68	62	57	58	57		ocrq	cum nim					
1873-01-20	19	-53.17	-70.9			a		https://s3.amazonaws.com/NARAprodstorage/lz/dc-metro/rg-024/581208/2020-03/581208-omaha-002/581208-omaha-002-157.JPG	https://s3.amazonaws.com/NARAprodstorage/lz/dc-metro/rg-024/581208/2020-03/581208-omaha-002/581208-omaha-002-157.JPG	 						338	358	8	29.69	64	56	56	57		ocrq	nimb					
1873-01-20	20	-53.17	-70.9			a		https://s3.amazonaws.com/NARAprodstorage/lz/dc-metro/rg-024/581208/2020-03/581208-omaha-002/581208-omaha-002-157.JPG	https://s3.amazonaws.com/NARAprodstorage/lz/dc-metro/rg-024/581208/2020-03/581208-omaha-002/581208-omaha-002-157.JPG	 						338	358	5	29.7	64	56	56	57		oc	cum nimb					
1873-01-20	21	-53.17	-70.9			a		https://s3.amazonaws.com/NARAprodstorage/lz/dc-metro/rg-024/581208/2020-03/581208-omaha-002/581208-omaha-002-157.JPG	https://s3.amazonaws.com/NARAprodstorage/lz/dc-metro/rg-024/581208/2020-03/581208-omaha-002/581208-omaha-002-157.JPG	 						11	32	5	29.68	63	55	55	50		oc	cum nimb					
1873-01-20	22	-53.17	-70.9			a		https://s3.amazonaws.com/NARAprodstorage/lz/dc-metro/rg-024/581208/2020-03/581208-omaha-002/581208-omaha-002-157.JPG	https://s3.amazonaws.com/NARAprodstorage/lz/dc-metro/rg-024/581208/2020-03/581208-omaha-002/581208-omaha-002-157.JPG	 						11	32	2	29.68	63	57	57	50		oc	cum nimb					
1873-01-20	23	-53.17	-70.9			a		https://s3.amazonaws.com/NARAprodstorage/lz/dc-metro/rg-024/581208/2020-03/581208-omaha-002/581208-omaha-002-157.JPG	https://s3.amazonaws.com/NARAprodstorage/lz/dc-metro/rg-024/581208/2020-03/581208-omaha-002/581208-omaha-002-157.JPG	 						349	10	5	29.68	63	55	55	50		oc	cum nimb					
1873-01-20	24	-53.17	-70.9			a		https://s3.amazonaws.com/NARAprodstorage/lz/dc-metro/rg-024/581208/2020-03/581208-omaha-002/581208-omaha-002-157.JPG	https://s3.amazonaws.com/NARAprodstorage/lz/dc-metro/rg-024/581208/2020-03/581208-omaha-002/581208-omaha-002-157.JPG	 						349	10	2	29.68	63	54	54	50		ocr	nimb					
1873-01-21	1	-53.17	-70.9			a		https://s3.amazonaws.com/NARAprodstorage/lz/dc-metro/rg-024/581208/2020-03/581208-omaha-002/581208-omaha-002-158.JPG	https://s3.amazonaws.com/NARAprodstorage/lz/dc-metro/rg-024/581208/2020-03/581208-omaha-002/581208-omaha-002-159.JPG	 						360	21	2	29.69	60	53	53	50		ocd	nimb	0				
1873-01-21	2	-53.17	-70.9			a		https://s3.amazonaws.com/NARAprodstorage/lz/dc-metro/rg-024/581208/2020-03/581208-omaha-002/581208-omaha-002-158.JPG	https://s3.amazonaws.com/NARAprodstorage/lz/dc-metro/rg-024/581208/2020-03/581208-omaha-002/581208-omaha-002-158.JPG	 						315	336	2	29.67	60	53	53	50		bcp	cum nimb	3				
1873-01-21	3	-53.17	-70.9			a		https://s3.amazonaws.com/NARAprodstorage/lz/dc-metro/rg-024/581208/2020-03/581208-omaha-002/581208-omaha-002-158.JPG	https://s3.amazonaws.com/NARAprodstorage/lz/dc-metro/rg-024/581208/2020-03/581208-omaha-002/581208-omaha-002-158.JPG	 						338	358	2	29.66	60	52	53	50		ocp	cum nimb	0				
1873-01-21	4	-53.17	-70.9			a		https://s3.amazonaws.com/NARAprodstorage/lz/dc-metro/rg-024/581208/2020-03/581208-omaha-002/581208-omaha-002-158.JPG	https://s3.amazonaws.com/NARAprodstorage/lz/dc-metro/rg-024/581208/2020-03/581208-omaha-002/581208-omaha-002-158.JPG	0400: Got Underway						338	358	2	29.66	60	52	53	50		ocp	cum nimb	4				
1873-01-21	5	-53.22	-70.89	888		3		https://s3.amazonaws.com/NARAprodstorage/lz/dc-metro/rg-024/581208/2020-03/581208-omaha-002/581208-omaha-002-158.JPG	https://s3.amazonaws.com/NARAprodstorage/lz/dc-metro/rg-024/581208/2020-03/581208-omaha-002/581208-omaha-002-158.JPG	 					v	270	291	5	29.62	60	54	55	50		bc	cir cum	8				
1873-01-21	6	-53.35	-70.86	888		8		https://s3.amazonaws.com/NARAprodstorage/lz/dc-metro/rg-024/581208/2020-03/581208-omaha-002/581208-omaha-002-158.JPG	https://s3.amazonaws.com/NARAprodstorage/lz/dc-metro/rg-024/581208/2020-03/581208-omaha-002/581208-omaha-002-158.JPG	 					v	225	246	5	29.65	60	53	54	51		bc	cum nimb	9				
1873-01-21	7	-53.49	-70.82	888		8		https://s3.amazonaws.com/NARAprodstorage/lz/dc-metro/rg-024/581208/2020-03/581208-omaha-002/581208-omaha-002-158.JPG	https://s3.amazonaws.com/NARAprodstorage/lz/dc-metro/rg-024/581208/2020-03/581208-omaha-002/581208-omaha-002-158.JPG	 					v	180	201	13	29.64	60	55	55	51		bc	cir cum	7				
1873-01-21	8	-53.62	-70.79	888		8		https://s3.amazonaws.com/NARAprodstorage/lz/dc-metro/rg-024/581208/2020-03/581208-omaha-002/581208-omaha-002-158.JPG	https://s3.amazonaws.com/NARAprodstorage/lz/dc-metro/rg-024/581208/2020-03/581208-omaha-002/581208-omaha-002-158.JPG	 					v	180	201	13	29.69	61	54	54	50		bc	cir cum	8				
1873-01-21	9	-53.72	-70.87	888		7.4		https://s3.amazonaws.com/NARAprodstorage/lz/dc-metro/rg-024/581208/2020-03/581208-omaha-002/581208-omaha-002-158.JPG	https://s3.amazonaws.com/NARAprodstorage/lz/dc-metro/rg-024/581208/2020-03/581208-omaha-002/581208-omaha-002-158.JPG	 					v	180	201	13	29.7	61	54	54	50		bc	cum	8				
1873-01-21	10	-53.82	-70.95	888		7		https://s3.amazonaws.com/NARAprodstorage/lz/dc-metro/rg-024/581208/2020-03/581208-omaha-002/581208-omaha-002-158.JPG	https://s3.amazonaws.com/NARAprodstorage/lz/dc-metro/rg-024/581208/2020-03/581208-omaha-002/581208-omaha-002-158.JPG	 					v	180	201	13	29.78	61	53	53	50		bc	cum	8				
1873-01-21	11	-53.88	-71.12	888		7		https://s3.amazonaws.com/NARAprodstorage/lz/dc-metro/rg-024/581208/2020-03/581208-omaha-002/581208-omaha-002-158.JPG	https://s3.amazonaws.com/NARAprodstorage/lz/dc-metro/rg-024/581208/2020-03/581208-omaha-002/581208-omaha-002-158.JPG	 					v	225	246	19	29.7	61	51	52	50		bc	cum	7				
1873-01-21	12	-53.94	-71.29	888		7		https://s3.amazonaws.com/NARAprodstorage/lz/dc-metro/rg-024/581208/2020-03/581208-omaha-002/581208-omaha-002-158.JPG	https://s3.amazonaws.com/NARAprodstorage/lz/dc-metro/rg-024/581208/2020-03/581208-omaha-002/581208-omaha-002-158.JPG	 					v	225	246	19	29.7	61	51	52	50		bc	cum	7				
1873-01-21	13	-53.88	-71.5	888		8		https://s3.amazonaws.com/NARAprodstorage/lz/dc-metro/rg-024/581208/2020-03/581208-omaha-002/581208-omaha-002-158.JPG	https://s3.amazonaws.com/NARAprodstorage/lz/dc-metro/rg-024/581208/2020-03/581208-omaha-002/581208-omaha-002-158.JPG	 					v	270	291	13	29.73	59	54	53			bc	cum	8				
1873-01-21	14	-53.82	-71.7	888		8		https://s3.amazonaws.com/NARAprodstorage/lz/dc-metro/rg-024/581208/2020-03/581208-omaha-002/581208-omaha-002-158.JPG	https://s3.amazonaws.com/NARAprodstorage/lz/dc-metro/rg-024/581208/2020-03/581208-omaha-002/581208-omaha-002-158.JPG	 					v	281	302	13	29.75	60	54	53			bc	cum	8				
1873-01-21	15	-53.76	-71.9	888		8		https://s3.amazonaws.com/NARAprodstorage/lz/dc-metro/rg-024/581208/2020-03/581208-omaha-002/581208-omaha-002-158.JPG	https://s3.amazonaws.com/NARAprodstorage/lz/dc-metro/rg-024/581208/2020-03/581208-omaha-002/581208-omaha-002-158.JPG	1545: Anchored. Port Gallant.					v	281	302	13	29.76	61	54	53			bc	cum	8				
1873-01-21	16	-53.7	-72	888		5		https://s3.amazonaws.com/NARAprodstorage/lz/dc-metro/rg-024/581208/2020-03/581208-omaha-002/581208-omaha-002-158.JPG	https://s3.amazonaws.com/NARAprodstorage/lz/dc-metro/rg-024/581208/2020-03/581208-omaha-002/581208-omaha-002-158.JPG	"1600: Brgs: Goss Id NExE; Western end of Wigwam Id NxE, Western Bight NW."						248	268	13	29.76	61	54	53			bc	cum	8				
1873-01-21	17	-53.7	-72			a		https://s3.amazonaws.com/NARAprodstorage/lz/dc-metro/rg-024/581208/2020-03/581208-omaha-002/581208-omaha-002-158.JPG	https://s3.amazonaws.com/NARAprodstorage/lz/dc-metro/rg-024/581208/2020-03/581208-omaha-002/581208-omaha-002-158.JPG	 						248	268	8	29.75	60	55	54	48		bc	cum	5				
1873-01-21	18	-53.7	-72			a		https://s3.amazonaws.com/NARAprodstorage/lz/dc-metro/rg-024/581208/2020-03/581208-omaha-002/581208-omaha-002-158.JPG	https://s3.amazonaws.com/NARAprodstorage/lz/dc-metro/rg-024/581208/2020-03/581208-omaha-002/581208-omaha-002-158.JPG	 						248	268	8	29.75	59	54	54	48		bc	cum	5				
1873-01-21	19	-53.7	-72			a		https://s3.amazonaws.com/NARAprodstorage/lz/dc-metro/rg-024/581208/2020-03/581208-omaha-002/581208-omaha-002-158.JPG	https://s3.amazonaws.com/NARAprodstorage/lz/dc-metro/rg-024/581208/2020-03/581208-omaha-002/581208-omaha-002-158.JPG	 						248	268	2	29.75	59	52	52	48		bc	cum	3				
1873-01-21	20	-53.7	-72			a		https://s3.amazonaws.com/NARAprodstorage/lz/dc-metro/rg-024/581208/2020-03/581208-omaha-002/581208-omaha-002-158.JPG	https://s3.amazonaws.com/NARAprodstorage/lz/dc-metro/rg-024/581208/2020-03/581208-omaha-002/581208-omaha-002-158.JPG	 						248	268	2	29.75	59	49	50	48		bc	cum	2				
1873-01-21	21	-53.7	-72			a		https://s3.amazonaws.com/NARAprodstorage/lz/dc-metro/rg-024/581208/2020-03/581208-omaha-002/581208-omaha-002-158.JPG	https://s3.amazonaws.com/NARAprodstorage/lz/dc-metro/rg-024/581208/2020-03/581208-omaha-002/581208-omaha-002-158.JPG	 						0	0	0	29.76	59	50	52	48		bc	cum	8				
1873-01-21	22	-53.7	-72			a		https://s3.amazonaws.com/NARAprodstorage/lz/dc-metro/rg-024/581208/2020-03/581208-omaha-002/581208-omaha-002-158.JPG	https://s3.amazonaws.com/NARAprodstorage/lz/dc-metro/rg-024/581208/2020-03/581208-omaha-002/581208-omaha-002-158.JPG	 						0	0	0	29.77	59	50	52	48		bc	cum	8				
1873-01-21	23	-53.7	-72			a		https://s3.amazonaws.com/NARAprodstorage/lz/dc-metro/rg-024/581208/2020-03/581208-omaha-002/581208-omaha-002-158.JPG	https://s3.amazonaws.com/NARAprodstorage/lz/dc-metro/rg-024/581208/2020-03/581208-omaha-002/581208-omaha-002-158.JPG	 						0	0	0	29.78	59	50	52	48		bc	cum	8				
1873-01-21	24	-53.7	-72			a		https://s3.amazonaws.com/NARAprodstorage/lz/dc-metro/rg-024/581208/2020-03/581208-omaha-002/581208-omaha-002-158.JPG	https://s3.amazonaws.com/NARAprodstorage/lz/dc-metro/rg-024/581208/2020-03/581208-omaha-002/581208-omaha-002-158.JPG	 						0	0	0	29.8	59	47	48	48		bc	cum nimb	1				
1873-01-22	1	-53.7	-72			a		https://s3.amazonaws.com/NARAprodstorage/lz/dc-metro/rg-024/581208/2020-03/581208-omaha-002/581208-omaha-002-160.JPG	https://s3.amazonaws.com/NARAprodstorage/lz/dc-metro/rg-024/581208/2020-03/581208-omaha-002/581208-omaha-002-160.JPG	 						360	21	2	29.78	58	45	46	48		oc	cir cum cum nim	4				
1873-01-22	2	-53.7	-72			a		https://s3.amazonaws.com/NARAprodstorage/lz/dc-metro/rg-024/581208/2020-03/581208-omaha-002/581208-omaha-002-160.JPG	https://s3.amazonaws.com/NARAprodstorage/lz/dc-metro/rg-024/581208/2020-03/581208-omaha-002/581208-omaha-002-160.JPG	 						315	336	2	29.79	58	44	45	48		oc	cir cum cum nim	5				
1873-01-22	3	-53.7	-72			a		https://s3.amazonaws.com/NARAprodstorage/lz/dc-metro/rg-024/581208/2020-03/581208-omaha-002/581208-omaha-002-160.JPG	https://s3.amazonaws.com/NARAprodstorage/lz/dc-metro/rg-024/581208/2020-03/581208-omaha-002/581208-omaha-002-160.JPG	 						270	291	5	29.78	58	47	46	48		oc	cir cum cum nim	2				
1873-01-22	4	-53.7	-72			a		https://s3.amazonaws.com/NARAprodstorage/lz/dc-metro/rg-024/581208/2020-03/581208-omaha-002/581208-omaha-002-160.JPG	https://s3.amazonaws.com/NARAprodstorage/lz/dc-metro/rg-024/581208/2020-03/581208-omaha-002/581208-omaha-002-160.JPG	0430: Got Underway						270	291	2	29.76	59	47	47	48		oc	cir cum cum nim	4				
1873-01-22	5	-53.7	-72.12	888		5		https://s3.amazonaws.com/NARAprodstorage/lz/dc-metro/rg-024/581208/2020-03/581208-omaha-002/581208-omaha-002-160.JPG	https://s3.amazonaws.com/NARAprodstorage/lz/dc-metro/rg-024/581208/2020-03/581208-omaha-002/581208-omaha-002-160.JPG	 					v	281	302	5	29.76	58	48	48	48		bc	cir cum nimb	3				
1873-01-22	6	-53.63	-72.23	888		7.6		https://s3.amazonaws.com/NARAprodstorage/lz/dc-metro/rg-024/581208/2020-03/581208-omaha-002/581208-omaha-002-160.JPG	https://s3.amazonaws.com/NARAprodstorage/lz/dc-metro/rg-024/581208/2020-03/581208-omaha-002/581208-omaha-002-160.JPG	 					v	281	302	5	29.78	60	46	46	48		oc	nimb	0				
1873-01-22	7	-53.58	-72.33	888		7.4		https://s3.amazonaws.com/NARAprodstorage/lz/dc-metro/rg-024/581208/2020-03/581208-omaha-002/581208-omaha-002-160.JPG	https://s3.amazonaws.com/NARAprodstorage/lz/dc-metro/rg-024/581208/2020-03/581208-omaha-002/581208-omaha-002-160.JPG	 					v	281	302	8	29.79	58	46	46	48		ocrq	nimb	0				
1873-01-22	8	-53.55	-72.5	888		7.5		https://s3.amazonaws.com/NARAprodstorage/lz/dc-metro/rg-024/581208/2020-03/581208-omaha-002/581208-omaha-002-160.JPG	https://s3.amazonaws.com/NARAprodstorage/lz/dc-metro/rg-024/581208/2020-03/581208-omaha-002/581208-omaha-002-160.JPG	 					v	281	302	13	29.8	58	47	47	48		ocqr	nimb	0				
1873-01-22	9	-53.5	-72.62	281.25		7		https://s3.amazonaws.com/NARAprodstorage/lz/dc-metro/rg-024/581208/2020-03/581208-omaha-002/581208-omaha-002-160.JPG	https://s3.amazonaws.com/NARAprodstorage/lz/dc-metro/rg-024/581208/2020-03/581208-omaha-002/581208-omaha-002-160.JPG	 					wxn	281	302	13	29.82	57	50	50	48		ocqr	nimb	0				
1873-01-22	10	-53.45	-72.76	281.25		8		https://s3.amazonaws.com/NARAprodstorage/lz/dc-metro/rg-024/581208/2020-03/581208-omaha-002/581208-omaha-002-160.JPG	https://s3.amazonaws.com/NARAprodstorage/lz/dc-metro/rg-024/581208/2020-03/581208-omaha-002/581208-omaha-002-160.JPG	 					wxn	281	302	13	29.82	57	50	50	48		ocqr	nimb	0				
1873-01-22	11	-53.39	-72.9	281.25		8		https://s3.amazonaws.com/NARAprodstorage/lz/dc-metro/rg-024/581208/2020-03/581208-omaha-002/581208-omaha-002-160.JPG	https://s3.amazonaws.com/NARAprodstorage/lz/dc-metro/rg-024/581208/2020-03/581208-omaha-002/581208-omaha-002-160.JPG	 					wxn	281	302	13	29.82	57	50	50	48		ocqr	nimb	0				
1873-01-22	12	-53.34	-73.04	281.25		8		https://s3.amazonaws.com/NARAprodstorage/lz/dc-metro/rg-024/581208/2020-03/581208-omaha-002/581208-omaha-002-160.JPG	https://s3.amazonaws.com/NARAprodstorage/lz/dc-metro/rg-024/581208/2020-03/581208-omaha-002/581208-omaha-002-160.JPG	 					wxn	281	302	21	29.82	57	51	51	48		ocqr	nimb	0				
1873-01-22	13	-53.27	-73.19	888		8		https://s3.amazonaws.com/NARAprodstorage/lz/dc-metro/rg-024/581208/2020-03/581208-omaha-002/581208-omaha-002-160.JPG	https://s3.amazonaws.com/NARAprodstorage/lz/dc-metro/rg-024/581208/2020-03/581208-omaha-002/581208-omaha-002-160.JPG	 					v	304	325	27	29.85	58	51	51	49		ocqr	nimb	0				
1873-01-22	14	-53.2	-73.29	888		7.4		https://s3.amazonaws.com/NARAprodstorage/lz/dc-metro/rg-024/581208/2020-03/581208-omaha-002/581208-omaha-002-160.JPG	https://s3.amazonaws.com/NARAprodstorage/lz/dc-metro/rg-024/581208/2020-03/581208-omaha-002/581208-omaha-002-160.JPG	 					v	304	325	21	29.85	58	51	51	49		ocqr	cum nimb	1				
1873-01-22	15	-53.13	-73.41	888		7		https://s3.amazonaws.com/NARAprodstorage/lz/dc-metro/rg-024/581208/2020-03/581208-omaha-002/581208-omaha-002-160.JPG	https://s3.amazonaws.com/NARAprodstorage/lz/dc-metro/rg-024/581208/2020-03/581208-omaha-002/581208-omaha-002-160.JPG	 					v	292	314	21	29.85	58	50	50	49		ocqr	cum nimb	1				
1873-01-22	16	-53.07	-73.51	888		6		https://s3.amazonaws.com/NARAprodstorage/lz/dc-metro/rg-024/581208/2020-03/581208-omaha-002/581208-omaha-002-160.JPG	https://s3.amazonaws.com/NARAprodstorage/lz/dc-metro/rg-024/581208/2020-03/581208-omaha-002/581208-omaha-002-160.JPG	 					v	292	314	21	29.85	58	51	51	49		ocq	cum nimb	0				
1873-01-22	17	-53.01	-73.61	888		6.4		https://s3.amazonaws.com/NARAprodstorage/lz/dc-metro/rg-024/581208/2020-03/581208-omaha-002/581208-omaha-002-160.JPG	https://s3.amazonaws.com/NARAprodstorage/lz/dc-metro/rg-024/581208/2020-03/581208-omaha-002/581208-omaha-002-160.JPG	 					v	292	314	21	29.88	58	51	51	49		ocq	cum nimb	0				
1873-01-22	18	-52.96	-73.71	888		6		https://s3.amazonaws.com/NARAprodstorage/lz/dc-metro/rg-024/581208/2020-03/581208-omaha-002/581208-omaha-002-160.JPG	https://s3.amazonaws.com/NARAprodstorage/lz/dc-metro/rg-024/581208/2020-03/581208-omaha-002/581208-omaha-002-160.JPG	1825: Anchored. Port Tamar. Brgs: Mouat Id S1/4W; White Mark WSW1/4W.						281	302	8	29.91	58	52	52	49		oc	cum nimb	0				
1873-01-22	19	-52.93	-73.76	888		3		https://s3.amazonaws.com/NARAprodstorage/lz/dc-metro/rg-024/581208/2020-03/581208-omaha-002/581208-omaha-002-160.JPG	https://s3.amazonaws.com/NARAprodstorage/lz/dc-metro/rg-024/581208/2020-03/581208-omaha-002/581208-omaha-002-160.JPG	 						281	302	8	29.91	58	52	52	49		ocr	cum nimb	0				
1873-01-22	20	-52.93	-73.76			a		https://s3.amazonaws.com/NARAprodstorage/lz/dc-metro/rg-024/581208/2020-03/581208-omaha-002/581208-omaha-002-160.JPG	https://s3.amazonaws.com/NARAprodstorage/lz/dc-metro/rg-024/581208/2020-03/581208-omaha-002/581208-omaha-002-160.JPG	 						270	291	16	29.91	58	52	52	49		ocqr	nimb	0				
1873-01-22	21	-52.93	-73.76			a		https://s3.amazonaws.com/NARAprodstorage/lz/dc-metro/rg-024/581208/2020-03/581208-omaha-002/581208-omaha-002-160.JPG	https://s3.amazonaws.com/NARAprodstorage/lz/dc-metro/rg-024/581208/2020-03/581208-omaha-002/581208-omaha-002-160.JPG	 						270	291	4	29.92	58	51	51	49		ocqru	nimb	0				
1873-01-22	22	-52.93	-73.76			a		https://s3.amazonaws.com/NARAprodstorage/lz/dc-metro/rg-024/581208/2020-03/581208-omaha-002/581208-omaha-002-160.JPG	https://s3.amazonaws.com/NARAprodstorage/lz/dc-metro/rg-024/581208/2020-03/581208-omaha-002/581208-omaha-002-160.JPG	 						270	291	7	29.93	58	51	51	49		ocqru	nimb	0				
1873-01-22	23	-52.93	-73.76			a		https://s3.amazonaws.com/NARAprodstorage/lz/dc-metro/rg-024/581208/2020-03/581208-omaha-002/581208-omaha-002-160.JPG	https://s3.amazonaws.com/NARAprodstorage/lz/dc-metro/rg-024/581208/2020-03/581208-omaha-002/581208-omaha-002-160.JPG	 						888	888	5	29.94	58	50	50	49		ocmq	cum nimb	0				
1873-01-22	24	-52.93	-73.76			a		https://s3.amazonaws.com/NARAprodstorage/lz/dc-metro/rg-024/581208/2020-03/581208-omaha-002/581208-omaha-002-160.JPG	https://s3.amazonaws.com/NARAprodstorage/lz/dc-metro/rg-024/581208/2020-03/581208-omaha-002/581208-omaha-002-160.JPG	 						888	888	7	29.95	58	50	50	49		bc	cum nimb	0				
1873-01-23	1	-52.93	-73.76			a		https://s3.amazonaws.com/NARAprodstorage/lz/dc-metro/rg-024/581208/2020-03/581208-omaha-002/581208-omaha-002-161.JPG	https://s3.amazonaws.com/NARAprodstorage/lz/dc-metro/rg-024/581208/2020-03/581208-omaha-002/581208-omaha-002-162.JPG	 						292	314	2	29.89	59	51	50	48		oc	nimb	0				
1873-01-23	2	-52.93	-73.76			a		https://s3.amazonaws.com/NARAprodstorage/lz/dc-metro/rg-024/581208/2020-03/581208-omaha-002/581208-omaha-002-161.JPG	https://s3.amazonaws.com/NARAprodstorage/lz/dc-metro/rg-024/581208/2020-03/581208-omaha-002/581208-omaha-002-161.JPG	 						292	314	2	29.89	59	51	50	48		oc	nimb	0				
1873-01-23	3	-52.93	-73.76			a		https://s3.amazonaws.com/NARAprodstorage/lz/dc-metro/rg-024/581208/2020-03/581208-omaha-002/581208-omaha-002-161.JPG	https://s3.amazonaws.com/NARAprodstorage/lz/dc-metro/rg-024/581208/2020-03/581208-omaha-002/581208-omaha-002-161.JPG	 						292	314	2	29.89	59	51	50	48		oc	nimb	0				
1873-01-23	4	-52.93	-73.76			a		https://s3.amazonaws.com/NARAprodstorage/lz/dc-metro/rg-024/581208/2020-03/581208-omaha-002/581208-omaha-002-161.JPG	https://s3.amazonaws.com/NARAprodstorage/lz/dc-metro/rg-024/581208/2020-03/581208-omaha-002/581208-omaha-002-161.JPG	 						292	314	2	29.89	59	51	50	48		ocq	nimb	0				
1873-01-23	5	-52.93	-73.76			a		https://s3.amazonaws.com/NARAprodstorage/lz/dc-metro/rg-024/581208/2020-03/581208-omaha-002/581208-omaha-002-161.JPG	https://s3.amazonaws.com/NARAprodstorage/lz/dc-metro/rg-024/581208/2020-03/581208-omaha-002/581208-omaha-002-161.JPG	0505: Got Underway. Stood out of Port Tamar.						292	314	8	29.85	57	53	53	48		ocq	nimb	0				
1873-01-23	6	-52.88	-73.95	888		9		https://s3.amazonaws.com/NARAprodstorage/lz/dc-metro/rg-024/581208/2020-03/581208-omaha-002/581208-omaha-002-161.JPG	https://s3.amazonaws.com/NARAprodstorage/lz/dc-metro/rg-024/581208/2020-03/581208-omaha-002/581208-omaha-002-161.JPG	 					v	292	314	8	29.85	57	53	53	48		ocq	nimb	0				
1873-01-23	7	-52.83	-74.14	888		9		https://s3.amazonaws.com/NARAprodstorage/lz/dc-metro/rg-024/581208/2020-03/581208-omaha-002/581208-omaha-002-161.JPG	https://s3.amazonaws.com/NARAprodstorage/lz/dc-metro/rg-024/581208/2020-03/581208-omaha-002/581208-omaha-002-161.JPG	 					v	360	21	13	29.85	57	53	53	48		ocq	nimb	0				
1873-01-23	8	-52.78	-74.32	888		8.4		https://s3.amazonaws.com/NARAprodstorage/lz/dc-metro/rg-024/581208/2020-03/581208-omaha-002/581208-omaha-002-161.JPG	https://s3.amazonaws.com/NARAprodstorage/lz/dc-metro/rg-024/581208/2020-03/581208-omaha-002/581208-omaha-002-161.JPG	8AM: Cape Pillar brg W1/4S.					v	360	21	13	29.82	57	51	50	48		ocq	nimb	0				
1873-01-23	9	-52.74	-74.49	888		8.4		https://s3.amazonaws.com/NARAprodstorage/lz/dc-metro/rg-024/581208/2020-03/581208-omaha-002/581208-omaha-002-161.JPG	https://s3.amazonaws.com/NARAprodstorage/lz/dc-metro/rg-024/581208/2020-03/581208-omaha-002/581208-omaha-002-161.JPG	 					v	349	10	19	29.8	56	51	51	50		ocq	cum nimb	0				
1873-01-23	10	-52.69	-74.66	888		8		https://s3.amazonaws.com/NARAprodstorage/lz/dc-metro/rg-024/581208/2020-03/581208-omaha-002/581208-omaha-002-161.JPG	https://s3.amazonaws.com/NARAprodstorage/lz/dc-metro/rg-024/581208/2020-03/581208-omaha-002/581208-omaha-002-161.JPG	1000: Cape Pillar brg S1/2W dist 2 mi.					v	338	358	19	29.77	56	51	51	50		ocq	cum nimb	0				
1873-01-23	11	-52.64	-74.87	270		8.2		https://s3.amazonaws.com/NARAprodstorage/lz/dc-metro/rg-024/581208/2020-03/581208-omaha-002/581208-omaha-002-161.JPG	https://s3.amazonaws.com/NARAprodstorage/lz/dc-metro/rg-024/581208/2020-03/581208-omaha-002/581208-omaha-002-161.JPG	 					w	338	358	24	29.74	56	52	52	50		ocq	cum nimb	1				
1873-01-23	12	-52.58	-75.08	270		8		https://s3.amazonaws.com/NARAprodstorage/lz/dc-metro/rg-024/581208/2020-03/581208-omaha-002/581208-omaha-002-161.JPG	https://s3.amazonaws.com/NARAprodstorage/lz/dc-metro/rg-024/581208/2020-03/581208-omaha-002/581208-omaha-002-161.JPG	 			52 35S	75 5W	w	326	347	19	29.72	57	53	53	50		ocq	cum nimb	1				
1873-01-23	13	-52.56	-75.29	270		8.4		https://s3.amazonaws.com/NARAprodstorage/lz/dc-metro/rg-024/581208/2020-03/581208-omaha-002/581208-omaha-002-161.JPG	https://s3.amazonaws.com/NARAprodstorage/lz/dc-metro/rg-024/581208/2020-03/581208-omaha-002/581208-omaha-002-161.JPG	 					w	315	336	19	29.68	57	52	52	50		ocq	cum nimnb	0				
1873-01-23	14	-52.55	-75.41	270		5		https://s3.amazonaws.com/NARAprodstorage/lz/dc-metro/rg-024/581208/2020-03/581208-omaha-002/581208-omaha-002-161.JPG	https://s3.amazonaws.com/NARAprodstorage/lz/dc-metro/rg-024/581208/2020-03/581208-omaha-002/581208-omaha-002-161.JPG	 					w	326	347	30	29.65	57	55	53	50		ocq	cum nimnb	0				
1873-01-23	15	-52.55	-75.53	270		5		https://s3.amazonaws.com/NARAprodstorage/lz/dc-metro/rg-024/581208/2020-03/581208-omaha-002/581208-omaha-002-161.JPG	https://s3.amazonaws.com/NARAprodstorage/lz/dc-metro/rg-024/581208/2020-03/581208-omaha-002/581208-omaha-002-161.JPG	 					w	326	347	30	29.6	57	54	53	50		ocq	cum nimnb	0				
1873-01-23	16	-52.54	-75.68	270		6		https://s3.amazonaws.com/NARAprodstorage/lz/dc-metro/rg-024/581208/2020-03/581208-omaha-002/581208-omaha-002-161.JPG	https://s3.amazonaws.com/NARAprodstorage/lz/dc-metro/rg-024/581208/2020-03/581208-omaha-002/581208-omaha-002-161.JPG	 					w	338	358	30	29.57	57	54	54	50		ocq	cum nimnb	0				
1873-01-23	17	-52.53	-75.83	270		6		https://s3.amazonaws.com/NARAprodstorage/lz/dc-metro/rg-024/581208/2020-03/581208-omaha-002/581208-omaha-002-161.JPG	https://s3.amazonaws.com/NARAprodstorage/lz/dc-metro/rg-024/581208/2020-03/581208-omaha-002/581208-omaha-002-161.JPG	 					w	349	10	30	29.55	58	49	50	50		ocq	cum nimnb	0				
1873-01-23	18	-52.53	-75.95	270		5		https://s3.amazonaws.com/NARAprodstorage/lz/dc-metro/rg-024/581208/2020-03/581208-omaha-002/581208-omaha-002-161.JPG	https://s3.amazonaws.com/NARAprodstorage/lz/dc-metro/rg-024/581208/2020-03/581208-omaha-002/581208-omaha-002-161.JPG	 					w	349	10	30	29.55	58	52	51	50		ocq	cum nimnb	0				
1873-01-23	19	-52.53	-76.05	270		4.2		https://s3.amazonaws.com/NARAprodstorage/lz/dc-metro/rg-024/581208/2020-03/581208-omaha-002/581208-omaha-002-161.JPG	https://s3.amazonaws.com/NARAprodstorage/lz/dc-metro/rg-024/581208/2020-03/581208-omaha-002/581208-omaha-002-161.JPG	 					w	349	10	37	29.5	57	50	50	50		ocqr	cum nimnb	0				
1873-01-23	20	-52.53	-76.15	270		4		https://s3.amazonaws.com/NARAprodstorage/lz/dc-metro/rg-024/581208/2020-03/581208-omaha-002/581208-omaha-002-161.JPG	https://s3.amazonaws.com/NARAprodstorage/lz/dc-metro/rg-024/581208/2020-03/581208-omaha-002/581208-omaha-002-161.JPG	 					w	349	10	34	29.55	57	49	49	50		ocqr	cum nimnb	0				
1873-01-23	21	-52.55	-76.25	253.12		4		https://s3.amazonaws.com/NARAprodstorage/lz/dc-metro/rg-024/581208/2020-03/581208-omaha-002/581208-omaha-002-161.JPG	https://s3.amazonaws.com/NARAprodstorage/lz/dc-metro/rg-024/581208/2020-03/581208-omaha-002/581208-omaha-002-161.JPG	 					wxs1/2s	349	10	34	29.5	59	51	51	50		ocqr	nimb	0				
1873-01-23	22	-52.58	-76.37	247.5		4.6		https://s3.amazonaws.com/NARAprodstorage/lz/dc-metro/rg-024/581208/2020-03/581208-omaha-002/581208-omaha-002-161.JPG	https://s3.amazonaws.com/NARAprodstorage/lz/dc-metro/rg-024/581208/2020-03/581208-omaha-002/581208-omaha-002-161.JPG	 					wsw	349	10	30	29.45	58	51	51	50		ocqr	nimb	0				
1873-01-23	23	-52.62	-76.51	239.06		5.4		https://s3.amazonaws.com/NARAprodstorage/lz/dc-metro/rg-024/581208/2020-03/581208-omaha-002/581208-omaha-002-161.JPG	https://s3.amazonaws.com/NARAprodstorage/lz/dc-metro/rg-024/581208/2020-03/581208-omaha-002/581208-omaha-002-161.JPG	 					swxw1/4w	338	358	37	29.4	58	51	51	50		ocqr	nimb	0				
1873-01-23	24	-52.65	-76.65	247.5		5		https://s3.amazonaws.com/NARAprodstorage/lz/dc-metro/rg-024/581208/2020-03/581208-omaha-002/581208-omaha-002-161.JPG	https://s3.amazonaws.com/NARAprodstorage/lz/dc-metro/rg-024/581208/2020-03/581208-omaha-002/581208-omaha-002-161.JPG	 					wsw	338	358	44	29.55	58	51	51	50		ocqr	nimb	0				
1873-01-24	1	-52.68	-76.75	247.5		4		https://s3.amazonaws.com/NARAprodstorage/lz/dc-metro/rg-024/581208/2020-03/581208-omaha-002/581208-omaha-002-163.JPG	https://s3.amazonaws.com/NARAprodstorage/lz/dc-metro/rg-024/581208/2020-03/581208-omaha-002/581208-omaha-002-163.JPG	 					wsw	338	358	40	29.4	57	51	51	50		ocqr	nimb	0				
1873-01-24	2	-52.7	-76.84	258.75		3.4		https://s3.amazonaws.com/NARAprodstorage/lz/dc-metro/rg-024/581208/2020-03/581208-omaha-002/581208-omaha-002-163.JPG	https://s3.amazonaws.com/NARAprodstorage/lz/dc-metro/rg-024/581208/2020-03/581208-omaha-002/581208-omaha-002-163.JPG	 					wxs	338	358	30	29.4	57	51	51	50		ocqr	nimb	0				
1873-01-24	3	-52.72	-76.89	258.75		2		https://s3.amazonaws.com/NARAprodstorage/lz/dc-metro/rg-024/581208/2020-03/581208-omaha-002/581208-omaha-002-163.JPG	https://s3.amazonaws.com/NARAprodstorage/lz/dc-metro/rg-024/581208/2020-03/581208-omaha-002/581208-omaha-002-163.JPG	 					wxs	338	358	30	29.38	57	51	51	50		ocqr	nimb	0				
1873-01-24	4	-52.75	-76.91	258.75		1		https://s3.amazonaws.com/NARAprodstorage/lz/dc-metro/rg-024/581208/2020-03/581208-omaha-002/581208-omaha-002-163.JPG	https://s3.amazonaws.com/NARAprodstorage/lz/dc-metro/rg-024/581208/2020-03/581208-omaha-002/581208-omaha-002-163.JPG	 					wxs	338	358	24	29.38	57	51	51	50		ocqr	nimb	0				
1873-01-24	5	-52.77	-76.94	270		1.2		https://s3.amazonaws.com/NARAprodstorage/lz/dc-metro/rg-024/581208/2020-03/581208-omaha-002/581208-omaha-002-163.JPG	https://s3.amazonaws.com/NARAprodstorage/lz/dc-metro/rg-024/581208/2020-03/581208-omaha-002/581208-omaha-002-163.JPG	 					w	349	10	19	29.35	57	50	51	50		ocqr	nimb	0				
1873-01-24	6	-52.79	-76.95	275.62		1		https://s3.amazonaws.com/NARAprodstorage/lz/dc-metro/rg-024/581208/2020-03/581208-omaha-002/581208-omaha-002-163.JPG	https://s3.amazonaws.com/NARAprodstorage/lz/dc-metro/rg-024/581208/2020-03/581208-omaha-002/581208-omaha-002-163.JPG	 					w1/2n	360	21	19	29.35	57	49	50	50		ocqr	nimb	0				
1873-01-24	7	-52.81	-76.99	258.75		1.4		https://s3.amazonaws.com/NARAprodstorage/lz/dc-metro/rg-024/581208/2020-03/581208-omaha-002/581208-omaha-002-163.JPG	https://s3.amazonaws.com/NARAprodstorage/lz/dc-metro/rg-024/581208/2020-03/581208-omaha-002/581208-omaha-002-163.JPG	 					wxs	326	347	13	29.35	57	49	50	50		ocqr	nimb	0				
1873-01-24	8	-52.84	-77.04	247.5		2		https://s3.amazonaws.com/NARAprodstorage/lz/dc-metro/rg-024/581208/2020-03/581208-omaha-002/581208-omaha-002-163.JPG	https://s3.amazonaws.com/NARAprodstorage/lz/dc-metro/rg-024/581208/2020-03/581208-omaha-002/581208-omaha-002-163.JPG	 					wsw	315	336	18	29.36	55	49	50	50		ocqr	nimb	0				
1873-01-24	9	-52.88	-77.1	233.44		2.4		https://s3.amazonaws.com/NARAprodstorage/lz/dc-metro/rg-024/581208/2020-03/581208-omaha-002/581208-omaha-002-163.JPG	https://s3.amazonaws.com/NARAprodstorage/lz/dc-metro/rg-024/581208/2020-03/581208-omaha-002/581208-omaha-002-163.JPG	 					sw3/4w	304	325	13	29.37	55	49	50	50		ocq	cum nimb	0				
1873-01-24	10	-52.91	-77.21	250.31		4.4		https://s3.amazonaws.com/NARAprodstorage/lz/dc-metro/rg-024/581208/2020-03/581208-omaha-002/581208-omaha-002-163.JPG	https://s3.amazonaws.com/NARAprodstorage/lz/dc-metro/rg-024/581208/2020-03/581208-omaha-002/581208-omaha-002-163.JPG	 					wsw1/4w	304	325	16	29.4	55	50	51	50		ocmf	cum nimb	0				
1873-01-24	11	-52.92	-77.34	255.94		4.6		https://s3.amazonaws.com/NARAprodstorage/lz/dc-metro/rg-024/581208/2020-03/581208-omaha-002/581208-omaha-002-163.JPG	https://s3.amazonaws.com/NARAprodstorage/lz/dc-metro/rg-024/581208/2020-03/581208-omaha-002/581208-omaha-002-163.JPG	 					wsw3/4w	292	314	16	29.42	54	49	50	50		ocqmf	cum nimb	0				
1873-01-24	12	-53	-77.45	213.75		5.2		https://s3.amazonaws.com/NARAprodstorage/lz/dc-metro/rg-024/581208/2020-03/581208-omaha-002/581208-omaha-002-163.JPG	https://s3.amazonaws.com/NARAprodstorage/lz/dc-metro/rg-024/581208/2020-03/581208-omaha-002/581208-omaha-002-163.JPG	 			53S	77 27W	swxs	292	314	16	29.43	54	47	48	49		ocfq	cum nimb	0				
1873-01-24	13	-52.96	-77.33	25.31		5		https://s3.amazonaws.com/NARAprodstorage/lz/dc-metro/rg-024/581208/2020-03/581208-omaha-002/581208-omaha-002-163.JPG	https://s3.amazonaws.com/NARAprodstorage/lz/dc-metro/rg-024/581208/2020-03/581208-omaha-002/581208-omaha-002-163.JPG	 					nne1/4e	315	336	24	29.39	54	47	48	49		ocrfq	nimb	0				
1873-01-24	14	-52.98	-77.36	219		1.9		https://s3.amazonaws.com/NARAprodstorage/lz/dc-metro/rg-024/581208/2020-03/581208-omaha-002/581208-omaha-002-163.JPG	https://s3.amazonaws.com/NARAprodstorage/lz/dc-metro/rg-024/581208/2020-03/581208-omaha-002/581208-omaha-002-163.JPG	 					nexn|sw3/4s	315	336	19	29.41	56	49	48	48		bcfq	cir nimb	4				
1873-01-24	15	-53.03	-77.47	216.56		5		https://s3.amazonaws.com/NARAprodstorage/lz/dc-metro/rg-024/581208/2020-03/581208-omaha-002/581208-omaha-002-163.JPG	https://s3.amazonaws.com/NARAprodstorage/lz/dc-metro/rg-024/581208/2020-03/581208-omaha-002/581208-omaha-002-163.JPG	 					sw3/4s	315	336	19	29.43	56	49	48	48		ocrq	nim	0				
1873-01-24	16	-53.1	-77.57	208.12		5.4		https://s3.amazonaws.com/NARAprodstorage/lz/dc-metro/rg-024/581208/2020-03/581208-omaha-002/581208-omaha-002-163.JPG	https://s3.amazonaws.com/NARAprodstorage/lz/dc-metro/rg-024/581208/2020-03/581208-omaha-002/581208-omaha-002-163.JPG	 					ssw1/2w	304	325	24	29.42	56	49	48	48		ocrq	nim	0				
1873-01-24	17	-53.16	-77.65	208.12		4.6		https://s3.amazonaws.com/NARAprodstorage/lz/dc-metro/rg-024/581208/2020-03/581208-omaha-002/581208-omaha-002-163.JPG	https://s3.amazonaws.com/NARAprodstorage/lz/dc-metro/rg-024/581208/2020-03/581208-omaha-002/581208-omaha-002-163.JPG	 					ssw1/2w	304	325	30	29.45	56	46	45	48		ocrq	nim	0				
1873-01-24	18	-53.21	-77.75	213.75		4.6		https://s3.amazonaws.com/NARAprodstorage/lz/dc-metro/rg-024/581208/2020-03/581208-omaha-002/581208-omaha-002-163.JPG	https://s3.amazonaws.com/NARAprodstorage/lz/dc-metro/rg-024/581208/2020-03/581208-omaha-002/581208-omaha-002-163.JPG	 					swxs	304	325	30	29.44	56	46	45	48		ocrq	nim	0				
1873-01-24	19	-53.26	-77.86	225		5.2		https://s3.amazonaws.com/NARAprodstorage/lz/dc-metro/rg-024/581208/2020-03/581208-omaha-002/581208-omaha-002-163.JPG	https://s3.amazonaws.com/NARAprodstorage/lz/dc-metro/rg-024/581208/2020-03/581208-omaha-002/581208-omaha-002-163.JPG	 					sw	315	336	30	29.44	55	46	47	47		ocrq	nim	0				
1873-01-24	20	-53.29	-77.99	230.62		5.4		https://s3.amazonaws.com/NARAprodstorage/lz/dc-metro/rg-024/581208/2020-03/581208-omaha-002/581208-omaha-002-163.JPG	https://s3.amazonaws.com/NARAprodstorage/lz/dc-metro/rg-024/581208/2020-03/581208-omaha-002/581208-omaha-002-163.JPG	 					sw1/2w	315	336	33	29.44	54	46	46	48		ocrq	nim	0				
1873-01-24	21	-53.32	-78.12	236.25		5.2		https://s3.amazonaws.com/NARAprodstorage/lz/dc-metro/rg-024/581208/2020-03/581208-omaha-002/581208-omaha-002-163.JPG	https://s3.amazonaws.com/NARAprodstorage/lz/dc-metro/rg-024/581208/2020-03/581208-omaha-002/581208-omaha-002-163.JPG	 					swxw	315	336	28	29.38	54	47	46	48		ocqrm	nim	0				
1873-01-24	22	-53.34	-78.22	236.25		4		https://s3.amazonaws.com/NARAprodstorage/lz/dc-metro/rg-024/581208/2020-03/581208-omaha-002/581208-omaha-002-163.JPG	https://s3.amazonaws.com/NARAprodstorage/lz/dc-metro/rg-024/581208/2020-03/581208-omaha-002/581208-omaha-002-163.JPG	 					swxw	315	336	37	29.33	54	46	46	48		ocqrm	nim	0				
1873-01-24	23	-53.36	-78.28	236.25		3		https://s3.amazonaws.com/NARAprodstorage/lz/dc-metro/rg-024/581208/2020-03/581208-omaha-002/581208-omaha-002-163.JPG	https://s3.amazonaws.com/NARAprodstorage/lz/dc-metro/rg-024/581208/2020-03/581208-omaha-002/581208-omaha-002-163.JPG	 					swxw	315	336	37	29.35	54	46	46	48		ocqr	nim	0				
1873-01-24	24	-53.41	-78.35	213.75		3.6		https://s3.amazonaws.com/NARAprodstorage/lz/dc-metro/rg-024/581208/2020-03/581208-omaha-002/581208-omaha-002-163.JPG	https://s3.amazonaws.com/NARAprodstorage/lz/dc-metro/rg-024/581208/2020-03/581208-omaha-002/581208-omaha-002-163.JPG	 					swxs	292	314	30	29.4	54	47	46	48		bc	cum nimb	6				
1873-01-25	1	-53.47	-78.41	196.88		4		https://s3.amazonaws.com/NARAprodstorage/lz/dc-metro/rg-024/581208/2020-03/581208-omaha-002/581208-omaha-002-164.JPG	https://s3.amazonaws.com/NARAprodstorage/lz/dc-metro/rg-024/581208/2020-03/581208-omaha-002/581208-omaha-002-164.JPG	 					sxw1/2w	292	314	24	29.39	53	47	47	48		ocqd	nim	0				
1873-01-25	2	-53.52	-78.46	196.88		3.6		https://s3.amazonaws.com/NARAprodstorage/lz/dc-metro/rg-024/581208/2020-03/581208-omaha-002/581208-omaha-002-164.JPG	https://s3.amazonaws.com/NARAprodstorage/lz/dc-metro/rg-024/581208/2020-03/581208-omaha-002/581208-omaha-002-164.JPG	 					sxw1/2w	315	336	19	29.42	53	47	48	48		ocq	nim	0				
1873-01-25	3	-53.57	-78.51	202.5		3.2		https://s3.amazonaws.com/NARAprodstorage/lz/dc-metro/rg-024/581208/2020-03/581208-omaha-002/581208-omaha-002-164.JPG	https://s3.amazonaws.com/NARAprodstorage/lz/dc-metro/rg-024/581208/2020-03/581208-omaha-002/581208-omaha-002-164.JPG	 					ssw	888	888	19	29.39	53	47	48	48		ocq	nim	0				
1873-01-25	4	-53.62	-78.55	202.5		3		https://s3.amazonaws.com/NARAprodstorage/lz/dc-metro/rg-024/581208/2020-03/581208-omaha-002/581208-omaha-002-164.JPG	https://s3.amazonaws.com/NARAprodstorage/lz/dc-metro/rg-024/581208/2020-03/581208-omaha-002/581208-omaha-002-164.JPG	 					ssw	304	325	13	29.41	53	47	48	48		ocq	nim	0				
1873-01-25	5	-53.66	-78.61	213.75		3.2		https://s3.amazonaws.com/NARAprodstorage/lz/dc-metro/rg-024/581208/2020-03/581208-omaha-002/581208-omaha-002-164.JPG	https://s3.amazonaws.com/NARAprodstorage/lz/dc-metro/rg-024/581208/2020-03/581208-omaha-002/581208-omaha-002-164.JPG	 					swxs	315	336	13	29.46	53	47	48	48		ocq	nim	0				
1873-01-25	6	-53.7	-78.68	210.94		3.6		https://s3.amazonaws.com/NARAprodstorage/lz/dc-metro/rg-024/581208/2020-03/581208-omaha-002/581208-omaha-002-164.JPG	https://s3.amazonaws.com/NARAprodstorage/lz/dc-metro/rg-024/581208/2020-03/581208-omaha-002/581208-omaha-002-164.JPG	 					ssw3/4w	315	336	13	29.46	53	47	48	48		ocq	nim	0				
1873-01-25	7	-53.76	-78.76	210.94		4.2		https://s3.amazonaws.com/NARAprodstorage/lz/dc-metro/rg-024/581208/2020-03/581208-omaha-002/581208-omaha-002-164.JPG	https://s3.amazonaws.com/NARAprodstorage/lz/dc-metro/rg-024/581208/2020-03/581208-omaha-002/581208-omaha-002-164.JPG	 					swxs1/4s	315	336	13	29.47	52	47	48	48		ocq	nim	0				
1873-01-25	8	-53.8	-78.83	219.38		3.6		https://s3.amazonaws.com/NARAprodstorage/lz/dc-metro/rg-024/581208/2020-03/581208-omaha-002/581208-omaha-002-164.JPG	https://s3.amazonaws.com/NARAprodstorage/lz/dc-metro/rg-024/581208/2020-03/581208-omaha-002/581208-omaha-002-164.JPG	 					sw1/2s	315	336	13	29.45	52	47	47	48		ocq	nim	1				
1873-01-25	9	-53.83	-78.91	225		3.4		https://s3.amazonaws.com/NARAprodstorage/lz/dc-metro/rg-024/581208/2020-03/581208-omaha-002/581208-omaha-002-164.JPG	https://s3.amazonaws.com/NARAprodstorage/lz/dc-metro/rg-024/581208/2020-03/581208-omaha-002/581208-omaha-002-164.JPG	 					sw	304	325	13	29.44	52	46	47	45		ocq	nim	1				
1873-01-25	10	-53.86	-78.98	225		3.4		https://s3.amazonaws.com/NARAprodstorage/lz/dc-metro/rg-024/581208/2020-03/581208-omaha-002/581208-omaha-002-164.JPG	https://s3.amazonaws.com/NARAprodstorage/lz/dc-metro/rg-024/581208/2020-03/581208-omaha-002/581208-omaha-002-164.JPG	 					sw	304	325	13	29.42	53	46	48	45		ocq	nim	1				
1873-01-25	11	-53.89	-79.06	230.62		3.6		https://s3.amazonaws.com/NARAprodstorage/lz/dc-metro/rg-024/581208/2020-03/581208-omaha-002/581208-omaha-002-164.JPG	https://s3.amazonaws.com/NARAprodstorage/lz/dc-metro/rg-024/581208/2020-03/581208-omaha-002/581208-omaha-002-164.JPG	 					sw1/2w	304	328	13	29.44	53	46	48	45		ocqr	nim	0				
1873-01-25	12	-53.92	-79.18	233.44		5		https://s3.amazonaws.com/NARAprodstorage/lz/dc-metro/rg-024/581208/2020-03/581208-omaha-002/581208-omaha-002-164.JPG	https://s3.amazonaws.com/NARAprodstorage/lz/dc-metro/rg-024/581208/2020-03/581208-omaha-002/581208-omaha-002-164.JPG	 			53 55S	79 11W	sw3/4w	315	339	19	29.4	53	46	48	45		bcq	nim	0				
1873-01-25	13	-53.94	-79.29	236.25		4		https://s3.amazonaws.com/NARAprodstorage/lz/dc-metro/rg-024/581208/2020-03/581208-omaha-002/581208-omaha-002-164.JPG	https://s3.amazonaws.com/NARAprodstorage/lz/dc-metro/rg-024/581208/2020-03/581208-omaha-002/581208-omaha-002-164.JPG	 					swxw	315	339	21	29.38	53	47	48	45		ocq	nimb					
1873-01-25	14	-53.97	-79.39	230.62		3.6		https://s3.amazonaws.com/NARAprodstorage/lz/dc-metro/rg-024/581208/2020-03/581208-omaha-002/581208-omaha-002-164.JPG	https://s3.amazonaws.com/NARAprodstorage/lz/dc-metro/rg-024/581208/2020-03/581208-omaha-002/581208-omaha-002-164.JPG	 					sw1/2w	315	339	19	29.37	53	47	48	45		ocq	nimb					
1873-01-25	15	-53.99	-79.48	233.44		3.2		https://s3.amazonaws.com/NARAprodstorage/lz/dc-metro/rg-024/581208/2020-03/581208-omaha-002/581208-omaha-002-164.JPG	https://s3.amazonaws.com/NARAprodstorage/lz/dc-metro/rg-024/581208/2020-03/581208-omaha-002/581208-omaha-002-164.JPG	 					sw3/4w	315	339	27	29.33	53	47	48	45		ocq	nimb					
1873-01-25	16	-54.02	-79.56	236.25		3.2		https://s3.amazonaws.com/NARAprodstorage/lz/dc-metro/rg-024/581208/2020-03/581208-omaha-002/581208-omaha-002-164.JPG	https://s3.amazonaws.com/NARAprodstorage/lz/dc-metro/rg-024/581208/2020-03/581208-omaha-002/581208-omaha-002-164.JPG	 					swxw	315	339	27	29.28	53	47	48	45		ocq	nimb					
1873-01-25	17	-54.04	-79.65	236.25		3.4		https://s3.amazonaws.com/NARAprodstorage/lz/dc-metro/rg-024/581208/2020-03/581208-omaha-002/581208-omaha-002-164.JPG	https://s3.amazonaws.com/NARAprodstorage/lz/dc-metro/rg-024/581208/2020-03/581208-omaha-002/581208-omaha-002-164.JPG	 					swxw	315	339	24	29.3	53	47	48	46		ocqr	um nim					
1873-01-25	18	-54.06	-79.76	236.25		4		https://s3.amazonaws.com/NARAprodstorage/lz/dc-metro/rg-024/581208/2020-03/581208-omaha-002/581208-omaha-002-164.JPG	https://s3.amazonaws.com/NARAprodstorage/lz/dc-metro/rg-024/581208/2020-03/581208-omaha-002/581208-omaha-002-164.JPG	 					swxw	315	339	24	29.25	53	47	48	46		ocqr	nim					
1873-01-25	19	-54.09	-79.86	230.62		3.6		https://s3.amazonaws.com/NARAprodstorage/lz/dc-metro/rg-024/581208/2020-03/581208-omaha-002/581208-omaha-002-164.JPG	https://s3.amazonaws.com/NARAprodstorage/lz/dc-metro/rg-024/581208/2020-03/581208-omaha-002/581208-omaha-002-164.JPG	 					sw1/2w	315	339	37	29.2	53	47	48	46		ocq	nim					
1873-01-25	20	-54.14	-79.94	208.12		3.6		https://s3.amazonaws.com/NARAprodstorage/lz/dc-metro/rg-024/581208/2020-03/581208-omaha-002/581208-omaha-002-164.JPG	https://s3.amazonaws.com/NARAprodstorage/lz/dc-metro/rg-024/581208/2020-03/581208-omaha-002/581208-omaha-002-164.JPG	 					swxs1/2s	304	328	24	29.23	53	47	46	46		ocq	cum nim					
1873-01-25	21	-54.2	-80.02	202.5		4		https://s3.amazonaws.com/NARAprodstorage/lz/dc-metro/rg-024/581208/2020-03/581208-omaha-002/581208-omaha-002-164.JPG	https://s3.amazonaws.com/NARAprodstorage/lz/dc-metro/rg-024/581208/2020-03/581208-omaha-002/581208-omaha-002-164.JPG	 					ssw	281	305	21	29.22	53	47	46	46		ocq	nim					
1873-01-25	22	-54.26	-80.11	205.31		4.2		https://s3.amazonaws.com/NARAprodstorage/lz/dc-metro/rg-024/581208/2020-03/581208-omaha-002/581208-omaha-002-164.JPG	https://s3.amazonaws.com/NARAprodstorage/lz/dc-metro/rg-024/581208/2020-03/581208-omaha-002/581208-omaha-002-164.JPG	 					ssw1/4w	292	316	27	29.24	53	47	46	46		ocqr	nim					
1873-01-25	23	-54.31	-80.2	208.12		4.4		https://s3.amazonaws.com/NARAprodstorage/lz/dc-metro/rg-024/581208/2020-03/581208-omaha-002/581208-omaha-002-164.JPG	https://s3.amazonaws.com/NARAprodstorage/lz/dc-metro/rg-024/581208/2020-03/581208-omaha-002/581208-omaha-002-164.JPG	 					ssw1/2w	292	316	27	29.23	53	47	46	46		bcqpr	nim					
1873-01-25	24	-54.37	-80.3	208.12		4.2		https://s3.amazonaws.com/NARAprodstorage/lz/dc-metro/rg-024/581208/2020-03/581208-omaha-002/581208-omaha-002-164.JPG	https://s3.amazonaws.com/NARAprodstorage/lz/dc-metro/rg-024/581208/2020-03/581208-omaha-002/581208-omaha-002-164.JPG	 					ssw1/2w	292	316	33	29.22	53	47	46	46		bcqpr	nim					
1873-01-26	1	-54.4	-80.35	213.75		2.4		https://s3.amazonaws.com/NARAprodstorage/lz/dc-metro/rg-024/581208/2020-03/581208-omaha-002/581208-omaha-002-165.JPG	https://s3.amazonaws.com/NARAprodstorage/lz/dc-metro/rg-024/581208/2020-03/581208-omaha-002/581208-omaha-002-165.JPG	 					swxs	292	316	30	29.27	53	46	47	46		ocq	nimb	0				
1873-01-26	2	-54.43	-80.4	213.75		2		https://s3.amazonaws.com/NARAprodstorage/lz/dc-metro/rg-024/581208/2020-03/581208-omaha-002/581208-omaha-002-165.JPG	https://s3.amazonaws.com/NARAprodstorage/lz/dc-metro/rg-024/581208/2020-03/581208-omaha-002/581208-omaha-002-165.JPG	 					swxs	292	316	27	29.25	53	46	47	46		bcq	nimb	3				
1873-01-26	3	-54.47	-80.45	213.75		2.4		https://s3.amazonaws.com/NARAprodstorage/lz/dc-metro/rg-024/581208/2020-03/581208-omaha-002/581208-omaha-002-165.JPG	https://s3.amazonaws.com/NARAprodstorage/lz/dc-metro/rg-024/581208/2020-03/581208-omaha-002/581208-omaha-002-165.JPG	 					swxs	292	316	27	29.25	53	46	47	46		bcq	nimb	3				
1873-01-26	4	-54.51	-80.52	213.75		3		https://s3.amazonaws.com/NARAprodstorage/lz/dc-metro/rg-024/581208/2020-03/581208-omaha-002/581208-omaha-002-165.JPG	https://s3.amazonaws.com/NARAprodstorage/lz/dc-metro/rg-024/581208/2020-03/581208-omaha-002/581208-omaha-002-165.JPG	 					swxs	292	316	27	29.25	53	46	47	46		ocq	nimb	3				
1873-01-26	5	-54.54	-80.59	222.19		2.6		https://s3.amazonaws.com/NARAprodstorage/lz/dc-metro/rg-024/581208/2020-03/581208-omaha-002/581208-omaha-002-165.JPG	https://s3.amazonaws.com/NARAprodstorage/lz/dc-metro/rg-024/581208/2020-03/581208-omaha-002/581208-omaha-002-165.JPG	 					sw1/4s	304	328	27	29.24	51	46	47	46		ocqr	nimb	0				
1873-01-26	6	-54.58	-80.67	213.75		3.2		https://s3.amazonaws.com/NARAprodstorage/lz/dc-metro/rg-024/581208/2020-03/581208-omaha-002/581208-omaha-002-165.JPG	https://s3.amazonaws.com/NARAprodstorage/lz/dc-metro/rg-024/581208/2020-03/581208-omaha-002/581208-omaha-002-165.JPG	 					swxs	292	316	27	29.23	51	46	47	46		ocqr	nimb	1				
1873-01-26	7	-54.62	-80.74	216.56		3.2		https://s3.amazonaws.com/NARAprodstorage/lz/dc-metro/rg-024/581208/2020-03/581208-omaha-002/581208-omaha-002-165.JPG	https://s3.amazonaws.com/NARAprodstorage/lz/dc-metro/rg-024/581208/2020-03/581208-omaha-002/581208-omaha-002-165.JPG	 					sw3/4s	292	316	27	29.24	50	46	47	46		ocqr	nimb	1				
1873-01-26	8	-54.65	-80.82	216.56		3		https://s3.amazonaws.com/NARAprodstorage/lz/dc-metro/rg-024/581208/2020-03/581208-omaha-002/581208-omaha-002-165.JPG	https://s3.amazonaws.com/NARAprodstorage/lz/dc-metro/rg-024/581208/2020-03/581208-omaha-002/581208-omaha-002-165.JPG	 					sw3/4s	292	316	27	29.18	50	46	47	46		ocq	nimb	0				
1873-01-26	9	-54.7	-80.9	213.75		3.4		https://s3.amazonaws.com/NARAprodstorage/lz/dc-metro/rg-024/581208/2020-03/581208-omaha-002/581208-omaha-002-165.JPG	https://s3.amazonaws.com/NARAprodstorage/lz/dc-metro/rg-024/581208/2020-03/581208-omaha-002/581208-omaha-002-165.JPG	 					swxs	292	316	27	29.19	50	46	47	46		ocq	cum nimb	0				
1873-01-26	10	-54.74	-80.98	213.75		3.4		https://s3.amazonaws.com/NARAprodstorage/lz/dc-metro/rg-024/581208/2020-03/581208-omaha-002/581208-omaha-002-165.JPG	https://s3.amazonaws.com/NARAprodstorage/lz/dc-metro/rg-024/581208/2020-03/581208-omaha-002/581208-omaha-002-165.JPG	 					swxs	292	316	27	29.19	50	47	48	46		bcq	cum nimb	1				
1873-01-26	11	-54.78	-81.05	213.75		3.2		https://s3.amazonaws.com/NARAprodstorage/lz/dc-metro/rg-024/581208/2020-03/581208-omaha-002/581208-omaha-002-165.JPG	https://s3.amazonaws.com/NARAprodstorage/lz/dc-metro/rg-024/581208/2020-03/581208-omaha-002/581208-omaha-002-165.JPG	 					swxs	292	316	33	29.16	50	47	48	46		ocq	cum nimb	0				
1873-01-26	12	-54.82	-81.13	219.38		3.2		https://s3.amazonaws.com/NARAprodstorage/lz/dc-metro/rg-024/581208/2020-03/581208-omaha-002/581208-omaha-002-165.JPG	https://s3.amazonaws.com/NARAprodstorage/lz/dc-metro/rg-024/581208/2020-03/581208-omaha-002/581208-omaha-002-165.JPG	 			54 49S	81 8W	sw1/2s	326	350	33	29.14	50	47	48	46		ocq	cum nimb	0				
1873-01-26	13	-54.87	-81.23	202.5		5		https://s3.amazonaws.com/NARAprodstorage/lz/dc-metro/rg-024/581208/2020-03/581208-omaha-002/581208-omaha-002-165.JPG	https://s3.amazonaws.com/NARAprodstorage/lz/dc-metro/rg-024/581208/2020-03/581208-omaha-002/581208-omaha-002-165.JPG	 					ssw	292	316	28	29.14	48	46	47	46		bcq	cum nimb	3				
1873-01-26	14	-54.92	-81.3	196.88		3.4		https://s3.amazonaws.com/NARAprodstorage/lz/dc-metro/rg-024/581208/2020-03/581208-omaha-002/581208-omaha-002-165.JPG	https://s3.amazonaws.com/NARAprodstorage/lz/dc-metro/rg-024/581208/2020-03/581208-omaha-002/581208-omaha-002-165.JPG	 					sxw1/2w	292	316	28	29.15	48	46	47	46		bcq	cum nimb	3				
1873-01-26	15	-54.98	-81.36	191.25		4.4		https://s3.amazonaws.com/NARAprodstorage/lz/dc-metro/rg-024/581208/2020-03/581208-omaha-002/581208-omaha-002-165.JPG	https://s3.amazonaws.com/NARAprodstorage/lz/dc-metro/rg-024/581208/2020-03/581208-omaha-002/581208-omaha-002-165.JPG	 					sxw	281	305	28	29.15	48	46	47	46		ocq	cum nimb	7				
1873-01-26	16	-55.01	-81.39	183		2		https://s3.amazonaws.com/NARAprodstorage/lz/dc-metro/rg-024/581208/2020-03/581208-omaha-002/581208-omaha-002-165.JPG	https://s3.amazonaws.com/NARAprodstorage/lz/dc-metro/rg-024/581208/2020-03/581208-omaha-002/581208-omaha-002-165.JPG	 					s1/2w|nxe	292	316	13	29.15	48	46	47	46		bcq	cum nimb	8				
1873-01-26	17	-54.95	-81.3	16.88		4.4		https://s3.amazonaws.com/NARAprodstorage/lz/dc-metro/rg-024/581208/2020-03/581208-omaha-002/581208-omaha-002-165.JPG	https://s3.amazonaws.com/NARAprodstorage/lz/dc-metro/rg-024/581208/2020-03/581208-omaha-002/581208-omaha-002-165.JPG	 					nxe1/2e	292	316	13	29.18	49	46	46	46		bcq	cum nimb	7				
1873-01-26	18	-54.89	-81.23	8.44		4.4		https://s3.amazonaws.com/NARAprodstorage/lz/dc-metro/rg-024/581208/2020-03/581208-omaha-002/581208-omaha-002-165.JPG	https://s3.amazonaws.com/NARAprodstorage/lz/dc-metro/rg-024/581208/2020-03/581208-omaha-002/581208-omaha-002-165.JPG	 					n3/4e	281	305	19	29.17	49	46	46	46		bcq	cum nimb	7				
1873-01-26	19	-54.83	-81.17	2.81		4.2		https://s3.amazonaws.com/NARAprodstorage/lz/dc-metro/rg-024/581208/2020-03/581208-omaha-002/581208-omaha-002-165.JPG	https://s3.amazonaws.com/NARAprodstorage/lz/dc-metro/rg-024/581208/2020-03/581208-omaha-002/581208-omaha-002-165.JPG	 					n1/4e	281	305	13	29.21	49	46	46	46		bcq	cum nimb	7				
1873-01-26	20	-54.73	-81.08	2.81		6.4		https://s3.amazonaws.com/NARAprodstorage/lz/dc-metro/rg-024/581208/2020-03/581208-omaha-002/581208-omaha-002-165.JPG	https://s3.amazonaws.com/NARAprodstorage/lz/dc-metro/rg-024/581208/2020-03/581208-omaha-002/581208-omaha-002-165.JPG	 					n1/4e	281	305	16	29.2	49	46	46	46		bcq	cum nimb	7				
1873-01-26	21	-54.64	-81	2.81		6		https://s3.amazonaws.com/NARAprodstorage/lz/dc-metro/rg-024/581208/2020-03/581208-omaha-002/581208-omaha-002-165.JPG	https://s3.amazonaws.com/NARAprodstorage/lz/dc-metro/rg-024/581208/2020-03/581208-omaha-002/581208-omaha-002-165.JPG	 					n1/4e	281	305	16	29.27	49	46	46	46		bcq	cum nimb	9				
1873-01-26	22	-54.55	-80.92	360		6		https://s3.amazonaws.com/NARAprodstorage/lz/dc-metro/rg-024/581208/2020-03/581208-omaha-002/581208-omaha-002-165.JPG	https://s3.amazonaws.com/NARAprodstorage/lz/dc-metro/rg-024/581208/2020-03/581208-omaha-002/581208-omaha-002-165.JPG	 					n	270	294	21	29.3	49	46	46	46		bcq	cum nimb	6				
1873-01-26	23	-54.46	-80.87	354.38		6		https://s3.amazonaws.com/NARAprodstorage/lz/dc-metro/rg-024/581208/2020-03/581208-omaha-002/581208-omaha-002-165.JPG	https://s3.amazonaws.com/NARAprodstorage/lz/dc-metro/rg-024/581208/2020-03/581208-omaha-002/581208-omaha-002-165.JPG	 					n1/2w	264	288	21	29.32	49	46	46	46		bcq	cum nimb	9				
1873-01-26	24	-54.37	-80.84	343.12		5.6		https://s3.amazonaws.com/NARAprodstorage/lz/dc-metro/rg-024/581208/2020-03/581208-omaha-002/581208-omaha-002-165.JPG	https://s3.amazonaws.com/NARAprodstorage/lz/dc-metro/rg-024/581208/2020-03/581208-omaha-002/581208-omaha-002-165.JPG	 					nxw1/2w	259	283	13	29.33	49	46	46	46		bcq	cum nimb	9				
1873-01-27	1	-54.3	-80.81	348.75		4		https://s3.amazonaws.com/NARAprodstorage/lz/dc-metro/rg-024/581208/2020-03/581208-omaha-002/581208-omaha-002-166.JPG	https://s3.amazonaws.com/NARAprodstorage/lz/dc-metro/rg-024/581208/2020-03/581208-omaha-002/581208-omaha-002-166.JPG	 					nxw	270	294	13	29.34	50	45	46	46		bq	none	10				
1873-01-27	2	-54.25	-80.79	348.75		3.2		https://s3.amazonaws.com/NARAprodstorage/lz/dc-metro/rg-024/581208/2020-03/581208-omaha-002/581208-omaha-002-166.JPG	https://s3.amazonaws.com/NARAprodstorage/lz/dc-metro/rg-024/581208/2020-03/581208-omaha-002/581208-omaha-002-166.JPG	 					nxw	270	294	16	29.34	50	45	46	46		bcq	nimb	9				
1873-01-27	3	-54.18	-80.75	354.38		4.4		https://s3.amazonaws.com/NARAprodstorage/lz/dc-metro/rg-024/581208/2020-03/581208-omaha-002/581208-omaha-002-166.JPG	https://s3.amazonaws.com/NARAprodstorage/lz/dc-metro/rg-024/581208/2020-03/581208-omaha-002/581208-omaha-002-166.JPG	 					n1/2w	270	294	16	29.34	50	45	46	46		bcq	nimb cum	8				
1873-01-27	4	-54.13	-80.7	360		3.6		https://s3.amazonaws.com/NARAprodstorage/lz/dc-metro/rg-024/581208/2020-03/581208-omaha-002/581208-omaha-002-166.JPG	https://s3.amazonaws.com/NARAprodstorage/lz/dc-metro/rg-024/581208/2020-03/581208-omaha-002/581208-omaha-002-166.JPG	 					n	281	305	16	29.34	50	46	47	46		bcq	nimb cum	6				
1873-01-27	5	-54.06	-80.61	11.25		5		https://s3.amazonaws.com/NARAprodstorage/lz/dc-metro/rg-024/581208/2020-03/581208-omaha-002/581208-omaha-002-166.JPG	https://s3.amazonaws.com/NARAprodstorage/lz/dc-metro/rg-024/581208/2020-03/581208-omaha-002/581208-omaha-002-166.JPG	 					nxe	292	316	16	29.36	50	46	47	46		bcq	nimb cum	2				
1873-01-27	6	-53.98	-80.51	14.06		6		https://s3.amazonaws.com/NARAprodstorage/lz/dc-metro/rg-024/581208/2020-03/581208-omaha-002/581208-omaha-002-166.JPG	https://s3.amazonaws.com/NARAprodstorage/lz/dc-metro/rg-024/581208/2020-03/581208-omaha-002/581208-omaha-002-166.JPG	 					nxe1/4e	292	316	16	29.38	50	46	47	46		bcq	nimb cum	2				
1873-01-27	7	-53.89	-80.37	16.88		7		https://s3.amazonaws.com/NARAprodstorage/lz/dc-metro/rg-024/581208/2020-03/581208-omaha-002/581208-omaha-002-166.JPG	https://s3.amazonaws.com/NARAprodstorage/lz/dc-metro/rg-024/581208/2020-03/581208-omaha-002/581208-omaha-002-166.JPG	 					nxe1/2e	292	316	16	29.38	50	47	48	46		ocq	cir cum nimb	2				
1873-01-27	8	-53.82	-80.23	22.5		6.6		https://s3.amazonaws.com/NARAprodstorage/lz/dc-metro/rg-024/581208/2020-03/581208-omaha-002/581208-omaha-002-166.JPG	https://s3.amazonaws.com/NARAprodstorage/lz/dc-metro/rg-024/581208/2020-03/581208-omaha-002/581208-omaha-002-166.JPG	 					nne	304	328	10	29.4	50	47	46	45		ocq	cir cum nimb	2				
1873-01-27	9	-53.8	-80.09	56.25		5		https://s3.amazonaws.com/NARAprodstorage/lz/dc-metro/rg-024/581208/2020-03/581208-omaha-002/581208-omaha-002-166.JPG	https://s3.amazonaws.com/NARAprodstorage/lz/dc-metro/rg-024/581208/2020-03/581208-omaha-002/581208-omaha-002-166.JPG	 					nexe	315	339	10	29.42	49	47	48	45		ocqr	nimb	2				
1873-01-27	10	-53.81	-80.14	225		2		https://s3.amazonaws.com/NARAprodstorage/lz/dc-metro/rg-024/581208/2020-03/581208-omaha-002/581208-omaha-002-166.JPG	https://s3.amazonaws.com/NARAprodstorage/lz/dc-metro/rg-024/581208/2020-03/581208-omaha-002/581208-omaha-002-166.JPG	 					sw	292	316	10	29.41	49	47	48	45		ocqr	nimb	2				
1873-01-27	11	-53.84	-80.22	225		3.4		https://s3.amazonaws.com/NARAprodstorage/lz/dc-metro/rg-024/581208/2020-03/581208-omaha-002/581208-omaha-002-166.JPG	https://s3.amazonaws.com/NARAprodstorage/lz/dc-metro/rg-024/581208/2020-03/581208-omaha-002/581208-omaha-002-166.JPG	 					sw	292	316	10	29.41	49	47	48	45		ocqr	nimb	2				
1873-01-27	12	-53.83	-80.33	247.5		4		https://s3.amazonaws.com/NARAprodstorage/lz/dc-metro/rg-024/581208/2020-03/581208-omaha-002/581208-omaha-002-166.JPG	https://s3.amazonaws.com/NARAprodstorage/lz/dc-metro/rg-024/581208/2020-03/581208-omaha-002/581208-omaha-002-166.JPG	 			53 50S	80 20W	wsw	326	350	8	29.39	49	47	48	45		ocqr	nimb	2				
1873-01-27	13	-53.84	-80.43	250.31		4.4		https://s3.amazonaws.com/NARAprodstorage/lz/dc-metro/rg-024/581208/2020-03/581208-omaha-002/581208-omaha-002-166.JPG	https://s3.amazonaws.com/NARAprodstorage/lz/dc-metro/rg-024/581208/2020-03/581208-omaha-002/581208-omaha-002-166.JPG	 					wsw1/4w	326	350	13	29.35	51	47	48	48		ocr	nimb	0				
1873-01-27	14	-53.84	-80.52	250.31		4.2		https://s3.amazonaws.com/NARAprodstorage/lz/dc-metro/rg-024/581208/2020-03/581208-omaha-002/581208-omaha-002-166.JPG	https://s3.amazonaws.com/NARAprodstorage/lz/dc-metro/rg-024/581208/2020-03/581208-omaha-002/581208-omaha-002-166.JPG	 					wsw1/4w	326	350	19	29.3	51	47	48	48		ocr	nimb	0				
1873-01-27	15	-53.85	-80.56	247.5		2.4		https://s3.amazonaws.com/NARAprodstorage/lz/dc-metro/rg-024/581208/2020-03/581208-omaha-002/581208-omaha-002-166.JPG	https://s3.amazonaws.com/NARAprodstorage/lz/dc-metro/rg-024/581208/2020-03/581208-omaha-002/581208-omaha-002-166.JPG	 					wsw	326	350	24	29.3	51	47	48	48		ocrq	nimb	0				
1873-01-27	16	-53.88	-80.63	230.62		3.6		https://s3.amazonaws.com/NARAprodstorage/lz/dc-metro/rg-024/581208/2020-03/581208-omaha-002/581208-omaha-002-166.JPG	https://s3.amazonaws.com/NARAprodstorage/lz/dc-metro/rg-024/581208/2020-03/581208-omaha-002/581208-omaha-002-166.JPG	 					sw1/2w	326	350	24	29.21	51	47	48	48		ocrq	nimb	0				
1873-01-27	17	-53.91	-80.72	227.81		4		https://s3.amazonaws.com/NARAprodstorage/lz/dc-metro/rg-024/581208/2020-03/581208-omaha-002/581208-omaha-002-166.JPG	https://s3.amazonaws.com/NARAprodstorage/lz/dc-metro/rg-024/581208/2020-03/581208-omaha-002/581208-omaha-002-166.JPG	 					sw1/4w	315	339	30	29.21	50	48	48	48		ocqr	nimb	0				
1873-01-27	18	-53.95	-80.8	222.19		4.4		https://s3.amazonaws.com/NARAprodstorage/lz/dc-metro/rg-024/581208/2020-03/581208-omaha-002/581208-omaha-002-166.JPG	https://s3.amazonaws.com/NARAprodstorage/lz/dc-metro/rg-024/581208/2020-03/581208-omaha-002/581208-omaha-002-166.JPG	 					sw1/4s	315	339	33	29.17	50	49	48	48		ocqr	nimb	0				
1873-01-27	19	-53.99	-80.89	219.38		4.4		https://s3.amazonaws.com/NARAprodstorage/lz/dc-metro/rg-024/581208/2020-03/581208-omaha-002/581208-omaha-002-166.JPG	https://s3.amazonaws.com/NARAprodstorage/lz/dc-metro/rg-024/581208/2020-03/581208-omaha-002/581208-omaha-002-166.JPG	 					sw1/2s	315	339	37	29.18	50	49	48	48		ocqr	nimb	0				
1873-01-27	20	-54.04	-80.95	210.94		4		https://s3.amazonaws.com/NARAprodstorage/lz/dc-metro/rg-024/581208/2020-03/581208-omaha-002/581208-omaha-002-166.JPG	https://s3.amazonaws.com/NARAprodstorage/lz/dc-metro/rg-024/581208/2020-03/581208-omaha-002/581208-omaha-002-166.JPG	 					swxs1/4s	326	350	37	29.15	50	49	48	48		ocqr	nimb	0				
1873-01-27	21	-54.09	-81.02	210.94		4		https://s3.amazonaws.com/NARAprodstorage/lz/dc-metro/rg-024/581208/2020-03/581208-omaha-002/581208-omaha-002-166.JPG	https://s3.amazonaws.com/NARAprodstorage/lz/dc-metro/rg-024/581208/2020-03/581208-omaha-002/581208-omaha-002-166.JPG	 					swxs1/4s	292	316	37	29.15	50	49	48	48		ocqr	nimb	0				
1873-01-27	22	-54.14	-81.09	208.12		4.2		https://s3.amazonaws.com/NARAprodstorage/lz/dc-metro/rg-024/581208/2020-03/581208-omaha-002/581208-omaha-002-166.JPG	https://s3.amazonaws.com/NARAprodstorage/lz/dc-metro/rg-024/581208/2020-03/581208-omaha-002/581208-omaha-002-166.JPG	 					ssw1/2w	292	316	33	29.13	50	47	48	47		ocrq	nimb	0				
1873-01-27	23	-54.2	-81.16	208.12		4.4		https://s3.amazonaws.com/NARAprodstorage/lz/dc-metro/rg-024/581208/2020-03/581208-omaha-002/581208-omaha-002-166.JPG	https://s3.amazonaws.com/NARAprodstorage/lz/dc-metro/rg-024/581208/2020-03/581208-omaha-002/581208-omaha-002-166.JPG	 					ssw1/2w	292	316	33	29.13	50	47	48	47		ocrq	nimb	0				
1873-01-27	24	-54.25	-81.23	208.12		4.2		https://s3.amazonaws.com/NARAprodstorage/lz/dc-metro/rg-024/581208/2020-03/581208-omaha-002/581208-omaha-002-166.JPG	https://s3.amazonaws.com/NARAprodstorage/lz/dc-metro/rg-024/581208/2020-03/581208-omaha-002/581208-omaha-002-166.JPG	 					ssw1/2w	292	316	33	29.13	50	48	49	48		ocrq	nimb	0				
1873-01-28	1	-54.29	-81.3	219.38		3.6		https://s3.amazonaws.com/NARAprodstorage/lz/dc-metro/rg-024/581208/2020-03/581208-omaha-002/581208-omaha-002-167.JPG	https://s3.amazonaws.com/NARAprodstorage/lz/dc-metro/rg-024/581208/2020-03/581208-omaha-002/581208-omaha-002-167.JPG	 					sw1/2s	304	328	33	29.13	50	49	48	45		ocqr	Nimb	0				
1873-01-28	2	-54.33	-81.36	216.56		3.4		https://s3.amazonaws.com/NARAprodstorage/lz/dc-metro/rg-024/581208/2020-03/581208-omaha-002/581208-omaha-002-167.JPG	https://s3.amazonaws.com/NARAprodstorage/lz/dc-metro/rg-024/581208/2020-03/581208-omaha-002/581208-omaha-002-167.JPG	 					sw3/4s	304	328	33	29.14	50	48	48	45		ocqr	Nimb	0				
1873-01-28	3	-54.37	-81.41	213.75		3.2		https://s3.amazonaws.com/NARAprodstorage/lz/dc-metro/rg-024/581208/2020-03/581208-omaha-002/581208-omaha-002-167.JPG	https://s3.amazonaws.com/NARAprodstorage/lz/dc-metro/rg-024/581208/2020-03/581208-omaha-002/581208-omaha-002-167.JPG	 					swxs	292	316	30	29.16	50	47	46	45		ocq	Nimb	0				
1873-01-28	4	-54.4	-81.46	213.75		3.2		https://s3.amazonaws.com/NARAprodstorage/lz/dc-metro/rg-024/581208/2020-03/581208-omaha-002/581208-omaha-002-167.JPG	https://s3.amazonaws.com/NARAprodstorage/lz/dc-metro/rg-024/581208/2020-03/581208-omaha-002/581208-omaha-002-167.JPG	 					swxs	292	316	27	29.16	49	47	46	45		ocqrm	Nimb	0				
1873-01-28	5	-54.45	-81.5	202.5		3.4		https://s3.amazonaws.com/NARAprodstorage/lz/dc-metro/rg-024/581208/2020-03/581208-omaha-002/581208-omaha-002-167.JPG	https://s3.amazonaws.com/NARAprodstorage/lz/dc-metro/rg-024/581208/2020-03/581208-omaha-002/581208-omaha-002-167.JPG	 					ssw	281	305	28	29.12	49	46	47	45		ocqm	cum nimb	0				
1873-01-28	6	-54.51	-81.56	202.5		4		https://s3.amazonaws.com/NARAprodstorage/lz/dc-metro/rg-024/581208/2020-03/581208-omaha-002/581208-omaha-002-167.JPG	https://s3.amazonaws.com/NARAprodstorage/lz/dc-metro/rg-024/581208/2020-03/581208-omaha-002/581208-omaha-002-167.JPG	 					ssw	281	305	31	29.12	49	46	47	45		ocqm	cum nimb	0				
1873-01-28	7	-54.55	-81.58	196.88		2.4		https://s3.amazonaws.com/NARAprodstorage/lz/dc-metro/rg-024/581208/2020-03/581208-omaha-002/581208-omaha-002-167.JPG	https://s3.amazonaws.com/NARAprodstorage/lz/dc-metro/rg-024/581208/2020-03/581208-omaha-002/581208-omaha-002-167.JPG	 					sxw1/2w	281	305	44	29.12	49	46	47	45		bcq	cum nimb	0				
1873-01-28	8	-54.61	-81.63	196.88		4		https://s3.amazonaws.com/NARAprodstorage/lz/dc-metro/rg-024/581208/2020-03/581208-omaha-002/581208-omaha-002-167.JPG	https://s3.amazonaws.com/NARAprodstorage/lz/dc-metro/rg-024/581208/2020-03/581208-omaha-002/581208-omaha-002-167.JPG	 					sxw1/2w	281	305	51	29.1	49	46	47	45		ocq	cum nimb	0				
1873-01-28	9	-54.66	-81.67	202.5		3.2		https://s3.amazonaws.com/NARAprodstorage/lz/dc-metro/rg-024/581208/2020-03/581208-omaha-002/581208-omaha-002-167.JPG	https://s3.amazonaws.com/NARAprodstorage/lz/dc-metro/rg-024/581208/2020-03/581208-omaha-002/581208-omaha-002-167.JPG	 					ssw	281	305	51	29.11	49	46	47	45		bc	cir nimb	8				
1873-01-28	10	-54.7	-81.69	202.5		2.4		https://s3.amazonaws.com/NARAprodstorage/lz/dc-metro/rg-024/581208/2020-03/581208-omaha-002/581208-omaha-002-167.JPG	https://s3.amazonaws.com/NARAprodstorage/lz/dc-metro/rg-024/581208/2020-03/581208-omaha-002/581208-omaha-002-167.JPG	 					ssw	281	305	51	29.12	49	46	47	45		ocqr	cum nimb	0				
1873-01-28	11	-54.73	-81.71	202.5		2		https://s3.amazonaws.com/NARAprodstorage/lz/dc-metro/rg-024/581208/2020-03/581208-omaha-002/581208-omaha-002-167.JPG	https://s3.amazonaws.com/NARAprodstorage/lz/dc-metro/rg-024/581208/2020-03/581208-omaha-002/581208-omaha-002-167.JPG	 					ssw	281	305	59	29.12	49	46	47	45		bcqr	cum nimb	4				
1873-01-28	12	-54.75	-81.73	230.62		2		https://s3.amazonaws.com/NARAprodstorage/lz/dc-metro/rg-024/581208/2020-03/581208-omaha-002/581208-omaha-002-167.JPG	https://s3.amazonaws.com/NARAprodstorage/lz/dc-metro/rg-024/581208/2020-03/581208-omaha-002/581208-omaha-002-167.JPG	 			54 45S	81 44W	sw1/2w	281	305	59	29.05	48	47	47	47		ocqr	cum nimb	0				
1873-01-28	13	-54.77	-81.74	202.5		1		https://s3.amazonaws.com/NARAprodstorage/lz/dc-metro/rg-024/581208/2020-03/581208-omaha-002/581208-omaha-002-167.JPG	https://s3.amazonaws.com/NARAprodstorage/lz/dc-metro/rg-024/581208/2020-03/581208-omaha-002/581208-omaha-002-167.JPG	 					ssw	276	300	64	29.08	50	48	46	47		ocq	nimb	0				
1873-01-28	14	-54.78	-81.74	191.25		1		https://s3.amazonaws.com/NARAprodstorage/lz/dc-metro/rg-024/581208/2020-03/581208-omaha-002/581208-omaha-002-167.JPG	https://s3.amazonaws.com/NARAprodstorage/lz/dc-metro/rg-024/581208/2020-03/581208-omaha-002/581208-omaha-002-167.JPG	 					sxw	276	300	59	29.15	50	48	46	47		ocq	nimb	0				
1873-01-28	15	-54.81	-81.73	174.38		1.4		https://s3.amazonaws.com/NARAprodstorage/lz/dc-metro/rg-024/581208/2020-03/581208-omaha-002/581208-omaha-002-167.JPG	https://s3.amazonaws.com/NARAprodstorage/lz/dc-metro/rg-024/581208/2020-03/581208-omaha-002/581208-omaha-002-167.JPG	 					s1/2e	270	294	59	29.21	50	47	46	46		ocq	nimb	0				
1873-01-28	16	-54.84	-81.73	174.38		1.4		https://s3.amazonaws.com/NARAprodstorage/lz/dc-metro/rg-024/581208/2020-03/581208-omaha-002/581208-omaha-002-167.JPG	https://s3.amazonaws.com/NARAprodstorage/lz/dc-metro/rg-024/581208/2020-03/581208-omaha-002/581208-omaha-002-167.JPG	 					s1/2e	270	294	59	29.32	50	45	46	46		ocq	nimb	0				
1873-01-28	17	-54.86	-81.72	168.75		1		https://s3.amazonaws.com/NARAprodstorage/lz/dc-metro/rg-024/581208/2020-03/581208-omaha-002/581208-omaha-002-167.JPG	https://s3.amazonaws.com/NARAprodstorage/lz/dc-metro/rg-024/581208/2020-03/581208-omaha-002/581208-omaha-002-167.JPG	 					sxe	248	272	59	29.35	49	45	46	46		ocq	cum nimb	3				
1873-01-28	18	-54.86	-81.7			0		https://s3.amazonaws.com/NARAprodstorage/lz/dc-metro/rg-024/581208/2020-03/581208-omaha-002/581208-omaha-002-167.JPG	https://s3.amazonaws.com/NARAprodstorage/lz/dc-metro/rg-024/581208/2020-03/581208-omaha-002/581208-omaha-002-167.JPG	 						236	260	44	29.41	49	45	46	46		ocq	cum nimb	4				
1873-01-28	19	-54.79	-81.68	337.5		4.4		https://s3.amazonaws.com/NARAprodstorage/lz/dc-metro/rg-024/581208/2020-03/581208-omaha-002/581208-omaha-002-167.JPG	https://s3.amazonaws.com/NARAprodstorage/lz/dc-metro/rg-024/581208/2020-03/581208-omaha-002/581208-omaha-002-167.JPG	 					nnw	248	272	33	29.44	49	45	45	45		bcq	cum nimb	4				
1873-01-28	20	-54.75	-81.67	331.88		3		https://s3.amazonaws.com/NARAprodstorage/lz/dc-metro/rg-024/581208/2020-03/581208-omaha-002/581208-omaha-002-167.JPG	https://s3.amazonaws.com/NARAprodstorage/lz/dc-metro/rg-024/581208/2020-03/581208-omaha-002/581208-omaha-002-167.JPG	 					nnw1/2w	248	272	40	29.5	49	45	45	45		bcq	cum	6				
1873-01-28	21	-54.7	-81.65	331.88		3.2		https://s3.amazonaws.com/NARAprodstorage/lz/dc-metro/rg-024/581208/2020-03/581208-omaha-002/581208-omaha-002-167.JPG	https://s3.amazonaws.com/NARAprodstorage/lz/dc-metro/rg-024/581208/2020-03/581208-omaha-002/581208-omaha-002-167.JPG	 					nnw1/2w	248	272	33	29.56	49	45	45	45		bcq	cum	4				
1873-01-28	22	-54.66	-81.64	337.5		2.4		https://s3.amazonaws.com/NARAprodstorage/lz/dc-metro/rg-024/581208/2020-03/581208-omaha-002/581208-omaha-002-167.JPG	https://s3.amazonaws.com/NARAprodstorage/lz/dc-metro/rg-024/581208/2020-03/581208-omaha-002/581208-omaha-002-167.JPG	 					nnw	259	283	30	29.57	49	45	45	45		bcq	cum nimb	4				
1873-01-28	23	-54.63	-81.62	337.5		2.4		https://s3.amazonaws.com/NARAprodstorage/lz/dc-metro/rg-024/581208/2020-03/581208-omaha-002/581208-omaha-002-167.JPG	https://s3.amazonaws.com/NARAprodstorage/lz/dc-metro/rg-024/581208/2020-03/581208-omaha-002/581208-omaha-002-167.JPG	 					nnw	259	283	30	29.6	49	45	46	45		bcq	cum nimb	8				
1873-01-28	24	-54.59	-81.59	343.12		2.2		https://s3.amazonaws.com/NARAprodstorage/lz/dc-metro/rg-024/581208/2020-03/581208-omaha-002/581208-omaha-002-167.JPG	https://s3.amazonaws.com/NARAprodstorage/lz/dc-metro/rg-024/581208/2020-03/581208-omaha-002/581208-omaha-002-167.JPG	 					nxw1/2w	259	283	24	29.63	49	45	46	45		bcq	cum nimb	5				
1873-01-29	1	-54.52	-81.53	354.38		5		https://s3.amazonaws.com/NARAprodstorage/lz/dc-metro/rg-024/581208/2020-03/581208-omaha-002/581208-omaha-002-168.JPG	https://s3.amazonaws.com/NARAprodstorage/lz/dc-metro/rg-024/581208/2020-03/581208-omaha-002/581208-omaha-002-168.JPG	 					n1/2w	270	294	13	29.65	47	44	45	44		bcq	cum nimb	6				
1873-01-29	2	-54.44	-81.45	357.19		5.4		https://s3.amazonaws.com/NARAprodstorage/lz/dc-metro/rg-024/581208/2020-03/581208-omaha-002/581208-omaha-002-168.JPG	https://s3.amazonaws.com/NARAprodstorage/lz/dc-metro/rg-024/581208/2020-03/581208-omaha-002/581208-omaha-002-168.JPG	 					n1/4w	281	305	8	29.66	47	44	45	44		bc	cum nimb	8				
1873-01-29	3	-54.37	-81.35	11.25		5.2		https://s3.amazonaws.com/NARAprodstorage/lz/dc-metro/rg-024/581208/2020-03/581208-omaha-002/581208-omaha-002-168.JPG	https://s3.amazonaws.com/NARAprodstorage/lz/dc-metro/rg-024/581208/2020-03/581208-omaha-002/581208-omaha-002-168.JPG	 					nxe	292	316	9	29.63	47	44	45	45		bc	cum nimb	7				
1873-01-29	4	-54.31	-81.22	22.5		5.6		https://s3.amazonaws.com/NARAprodstorage/lz/dc-metro/rg-024/581208/2020-03/581208-omaha-002/581208-omaha-002-168.JPG	https://s3.amazonaws.com/NARAprodstorage/lz/dc-metro/rg-024/581208/2020-03/581208-omaha-002/581208-omaha-002-168.JPG	 					nne	304	328	9	29.65	48	46	47	45		bc	cum nimb	4				
1873-01-29	5	-54.27	-81.07	33.75		5.6		https://s3.amazonaws.com/NARAprodstorage/lz/dc-metro/rg-024/581208/2020-03/581208-omaha-002/581208-omaha-002-168.JPG	https://s3.amazonaws.com/NARAprodstorage/lz/dc-metro/rg-024/581208/2020-03/581208-omaha-002/581208-omaha-002-168.JPG	 					nexn	315	339	8	29.61	48	46	47	45		oc	nimb	0				
1873-01-29	6	-54.22	-80.89	39.38		6.2		https://s3.amazonaws.com/NARAprodstorage/lz/dc-metro/rg-024/581208/2020-03/581208-omaha-002/581208-omaha-002-168.JPG	https://s3.amazonaws.com/NARAprodstorage/lz/dc-metro/rg-024/581208/2020-03/581208-omaha-002/581208-omaha-002-168.JPG	 					ne1/2n	304	328	8	29.61	48	46	48	45		ocqr	nimb	0				
1873-01-29	7	-54.16	-80.7	33.75		7.2		https://s3.amazonaws.com/NARAprodstorage/lz/dc-metro/rg-024/581208/2020-03/581208-omaha-002/581208-omaha-002-168.JPG	https://s3.amazonaws.com/NARAprodstorage/lz/dc-metro/rg-024/581208/2020-03/581208-omaha-002/581208-omaha-002-168.JPG	 					nexn	315	339	13	29.59	49	47	48	45		bcr	nimb	4				
1873-01-29	8	-54.09	-80.52	28.12		7.4		https://s3.amazonaws.com/NARAprodstorage/lz/dc-metro/rg-024/581208/2020-03/581208-omaha-002/581208-omaha-002-168.JPG	https://s3.amazonaws.com/NARAprodstorage/lz/dc-metro/rg-024/581208/2020-03/581208-omaha-002/581208-omaha-002-168.JPG	 					nne1/2e	315	339	13	29.59	48	47	48	45		bcq	nimb	4				
1873-01-29	9	-54.01	-80.35	22.5		7.4		https://s3.amazonaws.com/NARAprodstorage/lz/dc-metro/rg-024/581208/2020-03/581208-omaha-002/581208-omaha-002-168.JPG	https://s3.amazonaws.com/NARAprodstorage/lz/dc-metro/rg-024/581208/2020-03/581208-omaha-002/581208-omaha-002-168.JPG	 					nne	326	350	13	29.57	49	48	47	45		bcq	nimb	4				
1873-01-29	10	-53.93	-80.17	22.5		7.6		https://s3.amazonaws.com/NARAprodstorage/lz/dc-metro/rg-024/581208/2020-03/581208-omaha-002/581208-omaha-002-168.JPG	https://s3.amazonaws.com/NARAprodstorage/lz/dc-metro/rg-024/581208/2020-03/581208-omaha-002/581208-omaha-002-168.JPG	 					nne	326	350	19	29.58	49	48	47	45		bcq	nimb	4				
1873-01-29	11	-53.84	-80.01	19.69		7.4		https://s3.amazonaws.com/NARAprodstorage/lz/dc-metro/rg-024/581208/2020-03/581208-omaha-002/581208-omaha-002-168.JPG	https://s3.amazonaws.com/NARAprodstorage/lz/dc-metro/rg-024/581208/2020-03/581208-omaha-002/581208-omaha-002-168.JPG	 					nxe3/4e	326	350	19	29.59	49	48	47	45		ocqr	nimb	0				
1873-01-29	12	-53.77	-79.85	22.5		7		https://s3.amazonaws.com/NARAprodstorage/lz/dc-metro/rg-024/581208/2020-03/581208-omaha-002/581208-omaha-002-168.JPG	https://s3.amazonaws.com/NARAprodstorage/lz/dc-metro/rg-024/581208/2020-03/581208-omaha-002/581208-omaha-002-168.JPG	 			53 46S	79 51W	nne	315	339	19	29.59	49	48	47	45		ocq	nimb	0				
1873-01-29	13	-53.69	-79.69	22.5		6.4		https://s3.amazonaws.com/NARAprodstorage/lz/dc-metro/rg-024/581208/2020-03/581208-omaha-002/581208-omaha-002-168.JPG	https://s3.amazonaws.com/NARAprodstorage/lz/dc-metro/rg-024/581208/2020-03/581208-omaha-002/581208-omaha-002-168.JPG	 					nne	304	328	24	29.54	51	48	48	45		ocqr	cum nimb	0				
1873-01-29	14	-53.63	-79.57	16.88		5		https://s3.amazonaws.com/NARAprodstorage/lz/dc-metro/rg-024/581208/2020-03/581208-omaha-002/581208-omaha-002-168.JPG	https://s3.amazonaws.com/NARAprodstorage/lz/dc-metro/rg-024/581208/2020-03/581208-omaha-002/581208-omaha-002-168.JPG	 					nxe1/2e	304	328	24	29.54	51	48	48	45		ocqr	cum nimb	2				
1873-01-29	15	-53.53	-79.44	11.25		7		https://s3.amazonaws.com/NARAprodstorage/lz/dc-metro/rg-024/581208/2020-03/581208-omaha-002/581208-omaha-002-168.JPG	https://s3.amazonaws.com/NARAprodstorage/lz/dc-metro/rg-024/581208/2020-03/581208-omaha-002/581208-omaha-002-168.JPG	 					nxe	292	316	24	29.53	52	48	49	46		ocq	cum nimb	3				
1873-01-29	16	-53.43	-79.32	2.81		7		https://s3.amazonaws.com/NARAprodstorage/lz/dc-metro/rg-024/581208/2020-03/581208-omaha-002/581208-omaha-002-168.JPG	https://s3.amazonaws.com/NARAprodstorage/lz/dc-metro/rg-024/581208/2020-03/581208-omaha-002/581208-omaha-002-168.JPG	 					n1/4e	281	305	30	29.53	52	48	49	46		bcq	cum nimb	3				
1873-01-29	17	-53.32	-79.22	360		7		https://s3.amazonaws.com/NARAprodstorage/lz/dc-metro/rg-024/581208/2020-03/581208-omaha-002/581208-omaha-002-168.JPG	https://s3.amazonaws.com/NARAprodstorage/lz/dc-metro/rg-024/581208/2020-03/581208-omaha-002/581208-omaha-002-168.JPG	 					n	281	305	30	29.52	52	48	49	46		bcq	cum nimb	6				
1873-01-29	18	-53.22	-79.11	2.81		6.6		https://s3.amazonaws.com/NARAprodstorage/lz/dc-metro/rg-024/581208/2020-03/581208-omaha-002/581208-omaha-002-168.JPG	https://s3.amazonaws.com/NARAprodstorage/lz/dc-metro/rg-024/581208/2020-03/581208-omaha-002/581208-omaha-002-168.JPG	 					n1/4e	281	305	24	29.52	52	48	49	46		bcq	cum nimb	3				
1873-01-29	19	-53.12	-79.01	360		6.2		https://s3.amazonaws.com/NARAprodstorage/lz/dc-metro/rg-024/581208/2020-03/581208-omaha-002/581208-omaha-002-168.JPG	https://s3.amazonaws.com/NARAprodstorage/lz/dc-metro/rg-024/581208/2020-03/581208-omaha-002/581208-omaha-002-168.JPG	 					n	281	305	33	29.5	52	47	48	46		bcq	cum nimb	1				
1873-01-29	20	-53.03	-78.92	360		6		https://s3.amazonaws.com/NARAprodstorage/lz/dc-metro/rg-024/581208/2020-03/581208-omaha-002/581208-omaha-002-168.JPG	https://s3.amazonaws.com/NARAprodstorage/lz/dc-metro/rg-024/581208/2020-03/581208-omaha-002/581208-omaha-002-168.JPG	 					n	281	305	33	29.49	52	47	48	46		ocq	cum nimb	0				
1873-01-29	21	-52.94	-78.85	354.38		5.4		https://s3.amazonaws.com/NARAprodstorage/lz/dc-metro/rg-024/581208/2020-03/581208-omaha-002/581208-omaha-002-168.JPG	https://s3.amazonaws.com/NARAprodstorage/lz/dc-metro/rg-024/581208/2020-03/581208-omaha-002/581208-omaha-002-168.JPG	 					n1/2w	270	294	18	29.5	52	46	47	46		bcqr	Nimb	1				
1873-01-29	22	-52.94	-78.82			0		https://s3.amazonaws.com/NARAprodstorage/lz/dc-metro/rg-024/581208/2020-03/581208-omaha-002/581208-omaha-002-168.JPG	https://s3.amazonaws.com/NARAprodstorage/lz/dc-metro/rg-024/581208/2020-03/581208-omaha-002/581208-omaha-002-168.JPG	 					Layint to	270	294	47	29.51	51	46	47	46		bcqr	Nimb	0				
1873-01-29	23	-52.94	-78.79			0		https://s3.amazonaws.com/NARAprodstorage/lz/dc-metro/rg-024/581208/2020-03/581208-omaha-002/581208-omaha-002-168.JPG	https://s3.amazonaws.com/NARAprodstorage/lz/dc-metro/rg-024/581208/2020-03/581208-omaha-002/581208-omaha-002-168.JPG	 						259	283	47	29.53	51	46	47	46		ocq	Nimb	0				
1873-01-29	24	-52.94	-78.76			0		https://s3.amazonaws.com/NARAprodstorage/lz/dc-metro/rg-024/581208/2020-03/581208-omaha-002/581208-omaha-002-168.JPG	https://s3.amazonaws.com/NARAprodstorage/lz/dc-metro/rg-024/581208/2020-03/581208-omaha-002/581208-omaha-002-168.JPG	 						248	272	47	29.55	52	46	47	46		ocq	Nimb	0				
1873-01-30	1	-52.94	-78.74			0		https://s3.amazonaws.com/NARAprodstorage/lz/dc-metro/rg-024/581208/2020-03/581208-omaha-002/581208-omaha-002-169.JPG	https://s3.amazonaws.com/NARAprodstorage/lz/dc-metro/rg-024/581208/2020-03/581208-omaha-002/581208-omaha-002-169.JPG	 						248	272	47	29.57	51	46	47	46		ocq	nimb	0				
1873-01-30	2	-52.94	-78.71			0		https://s3.amazonaws.com/NARAprodstorage/lz/dc-metro/rg-024/581208/2020-03/581208-omaha-002/581208-omaha-002-169.JPG	https://s3.amazonaws.com/NARAprodstorage/lz/dc-metro/rg-024/581208/2020-03/581208-omaha-002/581208-omaha-002-169.JPG	 						248	272	40	29.62	51	45	46	46		ocq	nimb	2				
1873-01-30	3	-52.91	-78.71	309.38		2		https://s3.amazonaws.com/NARAprodstorage/lz/dc-metro/rg-024/581208/2020-03/581208-omaha-002/581208-omaha-002-169.JPG	https://s3.amazonaws.com/NARAprodstorage/lz/dc-metro/rg-024/581208/2020-03/581208-omaha-002/581208-omaha-002-169.JPG	 					nw1/2w	236	260	30	29.59	51	46	46	46		bcq	nimb	4				
1873-01-30	4	-52.85	-78.68	337.5		3.4		https://s3.amazonaws.com/NARAprodstorage/lz/dc-metro/rg-024/581208/2020-03/581208-omaha-002/581208-omaha-002-169.JPG	https://s3.amazonaws.com/NARAprodstorage/lz/dc-metro/rg-024/581208/2020-03/581208-omaha-002/581208-omaha-002-169.JPG	 					nnw	236	260	27	29.59	50	46	46	46		bcq	nimb	5				
1873-01-30	5	-52.78	-78.64	343.12		4.4		https://s3.amazonaws.com/NARAprodstorage/lz/dc-metro/rg-024/581208/2020-03/581208-omaha-002/581208-omaha-002-169.JPG	https://s3.amazonaws.com/NARAprodstorage/lz/dc-metro/rg-024/581208/2020-03/581208-omaha-002/581208-omaha-002-169.JPG	 					nxw1/2w	236	260	19	29.65	50	45	46	46		bcq	cum	8				
1873-01-30	6	-52.69	-78.59	343.12		5.4		https://s3.amazonaws.com/NARAprodstorage/lz/dc-metro/rg-024/581208/2020-03/581208-omaha-002/581208-omaha-002-169.JPG	https://s3.amazonaws.com/NARAprodstorage/lz/dc-metro/rg-024/581208/2020-03/581208-omaha-002/581208-omaha-002-169.JPG	 					nxw1/2w	202	226	13	29.68	50	45	46	46		bcq	cir cum	5				
1873-01-30	7	-52.61	-78.56	337.5		5		https://s3.amazonaws.com/NARAprodstorage/lz/dc-metro/rg-024/581208/2020-03/581208-omaha-002/581208-omaha-002-169.JPG	https://s3.amazonaws.com/NARAprodstorage/lz/dc-metro/rg-024/581208/2020-03/581208-omaha-002/581208-omaha-002-169.JPG	 					nnw	202	226	13	29.67	50	45	46	46		ocq	nimb	0				
1873-01-30	8	-52.53	-78.54	334.69		4.4		https://s3.amazonaws.com/NARAprodstorage/lz/dc-metro/rg-024/581208/2020-03/581208-omaha-002/581208-omaha-002-169.JPG	https://s3.amazonaws.com/NARAprodstorage/lz/dc-metro/rg-024/581208/2020-03/581208-omaha-002/581208-omaha-002-169.JPG	 					nnw1/4w	236	260	8	29.76	50	45	46	46		bcqr	nimb cum	3				
1873-01-30	9	-52.44	-78.48	348.75		5.4		https://s3.amazonaws.com/NARAprodstorage/lz/dc-metro/rg-024/581208/2020-03/581208-omaha-002/581208-omaha-002-169.JPG	https://s3.amazonaws.com/NARAprodstorage/lz/dc-metro/rg-024/581208/2020-03/581208-omaha-002/581208-omaha-002-169.JPG	 					nxw	270	294	13	29.69	50	45	46	46		ocqr	nimb cum	0				
1873-01-30	10	-52.34	-78.42	348.75		6.2		https://s3.amazonaws.com/NARAprodstorage/lz/dc-metro/rg-024/581208/2020-03/581208-omaha-002/581208-omaha-002-169.JPG	https://s3.amazonaws.com/NARAprodstorage/lz/dc-metro/rg-024/581208/2020-03/581208-omaha-002/581208-omaha-002-169.JPG	 					nxw	270	294	13	29.7	50	46	47	45		bcq	nimb cum	4				
1873-01-30	11	-52.22	-78.35	348.75		7.2		https://s3.amazonaws.com/NARAprodstorage/lz/dc-metro/rg-024/581208/2020-03/581208-omaha-002/581208-omaha-002-169.JPG	https://s3.amazonaws.com/NARAprodstorage/lz/dc-metro/rg-024/581208/2020-03/581208-omaha-002/581208-omaha-002-169.JPG	 					nxw	270	294	13	29.7	50	46	47	45		bc	cum	5				
1873-01-30	12	-52.1	-78.28	348.75		7.6		https://s3.amazonaws.com/NARAprodstorage/lz/dc-metro/rg-024/581208/2020-03/581208-omaha-002/581208-omaha-002-169.JPG	https://s3.amazonaws.com/NARAprodstorage/lz/dc-metro/rg-024/581208/2020-03/581208-omaha-002/581208-omaha-002-169.JPG	 			52 6S	78 17W	nxw	270	294	13	29.7	50	46	48	45		bc	cum	8				
1873-01-30	13	-52.03	-78.45	275.62		8		https://s3.amazonaws.com/NARAprodstorage/lz/dc-metro/rg-024/581208/2020-03/581208-omaha-002/581208-omaha-002-169.JPG	https://s3.amazonaws.com/NARAprodstorage/lz/dc-metro/rg-024/581208/2020-03/581208-omaha-002/581208-omaha-002-169.JPG	 					w1/2n	270	294	13	29.71	50	47	48	45		bc	cir cum	8				
1873-01-30	14	-51.89	-78.42	337.5		8		https://s3.amazonaws.com/NARAprodstorage/lz/dc-metro/rg-024/581208/2020-03/581208-omaha-002/581208-omaha-002-169.JPG	https://s3.amazonaws.com/NARAprodstorage/lz/dc-metro/rg-024/581208/2020-03/581208-omaha-002/581208-omaha-002-169.JPG	 					nnw	259	283	13	29.73	50	49	49	46		bc	cir cum	5				
1873-01-30	15	-51.75	-78.39	337.5		8		https://s3.amazonaws.com/NARAprodstorage/lz/dc-metro/rg-024/581208/2020-03/581208-omaha-002/581208-omaha-002-169.JPG	https://s3.amazonaws.com/NARAprodstorage/lz/dc-metro/rg-024/581208/2020-03/581208-omaha-002/581208-omaha-002-169.JPG	 					nnw	259	283	13	29.75	50	49	49	46		bc	cir cum	7				
1873-01-30	16	-51.61	-78.4	326.25		8		https://s3.amazonaws.com/NARAprodstorage/lz/dc-metro/rg-024/581208/2020-03/581208-omaha-002/581208-omaha-002-169.JPG	https://s3.amazonaws.com/NARAprodstorage/lz/dc-metro/rg-024/581208/2020-03/581208-omaha-002/581208-omaha-002-169.JPG	 					nwxn	248	272	13	29.77	50	49	49	46		bc	cir cum	8				
1873-01-30	17	-51.48	-78.48	309.38		8.4		https://s3.amazonaws.com/NARAprodstorage/lz/dc-metro/rg-024/581208/2020-03/581208-omaha-002/581208-omaha-002-169.JPG	https://s3.amazonaws.com/NARAprodstorage/lz/dc-metro/rg-024/581208/2020-03/581208-omaha-002/581208-omaha-002-169.JPG	 					nw1/2w	236	260	13	29.8	50	48	47	45		bc	cir cum	8				
1873-01-30	18	-51.36	-78.56	306.56		8.2		https://s3.amazonaws.com/NARAprodstorage/lz/dc-metro/rg-024/581208/2020-03/581208-omaha-002/581208-omaha-002-169.JPG	https://s3.amazonaws.com/NARAprodstorage/lz/dc-metro/rg-024/581208/2020-03/581208-omaha-002/581208-omaha-002-169.JPG	 					nw3/4w	248	272	16	29.81	50	48	47	46		bc	cir cum	8				
1873-01-30	19	-51.23	-78.64	306.56		8.2		https://s3.amazonaws.com/NARAprodstorage/lz/dc-metro/rg-024/581208/2020-03/581208-omaha-002/581208-omaha-002-169.JPG	https://s3.amazonaws.com/NARAprodstorage/lz/dc-metro/rg-024/581208/2020-03/581208-omaha-002/581208-omaha-002-169.JPG	 					nw3/4w	248	272	16	29.82	50	48	47	46		ocqr	nimb	2				
1873-01-30	20	-51.12	-78.71	306.56		7.4		https://s3.amazonaws.com/NARAprodstorage/lz/dc-metro/rg-024/581208/2020-03/581208-omaha-002/581208-omaha-002-169.JPG	https://s3.amazonaws.com/NARAprodstorage/lz/dc-metro/rg-024/581208/2020-03/581208-omaha-002/581208-omaha-002-169.JPG	 					nw3/4w	248	272	16	29.84	50	48	47	46		ocqr	nimb	1				
1873-01-30	21	-51	-78.78	309.38		7.6		https://s3.amazonaws.com/NARAprodstorage/lz/dc-metro/rg-024/581208/2020-03/581208-omaha-002/581208-omaha-002-169.JPG	https://s3.amazonaws.com/NARAprodstorage/lz/dc-metro/rg-024/581208/2020-03/581208-omaha-002/581208-omaha-002-169.JPG	 					nw1/2w	236	260	13	29.84	50	48	47	46		bcqr	cum nim	4				
1873-01-30	22	-50.89	-78.84	309.38		7.4		https://s3.amazonaws.com/NARAprodstorage/lz/dc-metro/rg-024/581208/2020-03/581208-omaha-002/581208-omaha-002-169.JPG	https://s3.amazonaws.com/NARAprodstorage/lz/dc-metro/rg-024/581208/2020-03/581208-omaha-002/581208-omaha-002-169.JPG	 					nw1/2w	236	260	13	29.84	50	48	47	46		bcqr	cum nim	4				
1873-01-30	23	-50.77	-78.91	309.38		7.6		https://s3.amazonaws.com/NARAprodstorage/lz/dc-metro/rg-024/581208/2020-03/581208-omaha-002/581208-omaha-002-169.JPG	https://s3.amazonaws.com/NARAprodstorage/lz/dc-metro/rg-024/581208/2020-03/581208-omaha-002/581208-omaha-002-169.JPG	 					nw1/2w	236	260	13	29.84	50	48	47	46		bcqr	cum nim	4				
1873-01-30	24	-50.66	-78.97	309.38		7		https://s3.amazonaws.com/NARAprodstorage/lz/dc-metro/rg-024/581208/2020-03/581208-omaha-002/581208-omaha-002-169.JPG	https://s3.amazonaws.com/NARAprodstorage/lz/dc-metro/rg-024/581208/2020-03/581208-omaha-002/581208-omaha-002-169.JPG	 					nw1/2w	236	260	13	29.83	50	48	47	46		bcqr	cum nim	4				
1873-01-31	1	-50.55	-79.02	309.38		6.6		https://s3.amazonaws.com/NARAprodstorage/lz/dc-metro/rg-024/581208/2020-03/581208-omaha-002/581208-omaha-002-170.JPG	https://s3.amazonaws.com/NARAprodstorage/lz/dc-metro/rg-024/581208/2020-03/581208-omaha-002/581208-omaha-002-170.JPG	 					nw1/2w	236	260	13	29.92	50	46	46	46		bcq	nimb	6				
1873-01-31	2	-50.46	-79.07	309.38		6		https://s3.amazonaws.com/NARAprodstorage/lz/dc-metro/rg-024/581208/2020-03/581208-omaha-002/581208-omaha-002-170.JPG	https://s3.amazonaws.com/NARAprodstorage/lz/dc-metro/rg-024/581208/2020-03/581208-omaha-002/581208-omaha-002-170.JPG	 					nw1/2w	236	260	13	29.93	50	46	46	46		bcqr	nimb	6				
1873-01-31	3	-50.33	-79.14	309.38		8		https://s3.amazonaws.com/NARAprodstorage/lz/dc-metro/rg-024/581208/2020-03/581208-omaha-002/581208-omaha-002-170.JPG	https://s3.amazonaws.com/NARAprodstorage/lz/dc-metro/rg-024/581208/2020-03/581208-omaha-002/581208-omaha-002-170.JPG	 					nw1/2w	236	260	13	29.9	50	46	46	46		bcq	nimb	6				
1873-01-31	4	-50.23	-79.19	309.38		7		https://s3.amazonaws.com/NARAprodstorage/lz/dc-metro/rg-024/581208/2020-03/581208-omaha-002/581208-omaha-002-170.JPG	https://s3.amazonaws.com/NARAprodstorage/lz/dc-metro/rg-024/581208/2020-03/581208-omaha-002/581208-omaha-002-170.JPG	 					nw1/2w	236	260	13	29.99	50	46	46	46		bc	nimb	6				
1873-01-31	5	-50.12	-79.25	309.38		6.6		https://s3.amazonaws.com/NARAprodstorage/lz/dc-metro/rg-024/581208/2020-03/581208-omaha-002/581208-omaha-002-170.JPG	https://s3.amazonaws.com/NARAprodstorage/lz/dc-metro/rg-024/581208/2020-03/581208-omaha-002/581208-omaha-002-170.JPG	 					nw1/2w	236	260	13	30	50	46	46	46		bc	cum	6				
1873-01-31	6	-50.02	-79.3	309.38		6.6		https://s3.amazonaws.com/NARAprodstorage/lz/dc-metro/rg-024/581208/2020-03/581208-omaha-002/581208-omaha-002-170.JPG	https://s3.amazonaws.com/NARAprodstorage/lz/dc-metro/rg-024/581208/2020-03/581208-omaha-002/581208-omaha-002-170.JPG	 					nw1/2w	236	260	13	30	50	47	47	46		bc	cum	8				
1873-01-31	7	-49.9	-79.36	309.38		7.2		https://s3.amazonaws.com/NARAprodstorage/lz/dc-metro/rg-024/581208/2020-03/581208-omaha-002/581208-omaha-002-170.JPG	https://s3.amazonaws.com/NARAprodstorage/lz/dc-metro/rg-024/581208/2020-03/581208-omaha-002/581208-omaha-002-170.JPG	 					nw1/2w	236	260	13	30.03	50	47	47	46		bc	cir cum	8				
1873-01-31	8	-49.78	-79.43	309.38		8		https://s3.amazonaws.com/NARAprodstorage/lz/dc-metro/rg-024/581208/2020-03/581208-omaha-002/581208-omaha-002-170.JPG	https://s3.amazonaws.com/NARAprodstorage/lz/dc-metro/rg-024/581208/2020-03/581208-omaha-002/581208-omaha-002-170.JPG	 					nw1/2w	236	260	13	30.06	50	47	47	46		bc	cir cum	7				
1873-01-31	9	-49.62	-79.47	320.62		9.4		https://s3.amazonaws.com/NARAprodstorage/lz/dc-metro/rg-024/581208/2020-03/581208-omaha-002/581208-omaha-002-170.JPG	https://s3.amazonaws.com/NARAprodstorage/lz/dc-metro/rg-024/581208/2020-03/581208-omaha-002/581208-omaha-002-170.JPG	 					nw1/2n	248	272	19	30.08	50	48	48	46		bc	cir cum nim	4				
1873-01-31	10	-49.48	-79.5	323.44		8.6		https://s3.amazonaws.com/NARAprodstorage/lz/dc-metro/rg-024/581208/2020-03/581208-omaha-002/581208-omaha-002-170.JPG	https://s3.amazonaws.com/NARAprodstorage/lz/dc-metro/rg-024/581208/2020-03/581208-omaha-002/581208-omaha-002-170.JPG	 					nw3/4n	248	272	19	30.09	50	49	48	46		bc	cir cum	3				
1873-01-31	11	-49.34	-79.52	323.44		8.2		https://s3.amazonaws.com/NARAprodstorage/lz/dc-metro/rg-024/581208/2020-03/581208-omaha-002/581208-omaha-002-170.JPG	https://s3.amazonaws.com/NARAprodstorage/lz/dc-metro/rg-024/581208/2020-03/581208-omaha-002/581208-omaha-002-170.JPG	 					nw3/4n	248	272	19	30.11	57	49	48	47		bc	cir cum	6				
1873-01-31	12	-49.2	-79.55	320.62		8.2		https://s3.amazonaws.com/NARAprodstorage/lz/dc-metro/rg-024/581208/2020-03/581208-omaha-002/581208-omaha-002-170.JPG	https://s3.amazonaws.com/NARAprodstorage/lz/dc-metro/rg-024/581208/2020-03/581208-omaha-002/581208-omaha-002-170.JPG	 			49 12S	79 33W	nw1/2n	248	272	19	30.11	57	49	48	47		bc	cum str	8				
1873-01-31	13	-49.07	-79.56	337.5		7.6		https://s3.amazonaws.com/NARAprodstorage/lz/dc-metro/rg-024/581208/2020-03/581208-omaha-002/581208-omaha-002-170.JPG	https://s3.amazonaws.com/NARAprodstorage/lz/dc-metro/rg-024/581208/2020-03/581208-omaha-002/581208-omaha-002-170.JPG	 					nnw	248	272	13	30.15	58	49	50	47		bc	cum str	8				
1873-01-31	14	-48.93	-79.57	337.5		8.2		https://s3.amazonaws.com/NARAprodstorage/lz/dc-metro/rg-024/581208/2020-03/581208-omaha-002/581208-omaha-002-170.JPG	https://s3.amazonaws.com/NARAprodstorage/lz/dc-metro/rg-024/581208/2020-03/581208-omaha-002/581208-omaha-002-170.JPG	 					nnw	259	283	19	30.15	56	49	50	47		oc	cir cum	1				
1873-01-31	15	-48.77	-79.58	337.5		9.2		https://s3.amazonaws.com/NARAprodstorage/lz/dc-metro/rg-024/581208/2020-03/581208-omaha-002/581208-omaha-002-170.JPG	https://s3.amazonaws.com/NARAprodstorage/lz/dc-metro/rg-024/581208/2020-03/581208-omaha-002/581208-omaha-002-170.JPG	 					nnw	259	281	19	30.18	56	49	50	46		bc	cir cum	5				
1873-01-31	16	-48.63	-79.59	337.5		8.4		https://s3.amazonaws.com/NARAprodstorage/lz/dc-metro/rg-024/581208/2020-03/581208-omaha-002/581208-omaha-002-170.JPG	https://s3.amazonaws.com/NARAprodstorage/lz/dc-metro/rg-024/581208/2020-03/581208-omaha-002/581208-omaha-002-170.JPG	 					nnw	259	281	19	30.19	56	50	50	46		bc	cir cum	8				
1873-01-31	17	-48.48	-79.57	345.94		9		https://s3.amazonaws.com/NARAprodstorage/lz/dc-metro/rg-024/581208/2020-03/581208-omaha-002/581208-omaha-002-170.JPG	https://s3.amazonaws.com/NARAprodstorage/lz/dc-metro/rg-024/581208/2020-03/581208-omaha-002/581208-omaha-002-170.JPG	 					nxw1/4w	270	292	19	30.18	53	50	50	46		bc	cir cum	8				
1873-01-31	18	-48.34	-79.55	345.94		8		https://s3.amazonaws.com/NARAprodstorage/lz/dc-metro/rg-024/581208/2020-03/581208-omaha-002/581208-omaha-002-170.JPG	https://s3.amazonaws.com/NARAprodstorage/lz/dc-metro/rg-024/581208/2020-03/581208-omaha-002/581208-omaha-002-170.JPG	 					nxw1/4w	270	292	19	30.18	53	50	50	46		bc	cir cum	8				
1873-01-31	19	-48.2	-79.51	348.75		8.4		https://s3.amazonaws.com/NARAprodstorage/lz/dc-metro/rg-024/581208/2020-03/581208-omaha-002/581208-omaha-002-170.JPG	https://s3.amazonaws.com/NARAprodstorage/lz/dc-metro/rg-024/581208/2020-03/581208-omaha-002/581208-omaha-002-170.JPG	 					nxw	270	292	19	30.18	53	50	50	46		bc	cir cum	8				
1873-01-31	20	-48.07	-79.51	340.31		8		https://s3.amazonaws.com/NARAprodstorage/lz/dc-metro/rg-024/581208/2020-03/581208-omaha-002/581208-omaha-002-170.JPG	https://s3.amazonaws.com/NARAprodstorage/lz/dc-metro/rg-024/581208/2020-03/581208-omaha-002/581208-omaha-002-170.JPG	 					nxw3/4w	259	281	19	30.18	53	50	50	46		bc	cir cum	6				
1873-01-31	21	-47.92	-79.5	343.12		8.4		https://s3.amazonaws.com/NARAprodstorage/lz/dc-metro/rg-024/581208/2020-03/581208-omaha-002/581208-omaha-002-170.JPG	https://s3.amazonaws.com/NARAprodstorage/lz/dc-metro/rg-024/581208/2020-03/581208-omaha-002/581208-omaha-002-170.JPG	 					nxw1/2w	270	292	13	30.23	55	50	51	46		bc	str	6				
1873-01-31	22	-47.78	-79.49	343.12		8.4		https://s3.amazonaws.com/NARAprodstorage/lz/dc-metro/rg-024/581208/2020-03/581208-omaha-002/581208-omaha-002-170.JPG	https://s3.amazonaws.com/NARAprodstorage/lz/dc-metro/rg-024/581208/2020-03/581208-omaha-002/581208-omaha-002-170.JPG	 					nxw1/2w	270	292	13	30.24	55	50	51	46		bc	str	6				
1873-01-31	23	-47.65	-79.47	345.94		8		https://s3.amazonaws.com/NARAprodstorage/lz/dc-metro/rg-024/581208/2020-03/581208-omaha-002/581208-omaha-002-170.JPG	https://s3.amazonaws.com/NARAprodstorage/lz/dc-metro/rg-024/581208/2020-03/581208-omaha-002/581208-omaha-002-170.JPG	 					nxw1/4w	270	292	19	30.24	55	50	51	46		bc	str	6				
1873-01-31	24	-47.5	-79.45	345.94		8.4		https://s3.amazonaws.com/NARAprodstorage/lz/dc-metro/rg-024/581208/2020-03/581208-omaha-002/581208-omaha-002-170.JPG	https://s3.amazonaws.com/NARAprodstorage/lz/dc-metro/rg-024/581208/2020-03/581208-omaha-002/581208-omaha-002-170.JPG	 					nxw1/4w	270	292	19	30.22	55	50	51	46		bc	str	6				
1873-02-01	1	-47.36	-79.41	351.56		8.4		https://s3.amazonaws.com/NARAprodstorage/lz/dc-metro/rg-024/581208/2020-03/581208-omaha-002/581208-omaha-002-171.JPG	https://s3.amazonaws.com/NARAprodstorage/lz/dc-metro/rg-024/581208/2020-03/581208-omaha-002/581208-omaha-002-171.JPG	 					n3/4w	281	303	19	30.2	55	51	51	48		bc	cum nim	3				
1873-02-01	2	-47.23	-79.38	348.75		8.2		https://s3.amazonaws.com/NARAprodstorage/lz/dc-metro/rg-024/581208/2020-03/581208-omaha-002/581208-omaha-002-171.JPG	https://s3.amazonaws.com/NARAprodstorage/lz/dc-metro/rg-024/581208/2020-03/581208-omaha-002/581208-omaha-002-171.JPG	 					nxw	281	303	19	30.15	54	51	52	48		bc	cum nim	3				
1873-02-01	3	-47.09	-79.35	348.75		8		https://s3.amazonaws.com/NARAprodstorage/lz/dc-metro/rg-024/581208/2020-03/581208-omaha-002/581208-omaha-002-171.JPG	https://s3.amazonaws.com/NARAprodstorage/lz/dc-metro/rg-024/581208/2020-03/581208-omaha-002/581208-omaha-002-171.JPG	 					nxw	281	303	19	30.15	54	51	52	48		bc	cum nim	2				
1873-02-01	4	-46.96	-79.3	354.38		8		https://s3.amazonaws.com/NARAprodstorage/lz/dc-metro/rg-024/581208/2020-03/581208-omaha-002/581208-omaha-002-171.JPG	https://s3.amazonaws.com/NARAprodstorage/lz/dc-metro/rg-024/581208/2020-03/581208-omaha-002/581208-omaha-002-171.JPG	 					n1/2w	281	303	19	30.15	54	51	52	48		bc	cum nim	2				
1873-02-01	5	-46.83	-79.23	360		8.4		https://s3.amazonaws.com/NARAprodstorage/lz/dc-metro/rg-024/581208/2020-03/581208-omaha-002/581208-omaha-002-171.JPG	https://s3.amazonaws.com/NARAprodstorage/lz/dc-metro/rg-024/581208/2020-03/581208-omaha-002/581208-omaha-002-171.JPG	 					n	292	314	21	30.14	54	52	53	48		ocq	cum nim	0				
1873-02-01	6	-46.71	-79.15	5.62		7.6		https://s3.amazonaws.com/NARAprodstorage/lz/dc-metro/rg-024/581208/2020-03/581208-omaha-002/581208-omaha-002-171.JPG	https://s3.amazonaws.com/NARAprodstorage/lz/dc-metro/rg-024/581208/2020-03/581208-omaha-002/581208-omaha-002-171.JPG	 					n1/2e	292	314	27	30.14	54	52	53	48		ocqr	nimb	0				
1873-02-01	7	-46.59	-79.06	8.44		8.4		https://s3.amazonaws.com/NARAprodstorage/lz/dc-metro/rg-024/581208/2020-03/581208-omaha-002/581208-omaha-002-171.JPG	https://s3.amazonaws.com/NARAprodstorage/lz/dc-metro/rg-024/581208/2020-03/581208-omaha-002/581208-omaha-002-171.JPG	 					n3/4e	304	326	27	30.18	54	52	53	48		ocqr	nimb	0				
1873-02-01	8	-46.47	-79.01	357.19		7.4		https://s3.amazonaws.com/NARAprodstorage/lz/dc-metro/rg-024/581208/2020-03/581208-omaha-002/581208-omaha-002-171.JPG	https://s3.amazonaws.com/NARAprodstorage/lz/dc-metro/rg-024/581208/2020-03/581208-omaha-002/581208-omaha-002-171.JPG	 					n1/4w	292	314	27	30.2	54	53	54	49		ocqr	nimb	0				
1873-02-01	9	-46.34	-78.93	2.81		8.2		https://s3.amazonaws.com/NARAprodstorage/lz/dc-metro/rg-024/581208/2020-03/581208-omaha-002/581208-omaha-002-171.JPG	https://s3.amazonaws.com/NARAprodstorage/lz/dc-metro/rg-024/581208/2020-03/581208-omaha-002/581208-omaha-002-171.JPG	 					n1/4e	292	314	24	30.24	54	54	55	49		ocqr	nimb	0				
1873-02-01	10	-46.2	-78.91	345.94		8.2		https://s3.amazonaws.com/NARAprodstorage/lz/dc-metro/rg-024/581208/2020-03/581208-omaha-002/581208-omaha-002-171.JPG	https://s3.amazonaws.com/NARAprodstorage/lz/dc-metro/rg-024/581208/2020-03/581208-omaha-002/581208-omaha-002-171.JPG	 					nxw1/4w	259	281	16	30.26	54	54	55	49		ocqrm	nimb	0				
1873-02-01	11	-46.07	-78.89	345.94		7.6		https://s3.amazonaws.com/NARAprodstorage/lz/dc-metro/rg-024/581208/2020-03/581208-omaha-002/581208-omaha-002-171.JPG	https://s3.amazonaws.com/NARAprodstorage/lz/dc-metro/rg-024/581208/2020-03/581208-omaha-002/581208-omaha-002-171.JPG	 					nxw1/4w	259	281	19	30.26	54	54	55	49		ocqrm	nimb	0				
1873-02-01	12	-45.93	-78.9	337.5		8		https://s3.amazonaws.com/NARAprodstorage/lz/dc-metro/rg-024/581208/2020-03/581208-omaha-002/581208-omaha-002-171.JPG	https://s3.amazonaws.com/NARAprodstorage/lz/dc-metro/rg-024/581208/2020-03/581208-omaha-002/581208-omaha-002-171.JPG	 			45 56S	78 54W	nnw	888	888	18	30.26	54	54	55	49		ocqrm	nimb	0				
1873-02-01	13	-45.82	-78.9	337.5		7.4		https://s3.amazonaws.com/NARAprodstorage/lz/dc-metro/rg-024/581208/2020-03/581208-omaha-002/581208-omaha-002-171.JPG	https://s3.amazonaws.com/NARAprodstorage/lz/dc-metro/rg-024/581208/2020-03/581208-omaha-002/581208-omaha-002-171.JPG	 					nnw	888	888	13	30.21	58	57	55	53		ocqr	nimb	0				
1873-02-01	14	-45.71	-78.91	337.5		7.6		https://s3.amazonaws.com/NARAprodstorage/lz/dc-metro/rg-024/581208/2020-03/581208-omaha-002/581208-omaha-002-171.JPG	https://s3.amazonaws.com/NARAprodstorage/lz/dc-metro/rg-024/581208/2020-03/581208-omaha-002/581208-omaha-002-171.JPG	 					nnw	888	888	13	30.15	58	57	55	53		ocqr	nimb	0				
1873-02-01	15	-45.6	-78.91	337.5		7.6		https://s3.amazonaws.com/NARAprodstorage/lz/dc-metro/rg-024/581208/2020-03/581208-omaha-002/581208-omaha-002-171.JPG	https://s3.amazonaws.com/NARAprodstorage/lz/dc-metro/rg-024/581208/2020-03/581208-omaha-002/581208-omaha-002-171.JPG	 					nnw	225	247	13	30.15	58	57	55	53		bcr	nimb	4				
1873-02-01	16	-45.49	-78.92	337.5		7.6		https://s3.amazonaws.com/NARAprodstorage/lz/dc-metro/rg-024/581208/2020-03/581208-omaha-002/581208-omaha-002-171.JPG	https://s3.amazonaws.com/NARAprodstorage/lz/dc-metro/rg-024/581208/2020-03/581208-omaha-002/581208-omaha-002-171.JPG	 					nnw	191	213	13	30.18	58	55	55	54		bcm	nimb	4				
1873-02-01	17	-45.38	-78.92	337.5		7.4		https://s3.amazonaws.com/NARAprodstorage/lz/dc-metro/rg-024/581208/2020-03/581208-omaha-002/581208-omaha-002-171.JPG	https://s3.amazonaws.com/NARAprodstorage/lz/dc-metro/rg-024/581208/2020-03/581208-omaha-002/581208-omaha-002-171.JPG	 					nnw	180	202	13	30.18	57	57	58	54		bcm	nimb	3				
1873-02-01	18	-45.26	-78.92	337.5		7.6		https://s3.amazonaws.com/NARAprodstorage/lz/dc-metro/rg-024/581208/2020-03/581208-omaha-002/581208-omaha-002-171.JPG	https://s3.amazonaws.com/NARAprodstorage/lz/dc-metro/rg-024/581208/2020-03/581208-omaha-002/581208-omaha-002-171.JPG	 					nnw	169	191	13	30.18	57	57	58	54		bcm	nimb	3				
1873-02-01	19	-45.15	-78.93	337.5		7.6		https://s3.amazonaws.com/NARAprodstorage/lz/dc-metro/rg-024/581208/2020-03/581208-omaha-002/581208-omaha-002-171.JPG	https://s3.amazonaws.com/NARAprodstorage/lz/dc-metro/rg-024/581208/2020-03/581208-omaha-002/581208-omaha-002-171.JPG	 					nnw	169	191	13	30.18	57	57	58	54		bcm	nimb	3				
1873-02-01	20	-45.03	-78.93	337.5		8		https://s3.amazonaws.com/NARAprodstorage/lz/dc-metro/rg-024/581208/2020-03/581208-omaha-002/581208-omaha-002-171.JPG	https://s3.amazonaws.com/NARAprodstorage/lz/dc-metro/rg-024/581208/2020-03/581208-omaha-002/581208-omaha-002-171.JPG	 					nnw	169	191	13	30.18	57	57	58	54		bcm	nimb	3				
1873-02-01	21	-44.91	-78.94	337.5		8.4		https://s3.amazonaws.com/NARAprodstorage/lz/dc-metro/rg-024/581208/2020-03/581208-omaha-002/581208-omaha-002-171.JPG	https://s3.amazonaws.com/NARAprodstorage/lz/dc-metro/rg-024/581208/2020-03/581208-omaha-002/581208-omaha-002-171.JPG	 					nnw	146	168	13	30.2	57	57	58	54		bcm	cum nimb	3				
1873-02-01	22	-44.79	-78.94	337.5		8		https://s3.amazonaws.com/NARAprodstorage/lz/dc-metro/rg-024/581208/2020-03/581208-omaha-002/581208-omaha-002-171.JPG	https://s3.amazonaws.com/NARAprodstorage/lz/dc-metro/rg-024/581208/2020-03/581208-omaha-002/581208-omaha-002-171.JPG	 					nnw	146	168	10	30.24	59	55	56	54		bc	cum nimb	3				
1873-02-01	23	-44.66	-78.94	337.5		8.4		https://s3.amazonaws.com/NARAprodstorage/lz/dc-metro/rg-024/581208/2020-03/581208-omaha-002/581208-omaha-002-171.JPG	https://s3.amazonaws.com/NARAprodstorage/lz/dc-metro/rg-024/581208/2020-03/581208-omaha-002/581208-omaha-002-171.JPG	 					nnw	146	168	10	30.26	59	53	54	54		bc	cum nimb	3				
1873-02-01	24	-44.54	-78.95	337.5		8.2		https://s3.amazonaws.com/NARAprodstorage/lz/dc-metro/rg-024/581208/2020-03/581208-omaha-002/581208-omaha-002-171.JPG	https://s3.amazonaws.com/NARAprodstorage/lz/dc-metro/rg-024/581208/2020-03/581208-omaha-002/581208-omaha-002-171.JPG	 					nnw	146	168	16	30.26	59	53	54	54		bc	cum nimb	3				
1873-02-02	1	-44.41	-78.95	337.5		8.2		https://s3.amazonaws.com/NARAprodstorage/lz/dc-metro/rg-024/581208/2020-03/581208-omaha-002/581208-omaha-002-172.JPG	https://s3.amazonaws.com/NARAprodstorage/lz/dc-metro/rg-024/581208/2020-03/581208-omaha-002/581208-omaha-002-172.JPG	 					nnw	169	191	10	30.26	59	53	54	54		oc	cum nimb	0				
1873-02-02	2	-44.29	-78.96	337.5		8.4		https://s3.amazonaws.com/NARAprodstorage/lz/dc-metro/rg-024/581208/2020-03/581208-omaha-002/581208-omaha-002-172.JPG	https://s3.amazonaws.com/NARAprodstorage/lz/dc-metro/rg-024/581208/2020-03/581208-omaha-002/581208-omaha-002-172.JPG	 					nnw	169	191	10	30.26	59	53	54	54		bc	cum nimb	2				
1873-02-02	3	-44.16	-78.96	337.5		8.4		https://s3.amazonaws.com/NARAprodstorage/lz/dc-metro/rg-024/581208/2020-03/581208-omaha-002/581208-omaha-002-172.JPG	https://s3.amazonaws.com/NARAprodstorage/lz/dc-metro/rg-024/581208/2020-03/581208-omaha-002/581208-omaha-002-172.JPG	 					nnw	135	157	10	30.26	59	52	53	53		bc	cum nimb	4				
1873-02-02	4	-44.04	-78.97	337.5		8		https://s3.amazonaws.com/NARAprodstorage/lz/dc-metro/rg-024/581208/2020-03/581208-omaha-002/581208-omaha-002-172.JPG	https://s3.amazonaws.com/NARAprodstorage/lz/dc-metro/rg-024/581208/2020-03/581208-omaha-002/581208-omaha-002-172.JPG	 					nnw	135	157	10	30.26	59	52	53	53		bc	cum nimb	5				
1873-02-02	5	-43.92	-78.97	337.5		8		https://s3.amazonaws.com/NARAprodstorage/lz/dc-metro/rg-024/581208/2020-03/581208-omaha-002/581208-omaha-002-172.JPG	https://s3.amazonaws.com/NARAprodstorage/lz/dc-metro/rg-024/581208/2020-03/581208-omaha-002/581208-omaha-002-172.JPG	 					nnw	135	157	13	30.26	59	52	53	53		bc	cum nimb	1				
1873-02-02	6	-43.8	-78.97	337.5		8.4		https://s3.amazonaws.com/NARAprodstorage/lz/dc-metro/rg-024/581208/2020-03/581208-omaha-002/581208-omaha-002-172.JPG	https://s3.amazonaws.com/NARAprodstorage/lz/dc-metro/rg-024/581208/2020-03/581208-omaha-002/581208-omaha-002-172.JPG	 					nnw	135	157	16	30.28	59	54	55	53		bc	cum nimb	0				
1873-02-02	7	-43.67	-78.98	337.5		8.4		https://s3.amazonaws.com/NARAprodstorage/lz/dc-metro/rg-024/581208/2020-03/581208-omaha-002/581208-omaha-002-172.JPG	https://s3.amazonaws.com/NARAprodstorage/lz/dc-metro/rg-024/581208/2020-03/581208-omaha-002/581208-omaha-002-172.JPG	 					nnw	135	155	16	30.3	59	55	55	53		bc	cum nimb	1				
1873-02-02	8	-43.53	-78.98	337.5		9		https://s3.amazonaws.com/NARAprodstorage/lz/dc-metro/rg-024/581208/2020-03/581208-omaha-002/581208-omaha-002-172.JPG	https://s3.amazonaws.com/NARAprodstorage/lz/dc-metro/rg-024/581208/2020-03/581208-omaha-002/581208-omaha-002-172.JPG	 					nnw	135	155	19	30.28	58	57	57	53		bc	cum nimb	0				
1873-02-02	9	-43.42	-78.99	337.5		8		https://s3.amazonaws.com/NARAprodstorage/lz/dc-metro/rg-024/581208/2020-03/581208-omaha-002/581208-omaha-002-172.JPG	https://s3.amazonaws.com/NARAprodstorage/lz/dc-metro/rg-024/581208/2020-03/581208-omaha-002/581208-omaha-002-172.JPG	 					nnw	146	166	19	30.28	58	57	57	53		bc	cum nimb	0				
1873-02-02	10	-43.29	-78.99	337.5		8.4		https://s3.amazonaws.com/NARAprodstorage/lz/dc-metro/rg-024/581208/2020-03/581208-omaha-002/581208-omaha-002-172.JPG	https://s3.amazonaws.com/NARAprodstorage/lz/dc-metro/rg-024/581208/2020-03/581208-omaha-002/581208-omaha-002-172.JPG	 					nnw	146	166	19	30.3	58	56	57	53		bc	cum nimb	0				
1873-02-02	11	-43.17	-79	337.5		8		https://s3.amazonaws.com/NARAprodstorage/lz/dc-metro/rg-024/581208/2020-03/581208-omaha-002/581208-omaha-002-172.JPG	https://s3.amazonaws.com/NARAprodstorage/lz/dc-metro/rg-024/581208/2020-03/581208-omaha-002/581208-omaha-002-172.JPG	 					nnw	146	166	19	30.3	58	56	57	53		bc	cum nimb	0				
1873-02-02	12	-43.05	-79	337.5		8		https://s3.amazonaws.com/NARAprodstorage/lz/dc-metro/rg-024/581208/2020-03/581208-omaha-002/581208-omaha-002-172.JPG	https://s3.amazonaws.com/NARAprodstorage/lz/dc-metro/rg-024/581208/2020-03/581208-omaha-002/581208-omaha-002-172.JPG	 			43 3S	79W	nnw	146	166	19	30.3	58	55	55	53		bc	cum nimb	0				
1873-02-02	13	-42.91	-79.01	345		8.4		https://s3.amazonaws.com/NARAprodstorage/lz/dc-metro/rg-024/581208/2020-03/581208-omaha-002/581208-omaha-002-172.JPG	https://s3.amazonaws.com/NARAprodstorage/lz/dc-metro/rg-024/581208/2020-03/581208-omaha-002/581208-omaha-002-172.JPG	 					nnw|nxw	135	155	13	30.3	58	55	55	53		bc	cum	2				
1873-02-02	14	-42.76	-79	348.75		9.4		https://s3.amazonaws.com/NARAprodstorage/lz/dc-metro/rg-024/581208/2020-03/581208-omaha-002/581208-omaha-002-172.JPG	https://s3.amazonaws.com/NARAprodstorage/lz/dc-metro/rg-024/581208/2020-03/581208-omaha-002/581208-omaha-002-172.JPG	 					nxw	135	155	13	30.3	58	55	55	53		bc	cum	2				
1873-02-02	15	-42.6	-78.99	348.75		10		https://s3.amazonaws.com/NARAprodstorage/lz/dc-metro/rg-024/581208/2020-03/581208-omaha-002/581208-omaha-002-172.JPG	https://s3.amazonaws.com/NARAprodstorage/lz/dc-metro/rg-024/581208/2020-03/581208-omaha-002/581208-omaha-002-172.JPG	1500: cc N.					nxw	135	155	13	30.3	58	55	55	53		bc	cum	2				
1873-02-02	16	-42.45	-78.94	360		9.6		https://s3.amazonaws.com/NARAprodstorage/lz/dc-metro/rg-024/581208/2020-03/581208-omaha-002/581208-omaha-002-172.JPG	https://s3.amazonaws.com/NARAprodstorage/lz/dc-metro/rg-024/581208/2020-03/581208-omaha-002/581208-omaha-002-172.JPG	 					n	135	155	13	30.3	58	55	55	53		bc	cum	2				
1873-02-02	17	-42.3	-78.9	360		9.4		https://s3.amazonaws.com/NARAprodstorage/lz/dc-metro/rg-024/581208/2020-03/581208-omaha-002/581208-omaha-002-172.JPG	https://s3.amazonaws.com/NARAprodstorage/lz/dc-metro/rg-024/581208/2020-03/581208-omaha-002/581208-omaha-002-172.JPG	 					n	135	155	13	30.3	59	55	56	53		bc	cum	2				
1873-02-02	18	-42.14	-78.84	360		10.2		https://s3.amazonaws.com/NARAprodstorage/lz/dc-metro/rg-024/581208/2020-03/581208-omaha-002/581208-omaha-002-172.JPG	https://s3.amazonaws.com/NARAprodstorage/lz/dc-metro/rg-024/581208/2020-03/581208-omaha-002/581208-omaha-002-172.JPG	 					n	135	155	13	30.29	59	56	56	53		bc	cir cum	5				
1873-02-02	19	-41.98	-78.79	360		10.2		https://s3.amazonaws.com/NARAprodstorage/lz/dc-metro/rg-024/581208/2020-03/581208-omaha-002/581208-omaha-002-172.JPG	https://s3.amazonaws.com/NARAprodstorage/lz/dc-metro/rg-024/581208/2020-03/581208-omaha-002/581208-omaha-002-172.JPG	 					n	135	155	19	30.27	59	56	56	53		bc	cir cum	5				
1873-02-02	20	-41.83	-78.74	360		10.2		https://s3.amazonaws.com/NARAprodstorage/lz/dc-metro/rg-024/581208/2020-03/581208-omaha-002/581208-omaha-002-172.JPG	https://s3.amazonaws.com/NARAprodstorage/lz/dc-metro/rg-024/581208/2020-03/581208-omaha-002/581208-omaha-002-172.JPG	 					n	112	132	19	30.28	59	55	56	53		bc	cir cum	5				
1873-02-02	21	-41.68	-78.69	360		9.4		https://s3.amazonaws.com/NARAprodstorage/lz/dc-metro/rg-024/581208/2020-03/581208-omaha-002/581208-omaha-002-172.JPG	https://s3.amazonaws.com/NARAprodstorage/lz/dc-metro/rg-024/581208/2020-03/581208-omaha-002/581208-omaha-002-172.JPG	 					n	124	144	19	30.28	59	55	56	53		bc	cum nim	2				
1873-02-02	22	-41.53	-78.64	360		9.4		https://s3.amazonaws.com/NARAprodstorage/lz/dc-metro/rg-024/581208/2020-03/581208-omaha-002/581208-omaha-002-172.JPG	https://s3.amazonaws.com/NARAprodstorage/lz/dc-metro/rg-024/581208/2020-03/581208-omaha-002/581208-omaha-002-172.JPG	 					n	124	144	19	30.27	59	56	56	53		bc	cum nim	1				
1873-02-02	23	-41.39	-78.6	360		9.2		https://s3.amazonaws.com/NARAprodstorage/lz/dc-metro/rg-024/581208/2020-03/581208-omaha-002/581208-omaha-002-172.JPG	https://s3.amazonaws.com/NARAprodstorage/lz/dc-metro/rg-024/581208/2020-03/581208-omaha-002/581208-omaha-002-172.JPG	 					n	124	144	19	30.26	59	56	56	53		bc	cum nim	1				
1873-02-02	24	-41.25	-78.56	360		9		https://s3.amazonaws.com/NARAprodstorage/lz/dc-metro/rg-024/581208/2020-03/581208-omaha-002/581208-omaha-002-172.JPG	https://s3.amazonaws.com/NARAprodstorage/lz/dc-metro/rg-024/581208/2020-03/581208-omaha-002/581208-omaha-002-172.JPG	 					n	124	144	19	30.26	59	56	56	53		bc	cum nim	1				
1873-02-03	1	-41.11	-78.51	360		9.4		https://s3.amazonaws.com/NARAprodstorage/lz/dc-metro/rg-024/581208/2020-03/581208-omaha-002/581208-omaha-002-173.JPG	https://s3.amazonaws.com/NARAprodstorage/lz/dc-metro/rg-024/581208/2020-03/581208-omaha-002/581208-omaha-002-173.JPG	 					n	158	178	21	30.24	59	57	56	55		oc	cum nimb	0				
1873-02-03	2	-40.97	-78.47	360		8.6		https://s3.amazonaws.com/NARAprodstorage/lz/dc-metro/rg-024/581208/2020-03/581208-omaha-002/581208-omaha-002-173.JPG	https://s3.amazonaws.com/NARAprodstorage/lz/dc-metro/rg-024/581208/2020-03/581208-omaha-002/581208-omaha-002-173.JPG	 					n	158	178	13	30.24	59	57	56	55		bc	cum nimb	4				
1873-02-03	3	-40.83	-78.42	360		9.4		https://s3.amazonaws.com/NARAprodstorage/lz/dc-metro/rg-024/581208/2020-03/581208-omaha-002/581208-omaha-002-173.JPG	https://s3.amazonaws.com/NARAprodstorage/lz/dc-metro/rg-024/581208/2020-03/581208-omaha-002/581208-omaha-002-173.JPG	 					n	158	178	24	30.26	59	57	56	55		bc	cum nimb	4				
1873-02-03	4	-40.67	-78.37	360		10.2		https://s3.amazonaws.com/NARAprodstorage/lz/dc-metro/rg-024/581208/2020-03/581208-omaha-002/581208-omaha-002-173.JPG	https://s3.amazonaws.com/NARAprodstorage/lz/dc-metro/rg-024/581208/2020-03/581208-omaha-002/581208-omaha-002-173.JPG	 					n	158	178	18	30.28	59	57	56	55		bc	cum nimb	2				
1873-02-03	5	-40.53	-78.33	360		9		https://s3.amazonaws.com/NARAprodstorage/lz/dc-metro/rg-024/581208/2020-03/581208-omaha-002/581208-omaha-002-173.JPG	https://s3.amazonaws.com/NARAprodstorage/lz/dc-metro/rg-024/581208/2020-03/581208-omaha-002/581208-omaha-002-173.JPG	 					n	158	178	19	30.28	59	57	56	55		bcr	cum nimb	4				
1873-02-03	6	-40.4	-78.29	360		8.4		https://s3.amazonaws.com/NARAprodstorage/lz/dc-metro/rg-024/581208/2020-03/581208-omaha-002/581208-omaha-002-173.JPG	https://s3.amazonaws.com/NARAprodstorage/lz/dc-metro/rg-024/581208/2020-03/581208-omaha-002/581208-omaha-002-173.JPG	 					n	158	178	19	30.18	59	58	58	55		bc	cum nimb	4				
1873-02-03	7	-40.27	-78.25	360		8		https://s3.amazonaws.com/NARAprodstorage/lz/dc-metro/rg-024/581208/2020-03/581208-omaha-002/581208-omaha-002-173.JPG	https://s3.amazonaws.com/NARAprodstorage/lz/dc-metro/rg-024/581208/2020-03/581208-omaha-002/581208-omaha-002-173.JPG	 					n	158	178	19	30.2	59	58	58	55		bc	cum nimb	8				
1873-02-03	8	-40.14	-78.21	360		8.4		https://s3.amazonaws.com/NARAprodstorage/lz/dc-metro/rg-024/581208/2020-03/581208-omaha-002/581208-omaha-002-173.JPG	https://s3.amazonaws.com/NARAprodstorage/lz/dc-metro/rg-024/581208/2020-03/581208-omaha-002/581208-omaha-002-173.JPG	 					n	158	178	19	30.2	59	58	58	55		bc	cum nimb	8				
1873-02-03	9	-40.02	-78.18	360		8		https://s3.amazonaws.com/NARAprodstorage/lz/dc-metro/rg-024/581208/2020-03/581208-omaha-002/581208-omaha-002-173.JPG	https://s3.amazonaws.com/NARAprodstorage/lz/dc-metro/rg-024/581208/2020-03/581208-omaha-002/581208-omaha-002-173.JPG	 					n	158	178	19	30.18	59	58	58	55		bc	cum nimb	8				
1873-02-03	10	-39.89	-78.14	360		8		https://s3.amazonaws.com/NARAprodstorage/lz/dc-metro/rg-024/581208/2020-03/581208-omaha-002/581208-omaha-002-173.JPG	https://s3.amazonaws.com/NARAprodstorage/lz/dc-metro/rg-024/581208/2020-03/581208-omaha-002/581208-omaha-002-173.JPG	 					n	158	178	19	30.18	59	58	58	55		bc	cum	8				
1873-02-03	11	-39.79	-78.08	11.25		7.4		https://s3.amazonaws.com/NARAprodstorage/lz/dc-metro/rg-024/581208/2020-03/581208-omaha-002/581208-omaha-002-173.JPG	https://s3.amazonaws.com/NARAprodstorage/lz/dc-metro/rg-024/581208/2020-03/581208-omaha-002/581208-omaha-002-173.JPG	 					nxe	158	178	13	30.18	59	58	58	55		bc	nimb	3				
1873-02-03	12	-39.7	-78.03	11.25		6.4		https://s3.amazonaws.com/NARAprodstorage/lz/dc-metro/rg-024/581208/2020-03/581208-omaha-002/581208-omaha-002-173.JPG	https://s3.amazonaws.com/NARAprodstorage/lz/dc-metro/rg-024/581208/2020-03/581208-omaha-002/581208-omaha-002-173.JPG	 			39 42S	78 2W	nxe	158	178	8	30.18	59	58	58	55		bcqr	nimb	2				
1873-02-03	13	-39.58	-77.97	11.25		7.4		https://s3.amazonaws.com/NARAprodstorage/lz/dc-metro/rg-024/581208/2020-03/581208-omaha-002/581208-omaha-002-173.JPG	https://s3.amazonaws.com/NARAprodstorage/lz/dc-metro/rg-024/581208/2020-03/581208-omaha-002/581208-omaha-002-173.JPG	 					nxe	101	121	13	30.16	60	59	60	56		ocqr	nimb	0				
1873-02-03	14	-39.5	-77.91	22.5		6		https://s3.amazonaws.com/NARAprodstorage/lz/dc-metro/rg-024/581208/2020-03/581208-omaha-002/581208-omaha-002-173.JPG	https://s3.amazonaws.com/NARAprodstorage/lz/dc-metro/rg-024/581208/2020-03/581208-omaha-002/581208-omaha-002-173.JPG	 					nne	112	132	13	30.16	60	59	60	56		ocqr	nimb	0				
1873-02-03	15	-39.43	-77.86	22.5		5		https://s3.amazonaws.com/NARAprodstorage/lz/dc-metro/rg-024/581208/2020-03/581208-omaha-002/581208-omaha-002-173.JPG	https://s3.amazonaws.com/NARAprodstorage/lz/dc-metro/rg-024/581208/2020-03/581208-omaha-002/581208-omaha-002-173.JPG	 					nne	135	155	8	30.16	60	59	59	56		bcqr	cum nimb	3				
1873-02-03	16	-39.38	-77.83	22.5		3		https://s3.amazonaws.com/NARAprodstorage/lz/dc-metro/rg-024/581208/2020-03/581208-omaha-002/581208-omaha-002-173.JPG	https://s3.amazonaws.com/NARAprodstorage/lz/dc-metro/rg-024/581208/2020-03/581208-omaha-002/581208-omaha-002-173.JPG	 					nne	163	183	5	30.16	60	59	59	56		bcqr	cum nimb	1				
1873-02-03	17	-39.33	-77.8	22.5		3.4		https://s3.amazonaws.com/NARAprodstorage/lz/dc-metro/rg-024/581208/2020-03/581208-omaha-002/581208-omaha-002-173.JPG	https://s3.amazonaws.com/NARAprodstorage/lz/dc-metro/rg-024/581208/2020-03/581208-omaha-002/581208-omaha-002-173.JPG	 					nne	191	211	5	30.16	60	59	59	56		ocqr	cum nimb	0				
1873-02-03	18	-39.28	-77.78	22.5		3		https://s3.amazonaws.com/NARAprodstorage/lz/dc-metro/rg-024/581208/2020-03/581208-omaha-002/581208-omaha-002-173.JPG	https://s3.amazonaws.com/NARAprodstorage/lz/dc-metro/rg-024/581208/2020-03/581208-omaha-002/581208-omaha-002-173.JPG	 					nne	888	888	5	30.16	60	59	60	56		bcrq	cum nimb	1				
1873-02-03	19	-39.19	-77.71	22.5		6.4		https://s3.amazonaws.com/NARAprodstorage/lz/dc-metro/rg-024/581208/2020-03/581208-omaha-002/581208-omaha-002-173.JPG	https://s3.amazonaws.com/NARAprodstorage/lz/dc-metro/rg-024/581208/2020-03/581208-omaha-002/581208-omaha-002-173.JPG	 					nne	158	178	13	30.16	60	59	60	56		bc	nimb cum	3				
1873-02-03	20	-39.1	-77.63	22.5		7		https://s3.amazonaws.com/NARAprodstorage/lz/dc-metro/rg-024/581208/2020-03/581208-omaha-002/581208-omaha-002-173.JPG	https://s3.amazonaws.com/NARAprodstorage/lz/dc-metro/rg-024/581208/2020-03/581208-omaha-002/581208-omaha-002-173.JPG	 					nne	888	888	10	30.17	60	60	61	56		bc	nimb cum	2				
1873-02-03	21	-39.01	-77.56	22.5		6		https://s3.amazonaws.com/NARAprodstorage/lz/dc-metro/rg-024/581208/2020-03/581208-omaha-002/581208-omaha-002-173.JPG	https://s3.amazonaws.com/NARAprodstorage/lz/dc-metro/rg-024/581208/2020-03/581208-omaha-002/581208-omaha-002-173.JPG	 					nne	180	200	9	30.2	60	60	61	56		bc	nimb cum	4				
1873-02-03	22	-38.93	-77.5	22.5		6		https://s3.amazonaws.com/NARAprodstorage/lz/dc-metro/rg-024/581208/2020-03/581208-omaha-002/581208-omaha-002-173.JPG	https://s3.amazonaws.com/NARAprodstorage/lz/dc-metro/rg-024/581208/2020-03/581208-omaha-002/581208-omaha-002-173.JPG	 					nne	180	200	8	30.2	60	60	61	56		bc	nimb cum	3				
1873-02-03	23	-38.84	-77.43	22.5		6.6		https://s3.amazonaws.com/NARAprodstorage/lz/dc-metro/rg-024/581208/2020-03/581208-omaha-002/581208-omaha-002-173.JPG	https://s3.amazonaws.com/NARAprodstorage/lz/dc-metro/rg-024/581208/2020-03/581208-omaha-002/581208-omaha-002-173.JPG	 					nne	888	888	10	30.19	60	60	61	56		bc	nimb cum	6				
1873-02-03	24	-38.73	-77.34	22.5		7.6		https://s3.amazonaws.com/NARAprodstorage/lz/dc-metro/rg-024/581208/2020-03/581208-omaha-002/581208-omaha-002-173.JPG	https://s3.amazonaws.com/NARAprodstorage/lz/dc-metro/rg-024/581208/2020-03/581208-omaha-002/581208-omaha-002-173.JPG	 					nne	202	220	13	30.2	61	59	60	56		bc	nimb cum	7				
1873-02-04	1	-38.63	-77.25	22.5		7.4		https://s3.amazonaws.com/NARAprodstorage/lz/dc-metro/rg-024/581208/2020-03/581208-omaha-002/581208-omaha-002-174.JPG	https://s3.amazonaws.com/NARAprodstorage/lz/dc-metro/rg-024/581208/2020-03/581208-omaha-002/581208-omaha-002-174.JPG	 					nne	225	243	13	30.18	60	60	60	58		bc	nim	5				
1873-02-04	2	-38.54	-77.18	22.5		6.6		https://s3.amazonaws.com/NARAprodstorage/lz/dc-metro/rg-024/581208/2020-03/581208-omaha-002/581208-omaha-002-174.JPG	https://s3.amazonaws.com/NARAprodstorage/lz/dc-metro/rg-024/581208/2020-03/581208-omaha-002/581208-omaha-002-174.JPG	 					nne	225	243	13	30.18	60	60	60	58		bc	nim	8				
1873-02-04	3	-38.44	-77.11	22.5		6.6		https://s3.amazonaws.com/NARAprodstorage/lz/dc-metro/rg-024/581208/2020-03/581208-omaha-002/581208-omaha-002-174.JPG	https://s3.amazonaws.com/NARAprodstorage/lz/dc-metro/rg-024/581208/2020-03/581208-omaha-002/581208-omaha-002-174.JPG	 					nne	225	243	13	30.18	60	60	60	58		bc	cir nim	9				
1873-02-04	4	-38.35	-77.04	22.5		6.4		https://s3.amazonaws.com/NARAprodstorage/lz/dc-metro/rg-024/581208/2020-03/581208-omaha-002/581208-omaha-002-174.JPG	https://s3.amazonaws.com/NARAprodstorage/lz/dc-metro/rg-024/581208/2020-03/581208-omaha-002/581208-omaha-002-174.JPG	 					nne	225	243	13	30.18	60	60	60	58		bc	cir nim	9				
1873-02-04	5	-38.26	-76.97	22.5		6.4		https://s3.amazonaws.com/NARAprodstorage/lz/dc-metro/rg-024/581208/2020-03/581208-omaha-002/581208-omaha-002-174.JPG	https://s3.amazonaws.com/NARAprodstorage/lz/dc-metro/rg-024/581208/2020-03/581208-omaha-002/581208-omaha-002-174.JPG	 					nne	225	243	13	30.18	60	60	60	58		bc	cir nim	9				
1873-02-04	6	-38.18	-76.9	22.5		6		https://s3.amazonaws.com/NARAprodstorage/lz/dc-metro/rg-024/581208/2020-03/581208-omaha-002/581208-omaha-002-174.JPG	https://s3.amazonaws.com/NARAprodstorage/lz/dc-metro/rg-024/581208/2020-03/581208-omaha-002/581208-omaha-002-174.JPG	 					nne	225	243	13	30.18	60	60	60	58		bc	cir nim	9				
1873-02-04	7	-38.1	-76.85	22.5		5.4		https://s3.amazonaws.com/NARAprodstorage/lz/dc-metro/rg-024/581208/2020-03/581208-omaha-002/581208-omaha-002-174.JPG	https://s3.amazonaws.com/NARAprodstorage/lz/dc-metro/rg-024/581208/2020-03/581208-omaha-002/581208-omaha-002-174.JPG	 					nne	225	243	13	30.18	60	60	60	58		bc	cir nim	9				
1873-02-04	8	-38.03	-76.79	22.5		5.4		https://s3.amazonaws.com/NARAprodstorage/lz/dc-metro/rg-024/581208/2020-03/581208-omaha-002/581208-omaha-002-174.JPG	https://s3.amazonaws.com/NARAprodstorage/lz/dc-metro/rg-024/581208/2020-03/581208-omaha-002/581208-omaha-002-174.JPG	 					nne	225	243	13	30.28	61	61	61	59		bc	cir nim	9				
1873-02-04	9	-37.95	-76.74	22.5		5.2		https://s3.amazonaws.com/NARAprodstorage/lz/dc-metro/rg-024/581208/2020-03/581208-omaha-002/581208-omaha-002-174.JPG	https://s3.amazonaws.com/NARAprodstorage/lz/dc-metro/rg-024/581208/2020-03/581208-omaha-002/581208-omaha-002-174.JPG	 					nne	225	243	13	30.28	61	62	62	60		bc	cir cum	9				
1873-02-04	10	-37.88	-76.69	22.5		5		https://s3.amazonaws.com/NARAprodstorage/lz/dc-metro/rg-024/581208/2020-03/581208-omaha-002/581208-omaha-002-174.JPG	https://s3.amazonaws.com/NARAprodstorage/lz/dc-metro/rg-024/581208/2020-03/581208-omaha-002/581208-omaha-002-174.JPG	 					nne	225	243	13	30.3	61	62	62	61		bc	cir cum	9				
1873-02-04	11	-37.81	-76.63	22.5		5.2		https://s3.amazonaws.com/NARAprodstorage/lz/dc-metro/rg-024/581208/2020-03/581208-omaha-002/581208-omaha-002-174.JPG	https://s3.amazonaws.com/NARAprodstorage/lz/dc-metro/rg-024/581208/2020-03/581208-omaha-002/581208-omaha-002-174.JPG	 					nne	214	232	5	30.3	61	62	63	61		bc	cir cum	9				
1873-02-04	12	-37.73	-76.58	22.5		5		https://s3.amazonaws.com/NARAprodstorage/lz/dc-metro/rg-024/581208/2020-03/581208-omaha-002/581208-omaha-002-174.JPG	https://s3.amazonaws.com/NARAprodstorage/lz/dc-metro/rg-024/581208/2020-03/581208-omaha-002/581208-omaha-002-174.JPG	 			37 44S	76 35W	nne	214	232	5	30.3	61	62	63	61		bc	cir cum	9				
1873-02-04	13	-37.67	-76.53	30		4.8		https://s3.amazonaws.com/NARAprodstorage/lz/dc-metro/rg-024/581208/2020-03/581208-omaha-002/581208-omaha-002-174.JPG	https://s3.amazonaws.com/NARAprodstorage/lz/dc-metro/rg-024/581208/2020-03/581208-omaha-002/581208-omaha-002-174.JPG	 					nne|nexn	202	220	8	30.34	64	64	65	61		bc	cum	8				
1873-02-04	14	-37.61	-76.47	33.75		5		https://s3.amazonaws.com/NARAprodstorage/lz/dc-metro/rg-024/581208/2020-03/581208-omaha-002/581208-omaha-002-174.JPG	https://s3.amazonaws.com/NARAprodstorage/lz/dc-metro/rg-024/581208/2020-03/581208-omaha-002/581208-omaha-002-174.JPG	 					nexn	202	220	8	30.34	64	64	65	61		bc	cum	8				
1873-02-04	15	-37.55	-76.41	33.75		5		https://s3.amazonaws.com/NARAprodstorage/lz/dc-metro/rg-024/581208/2020-03/581208-omaha-002/581208-omaha-002-174.JPG	https://s3.amazonaws.com/NARAprodstorage/lz/dc-metro/rg-024/581208/2020-03/581208-omaha-002/581208-omaha-002-174.JPG	 					nexn	202	220	8	30.34	64	63	64	61		bc	cum	8				
1873-02-04	16	-37.48	-76.35	33.75		5.4		https://s3.amazonaws.com/NARAprodstorage/lz/dc-metro/rg-024/581208/2020-03/581208-omaha-002/581208-omaha-002-174.JPG	https://s3.amazonaws.com/NARAprodstorage/lz/dc-metro/rg-024/581208/2020-03/581208-omaha-002/581208-omaha-002-174.JPG	 					nexn	202	220	8	30.34	64	63	64	61		bc	cum	9				
1873-02-04	17	-37.4	-76.25	33.75		7		https://s3.amazonaws.com/NARAprodstorage/lz/dc-metro/rg-024/581208/2020-03/581208-omaha-002/581208-omaha-002-174.JPG	https://s3.amazonaws.com/NARAprodstorage/lz/dc-metro/rg-024/581208/2020-03/581208-omaha-002/581208-omaha-002-174.JPG	 					nexn	202	220	16	30.35	64	63	64	61		bc	cum	9				
1873-02-04	18	-37.32	-76.17	33.75		6.4		https://s3.amazonaws.com/NARAprodstorage/lz/dc-metro/rg-024/581208/2020-03/581208-omaha-002/581208-omaha-002-174.JPG	https://s3.amazonaws.com/NARAprodstorage/lz/dc-metro/rg-024/581208/2020-03/581208-omaha-002/581208-omaha-002-174.JPG	 					nexn	202	220	5	30.35	64	63	64	61		bc	cum	8				
1873-02-04	19	-37.23	-76.08	33.75		7		https://s3.amazonaws.com/NARAprodstorage/lz/dc-metro/rg-024/581208/2020-03/581208-omaha-002/581208-omaha-002-174.JPG	https://s3.amazonaws.com/NARAprodstorage/lz/dc-metro/rg-024/581208/2020-03/581208-omaha-002/581208-omaha-002-174.JPG	 					nexn	180	198	13	30.35	64	63	64	61		bc	cum nim	7				
1873-02-04	20	-37.15	-75.98	33.75		7.4		https://s3.amazonaws.com/NARAprodstorage/lz/dc-metro/rg-024/581208/2020-03/581208-omaha-002/581208-omaha-002-174.JPG	https://s3.amazonaws.com/NARAprodstorage/lz/dc-metro/rg-024/581208/2020-03/581208-omaha-002/581208-omaha-002-174.JPG	 					nexn	180	198	13	30.34	63	63	63	61		bc	cum nim	4				
1873-02-04	21	-37.06	-75.88	33.75		7.4		https://s3.amazonaws.com/NARAprodstorage/lz/dc-metro/rg-024/581208/2020-03/581208-omaha-002/581208-omaha-002-174.JPG	https://s3.amazonaws.com/NARAprodstorage/lz/dc-metro/rg-024/581208/2020-03/581208-omaha-002/581208-omaha-002-174.JPG	 					nexn	180	198	13	30.32	63	65	65	61		bc	cum nim	8				
1873-02-04	22	-36.96	-75.77	33.75		8.2		https://s3.amazonaws.com/NARAprodstorage/lz/dc-metro/rg-024/581208/2020-03/581208-omaha-002/581208-omaha-002-174.JPG	https://s3.amazonaws.com/NARAprodstorage/lz/dc-metro/rg-024/581208/2020-03/581208-omaha-002/581208-omaha-002-174.JPG	 					nexn	158	176	19	30.3	63	66	66	61		bcr	nim	2				
1873-02-04	23	-36.86	-75.65	33.75		9		https://s3.amazonaws.com/NARAprodstorage/lz/dc-metro/rg-024/581208/2020-03/581208-omaha-002/581208-omaha-002-174.JPG	https://s3.amazonaws.com/NARAprodstorage/lz/dc-metro/rg-024/581208/2020-03/581208-omaha-002/581208-omaha-002-174.JPG	 					nexn	158	176	24	30.3	63	65	65	61		bc	nim	7				
1873-02-04	24	-36.76	-75.54	33.75		8.4		https://s3.amazonaws.com/NARAprodstorage/lz/dc-metro/rg-024/581208/2020-03/581208-omaha-002/581208-omaha-002-174.JPG	https://s3.amazonaws.com/NARAprodstorage/lz/dc-metro/rg-024/581208/2020-03/581208-omaha-002/581208-omaha-002-174.JPG	 					nexn	158	176	13	30.3	63	65	65	61		bc	nim	7				
1873-02-05	1	-36.64	-75.44	22.5		8.6		https://s3.amazonaws.com/NARAprodstorage/lz/dc-metro/rg-024/581208/2020-03/581208-omaha-002/581208-omaha-002-175.JPG	https://s3.amazonaws.com/NARAprodstorage/lz/dc-metro/rg-024/581208/2020-03/581208-omaha-002/581208-omaha-002-175.JPG	 					nne	158	176	13	30.27	64	62	62	61		bc	cum str	6				
1873-02-05	2	-36.52	-75.35	22.5		9		https://s3.amazonaws.com/NARAprodstorage/lz/dc-metro/rg-024/581208/2020-03/581208-omaha-002/581208-omaha-002-175.JPG	https://s3.amazonaws.com/NARAprodstorage/lz/dc-metro/rg-024/581208/2020-03/581208-omaha-002/581208-omaha-002-175.JPG	 					nne	158	176	13	30.27	64	62	62	61		bc	cum nim	2				
1873-02-05	3	-36.37	-75.23	22.5		10.6		https://s3.amazonaws.com/NARAprodstorage/lz/dc-metro/rg-024/581208/2020-03/581208-omaha-002/581208-omaha-002-175.JPG	https://s3.amazonaws.com/NARAprodstorage/lz/dc-metro/rg-024/581208/2020-03/581208-omaha-002/581208-omaha-002-175.JPG	 					nne	158	176	21	30.25	64	62	62	61		bc	cum str	7				
1873-02-05	4	-36.24	-75.12	22.5		9.6		https://s3.amazonaws.com/NARAprodstorage/lz/dc-metro/rg-024/581208/2020-03/581208-omaha-002/581208-omaha-002-175.JPG	https://s3.amazonaws.com/NARAprodstorage/lz/dc-metro/rg-024/581208/2020-03/581208-omaha-002/581208-omaha-002-175.JPG	 					nne	158	176	18	30.25	64	62	62	61		bc	cum str	8				
1873-02-05	5	-36.11	-75.02	22.5		9.2		https://s3.amazonaws.com/NARAprodstorage/lz/dc-metro/rg-024/581208/2020-03/581208-omaha-002/581208-omaha-002-175.JPG	https://s3.amazonaws.com/NARAprodstorage/lz/dc-metro/rg-024/581208/2020-03/581208-omaha-002/581208-omaha-002-175.JPG	 					nne	158	176	19	30.25	63	62	62	61		bc	cum str	4				
1873-02-05	6	-35.97	-74.91	22.5		10		https://s3.amazonaws.com/NARAprodstorage/lz/dc-metro/rg-024/581208/2020-03/581208-omaha-002/581208-omaha-002-175.JPG	https://s3.amazonaws.com/NARAprodstorage/lz/dc-metro/rg-024/581208/2020-03/581208-omaha-002/581208-omaha-002-175.JPG	 					nne	158	176	24	30.25	63	62	62	61		bc	cum str	6				
1873-02-05	7	-35.82	-74.79	22.5		11		https://s3.amazonaws.com/NARAprodstorage/lz/dc-metro/rg-024/581208/2020-03/581208-omaha-002/581208-omaha-002-175.JPG	https://s3.amazonaws.com/NARAprodstorage/lz/dc-metro/rg-024/581208/2020-03/581208-omaha-002/581208-omaha-002-175.JPG	 					nne	158	176	30	30.21	63	62	62	61		bc	cum str	5				
1873-02-05	8	-35.68	-74.68	22.5		10.4		https://s3.amazonaws.com/NARAprodstorage/lz/dc-metro/rg-024/581208/2020-03/581208-omaha-002/581208-omaha-002-175.JPG	https://s3.amazonaws.com/NARAprodstorage/lz/dc-metro/rg-024/581208/2020-03/581208-omaha-002/581208-omaha-002-175.JPG	 					nne	158	176	30	30.2	64	64	64	61		bc	cum str	1				
1873-02-05	9	-35.54	-74.57	22.5		10		https://s3.amazonaws.com/NARAprodstorage/lz/dc-metro/rg-024/581208/2020-03/581208-omaha-002/581208-omaha-002-175.JPG	https://s3.amazonaws.com/NARAprodstorage/lz/dc-metro/rg-024/581208/2020-03/581208-omaha-002/581208-omaha-002-175.JPG	 					nne	158	176	30	30.19	65	65	65	62		bc	cum str	2				
1873-02-05	10	-35.4	-74.46	22.5		10		https://s3.amazonaws.com/NARAprodstorage/lz/dc-metro/rg-024/581208/2020-03/581208-omaha-002/581208-omaha-002-175.JPG	https://s3.amazonaws.com/NARAprodstorage/lz/dc-metro/rg-024/581208/2020-03/581208-omaha-002/581208-omaha-002-175.JPG	 					nne	180	198	30	30.18	66	66	66	62		bc	cum str	6				
1873-02-05	11	-35.26	-74.35	22.5		10		https://s3.amazonaws.com/NARAprodstorage/lz/dc-metro/rg-024/581208/2020-03/581208-omaha-002/581208-omaha-002-175.JPG	https://s3.amazonaws.com/NARAprodstorage/lz/dc-metro/rg-024/581208/2020-03/581208-omaha-002/581208-omaha-002-175.JPG	 					nne	180	198	30	30.18	66	66	66	62		bc	cum	8				
1873-02-05	12	-35.13	-74.25	22.5		9.2		https://s3.amazonaws.com/NARAprodstorage/lz/dc-metro/rg-024/581208/2020-03/581208-omaha-002/581208-omaha-002-175.JPG	https://s3.amazonaws.com/NARAprodstorage/lz/dc-metro/rg-024/581208/2020-03/581208-omaha-002/581208-omaha-002-175.JPG	 			35 8S	74 15W	nne	180	198	30	30.18	66	66	66	62		bc	cum	5				
1873-02-05	13	-34.98	-74.13	22.5		10.6		https://s3.amazonaws.com/NARAprodstorage/lz/dc-metro/rg-024/581208/2020-03/581208-omaha-002/581208-omaha-002-175.JPG	https://s3.amazonaws.com/NARAprodstorage/lz/dc-metro/rg-024/581208/2020-03/581208-omaha-002/581208-omaha-002-175.JPG	 					nne	180	198	30	30.18	68	67	66	61		bc	cir	6				
1873-02-05	14	-34.85	-73.98	33.75		10.4		https://s3.amazonaws.com/NARAprodstorage/lz/dc-metro/rg-024/581208/2020-03/581208-omaha-002/581208-omaha-002-175.JPG	https://s3.amazonaws.com/NARAprodstorage/lz/dc-metro/rg-024/581208/2020-03/581208-omaha-002/581208-omaha-002-175.JPG	 					nexn	180	198	30	30.18	68	67	66	61		bc	cir	9				
1873-02-05	15	-34.72	-73.83	33.75		10.4		https://s3.amazonaws.com/NARAprodstorage/lz/dc-metro/rg-024/581208/2020-03/581208-omaha-002/581208-omaha-002-175.JPG	https://s3.amazonaws.com/NARAprodstorage/lz/dc-metro/rg-024/581208/2020-03/581208-omaha-002/581208-omaha-002-175.JPG	 					nexn	180	198	30	30.17	68	67	66	62		bc	cir	9				
1873-02-05	16	-34.59	-73.67	33.75		10.6		https://s3.amazonaws.com/NARAprodstorage/lz/dc-metro/rg-024/581208/2020-03/581208-omaha-002/581208-omaha-002-175.JPG	https://s3.amazonaws.com/NARAprodstorage/lz/dc-metro/rg-024/581208/2020-03/581208-omaha-002/581208-omaha-002-175.JPG	 					nexn	180	196	30	30.18	68	67	66	62		bc	cir	9				
1873-02-05	17	-34.46	-73.51	33.75		11.4		https://s3.amazonaws.com/NARAprodstorage/lz/dc-metro/rg-024/581208/2020-03/581208-omaha-002/581208-omaha-002-175.JPG	https://s3.amazonaws.com/NARAprodstorage/lz/dc-metro/rg-024/581208/2020-03/581208-omaha-002/581208-omaha-002-175.JPG	 					nexn	180	196	37	30.12	68	67	66	62		b	cir	10				
1873-02-05	18	-34.32	-73.35	33.75		11		https://s3.amazonaws.com/NARAprodstorage/lz/dc-metro/rg-024/581208/2020-03/581208-omaha-002/581208-omaha-002-175.JPG	https://s3.amazonaws.com/NARAprodstorage/lz/dc-metro/rg-024/581208/2020-03/581208-omaha-002/581208-omaha-002-175.JPG	 					nexn	180	196	37	30.08	66	65	65	62		b	cir	10				
1873-02-05	19	-34.19	-73.2	33.75		10.4		https://s3.amazonaws.com/NARAprodstorage/lz/dc-metro/rg-024/581208/2020-03/581208-omaha-002/581208-omaha-002-175.JPG	https://s3.amazonaws.com/NARAprodstorage/lz/dc-metro/rg-024/581208/2020-03/581208-omaha-002/581208-omaha-002-175.JPG	 					nexn	180	196	37	30.08	66	65	65	62		bm	cir	10				
1873-02-05	20	-34.07	-73.06	33.75		10		https://s3.amazonaws.com/NARAprodstorage/lz/dc-metro/rg-024/581208/2020-03/581208-omaha-002/581208-omaha-002-175.JPG	https://s3.amazonaws.com/NARAprodstorage/lz/dc-metro/rg-024/581208/2020-03/581208-omaha-002/581208-omaha-002-175.JPG	 					nexn	180	196	30	30.06	66	65	65	62		b	cir	10				
1873-02-05	21	-33.95	-72.92	33.75		9.6		https://s3.amazonaws.com/NARAprodstorage/lz/dc-metro/rg-024/581208/2020-03/581208-omaha-002/581208-omaha-002-175.JPG	https://s3.amazonaws.com/NARAprodstorage/lz/dc-metro/rg-024/581208/2020-03/581208-omaha-002/581208-omaha-002-175.JPG	 					nexn	180	196	30	30.06	66	65	65	62		b	cir	10				
1873-02-05	22	-33.85	-72.81	33.75		8		https://s3.amazonaws.com/NARAprodstorage/lz/dc-metro/rg-024/581208/2020-03/581208-omaha-002/581208-omaha-002-175.JPG	https://s3.amazonaws.com/NARAprodstorage/lz/dc-metro/rg-024/581208/2020-03/581208-omaha-002/581208-omaha-002-175.JPG	 					nexn	180	196	30	30.02	66	65	65	62		bc	cir	10				
1873-02-05	23	-33.76	-72.71	33.75		6.6		https://s3.amazonaws.com/NARAprodstorage/lz/dc-metro/rg-024/581208/2020-03/581208-omaha-002/581208-omaha-002-175.JPG	https://s3.amazonaws.com/NARAprodstorage/lz/dc-metro/rg-024/581208/2020-03/581208-omaha-002/581208-omaha-002-175.JPG	 					nexn	180	196	30	30.02	66	63	62	62		bc	cir	10				
1873-02-05	24	-33.67	-72.61	33.75		7.2		https://s3.amazonaws.com/NARAprodstorage/lz/dc-metro/rg-024/581208/2020-03/581208-omaha-002/581208-omaha-002-175.JPG	https://s3.amazonaws.com/NARAprodstorage/lz/dc-metro/rg-024/581208/2020-03/581208-omaha-002/581208-omaha-002-175.JPG	 					nexn	180	196	30	30.02	66	63	62	62		bc	cir	10				
1873-02-06	1	-33.58	-72.52	33.75		7		https://s3.amazonaws.com/NARAprodstorage/lz/dc-metro/rg-024/581208/2020-03/581208-omaha-002/581208-omaha-002-176.JPG	https://s3.amazonaws.com/NARAprodstorage/lz/dc-metro/rg-024/581208/2020-03/581208-omaha-002/581208-omaha-002-177.JPG	 					nexn	180	196	19	30.02	62	61	62	62		b	none	10				
1873-02-06	2	-33.5	-72.43	33.75		6.4		https://s3.amazonaws.com/NARAprodstorage/lz/dc-metro/rg-024/581208/2020-03/581208-omaha-002/581208-omaha-002-176.JPG	https://s3.amazonaws.com/NARAprodstorage/lz/dc-metro/rg-024/581208/2020-03/581208-omaha-002/581208-omaha-002-176.JPG	 					nexn	180	196	13	30.02	62	61	62	62		bc	cum	9				
1873-02-06	3	-33.41	-72.33	33.75		7		https://s3.amazonaws.com/NARAprodstorage/lz/dc-metro/rg-024/581208/2020-03/581208-omaha-002/581208-omaha-002-176.JPG	https://s3.amazonaws.com/NARAprodstorage/lz/dc-metro/rg-024/581208/2020-03/581208-omaha-002/581208-omaha-002-176.JPG	 					nexn	180	196	13	30.02	62	61	62	62		bc	cum	9				
1873-02-06	4	-33.31	-72.23	33.75		7		https://s3.amazonaws.com/NARAprodstorage/lz/dc-metro/rg-024/581208/2020-03/581208-omaha-002/581208-omaha-002-176.JPG	https://s3.amazonaws.com/NARAprodstorage/lz/dc-metro/rg-024/581208/2020-03/581208-omaha-002/581208-omaha-002-176.JPG	0430: cc W.					nexn	180	196	13	30.02	62	61	62	62		bcu	cum	9				
1873-02-06	5	-33.29	-72.34	266		4.8		https://s3.amazonaws.com/NARAprodstorage/lz/dc-metro/rg-024/581208/2020-03/581208-omaha-002/581208-omaha-002-176.JPG	https://s3.amazonaws.com/NARAprodstorage/lz/dc-metro/rg-024/581208/2020-03/581208-omaha-002/581208-omaha-002-176.JPG	 					w1/2s	180	196	13	30.02	62	61	62	62		oc	cum nimb	0				
1873-02-06	6	-33.26	-72.4	264.38		3		https://s3.amazonaws.com/NARAprodstorage/lz/dc-metro/rg-024/581208/2020-03/581208-omaha-002/581208-omaha-002-176.JPG	https://s3.amazonaws.com/NARAprodstorage/lz/dc-metro/rg-024/581208/2020-03/581208-omaha-002/581208-omaha-002-176.JPG	 					w1/2s	180	196	13	30.05	62	61	62	62		bc	cum nimb	2				
1873-02-06	7	-33.24	-72.47	264.38		3		https://s3.amazonaws.com/NARAprodstorage/lz/dc-metro/rg-024/581208/2020-03/581208-omaha-002/581208-omaha-002-176.JPG	https://s3.amazonaws.com/NARAprodstorage/lz/dc-metro/rg-024/581208/2020-03/581208-omaha-002/581208-omaha-002-176.JPG	 					w1/2s	270	286	13	30.07	62	61	62	62		oc	cum nimb	0				
1873-02-06	8	-33.16	-72.39	33.75		6		https://s3.amazonaws.com/NARAprodstorage/lz/dc-metro/rg-024/581208/2020-03/581208-omaha-002/581208-omaha-002-176.JPG	https://s3.amazonaws.com/NARAprodstorage/lz/dc-metro/rg-024/581208/2020-03/581208-omaha-002/581208-omaha-002-176.JPG	 					nexn	270	286	13	30.08	62	61	62	62		oc	cum nimb	0				
1873-02-06	9	-33.07	-72.29	33.75		7		https://s3.amazonaws.com/NARAprodstorage/lz/dc-metro/rg-024/581208/2020-03/581208-omaha-002/581208-omaha-002-176.JPG	https://s3.amazonaws.com/NARAprodstorage/lz/dc-metro/rg-024/581208/2020-03/581208-omaha-002/581208-omaha-002-176.JPG	0900: CC NE1/2E					nexn	888	888	8	30.1	62	61	62	62		oc	cum nimb	0				
1873-02-06	10	-33.01	-72.17	50.62		7		https://s3.amazonaws.com/NARAprodstorage/lz/dc-metro/rg-024/581208/2020-03/581208-omaha-002/581208-omaha-002-176.JPG	https://s3.amazonaws.com/NARAprodstorage/lz/dc-metro/rg-024/581208/2020-03/581208-omaha-002/581208-omaha-002-176.JPG	1000: cc NExe1/2E.					ne1/2e	888	888	8	30.1	62	61	62	62		oc	cum nimb	0				
1873-02-06	11	-32.97	-72.04	61.88		7.4		https://s3.amazonaws.com/NARAprodstorage/lz/dc-metro/rg-024/581208/2020-03/581208-omaha-002/581208-omaha-002-176.JPG	https://s3.amazonaws.com/NARAprodstorage/lz/dc-metro/rg-024/581208/2020-03/581208-omaha-002/581208-omaha-002-176.JPG	 					nexe1/2e	888	888	5	30.1	62	61	62	62		oc	cum nimb	0				
1873-02-06	12	-32.93	-71.91	61.88		7		https://s3.amazonaws.com/NARAprodstorage/lz/dc-metro/rg-024/581208/2020-03/581208-omaha-002/581208-omaha-002-176.JPG	https://s3.amazonaws.com/NARAprodstorage/lz/dc-metro/rg-024/581208/2020-03/581208-omaha-002/581208-omaha-002-176.JPG	Noon: cc ENE.			33S	49W	nexe1/2e	68	84	5	30.1	62	61	62	62		oc	cum nimb	0				
1873-02-06	13	-32.9	-71.79	67.5		6.4		https://s3.amazonaws.com/NARAprodstorage/lz/dc-metro/rg-024/581208/2020-03/581208-omaha-002/581208-omaha-002-176.JPG	https://s3.amazonaws.com/NARAprodstorage/lz/dc-metro/rg-024/581208/2020-03/581208-omaha-002/581208-omaha-002-176.JPG	1300: cc NE. 1330 cc S.					ene	888	888	2	30.1	62	61	61	61		bm	None	10				
1873-02-06	14	-32.91	-71.75	99		2.6		https://s3.amazonaws.com/NARAprodstorage/lz/dc-metro/rg-024/581208/2020-03/581208-omaha-002/581208-omaha-002-176.JPG	https://s3.amazonaws.com/NARAprodstorage/lz/dc-metro/rg-024/581208/2020-03/581208-omaha-002/581208-omaha-002-176.JPG	1430: cc SxE.					ne|s	888	888	2	30.1	62	61	61	61		bm	None	10				
1873-02-06	15	-32.99	-71.78	174		6		https://s3.amazonaws.com/NARAprodstorage/lz/dc-metro/rg-024/581208/2020-03/581208-omaha-002/581208-omaha-002-176.JPG	https://s3.amazonaws.com/NARAprodstorage/lz/dc-metro/rg-024/581208/2020-03/581208-omaha-002/581208-omaha-002-176.JPG	1515: Cape _____ light tower brg SE1/2S dist six mi.					s|sxe	888	888	2	30.1	62	61	61	61		bm	None	10			1545: ISS Pensacola.	
1873-02-06	16	-33.01	-71.67	888		5		https://s3.amazonaws.com/NARAprodstorage/lz/dc-metro/rg-024/581208/2020-03/581208-omaha-002/581208-omaha-002-176.JPG	https://s3.amazonaws.com/NARAprodstorage/lz/dc-metro/rg-024/581208/2020-03/581208-omaha-002/581208-omaha-002-176.JPG	1645: Anchored. Valparaiso						888	888	5	30.13	62	61	61	61		bc	str	10				
1873-02-06	17	-33.02	-71.61	888		3		https://s3.amazonaws.com/NARAprodstorage/lz/dc-metro/rg-024/581208/2020-03/581208-omaha-002/581208-omaha-002-176.JPG	https://s3.amazonaws.com/NARAprodstorage/lz/dc-metro/rg-024/581208/2020-03/581208-omaha-002/581208-omaha-002-176.JPG	 						888	888	5	30.15	62	61	61	61		bc	str	10				
1873-02-06	18	-33.02	-71.61			a		https://s3.amazonaws.com/NARAprodstorage/lz/dc-metro/rg-024/581208/2020-03/581208-omaha-002/581208-omaha-002-176.JPG	https://s3.amazonaws.com/NARAprodstorage/lz/dc-metro/rg-024/581208/2020-03/581208-omaha-002/581208-omaha-002-176.JPG	 						202	218	5	30.07	62	61	61	61		bc	str	10				
1873-02-06	19	-33.02	-71.61			a		https://s3.amazonaws.com/NARAprodstorage/lz/dc-metro/rg-024/581208/2020-03/581208-omaha-002/581208-omaha-002-176.JPG	https://s3.amazonaws.com/NARAprodstorage/lz/dc-metro/rg-024/581208/2020-03/581208-omaha-002/581208-omaha-002-176.JPG	 						202	218	5	30.07	62	61	61	61		bc	str	10				
1873-02-06	20	-33.02	-71.61			a		https://s3.amazonaws.com/NARAprodstorage/lz/dc-metro/rg-024/581208/2020-03/581208-omaha-002/581208-omaha-002-176.JPG	https://s3.amazonaws.com/NARAprodstorage/lz/dc-metro/rg-024/581208/2020-03/581208-omaha-002/581208-omaha-002-176.JPG	 						202	218	5	30.07	62	61	61	61		bc	str	10				
1873-02-06	21	-33.02	-71.61			a		https://s3.amazonaws.com/NARAprodstorage/lz/dc-metro/rg-024/581208/2020-03/581208-omaha-002/581208-omaha-002-176.JPG	https://s3.amazonaws.com/NARAprodstorage/lz/dc-metro/rg-024/581208/2020-03/581208-omaha-002/581208-omaha-002-176.JPG	 						180	196	5	30.08	63	61	61	61		bc	str	10				
1873-02-06	22	-33.02	-71.61			a		https://s3.amazonaws.com/NARAprodstorage/lz/dc-metro/rg-024/581208/2020-03/581208-omaha-002/581208-omaha-002-176.JPG	https://s3.amazonaws.com/NARAprodstorage/lz/dc-metro/rg-024/581208/2020-03/581208-omaha-002/581208-omaha-002-176.JPG	 						180	196	5	30.08	63	61	61	61		bm	Nimb	0				
1873-02-06	23	-33.02	-71.61			a		https://s3.amazonaws.com/NARAprodstorage/lz/dc-metro/rg-024/581208/2020-03/581208-omaha-002/581208-omaha-002-176.JPG	https://s3.amazonaws.com/NARAprodstorage/lz/dc-metro/rg-024/581208/2020-03/581208-omaha-002/581208-omaha-002-176.JPG	 						180	196	5	30.08	63	61	61	61		bm	Nimb	0				
1873-02-06	24	-33.02	-71.61			a		https://s3.amazonaws.com/NARAprodstorage/lz/dc-metro/rg-024/581208/2020-03/581208-omaha-002/581208-omaha-002-176.JPG	https://s3.amazonaws.com/NARAprodstorage/lz/dc-metro/rg-024/581208/2020-03/581208-omaha-002/581208-omaha-002-176.JPG	 						202	218	5	30.04	63	61	61	61		bm	Nimb	0				
1873-02-07	1	-33.02	-71.61			a		https://s3.amazonaws.com/NARAprodstorage/lz/dc-metro/rg-024/581208/2020-03/581208-omaha-002/581208-omaha-002-178.JPG	https://s3.amazonaws.com/NARAprodstorage/lz/dc-metro/rg-024/581208/2020-03/581208-omaha-002/581208-omaha-002-178.JPG	 						202	218	2	30.04	62	61	61	61		ocm	nimb	0				
1873-02-07	2	-33.02	-71.61			a		https://s3.amazonaws.com/NARAprodstorage/lz/dc-metro/rg-024/581208/2020-03/581208-omaha-002/581208-omaha-002-178.JPG	https://s3.amazonaws.com/NARAprodstorage/lz/dc-metro/rg-024/581208/2020-03/581208-omaha-002/581208-omaha-002-178.JPG	 						0	0	0	30.04	62	61	61	61		ocm	nimb	0				
1873-02-07	3	-33.02	-71.61			a		https://s3.amazonaws.com/NARAprodstorage/lz/dc-metro/rg-024/581208/2020-03/581208-omaha-002/581208-omaha-002-178.JPG	https://s3.amazonaws.com/NARAprodstorage/lz/dc-metro/rg-024/581208/2020-03/581208-omaha-002/581208-omaha-002-178.JPG	 						0	0	0	30.05	62	61	61	61		ocm	nimb	0				
1873-02-07	4	-33.02	-71.61			a		https://s3.amazonaws.com/NARAprodstorage/lz/dc-metro/rg-024/581208/2020-03/581208-omaha-002/581208-omaha-002-178.JPG	https://s3.amazonaws.com/NARAprodstorage/lz/dc-metro/rg-024/581208/2020-03/581208-omaha-002/581208-omaha-002-178.JPG	 						0	0	0	30.05	62	60	61	61		ocm	nimb	0				
1873-02-07	5	-33.02	-71.61			a		https://s3.amazonaws.com/NARAprodstorage/lz/dc-metro/rg-024/581208/2020-03/581208-omaha-002/581208-omaha-002-178.JPG	https://s3.amazonaws.com/NARAprodstorage/lz/dc-metro/rg-024/581208/2020-03/581208-omaha-002/581208-omaha-002-178.JPG	 						0	0	0	30.05	62	61	62	61		oc	cum nim	0				
1873-02-07	6	-33.02	-71.61			a		https://s3.amazonaws.com/NARAprodstorage/lz/dc-metro/rg-024/581208/2020-03/581208-omaha-002/581208-omaha-002-178.JPG	https://s3.amazonaws.com/NARAprodstorage/lz/dc-metro/rg-024/581208/2020-03/581208-omaha-002/581208-omaha-002-178.JPG	 						202	218	5	30.06	63	62	62	61		bc	cum nim	6				
1873-02-07	7	-33.02	-71.61			a		https://s3.amazonaws.com/NARAprodstorage/lz/dc-metro/rg-024/581208/2020-03/581208-omaha-002/581208-omaha-002-178.JPG	https://s3.amazonaws.com/NARAprodstorage/lz/dc-metro/rg-024/581208/2020-03/581208-omaha-002/581208-omaha-002-178.JPG	 						202	218	2	30.06	64	62	62	61		bc	cum nim	8				
1873-02-07	8	-33.02	-71.61			a		https://s3.amazonaws.com/NARAprodstorage/lz/dc-metro/rg-024/581208/2020-03/581208-omaha-002/581208-omaha-002-178.JPG	https://s3.amazonaws.com/NARAprodstorage/lz/dc-metro/rg-024/581208/2020-03/581208-omaha-002/581208-omaha-002-178.JPG	 						202	218	0	30.06	64	62	62	61		bc	cum nim	8				
1873-02-07	9	-33.02	-71.61			a		https://s3.amazonaws.com/NARAprodstorage/lz/dc-metro/rg-024/581208/2020-03/581208-omaha-002/581208-omaha-002-178.JPG	https://s3.amazonaws.com/NARAprodstorage/lz/dc-metro/rg-024/581208/2020-03/581208-omaha-002/581208-omaha-002-178.JPG	 						0	0	0	30.1	63	64	64	61		bc	cum nim	5				
1873-02-07	10	-33.02	-71.61			a		https://s3.amazonaws.com/NARAprodstorage/lz/dc-metro/rg-024/581208/2020-03/581208-omaha-002/581208-omaha-002-178.JPG	https://s3.amazonaws.com/NARAprodstorage/lz/dc-metro/rg-024/581208/2020-03/581208-omaha-002/581208-omaha-002-178.JPG	 						0	0	0	30.1	63	64	64	61		bc	cum nim	6				
1873-02-07	11	-33.02	-71.61			a		https://s3.amazonaws.com/NARAprodstorage/lz/dc-metro/rg-024/581208/2020-03/581208-omaha-002/581208-omaha-002-178.JPG	https://s3.amazonaws.com/NARAprodstorage/lz/dc-metro/rg-024/581208/2020-03/581208-omaha-002/581208-omaha-002-178.JPG	 						0	0	0	30.1	63	64	64	61		bc	cum nim	7				
1873-02-07	12	-33.02	-71.61			a		https://s3.amazonaws.com/NARAprodstorage/lz/dc-metro/rg-024/581208/2020-03/581208-omaha-002/581208-omaha-002-178.JPG	https://s3.amazonaws.com/NARAprodstorage/lz/dc-metro/rg-024/581208/2020-03/581208-omaha-002/581208-omaha-002-178.JPG	Noon: Valparaiso						0	0	0	30.1	63	64	64	61		bc	cum nim	8				
1873-02-07	13	-33.02	-71.61			a		https://s3.amazonaws.com/NARAprodstorage/lz/dc-metro/rg-024/581208/2020-03/581208-omaha-002/581208-omaha-002-178.JPG	https://s3.amazonaws.com/NARAprodstorage/lz/dc-metro/rg-024/581208/2020-03/581208-omaha-002/581208-omaha-002-178.JPG	 						338	354	1	30.12	63	64	64	61		bc	cum nim	6				
1873-02-07	14	-33.02	-71.61			a		https://s3.amazonaws.com/NARAprodstorage/lz/dc-metro/rg-024/581208/2020-03/581208-omaha-002/581208-omaha-002-178.JPG	https://s3.amazonaws.com/NARAprodstorage/lz/dc-metro/rg-024/581208/2020-03/581208-omaha-002/581208-omaha-002-178.JPG	 						338	354	2	30.11	63	64	64	61		bc	cum nim	6				
1873-02-07	15	-33.02	-71.61			a		https://s3.amazonaws.com/NARAprodstorage/lz/dc-metro/rg-024/581208/2020-03/581208-omaha-002/581208-omaha-002-178.JPG	https://s3.amazonaws.com/NARAprodstorage/lz/dc-metro/rg-024/581208/2020-03/581208-omaha-002/581208-omaha-002-178.JPG	 						248	264	2	30.11	63	66	65	61		bc	cum	8				
1873-02-07	16	-33.02	-71.61			a		https://s3.amazonaws.com/NARAprodstorage/lz/dc-metro/rg-024/581208/2020-03/581208-omaha-002/581208-omaha-002-178.JPG	https://s3.amazonaws.com/NARAprodstorage/lz/dc-metro/rg-024/581208/2020-03/581208-omaha-002/581208-omaha-002-178.JPG	 						248	264	2	30.11	63	66	65	61		bc	cum	8				
1873-02-07	17	-33.02	-71.61			a		https://s3.amazonaws.com/NARAprodstorage/lz/dc-metro/rg-024/581208/2020-03/581208-omaha-002/581208-omaha-002-178.JPG	https://s3.amazonaws.com/NARAprodstorage/lz/dc-metro/rg-024/581208/2020-03/581208-omaha-002/581208-omaha-002-178.JPG	 						225	241	2	30.08	63	66	65	61		bc	cum	9				
1873-02-07	18	-33.02	-71.61			a		https://s3.amazonaws.com/NARAprodstorage/lz/dc-metro/rg-024/581208/2020-03/581208-omaha-002/581208-omaha-002-178.JPG	https://s3.amazonaws.com/NARAprodstorage/lz/dc-metro/rg-024/581208/2020-03/581208-omaha-002/581208-omaha-002-178.JPG	 						225	241	2	30.08	63	66	65	61		bc	cum	9				
1873-02-07	19	-33.02	-71.61			a		https://s3.amazonaws.com/NARAprodstorage/lz/dc-metro/rg-024/581208/2020-03/581208-omaha-002/581208-omaha-002-178.JPG	https://s3.amazonaws.com/NARAprodstorage/lz/dc-metro/rg-024/581208/2020-03/581208-omaha-002/581208-omaha-002-178.JPG	 						225	241	2	30.08	63	66	65	61		bc	cum	9				
1873-02-07	20	-33.02	-71.61			a		https://s3.amazonaws.com/NARAprodstorage/lz/dc-metro/rg-024/581208/2020-03/581208-omaha-002/581208-omaha-002-178.JPG	https://s3.amazonaws.com/NARAprodstorage/lz/dc-metro/rg-024/581208/2020-03/581208-omaha-002/581208-omaha-002-178.JPG	 						225	241	2	30.08	63	66	65	61		bc	cum	9				
1873-02-07	21	-33.02	-71.61			a		https://s3.amazonaws.com/NARAprodstorage/lz/dc-metro/rg-024/581208/2020-03/581208-omaha-002/581208-omaha-002-178.JPG	https://s3.amazonaws.com/NARAprodstorage/lz/dc-metro/rg-024/581208/2020-03/581208-omaha-002/581208-omaha-002-178.JPG	 						0	0	0	30.1	65	66	65	61		bc	cum	7				
1873-02-07	22	-33.02	-71.61			a		https://s3.amazonaws.com/NARAprodstorage/lz/dc-metro/rg-024/581208/2020-03/581208-omaha-002/581208-omaha-002-178.JPG	https://s3.amazonaws.com/NARAprodstorage/lz/dc-metro/rg-024/581208/2020-03/581208-omaha-002/581208-omaha-002-178.JPG	 						0	0	0	30.1	66	66	65	61		bc	cum	8				
1873-02-07	23	-33.02	-71.61			a		https://s3.amazonaws.com/NARAprodstorage/lz/dc-metro/rg-024/581208/2020-03/581208-omaha-002/581208-omaha-002-178.JPG	https://s3.amazonaws.com/NARAprodstorage/lz/dc-metro/rg-024/581208/2020-03/581208-omaha-002/581208-omaha-002-178.JPG	 						0	0	0	30.1	68	66	65	61		bc	cum	6				
1873-02-07	24	-33.02	-71.61			a		https://s3.amazonaws.com/NARAprodstorage/lz/dc-metro/rg-024/581208/2020-03/581208-omaha-002/581208-omaha-002-178.JPG	https://s3.amazonaws.com/NARAprodstorage/lz/dc-metro/rg-024/581208/2020-03/581208-omaha-002/581208-omaha-002-178.JPG	 						0	0	0	30.1	68	66	65	61		bc	cum	5				
1873-02-08	1	-33.02	-71.61			a		https://s3.amazonaws.com/NARAprodstorage/lz/dc-metro/rg-024/581208/2020-03/581208-omaha-002/581208-omaha-002-179.JPG	https://s3.amazonaws.com/NARAprodstorage/lz/dc-metro/rg-024/581208/2020-03/581208-omaha-002/581208-omaha-002-180.JPG	 						169	185	2	30.08	66	61	61	61		bc	cum	4				
1873-02-08	2	-33.02	-71.61			a		https://s3.amazonaws.com/NARAprodstorage/lz/dc-metro/rg-024/581208/2020-03/581208-omaha-002/581208-omaha-002-179.JPG	https://s3.amazonaws.com/NARAprodstorage/lz/dc-metro/rg-024/581208/2020-03/581208-omaha-002/581208-omaha-002-179.JPG	 						169	185	2	30.08	64	61	61	61		bc	cum	4				
1873-02-08	3	-33.02	-71.61			a		https://s3.amazonaws.com/NARAprodstorage/lz/dc-metro/rg-024/581208/2020-03/581208-omaha-002/581208-omaha-002-179.JPG	https://s3.amazonaws.com/NARAprodstorage/lz/dc-metro/rg-024/581208/2020-03/581208-omaha-002/581208-omaha-002-179.JPG	 						169	185	2	30.08	63	61	61	61		bc	cum	3				
1873-02-08	4	-33.02	-71.61			a		https://s3.amazonaws.com/NARAprodstorage/lz/dc-metro/rg-024/581208/2020-03/581208-omaha-002/581208-omaha-002-179.JPG	https://s3.amazonaws.com/NARAprodstorage/lz/dc-metro/rg-024/581208/2020-03/581208-omaha-002/581208-omaha-002-179.JPG	 						169	185	2	30.08	63	61	61	61		bc	cum	3				
1873-02-08	5	-33.02	-71.61			a		https://s3.amazonaws.com/NARAprodstorage/lz/dc-metro/rg-024/581208/2020-03/581208-omaha-002/581208-omaha-002-179.JPG	https://s3.amazonaws.com/NARAprodstorage/lz/dc-metro/rg-024/581208/2020-03/581208-omaha-002/581208-omaha-002-179.JPG	 						169	185	2	30.09	63	61	61	61		oc	cum nimb	0				
1873-02-08	6	-33.02	-71.61			a		https://s3.amazonaws.com/NARAprodstorage/lz/dc-metro/rg-024/581208/2020-03/581208-omaha-002/581208-omaha-002-179.JPG	https://s3.amazonaws.com/NARAprodstorage/lz/dc-metro/rg-024/581208/2020-03/581208-omaha-002/581208-omaha-002-179.JPG	 						0	0	0	30.09	63	61	61	61		ocm	cum nimb	0				
1873-02-08	7	-33.02	-71.61			a		https://s3.amazonaws.com/NARAprodstorage/lz/dc-metro/rg-024/581208/2020-03/581208-omaha-002/581208-omaha-002-179.JPG	https://s3.amazonaws.com/NARAprodstorage/lz/dc-metro/rg-024/581208/2020-03/581208-omaha-002/581208-omaha-002-179.JPG	 						0	0	0	30.1	63	60	60	60		ocm	cum nimb	0				
1873-02-08	8	-33.02	-71.61			a		https://s3.amazonaws.com/NARAprodstorage/lz/dc-metro/rg-024/581208/2020-03/581208-omaha-002/581208-omaha-002-179.JPG	https://s3.amazonaws.com/NARAprodstorage/lz/dc-metro/rg-024/581208/2020-03/581208-omaha-002/581208-omaha-002-179.JPG	 						0	0	0	30.11	63	60	60	60		ocm	cum nimb	0			8AM: USS Pensacola; USS St. Mary's.	
1873-02-08	9	-33.02	-71.61			a		https://s3.amazonaws.com/NARAprodstorage/lz/dc-metro/rg-024/581208/2020-03/581208-omaha-002/581208-omaha-002-179.JPG	https://s3.amazonaws.com/NARAprodstorage/lz/dc-metro/rg-024/581208/2020-03/581208-omaha-002/581208-omaha-002-179.JPG	 						0	0	0	30.11	64	62	62	60		ocm	cum nimb	0				
1873-02-08	10	-33.02	-71.61			a		https://s3.amazonaws.com/NARAprodstorage/lz/dc-metro/rg-024/581208/2020-03/581208-omaha-002/581208-omaha-002-179.JPG	https://s3.amazonaws.com/NARAprodstorage/lz/dc-metro/rg-024/581208/2020-03/581208-omaha-002/581208-omaha-002-179.JPG	 						0	0	0	30.12	64	63	64	61		ocm	cum nimb	0				
1873-02-08	11	-33.02	-71.61			a		https://s3.amazonaws.com/NARAprodstorage/lz/dc-metro/rg-024/581208/2020-03/581208-omaha-002/581208-omaha-002-179.JPG	https://s3.amazonaws.com/NARAprodstorage/lz/dc-metro/rg-024/581208/2020-03/581208-omaha-002/581208-omaha-002-179.JPG	 						0	0	0	30.12	64	63	64	61		bcm	cum nimb	5				
1873-02-08	12	-33.02	-71.61			a		https://s3.amazonaws.com/NARAprodstorage/lz/dc-metro/rg-024/581208/2020-03/581208-omaha-002/581208-omaha-002-179.JPG	https://s3.amazonaws.com/NARAprodstorage/lz/dc-metro/rg-024/581208/2020-03/581208-omaha-002/581208-omaha-002-179.JPG	 						0	0	0	30.12	65	65	66	63		bcm	cum nimb	5				
1873-02-08	13	-33.02	-71.61			a		https://s3.amazonaws.com/NARAprodstorage/lz/dc-metro/rg-024/581208/2020-03/581208-omaha-002/581208-omaha-002-179.JPG	https://s3.amazonaws.com/NARAprodstorage/lz/dc-metro/rg-024/581208/2020-03/581208-omaha-002/581208-omaha-002-179.JPG	 						270	286	5	30.12	67	66	66	63		bc	cum nim	8				
1873-02-08	14	-33.02	-71.61			a		https://s3.amazonaws.com/NARAprodstorage/lz/dc-metro/rg-024/581208/2020-03/581208-omaha-002/581208-omaha-002-179.JPG	https://s3.amazonaws.com/NARAprodstorage/lz/dc-metro/rg-024/581208/2020-03/581208-omaha-002/581208-omaha-002-179.JPG	 						292	308	6	30.11	67	66	66	63		bc	cum nim	8				
1873-02-08	15	-33.02	-71.61			a		https://s3.amazonaws.com/NARAprodstorage/lz/dc-metro/rg-024/581208/2020-03/581208-omaha-002/581208-omaha-002-179.JPG	https://s3.amazonaws.com/NARAprodstorage/lz/dc-metro/rg-024/581208/2020-03/581208-omaha-002/581208-omaha-002-179.JPG	 						292	308	6	30.08	67	66	66	63		bc	cum	7				
1873-02-08	16	-33.02	-71.61			a		https://s3.amazonaws.com/NARAprodstorage/lz/dc-metro/rg-024/581208/2020-03/581208-omaha-002/581208-omaha-002-179.JPG	https://s3.amazonaws.com/NARAprodstorage/lz/dc-metro/rg-024/581208/2020-03/581208-omaha-002/581208-omaha-002-179.JPG	 						292	308	6	30.09	67	65	65	62		bc	cum	8				
1873-02-08	17	-33.02	-71.61			a		https://s3.amazonaws.com/NARAprodstorage/lz/dc-metro/rg-024/581208/2020-03/581208-omaha-002/581208-omaha-002-179.JPG	https://s3.amazonaws.com/NARAprodstorage/lz/dc-metro/rg-024/581208/2020-03/581208-omaha-002/581208-omaha-002-179.JPG	 						248	264	8	30.05	67	65	65	62		bc	cum	8				
1873-02-08	18	-33.02	-71.61			a		https://s3.amazonaws.com/NARAprodstorage/lz/dc-metro/rg-024/581208/2020-03/581208-omaha-002/581208-omaha-002-179.JPG	https://s3.amazonaws.com/NARAprodstorage/lz/dc-metro/rg-024/581208/2020-03/581208-omaha-002/581208-omaha-002-179.JPG	 						248	264	8	30.05	67	65	65	62		bc	cum	8				
1873-02-08	19	-33.02	-71.61			a		https://s3.amazonaws.com/NARAprodstorage/lz/dc-metro/rg-024/581208/2020-03/581208-omaha-002/581208-omaha-002-179.JPG	https://s3.amazonaws.com/NARAprodstorage/lz/dc-metro/rg-024/581208/2020-03/581208-omaha-002/581208-omaha-002-179.JPG	 						248	264	5	30.05	67	65	65	62		bc	cum	8				
1873-02-08	20	-33.02	-71.61			a		https://s3.amazonaws.com/NARAprodstorage/lz/dc-metro/rg-024/581208/2020-03/581208-omaha-002/581208-omaha-002-179.JPG	https://s3.amazonaws.com/NARAprodstorage/lz/dc-metro/rg-024/581208/2020-03/581208-omaha-002/581208-omaha-002-179.JPG	 						248	264	2	30.05	67	65	65	62		bc	cum	8				
1873-02-08	21	-33.02	-71.61			a		https://s3.amazonaws.com/NARAprodstorage/lz/dc-metro/rg-024/581208/2020-03/581208-omaha-002/581208-omaha-002-179.JPG	https://s3.amazonaws.com/NARAprodstorage/lz/dc-metro/rg-024/581208/2020-03/581208-omaha-002/581208-omaha-002-179.JPG	 						338	354	2	30.05	67	65	65	62		bc	cum	4				
1873-02-08	22	-33.02	-71.61			a		https://s3.amazonaws.com/NARAprodstorage/lz/dc-metro/rg-024/581208/2020-03/581208-omaha-002/581208-omaha-002-179.JPG	https://s3.amazonaws.com/NARAprodstorage/lz/dc-metro/rg-024/581208/2020-03/581208-omaha-002/581208-omaha-002-179.JPG	 						360	16	2	30.05	65	64	64	62		bc	cum	0				
1873-02-08	23	-33.02	-71.61			a		https://s3.amazonaws.com/NARAprodstorage/lz/dc-metro/rg-024/581208/2020-03/581208-omaha-002/581208-omaha-002-179.JPG	https://s3.amazonaws.com/NARAprodstorage/lz/dc-metro/rg-024/581208/2020-03/581208-omaha-002/581208-omaha-002-179.JPG	 						315	331	2	30.05	65	64	64	62		bc	cum	0				
1873-02-08	24	-33.02	-71.61			a		https://s3.amazonaws.com/NARAprodstorage/lz/dc-metro/rg-024/581208/2020-03/581208-omaha-002/581208-omaha-002-179.JPG	https://s3.amazonaws.com/NARAprodstorage/lz/dc-metro/rg-024/581208/2020-03/581208-omaha-002/581208-omaha-002-179.JPG	"0000: The log keeper wrote the date as the 10th, but it is the 9th. The next page has the 10th and the previous page has the 8th."						315	331	2	30.05	65	64	64	62		bc	cum	0				
1873-02-09	1	-33.02	-71.61			a		https://s3.amazonaws.com/NARAprodstorage/lz/dc-metro/rg-024/581208/2020-03/581208-omaha-002/581208-omaha-002-181.JPG	https://s3.amazonaws.com/NARAprodstorage/lz/dc-metro/rg-024/581208/2020-03/581208-omaha-002/581208-omaha-002-181.JPG	 						315	331	2	30.08	65	62	62	62		ocm	cum nimb	0				
1873-02-09	2	-33.02	-71.61			a		https://s3.amazonaws.com/NARAprodstorage/lz/dc-metro/rg-024/581208/2020-03/581208-omaha-002/581208-omaha-002-181.JPG	https://s3.amazonaws.com/NARAprodstorage/lz/dc-metro/rg-024/581208/2020-03/581208-omaha-002/581208-omaha-002-181.JPG	 						315	331	2	30.08	65	62	62	62		ocm	cum nimb	0				
1873-02-09	3	-33.02	-71.61			a		https://s3.amazonaws.com/NARAprodstorage/lz/dc-metro/rg-024/581208/2020-03/581208-omaha-002/581208-omaha-002-181.JPG	https://s3.amazonaws.com/NARAprodstorage/lz/dc-metro/rg-024/581208/2020-03/581208-omaha-002/581208-omaha-002-181.JPG	 						315	331	2	30.08	65	62	62	62		ocmd	cum nimb	0				
1873-02-09	4	-33.02	-71.61			a		https://s3.amazonaws.com/NARAprodstorage/lz/dc-metro/rg-024/581208/2020-03/581208-omaha-002/581208-omaha-002-181.JPG	https://s3.amazonaws.com/NARAprodstorage/lz/dc-metro/rg-024/581208/2020-03/581208-omaha-002/581208-omaha-002-181.JPG	 						315	331	2	30.08	65	62	62	62		ocmd	cum nimb	0				
1873-02-09	5	-33.02	-71.61			a		https://s3.amazonaws.com/NARAprodstorage/lz/dc-metro/rg-024/581208/2020-03/581208-omaha-002/581208-omaha-002-181.JPG	https://s3.amazonaws.com/NARAprodstorage/lz/dc-metro/rg-024/581208/2020-03/581208-omaha-002/581208-omaha-002-181.JPG	 						315	331	2	30.1	64	62	62	62		ocmd	cum nimb	0				
1873-02-09	6	-33.02	-71.61			a		https://s3.amazonaws.com/NARAprodstorage/lz/dc-metro/rg-024/581208/2020-03/581208-omaha-002/581208-omaha-002-181.JPG	https://s3.amazonaws.com/NARAprodstorage/lz/dc-metro/rg-024/581208/2020-03/581208-omaha-002/581208-omaha-002-181.JPG	 						315	331	2	30.1	64	61	61	62		ocmd	cum nimb	0				
1873-02-09	7	-33.02	-71.61			a		https://s3.amazonaws.com/NARAprodstorage/lz/dc-metro/rg-024/581208/2020-03/581208-omaha-002/581208-omaha-002-181.JPG	https://s3.amazonaws.com/NARAprodstorage/lz/dc-metro/rg-024/581208/2020-03/581208-omaha-002/581208-omaha-002-181.JPG	 						360	16	5	30.12	64	61	61	62		ocmd	cum nimb	0				
1873-02-09	8	-33.02	-71.61			a		https://s3.amazonaws.com/NARAprodstorage/lz/dc-metro/rg-024/581208/2020-03/581208-omaha-002/581208-omaha-002-181.JPG	https://s3.amazonaws.com/NARAprodstorage/lz/dc-metro/rg-024/581208/2020-03/581208-omaha-002/581208-omaha-002-181.JPG	 						360	16	5	30.14	64	61	61	62		ocmd	cum nimb	0				
1873-02-09	9	-33.02	-71.61			a		https://s3.amazonaws.com/NARAprodstorage/lz/dc-metro/rg-024/581208/2020-03/581208-omaha-002/581208-omaha-002-181.JPG	https://s3.amazonaws.com/NARAprodstorage/lz/dc-metro/rg-024/581208/2020-03/581208-omaha-002/581208-omaha-002-181.JPG	 						360	16	2	30.16	64	61	61	62		ocmd	cum nimb	0				
1873-02-09	10	-33.02	-71.61			a		https://s3.amazonaws.com/NARAprodstorage/lz/dc-metro/rg-024/581208/2020-03/581208-omaha-002/581208-omaha-002-181.JPG	https://s3.amazonaws.com/NARAprodstorage/lz/dc-metro/rg-024/581208/2020-03/581208-omaha-002/581208-omaha-002-181.JPG	 						360	16	2	30.16	65	62	61	62		ocmd	cum nimb	0				
1873-02-09	11	-33.02	-71.61			a		https://s3.amazonaws.com/NARAprodstorage/lz/dc-metro/rg-024/581208/2020-03/581208-omaha-002/581208-omaha-002-181.JPG	https://s3.amazonaws.com/NARAprodstorage/lz/dc-metro/rg-024/581208/2020-03/581208-omaha-002/581208-omaha-002-181.JPG	 						0	0	0	30.16	66	63	63	62		bcm	cum nimb	5				
1873-02-09	12	-33.02	-71.61			a		https://s3.amazonaws.com/NARAprodstorage/lz/dc-metro/rg-024/581208/2020-03/581208-omaha-002/581208-omaha-002-181.JPG	https://s3.amazonaws.com/NARAprodstorage/lz/dc-metro/rg-024/581208/2020-03/581208-omaha-002/581208-omaha-002-181.JPG	Noon: Valparaiso						0	0	0	30.16	66	63	64	62		bcm	cum nimb	5				
1873-02-09	13	-33.02	-71.61			a		https://s3.amazonaws.com/NARAprodstorage/lz/dc-metro/rg-024/581208/2020-03/581208-omaha-002/581208-omaha-002-181.JPG	https://s3.amazonaws.com/NARAprodstorage/lz/dc-metro/rg-024/581208/2020-03/581208-omaha-002/581208-omaha-002-181.JPG	 						281	297	5	30.12	66	67	66			bc	cum str	8				
1873-02-09	14	-33.02	-71.61			a		https://s3.amazonaws.com/NARAprodstorage/lz/dc-metro/rg-024/581208/2020-03/581208-omaha-002/581208-omaha-002-181.JPG	https://s3.amazonaws.com/NARAprodstorage/lz/dc-metro/rg-024/581208/2020-03/581208-omaha-002/581208-omaha-002-181.JPG	 						281	297	5	30.12	66	67	66			bc	cum str	8				
1873-02-09	15	-33.02	-71.61			a		https://s3.amazonaws.com/NARAprodstorage/lz/dc-metro/rg-024/581208/2020-03/581208-omaha-002/581208-omaha-002-181.JPG	https://s3.amazonaws.com/NARAprodstorage/lz/dc-metro/rg-024/581208/2020-03/581208-omaha-002/581208-omaha-002-181.JPG	 						281	297	5	30.12	66	67	66			bc	cum str	8				
1873-02-09	16	-33.02	-71.61			a		https://s3.amazonaws.com/NARAprodstorage/lz/dc-metro/rg-024/581208/2020-03/581208-omaha-002/581208-omaha-002-181.JPG	https://s3.amazonaws.com/NARAprodstorage/lz/dc-metro/rg-024/581208/2020-03/581208-omaha-002/581208-omaha-002-181.JPG	 						259	275	8	30.12	66	67	66			bc	cum	8				
1873-02-09	17	-33.02	-71.61			a		https://s3.amazonaws.com/NARAprodstorage/lz/dc-metro/rg-024/581208/2020-03/581208-omaha-002/581208-omaha-002-181.JPG	https://s3.amazonaws.com/NARAprodstorage/lz/dc-metro/rg-024/581208/2020-03/581208-omaha-002/581208-omaha-002-181.JPG	 						214	230	8	30.12	66	67	66			bc	cum	8				
1873-02-09	18	-33.02	-71.61			a		https://s3.amazonaws.com/NARAprodstorage/lz/dc-metro/rg-024/581208/2020-03/581208-omaha-002/581208-omaha-002-181.JPG	https://s3.amazonaws.com/NARAprodstorage/lz/dc-metro/rg-024/581208/2020-03/581208-omaha-002/581208-omaha-002-181.JPG	 						214	230	8	30.1	65	66	66			bc	cum	8				
1873-02-09	19	-33.02	-71.61			a		https://s3.amazonaws.com/NARAprodstorage/lz/dc-metro/rg-024/581208/2020-03/581208-omaha-002/581208-omaha-002-181.JPG	https://s3.amazonaws.com/NARAprodstorage/lz/dc-metro/rg-024/581208/2020-03/581208-omaha-002/581208-omaha-002-181.JPG	 						214	230	8	30.08	65	66	66			b	none	10				
1873-02-09	20	-33.02	-71.61			a		https://s3.amazonaws.com/NARAprodstorage/lz/dc-metro/rg-024/581208/2020-03/581208-omaha-002/581208-omaha-002-181.JPG	https://s3.amazonaws.com/NARAprodstorage/lz/dc-metro/rg-024/581208/2020-03/581208-omaha-002/581208-omaha-002-181.JPG	 						214	230	8	30.08	65	66	66			b	none	10				
1873-02-09	21	-33.02	-71.61			a		https://s3.amazonaws.com/NARAprodstorage/lz/dc-metro/rg-024/581208/2020-03/581208-omaha-002/581208-omaha-002-181.JPG	https://s3.amazonaws.com/NARAprodstorage/lz/dc-metro/rg-024/581208/2020-03/581208-omaha-002/581208-omaha-002-181.JPG	 						214	230	5	30.06	65	65	66			b	none	10				
1873-02-09	22	-33.02	-71.61			a		https://s3.amazonaws.com/NARAprodstorage/lz/dc-metro/rg-024/581208/2020-03/581208-omaha-002/581208-omaha-002-181.JPG	https://s3.amazonaws.com/NARAprodstorage/lz/dc-metro/rg-024/581208/2020-03/581208-omaha-002/581208-omaha-002-181.JPG	 						0	0	0	30.06	65	65	66			b	none	10				
1873-02-09	23	-33.02	-71.61			a		https://s3.amazonaws.com/NARAprodstorage/lz/dc-metro/rg-024/581208/2020-03/581208-omaha-002/581208-omaha-002-181.JPG	https://s3.amazonaws.com/NARAprodstorage/lz/dc-metro/rg-024/581208/2020-03/581208-omaha-002/581208-omaha-002-181.JPG	 						0	0	0	30.06	65	65	66			b	none	10				
1873-02-09	24	-33.02	-71.61			a		https://s3.amazonaws.com/NARAprodstorage/lz/dc-metro/rg-024/581208/2020-03/581208-omaha-002/581208-omaha-002-181.JPG	https://s3.amazonaws.com/NARAprodstorage/lz/dc-metro/rg-024/581208/2020-03/581208-omaha-002/581208-omaha-002-181.JPG	 						0	0	0	30.06	65	65	66			b	none	10				
1873-02-10	1	-33.02	-71.61			a		https://s3.amazonaws.com/NARAprodstorage/lz/dc-metro/rg-024/581208/2020-03/581208-omaha-002/581208-omaha-002-182.JPG	https://s3.amazonaws.com/NARAprodstorage/lz/dc-metro/rg-024/581208/2020-03/581208-omaha-002/581208-omaha-002-182.JPG	 						0	0	0	30.08	65	64	62	60		b	none	10				
1873-02-10	2	-33.02	-71.61			a		https://s3.amazonaws.com/NARAprodstorage/lz/dc-metro/rg-024/581208/2020-03/581208-omaha-002/581208-omaha-002-182.JPG	https://s3.amazonaws.com/NARAprodstorage/lz/dc-metro/rg-024/581208/2020-03/581208-omaha-002/581208-omaha-002-182.JPG	 						0	0	0	30.08	65	64	62	60		b	cum	9				
1873-02-10	3	-33.02	-71.61			a		https://s3.amazonaws.com/NARAprodstorage/lz/dc-metro/rg-024/581208/2020-03/581208-omaha-002/581208-omaha-002-182.JPG	https://s3.amazonaws.com/NARAprodstorage/lz/dc-metro/rg-024/581208/2020-03/581208-omaha-002/581208-omaha-002-182.JPG	 						180	196	1	30.1	65	64	62	60		bc	cum nimb 	8				
1873-02-10	4	-33.02	-71.61			a		https://s3.amazonaws.com/NARAprodstorage/lz/dc-metro/rg-024/581208/2020-03/581208-omaha-002/581208-omaha-002-182.JPG	https://s3.amazonaws.com/NARAprodstorage/lz/dc-metro/rg-024/581208/2020-03/581208-omaha-002/581208-omaha-002-182.JPG	 						180	196	2	30.1	64	64	63	60		bc	cum nimb 	7				
1873-02-10	5	-33.02	-71.61			a		https://s3.amazonaws.com/NARAprodstorage/lz/dc-metro/rg-024/581208/2020-03/581208-omaha-002/581208-omaha-002-182.JPG	https://s3.amazonaws.com/NARAprodstorage/lz/dc-metro/rg-024/581208/2020-03/581208-omaha-002/581208-omaha-002-182.JPG	 						0	0	0	30.11	64	64	63	60		bc	cum nimb 	5				
1873-02-10	6	-33.02	-71.61			a		https://s3.amazonaws.com/NARAprodstorage/lz/dc-metro/rg-024/581208/2020-03/581208-omaha-002/581208-omaha-002-182.JPG	https://s3.amazonaws.com/NARAprodstorage/lz/dc-metro/rg-024/581208/2020-03/581208-omaha-002/581208-omaha-002-182.JPG	 						0	0	0	30.12	65	65	65	61		oc	cum nimb 	0				
1873-02-10	7	-33.02	-71.61			a		https://s3.amazonaws.com/NARAprodstorage/lz/dc-metro/rg-024/581208/2020-03/581208-omaha-002/581208-omaha-002-182.JPG	https://s3.amazonaws.com/NARAprodstorage/lz/dc-metro/rg-024/581208/2020-03/581208-omaha-002/581208-omaha-002-182.JPG	 						0	0	0	30.12	65	65	65	61		oc	cum nimb 	0				
1873-02-10	8	-33.02	-71.61			a		https://s3.amazonaws.com/NARAprodstorage/lz/dc-metro/rg-024/581208/2020-03/581208-omaha-002/581208-omaha-002-182.JPG	https://s3.amazonaws.com/NARAprodstorage/lz/dc-metro/rg-024/581208/2020-03/581208-omaha-002/581208-omaha-002-182.JPG	 						0	0	0	30.12	66	65	65	61		oc	cum nimb 	0				
1873-02-10	9	-33.02	-71.61			a		https://s3.amazonaws.com/NARAprodstorage/lz/dc-metro/rg-024/581208/2020-03/581208-omaha-002/581208-omaha-002-182.JPG	https://s3.amazonaws.com/NARAprodstorage/lz/dc-metro/rg-024/581208/2020-03/581208-omaha-002/581208-omaha-002-182.JPG	 						0	0	0	30.18	66	65	65	61		oc	nimb	0				
1873-02-10	10	-33.02	-71.61			a		https://s3.amazonaws.com/NARAprodstorage/lz/dc-metro/rg-024/581208/2020-03/581208-omaha-002/581208-omaha-002-182.JPG	https://s3.amazonaws.com/NARAprodstorage/lz/dc-metro/rg-024/581208/2020-03/581208-omaha-002/581208-omaha-002-182.JPG	 						0	0	0	30.18	66	65	65	61		oc	nimb	0				
1873-02-10	11	-33.02	-71.61			a		https://s3.amazonaws.com/NARAprodstorage/lz/dc-metro/rg-024/581208/2020-03/581208-omaha-002/581208-omaha-002-182.JPG	https://s3.amazonaws.com/NARAprodstorage/lz/dc-metro/rg-024/581208/2020-03/581208-omaha-002/581208-omaha-002-182.JPG	 						0	0	0	30.18	66	65	65	61		oc	nimb	0				
1873-02-10	12	-33.02	-71.61			a		https://s3.amazonaws.com/NARAprodstorage/lz/dc-metro/rg-024/581208/2020-03/581208-omaha-002/581208-omaha-002-182.JPG	https://s3.amazonaws.com/NARAprodstorage/lz/dc-metro/rg-024/581208/2020-03/581208-omaha-002/581208-omaha-002-182.JPG	Noon: Valparaiso						338	354	2	30.18	66	65	65	61		oc	nimb	0				
1873-02-10	13	-33.02	-71.61			a		https://s3.amazonaws.com/NARAprodstorage/lz/dc-metro/rg-024/581208/2020-03/581208-omaha-002/581208-omaha-002-182.JPG	https://s3.amazonaws.com/NARAprodstorage/lz/dc-metro/rg-024/581208/2020-03/581208-omaha-002/581208-omaha-002-182.JPG	 						338	354	2	30.14	66	65	65			bc	cum	4				
1873-02-10	14	-33.02	-71.61			a		https://s3.amazonaws.com/NARAprodstorage/lz/dc-metro/rg-024/581208/2020-03/581208-omaha-002/581208-omaha-002-182.JPG	https://s3.amazonaws.com/NARAprodstorage/lz/dc-metro/rg-024/581208/2020-03/581208-omaha-002/581208-omaha-002-182.JPG	 						338	354	2	30.12	66	66	66			bc	cum	8				
1873-02-10	15	-33.02	-71.61			a		https://s3.amazonaws.com/NARAprodstorage/lz/dc-metro/rg-024/581208/2020-03/581208-omaha-002/581208-omaha-002-182.JPG	https://s3.amazonaws.com/NARAprodstorage/lz/dc-metro/rg-024/581208/2020-03/581208-omaha-002/581208-omaha-002-182.JPG	 						225	241	2	30.1	66	66	66			bc	cum	9				
1873-02-10	16	-33.02	-71.61			a		https://s3.amazonaws.com/NARAprodstorage/lz/dc-metro/rg-024/581208/2020-03/581208-omaha-002/581208-omaha-002-182.JPG	https://s3.amazonaws.com/NARAprodstorage/lz/dc-metro/rg-024/581208/2020-03/581208-omaha-002/581208-omaha-002-182.JPG	 						225	241	2	30.08	68	67	67			bc	cum	9				
1873-02-10	17	-33.02	-71.61			a		https://s3.amazonaws.com/NARAprodstorage/lz/dc-metro/rg-024/581208/2020-03/581208-omaha-002/581208-omaha-002-182.JPG	https://s3.amazonaws.com/NARAprodstorage/lz/dc-metro/rg-024/581208/2020-03/581208-omaha-002/581208-omaha-002-182.JPG	 						225	241	8	30.08	68	67	67			bc	cum	8				
1873-02-10	18	-33.02	-71.61			a		https://s3.amazonaws.com/NARAprodstorage/lz/dc-metro/rg-024/581208/2020-03/581208-omaha-002/581208-omaha-002-182.JPG	https://s3.amazonaws.com/NARAprodstorage/lz/dc-metro/rg-024/581208/2020-03/581208-omaha-002/581208-omaha-002-182.JPG	 						225	241	13	30.08	68	67	67			bc	cum nimb	8				
1873-02-10	19	-33.02	-71.61			a		https://s3.amazonaws.com/NARAprodstorage/lz/dc-metro/rg-024/581208/2020-03/581208-omaha-002/581208-omaha-002-182.JPG	https://s3.amazonaws.com/NARAprodstorage/lz/dc-metro/rg-024/581208/2020-03/581208-omaha-002/581208-omaha-002-182.JPG	 						180	196	5	30.09	67	66	66			bc	cum nimb	7				
1873-02-10	20	-33.02	-71.61			a		https://s3.amazonaws.com/NARAprodstorage/lz/dc-metro/rg-024/581208/2020-03/581208-omaha-002/581208-omaha-002-182.JPG	https://s3.amazonaws.com/NARAprodstorage/lz/dc-metro/rg-024/581208/2020-03/581208-omaha-002/581208-omaha-002-182.JPG	 						180	196	2	30.09	67	66	66			bc	cum nimb	8				
1873-02-10	21	-33.02	-71.61			a		https://s3.amazonaws.com/NARAprodstorage/lz/dc-metro/rg-024/581208/2020-03/581208-omaha-002/581208-omaha-002-182.JPG	https://s3.amazonaws.com/NARAprodstorage/lz/dc-metro/rg-024/581208/2020-03/581208-omaha-002/581208-omaha-002-182.JPG	 						0	0	0	30.1	67	66	66			bc	cum nimb	10				
1873-02-10	22	-33.02	-71.61			a		https://s3.amazonaws.com/NARAprodstorage/lz/dc-metro/rg-024/581208/2020-03/581208-omaha-002/581208-omaha-002-182.JPG	https://s3.amazonaws.com/NARAprodstorage/lz/dc-metro/rg-024/581208/2020-03/581208-omaha-002/581208-omaha-002-182.JPG	 						0	0	0	30.1	67	66	66			bc	cum nimb	10				
1873-02-10	23	-33.02	-71.61			a		https://s3.amazonaws.com/NARAprodstorage/lz/dc-metro/rg-024/581208/2020-03/581208-omaha-002/581208-omaha-002-182.JPG	https://s3.amazonaws.com/NARAprodstorage/lz/dc-metro/rg-024/581208/2020-03/581208-omaha-002/581208-omaha-002-182.JPG	 						0	0	0	30.1	67	66	66			bc	cum nimb	10				
1873-02-10	24	-33.02	-71.61			a		https://s3.amazonaws.com/NARAprodstorage/lz/dc-metro/rg-024/581208/2020-03/581208-omaha-002/581208-omaha-002-182.JPG	https://s3.amazonaws.com/NARAprodstorage/lz/dc-metro/rg-024/581208/2020-03/581208-omaha-002/581208-omaha-002-182.JPG	 						0	0	0	30.1	67	66	66			bc	cir	10				
1873-02-11	1	-33.02	-71.61			a		https://s3.amazonaws.com/NARAprodstorage/lz/dc-metro/rg-024/581208/2020-03/581208-omaha-002/581208-omaha-002-183.JPG	https://s3.amazonaws.com/NARAprodstorage/lz/dc-metro/rg-024/581208/2020-03/581208-omaha-002/581208-omaha-002-183.JPG	 						158	174	2	30.08	67	66	66			oc	cum nimb	0				
1873-02-11	2	-33.02	-71.61			a		https://s3.amazonaws.com/NARAprodstorage/lz/dc-metro/rg-024/581208/2020-03/581208-omaha-002/581208-omaha-002-183.JPG	https://s3.amazonaws.com/NARAprodstorage/lz/dc-metro/rg-024/581208/2020-03/581208-omaha-002/581208-omaha-002-183.JPG	 						158	174	2	30.06	67	66	66			oc	cum nimb	0				
1873-02-11	3	-33.02	-71.61			a		https://s3.amazonaws.com/NARAprodstorage/lz/dc-metro/rg-024/581208/2020-03/581208-omaha-002/581208-omaha-002-183.JPG	https://s3.amazonaws.com/NARAprodstorage/lz/dc-metro/rg-024/581208/2020-03/581208-omaha-002/581208-omaha-002-183.JPG	 						158	174	2	30.06	67	66	66			ocm	cum nimb	0				
1873-02-11	4	-33.02	-71.61			a		https://s3.amazonaws.com/NARAprodstorage/lz/dc-metro/rg-024/581208/2020-03/581208-omaha-002/581208-omaha-002-183.JPG	https://s3.amazonaws.com/NARAprodstorage/lz/dc-metro/rg-024/581208/2020-03/581208-omaha-002/581208-omaha-002-183.JPG	 						158	174	2	30.06	67	66	66			ocm	cum nimb	0				
1873-02-11	5	-33.02	-71.61			a		https://s3.amazonaws.com/NARAprodstorage/lz/dc-metro/rg-024/581208/2020-03/581208-omaha-002/581208-omaha-002-183.JPG	https://s3.amazonaws.com/NARAprodstorage/lz/dc-metro/rg-024/581208/2020-03/581208-omaha-002/581208-omaha-002-183.JPG	 						158	174														
1873-02-11	6	-33.02	-71.61			a		https://s3.amazonaws.com/NARAprodstorage/lz/dc-metro/rg-024/581208/2020-03/581208-omaha-002/581208-omaha-002-183.JPG	https://s3.amazonaws.com/NARAprodstorage/lz/dc-metro/rg-024/581208/2020-03/581208-omaha-002/581208-omaha-002-183.JPG	 						158	174														
1873-02-11	7	-33.02	-71.61			a		https://s3.amazonaws.com/NARAprodstorage/lz/dc-metro/rg-024/581208/2020-03/581208-omaha-002/581208-omaha-002-183.JPG	https://s3.amazonaws.com/NARAprodstorage/lz/dc-metro/rg-024/581208/2020-03/581208-omaha-002/581208-omaha-002-183.JPG	 																					
1873-02-11	8	-33.02	-71.61			a		https://s3.amazonaws.com/NARAprodstorage/lz/dc-metro/rg-024/581208/2020-03/581208-omaha-002/581208-omaha-002-183.JPG	https://s3.amazonaws.com/NARAprodstorage/lz/dc-metro/rg-024/581208/2020-03/581208-omaha-002/581208-omaha-002-183.JPG	 																					
1873-02-11	9	-33.02	-71.61			a		https://s3.amazonaws.com/NARAprodstorage/lz/dc-metro/rg-024/581208/2020-03/581208-omaha-002/581208-omaha-002-183.JPG	https://s3.amazonaws.com/NARAprodstorage/lz/dc-metro/rg-024/581208/2020-03/581208-omaha-002/581208-omaha-002-183.JPG	 						225	241	2	30.08	69	67	67	62		ocm	nimb	0				
1873-02-11	10	-33.02	-71.61			a		https://s3.amazonaws.com/NARAprodstorage/lz/dc-metro/rg-024/581208/2020-03/581208-omaha-002/581208-omaha-002-183.JPG	https://s3.amazonaws.com/NARAprodstorage/lz/dc-metro/rg-024/581208/2020-03/581208-omaha-002/581208-omaha-002-183.JPG	 								2	30.09	70	67	67	62		oc	nimb	0				
1873-02-11	11	-33.02	-71.61			a		https://s3.amazonaws.com/NARAprodstorage/lz/dc-metro/rg-024/581208/2020-03/581208-omaha-002/581208-omaha-002-183.JPG	https://s3.amazonaws.com/NARAprodstorage/lz/dc-metro/rg-024/581208/2020-03/581208-omaha-002/581208-omaha-002-183.JPG	 								5	30.1	72	68	68	64		oc	nimb	0				
1873-02-11	12	-33.02	-71.61			a		https://s3.amazonaws.com/NARAprodstorage/lz/dc-metro/rg-024/581208/2020-03/581208-omaha-002/581208-omaha-002-183.JPG	https://s3.amazonaws.com/NARAprodstorage/lz/dc-metro/rg-024/581208/2020-03/581208-omaha-002/581208-omaha-002-183.JPG	Noon: Valparaiso						225	241	8	30.08	74	67	69	65		bc	cir nimb	4				
1873-02-11	13	-33.02	-71.61			a		https://s3.amazonaws.com/NARAprodstorage/lz/dc-metro/rg-024/581208/2020-03/581208-omaha-002/581208-omaha-002-183.JPG	https://s3.amazonaws.com/NARAprodstorage/lz/dc-metro/rg-024/581208/2020-03/581208-omaha-002/581208-omaha-002-183.JPG	 						202	218	5	30.08	76	70	70	69		bc	cir	8				
1873-02-11	14	-33.02	-71.61			a		https://s3.amazonaws.com/NARAprodstorage/lz/dc-metro/rg-024/581208/2020-03/581208-omaha-002/581208-omaha-002-183.JPG	https://s3.amazonaws.com/NARAprodstorage/lz/dc-metro/rg-024/581208/2020-03/581208-omaha-002/581208-omaha-002-183.JPG	 						202	218	5	30.08	76	70	70	69		b	none	10				
1873-02-11	15	-33.02	-71.61			a		https://s3.amazonaws.com/NARAprodstorage/lz/dc-metro/rg-024/581208/2020-03/581208-omaha-002/581208-omaha-002-183.JPG	https://s3.amazonaws.com/NARAprodstorage/lz/dc-metro/rg-024/581208/2020-03/581208-omaha-002/581208-omaha-002-183.JPG	 						202	218	5	30.08	76	70	70	69		b	none	10				
1873-02-11	16	-33.02	-71.61			a		https://s3.amazonaws.com/NARAprodstorage/lz/dc-metro/rg-024/581208/2020-03/581208-omaha-002/581208-omaha-002-183.JPG	https://s3.amazonaws.com/NARAprodstorage/lz/dc-metro/rg-024/581208/2020-03/581208-omaha-002/581208-omaha-002-183.JPG	 						202	218	5	30.08	76	70	70	69		b	none	10				
1873-02-11	17	-33.02	-71.61			a		https://s3.amazonaws.com/NARAprodstorage/lz/dc-metro/rg-024/581208/2020-03/581208-omaha-002/581208-omaha-002-183.JPG	https://s3.amazonaws.com/NARAprodstorage/lz/dc-metro/rg-024/581208/2020-03/581208-omaha-002/581208-omaha-002-183.JPG	 						0	0	0	30.08	76	70	70	69		bc	cum	10				
1873-02-11	18	-33.02	-71.61			a		https://s3.amazonaws.com/NARAprodstorage/lz/dc-metro/rg-024/581208/2020-03/581208-omaha-002/581208-omaha-002-183.JPG	https://s3.amazonaws.com/NARAprodstorage/lz/dc-metro/rg-024/581208/2020-03/581208-omaha-002/581208-omaha-002-183.JPG	 						158	174	2	30.08	76	70	70	69		bc	cum	6				
1873-02-11	19	-33.02	-71.61			a		https://s3.amazonaws.com/NARAprodstorage/lz/dc-metro/rg-024/581208/2020-03/581208-omaha-002/581208-omaha-002-183.JPG	https://s3.amazonaws.com/NARAprodstorage/lz/dc-metro/rg-024/581208/2020-03/581208-omaha-002/581208-omaha-002-183.JPG	 						158	174	2	30.08	76	70	70	69		bc	cum	6				
1873-02-11	20	-33.02	-71.61			a		https://s3.amazonaws.com/NARAprodstorage/lz/dc-metro/rg-024/581208/2020-03/581208-omaha-002/581208-omaha-002-183.JPG	https://s3.amazonaws.com/NARAprodstorage/lz/dc-metro/rg-024/581208/2020-03/581208-omaha-002/581208-omaha-002-183.JPG	 						158	174	2	30.08	75	69	70	68		bc	cum	6				
1873-02-11	21	-33.02	-71.61			a		https://s3.amazonaws.com/NARAprodstorage/lz/dc-metro/rg-024/581208/2020-03/581208-omaha-002/581208-omaha-002-183.JPG	https://s3.amazonaws.com/NARAprodstorage/lz/dc-metro/rg-024/581208/2020-03/581208-omaha-002/581208-omaha-002-183.JPG	 						0	0	0	30.08	75	69	70	68		b	none	10				
1873-02-11	22	-33.02	-71.61			a		https://s3.amazonaws.com/NARAprodstorage/lz/dc-metro/rg-024/581208/2020-03/581208-omaha-002/581208-omaha-002-183.JPG	https://s3.amazonaws.com/NARAprodstorage/lz/dc-metro/rg-024/581208/2020-03/581208-omaha-002/581208-omaha-002-183.JPG	 						0	0	0	30.07	74	68	68	67		b	none	10				
1873-02-11	23	-33.02	-71.61			a		https://s3.amazonaws.com/NARAprodstorage/lz/dc-metro/rg-024/581208/2020-03/581208-omaha-002/581208-omaha-002-183.JPG	https://s3.amazonaws.com/NARAprodstorage/lz/dc-metro/rg-024/581208/2020-03/581208-omaha-002/581208-omaha-002-183.JPG	 						0	0	0	30.06	72	67	67	66		b	none	10				
1873-02-11	24	-33.02	-71.61			a		https://s3.amazonaws.com/NARAprodstorage/lz/dc-metro/rg-024/581208/2020-03/581208-omaha-002/581208-omaha-002-183.JPG	https://s3.amazonaws.com/NARAprodstorage/lz/dc-metro/rg-024/581208/2020-03/581208-omaha-002/581208-omaha-002-183.JPG	 						0	0	0	30.06	71	67	67	66		b	none	10				
1873-02-12	1	-33.02	-71.61			a		https://s3.amazonaws.com/NARAprodstorage/lz/dc-metro/rg-024/581208/2020-03/581208-omaha-002/581208-omaha-002-184.JPG	https://s3.amazonaws.com/NARAprodstorage/lz/dc-metro/rg-024/581208/2020-03/581208-omaha-002/581208-omaha-002-184.JPG	 						0	0	0	30.06	66	63	63	62		b	none	10				
1873-02-12	2	-33.02	-71.61			a		https://s3.amazonaws.com/NARAprodstorage/lz/dc-metro/rg-024/581208/2020-03/581208-omaha-002/581208-omaha-002-184.JPG	https://s3.amazonaws.com/NARAprodstorage/lz/dc-metro/rg-024/581208/2020-03/581208-omaha-002/581208-omaha-002-184.JPG	 						0	0	0	30.06	66	63	63	62		b	none	10				
1873-02-12	3	-33.02	-71.61			a		https://s3.amazonaws.com/NARAprodstorage/lz/dc-metro/rg-024/581208/2020-03/581208-omaha-002/581208-omaha-002-184.JPG	https://s3.amazonaws.com/NARAprodstorage/lz/dc-metro/rg-024/581208/2020-03/581208-omaha-002/581208-omaha-002-184.JPG	 						0	0	0	30.04	66	63	63	62		b	none	10				
1873-02-12	4	-33.02	-71.61			a		https://s3.amazonaws.com/NARAprodstorage/lz/dc-metro/rg-024/581208/2020-03/581208-omaha-002/581208-omaha-002-184.JPG	https://s3.amazonaws.com/NARAprodstorage/lz/dc-metro/rg-024/581208/2020-03/581208-omaha-002/581208-omaha-002-184.JPG	 						0	0	0	30.04	66	63	63	62		b	none	10				
1873-02-12	5	-33.02	-71.61			a		https://s3.amazonaws.com/NARAprodstorage/lz/dc-metro/rg-024/581208/2020-03/581208-omaha-002/581208-omaha-002-184.JPG	https://s3.amazonaws.com/NARAprodstorage/lz/dc-metro/rg-024/581208/2020-03/581208-omaha-002/581208-omaha-002-184.JPG	 						158	174	2	30.04	66	63	63	62		b	none	10				
1873-02-12	6	-33.02	-71.61			a		https://s3.amazonaws.com/NARAprodstorage/lz/dc-metro/rg-024/581208/2020-03/581208-omaha-002/581208-omaha-002-184.JPG	https://s3.amazonaws.com/NARAprodstorage/lz/dc-metro/rg-024/581208/2020-03/581208-omaha-002/581208-omaha-002-184.JPG	 						0	0	0	30.06	66	63	63	62		b	none	10				
1873-02-12	7	-33.02	-71.61			a		https://s3.amazonaws.com/NARAprodstorage/lz/dc-metro/rg-024/581208/2020-03/581208-omaha-002/581208-omaha-002-184.JPG	https://s3.amazonaws.com/NARAprodstorage/lz/dc-metro/rg-024/581208/2020-03/581208-omaha-002/581208-omaha-002-184.JPG	 						315	331	2	30.06	66	64	64	63		bm	none	10				
1873-02-12	8	-33.02	-71.61			a		https://s3.amazonaws.com/NARAprodstorage/lz/dc-metro/rg-024/581208/2020-03/581208-omaha-002/581208-omaha-002-184.JPG	https://s3.amazonaws.com/NARAprodstorage/lz/dc-metro/rg-024/581208/2020-03/581208-omaha-002/581208-omaha-002-184.JPG	 						315	331	2	30.08	66	64	64	63		b	none	10				
1873-02-12	9	-33.02	-71.61			a		https://s3.amazonaws.com/NARAprodstorage/lz/dc-metro/rg-024/581208/2020-03/581208-omaha-002/581208-omaha-002-184.JPG	https://s3.amazonaws.com/NARAprodstorage/lz/dc-metro/rg-024/581208/2020-03/581208-omaha-002/581208-omaha-002-184.JPG	 						315	331	2	30.1	66	64	64	63		b	none	10				
1873-02-12	10	-33.02	-71.61			a		https://s3.amazonaws.com/NARAprodstorage/lz/dc-metro/rg-024/581208/2020-03/581208-omaha-002/581208-omaha-002-184.JPG	https://s3.amazonaws.com/NARAprodstorage/lz/dc-metro/rg-024/581208/2020-03/581208-omaha-002/581208-omaha-002-184.JPG	 						315	331	2	30.1	67	64	64	64		b	none	10				
1873-02-12	11	-33.02	-71.61			a		https://s3.amazonaws.com/NARAprodstorage/lz/dc-metro/rg-024/581208/2020-03/581208-omaha-002/581208-omaha-002-184.JPG	https://s3.amazonaws.com/NARAprodstorage/lz/dc-metro/rg-024/581208/2020-03/581208-omaha-002/581208-omaha-002-184.JPG	 						315	331	2	30.1	67	63	64	64		b	none	10				
1873-02-12	12	-33.02	-71.61			a		https://s3.amazonaws.com/NARAprodstorage/lz/dc-metro/rg-024/581208/2020-03/581208-omaha-002/581208-omaha-002-184.JPG	https://s3.amazonaws.com/NARAprodstorage/lz/dc-metro/rg-024/581208/2020-03/581208-omaha-002/581208-omaha-002-184.JPG	Noon: Valparaiso						315	331	2	30.1	67	63	64	64		b	none	10				
1873-02-12	13	-33.02	-71.61			a		https://s3.amazonaws.com/NARAprodstorage/lz/dc-metro/rg-024/581208/2020-03/581208-omaha-002/581208-omaha-002-184.JPG	https://s3.amazonaws.com/NARAprodstorage/lz/dc-metro/rg-024/581208/2020-03/581208-omaha-002/581208-omaha-002-184.JPG	 						135	151	2	30.11	68	65	65			b	none	10				
1873-02-12	14	-33.02	-71.61			a		https://s3.amazonaws.com/NARAprodstorage/lz/dc-metro/rg-024/581208/2020-03/581208-omaha-002/581208-omaha-002-184.JPG	https://s3.amazonaws.com/NARAprodstorage/lz/dc-metro/rg-024/581208/2020-03/581208-omaha-002/581208-omaha-002-184.JPG	 						135	151	2	30.1	69	67	68			b	none	10				
1873-02-12	15	-33.02	-71.61			a		https://s3.amazonaws.com/NARAprodstorage/lz/dc-metro/rg-024/581208/2020-03/581208-omaha-002/581208-omaha-002-184.JPG	https://s3.amazonaws.com/NARAprodstorage/lz/dc-metro/rg-024/581208/2020-03/581208-omaha-002/581208-omaha-002-184.JPG	 						135	151	2	30.1	70	69	69			b	none	10				
1873-02-12	16	-33.02	-71.61			a		https://s3.amazonaws.com/NARAprodstorage/lz/dc-metro/rg-024/581208/2020-03/581208-omaha-002/581208-omaha-002-184.JPG	https://s3.amazonaws.com/NARAprodstorage/lz/dc-metro/rg-024/581208/2020-03/581208-omaha-002/581208-omaha-002-184.JPG	 						135	151	2	30.1	70	70	70			b	none	10				
1873-02-12	17	-33.02	-71.61			a		https://s3.amazonaws.com/NARAprodstorage/lz/dc-metro/rg-024/581208/2020-03/581208-omaha-002/581208-omaha-002-184.JPG	https://s3.amazonaws.com/NARAprodstorage/lz/dc-metro/rg-024/581208/2020-03/581208-omaha-002/581208-omaha-002-184.JPG	 						0	0	0	30.1	69	69	69			b	none	10				
1873-02-12	18	-33.02	-71.61			a		https://s3.amazonaws.com/NARAprodstorage/lz/dc-metro/rg-024/581208/2020-03/581208-omaha-002/581208-omaha-002-184.JPG	https://s3.amazonaws.com/NARAprodstorage/lz/dc-metro/rg-024/581208/2020-03/581208-omaha-002/581208-omaha-002-184.JPG	 						0	0	0	30.1	69	69	69			b	none	10				
1873-02-12	19	-33.02	-71.61			a		https://s3.amazonaws.com/NARAprodstorage/lz/dc-metro/rg-024/581208/2020-03/581208-omaha-002/581208-omaha-002-184.JPG	https://s3.amazonaws.com/NARAprodstorage/lz/dc-metro/rg-024/581208/2020-03/581208-omaha-002/581208-omaha-002-184.JPG	 						0	0	0	30.1	69	69	69			b	none	10				
1873-02-12	20	-33.02	-71.61			a		https://s3.amazonaws.com/NARAprodstorage/lz/dc-metro/rg-024/581208/2020-03/581208-omaha-002/581208-omaha-002-184.JPG	https://s3.amazonaws.com/NARAprodstorage/lz/dc-metro/rg-024/581208/2020-03/581208-omaha-002/581208-omaha-002-184.JPG	 						0	0	0	30.1	69	69	69			b	none	10				
1873-02-12	21	-33.02	-71.61			a		https://s3.amazonaws.com/NARAprodstorage/lz/dc-metro/rg-024/581208/2020-03/581208-omaha-002/581208-omaha-002-184.JPG	https://s3.amazonaws.com/NARAprodstorage/lz/dc-metro/rg-024/581208/2020-03/581208-omaha-002/581208-omaha-002-184.JPG	 						0	0	0	30.08	67	65	66			b	none	10				
1873-02-12	22	-33.02	-71.61			a		https://s3.amazonaws.com/NARAprodstorage/lz/dc-metro/rg-024/581208/2020-03/581208-omaha-002/581208-omaha-002-184.JPG	https://s3.amazonaws.com/NARAprodstorage/lz/dc-metro/rg-024/581208/2020-03/581208-omaha-002/581208-omaha-002-184.JPG	 						0	0	0	30.04	67	65	66			b	none	10				
1873-02-12	23	-33.02	-71.61			a		https://s3.amazonaws.com/NARAprodstorage/lz/dc-metro/rg-024/581208/2020-03/581208-omaha-002/581208-omaha-002-184.JPG	https://s3.amazonaws.com/NARAprodstorage/lz/dc-metro/rg-024/581208/2020-03/581208-omaha-002/581208-omaha-002-184.JPG	 						0	0	0	30	67	65	66			b	none	10				
1873-02-12	24	-33.02	-71.61			a		https://s3.amazonaws.com/NARAprodstorage/lz/dc-metro/rg-024/581208/2020-03/581208-omaha-002/581208-omaha-002-184.JPG	https://s3.amazonaws.com/NARAprodstorage/lz/dc-metro/rg-024/581208/2020-03/581208-omaha-002/581208-omaha-002-184.JPG	 						0	0	0	29.98	67	65	66			b	none	10				
1873-02-13	1	-33.02	-71.61			a		https://s3.amazonaws.com/NARAprodstorage/lz/dc-metro/rg-024/581208/2020-03/581208-omaha-002/581208-omaha-002-185.JPG	https://s3.amazonaws.com/NARAprodstorage/lz/dc-metro/rg-024/581208/2020-03/581208-omaha-002/581208-omaha-002-185.JPG	 						0	0	0	29.98	67	65	66			b	none	10				
1873-02-13	2	-33.02	-71.61			a		https://s3.amazonaws.com/NARAprodstorage/lz/dc-metro/rg-024/581208/2020-03/581208-omaha-002/581208-omaha-002-185.JPG	https://s3.amazonaws.com/NARAprodstorage/lz/dc-metro/rg-024/581208/2020-03/581208-omaha-002/581208-omaha-002-185.JPG	 						0	0	0	29.98	66	65	66			b	none	10				
1873-02-13	3	-33.02	-71.61			a		https://s3.amazonaws.com/NARAprodstorage/lz/dc-metro/rg-024/581208/2020-03/581208-omaha-002/581208-omaha-002-185.JPG	https://s3.amazonaws.com/NARAprodstorage/lz/dc-metro/rg-024/581208/2020-03/581208-omaha-002/581208-omaha-002-185.JPG	 						0	0	0	29.98	66	65	66			b	none	10				
1873-02-13	4	-33.02	-71.61			a		https://s3.amazonaws.com/NARAprodstorage/lz/dc-metro/rg-024/581208/2020-03/581208-omaha-002/581208-omaha-002-185.JPG	https://s3.amazonaws.com/NARAprodstorage/lz/dc-metro/rg-024/581208/2020-03/581208-omaha-002/581208-omaha-002-185.JPG	 						0	0	0	29.98	65	65	65			b	none	10				
1873-02-13	5	-33.02	-71.61			a		https://s3.amazonaws.com/NARAprodstorage/lz/dc-metro/rg-024/581208/2020-03/581208-omaha-002/581208-omaha-002-185.JPG	https://s3.amazonaws.com/NARAprodstorage/lz/dc-metro/rg-024/581208/2020-03/581208-omaha-002/581208-omaha-002-185.JPG	 						0	0	0	29.98	65	65	65			b	none	10				
1873-02-13	6	-33.02	-71.61			a		https://s3.amazonaws.com/NARAprodstorage/lz/dc-metro/rg-024/581208/2020-03/581208-omaha-002/581208-omaha-002-185.JPG	https://s3.amazonaws.com/NARAprodstorage/lz/dc-metro/rg-024/581208/2020-03/581208-omaha-002/581208-omaha-002-185.JPG	 						0	0	0	29.98	65	65	65			bm	none	10				
1873-02-13	7	-33.02	-71.61			a		https://s3.amazonaws.com/NARAprodstorage/lz/dc-metro/rg-024/581208/2020-03/581208-omaha-002/581208-omaha-002-185.JPG	https://s3.amazonaws.com/NARAprodstorage/lz/dc-metro/rg-024/581208/2020-03/581208-omaha-002/581208-omaha-002-185.JPG	 						180	196	2	29.98	65	65	65			bm	none	10				
1873-02-13	8	-33.02	-71.61			a		https://s3.amazonaws.com/NARAprodstorage/lz/dc-metro/rg-024/581208/2020-03/581208-omaha-002/581208-omaha-002-185.JPG	https://s3.amazonaws.com/NARAprodstorage/lz/dc-metro/rg-024/581208/2020-03/581208-omaha-002/581208-omaha-002-185.JPG	 						180	196	2	29.98	65	65	65			bc	cum	7				
1873-02-13	9	-33.02	-71.61			a		https://s3.amazonaws.com/NARAprodstorage/lz/dc-metro/rg-024/581208/2020-03/581208-omaha-002/581208-omaha-002-185.JPG	https://s3.amazonaws.com/NARAprodstorage/lz/dc-metro/rg-024/581208/2020-03/581208-omaha-002/581208-omaha-002-185.JPG	 						360	16	2	30.04	68	67	67			bc	cum	8				
1873-02-13	10	-33.02	-71.61			a		https://s3.amazonaws.com/NARAprodstorage/lz/dc-metro/rg-024/581208/2020-03/581208-omaha-002/581208-omaha-002-185.JPG	https://s3.amazonaws.com/NARAprodstorage/lz/dc-metro/rg-024/581208/2020-03/581208-omaha-002/581208-omaha-002-185.JPG	 						360	16	2	30.02	71	70	70			bc	cum	8				
1873-02-13	11	-33.02	-71.61			a		https://s3.amazonaws.com/NARAprodstorage/lz/dc-metro/rg-024/581208/2020-03/581208-omaha-002/581208-omaha-002-185.JPG	https://s3.amazonaws.com/NARAprodstorage/lz/dc-metro/rg-024/581208/2020-03/581208-omaha-002/581208-omaha-002-185.JPG	 						360	16	5	30	72	72	72			bc	cum	9				
1873-02-13	12	-33.02	-71.61			a		https://s3.amazonaws.com/NARAprodstorage/lz/dc-metro/rg-024/581208/2020-03/581208-omaha-002/581208-omaha-002-185.JPG	https://s3.amazonaws.com/NARAprodstorage/lz/dc-metro/rg-024/581208/2020-03/581208-omaha-002/581208-omaha-002-185.JPG	Noon: Valparaiso						202	218	5	30	72	74	74			bc	cum	9				
1873-02-13	13	-33.02	-71.61			a		https://s3.amazonaws.com/NARAprodstorage/lz/dc-metro/rg-024/581208/2020-03/581208-omaha-002/581208-omaha-002-185.JPG	https://s3.amazonaws.com/NARAprodstorage/lz/dc-metro/rg-024/581208/2020-03/581208-omaha-002/581208-omaha-002-185.JPG	 						202	218	5	30.02	75	74	73			bc		8				
1873-02-13	14	-33.02	-71.61			a		https://s3.amazonaws.com/NARAprodstorage/lz/dc-metro/rg-024/581208/2020-03/581208-omaha-002/581208-omaha-002-185.JPG	https://s3.amazonaws.com/NARAprodstorage/lz/dc-metro/rg-024/581208/2020-03/581208-omaha-002/581208-omaha-002-185.JPG	 						202	218	8	30.02	75	74	73			bc		8				
1873-02-13	15	-33.02	-71.61			a		https://s3.amazonaws.com/NARAprodstorage/lz/dc-metro/rg-024/581208/2020-03/581208-omaha-002/581208-omaha-002-185.JPG	https://s3.amazonaws.com/NARAprodstorage/lz/dc-metro/rg-024/581208/2020-03/581208-omaha-002/581208-omaha-002-185.JPG	 						225	241	13	30.04	76	74	74			bc		9				
1873-02-13	16	-33.02	-71.61			a		https://s3.amazonaws.com/NARAprodstorage/lz/dc-metro/rg-024/581208/2020-03/581208-omaha-002/581208-omaha-002-185.JPG	https://s3.amazonaws.com/NARAprodstorage/lz/dc-metro/rg-024/581208/2020-03/581208-omaha-002/581208-omaha-002-185.JPG	 						225	241	8	30.03	76	74	74			bc		10				
1873-02-13	17	-33.02	-71.61			a		https://s3.amazonaws.com/NARAprodstorage/lz/dc-metro/rg-024/581208/2020-03/581208-omaha-002/581208-omaha-002-185.JPG	https://s3.amazonaws.com/NARAprodstorage/lz/dc-metro/rg-024/581208/2020-03/581208-omaha-002/581208-omaha-002-185.JPG	 						225	241	5	30.03	75	74	74			b	none	10				
1873-02-13	18	-33.02	-71.61			a		https://s3.amazonaws.com/NARAprodstorage/lz/dc-metro/rg-024/581208/2020-03/581208-omaha-002/581208-omaha-002-185.JPG	https://s3.amazonaws.com/NARAprodstorage/lz/dc-metro/rg-024/581208/2020-03/581208-omaha-002/581208-omaha-002-185.JPG	 						225	241	5	30.03	74	73	74			b	none	10				
1873-02-13	19	-33.02	-71.61			a		https://s3.amazonaws.com/NARAprodstorage/lz/dc-metro/rg-024/581208/2020-03/581208-omaha-002/581208-omaha-002-185.JPG	https://s3.amazonaws.com/NARAprodstorage/lz/dc-metro/rg-024/581208/2020-03/581208-omaha-002/581208-omaha-002-185.JPG	 						0	0	0	30.03	72	71	71			b	none	10				
1873-02-13	20	-33.02	-71.61			a		https://s3.amazonaws.com/NARAprodstorage/lz/dc-metro/rg-024/581208/2020-03/581208-omaha-002/581208-omaha-002-185.JPG	https://s3.amazonaws.com/NARAprodstorage/lz/dc-metro/rg-024/581208/2020-03/581208-omaha-002/581208-omaha-002-185.JPG	 						0	0	0	30.03	72	70	70			b	none	10				
1873-02-13	21	-33.02	-71.61			a		https://s3.amazonaws.com/NARAprodstorage/lz/dc-metro/rg-024/581208/2020-03/581208-omaha-002/581208-omaha-002-185.JPG	https://s3.amazonaws.com/NARAprodstorage/lz/dc-metro/rg-024/581208/2020-03/581208-omaha-002/581208-omaha-002-185.JPG	 						0	0	0	30.03	72	70	69			b	none	10				
1873-02-13	22	-33.02	-71.61			a		https://s3.amazonaws.com/NARAprodstorage/lz/dc-metro/rg-024/581208/2020-03/581208-omaha-002/581208-omaha-002-185.JPG	https://s3.amazonaws.com/NARAprodstorage/lz/dc-metro/rg-024/581208/2020-03/581208-omaha-002/581208-omaha-002-185.JPG	 						0	0	0	30	70	68	68			b	none	10				
1873-02-13	23	-33.02	-71.61			a		https://s3.amazonaws.com/NARAprodstorage/lz/dc-metro/rg-024/581208/2020-03/581208-omaha-002/581208-omaha-002-185.JPG	https://s3.amazonaws.com/NARAprodstorage/lz/dc-metro/rg-024/581208/2020-03/581208-omaha-002/581208-omaha-002-185.JPG	 						0	0	0	30	70	68	68			b	none	10				
1873-02-13	24	-33.02	-71.61			a		https://s3.amazonaws.com/NARAprodstorage/lz/dc-metro/rg-024/581208/2020-03/581208-omaha-002/581208-omaha-002-185.JPG	https://s3.amazonaws.com/NARAprodstorage/lz/dc-metro/rg-024/581208/2020-03/581208-omaha-002/581208-omaha-002-185.JPG	 						0	0	0	30	70	68	68			b	none	10				
1873-02-14	1	-33.02	-71.61			a		https://s3.amazonaws.com/NARAprodstorage/lz/dc-metro/rg-024/581208/2020-03/581208-omaha-002/581208-omaha-002-186.JPG	https://s3.amazonaws.com/NARAprodstorage/lz/dc-metro/rg-024/581208/2020-03/581208-omaha-002/581208-omaha-002-186.JPG	 						0	0	0	30.1	64	65	64			b	none	10				
1873-02-14	2	-33.02	-71.61			a		https://s3.amazonaws.com/NARAprodstorage/lz/dc-metro/rg-024/581208/2020-03/581208-omaha-002/581208-omaha-002-186.JPG	https://s3.amazonaws.com/NARAprodstorage/lz/dc-metro/rg-024/581208/2020-03/581208-omaha-002/581208-omaha-002-186.JPG	 						0	0	0	30.11	64	64	63			b	none	10				
1873-02-14	3	-33.02	-71.61			a		https://s3.amazonaws.com/NARAprodstorage/lz/dc-metro/rg-024/581208/2020-03/581208-omaha-002/581208-omaha-002-186.JPG	https://s3.amazonaws.com/NARAprodstorage/lz/dc-metro/rg-024/581208/2020-03/581208-omaha-002/581208-omaha-002-186.JPG	 						0	0	0	30.12	64	64	63			b	none	10				
1873-02-14	4	-33.02	-71.61			a		https://s3.amazonaws.com/NARAprodstorage/lz/dc-metro/rg-024/581208/2020-03/581208-omaha-002/581208-omaha-002-186.JPG	https://s3.amazonaws.com/NARAprodstorage/lz/dc-metro/rg-024/581208/2020-03/581208-omaha-002/581208-omaha-002-186.JPG	 						225	241	2	30.12	64	64	63			b	none	10				
1873-02-14	5	-33.02	-71.61			a		https://s3.amazonaws.com/NARAprodstorage/lz/dc-metro/rg-024/581208/2020-03/581208-omaha-002/581208-omaha-002-186.JPG	https://s3.amazonaws.com/NARAprodstorage/lz/dc-metro/rg-024/581208/2020-03/581208-omaha-002/581208-omaha-002-186.JPG	 						0	0	0	30.1	66	63	63			b	none	10				
1873-02-14	6	-33.02	-71.61			a		https://s3.amazonaws.com/NARAprodstorage/lz/dc-metro/rg-024/581208/2020-03/581208-omaha-002/581208-omaha-002-186.JPG	https://s3.amazonaws.com/NARAprodstorage/lz/dc-metro/rg-024/581208/2020-03/581208-omaha-002/581208-omaha-002-186.JPG	 						0	0	0	30.08	66	62	62			b	none	10				
1873-02-14	7	-33.02	-71.61			a		https://s3.amazonaws.com/NARAprodstorage/lz/dc-metro/rg-024/581208/2020-03/581208-omaha-002/581208-omaha-002-186.JPG	https://s3.amazonaws.com/NARAprodstorage/lz/dc-metro/rg-024/581208/2020-03/581208-omaha-002/581208-omaha-002-186.JPG	 						0	0	0	30.06	66	62	62			b	none	10				
1873-02-14	8	-33.02	-71.61			a		https://s3.amazonaws.com/NARAprodstorage/lz/dc-metro/rg-024/581208/2020-03/581208-omaha-002/581208-omaha-002-186.JPG	https://s3.amazonaws.com/NARAprodstorage/lz/dc-metro/rg-024/581208/2020-03/581208-omaha-002/581208-omaha-002-186.JPG	 						0	0	0	30.02	66	62	62			b	none	10				
1873-02-14	9	-33.02	-71.61			a		https://s3.amazonaws.com/NARAprodstorage/lz/dc-metro/rg-024/581208/2020-03/581208-omaha-002/581208-omaha-002-186.JPG	https://s3.amazonaws.com/NARAprodstorage/lz/dc-metro/rg-024/581208/2020-03/581208-omaha-002/581208-omaha-002-186.JPG	 						0	0	0	30	66	62	62			b	none	10				
1873-02-14	10	-33.02	-71.61			a		https://s3.amazonaws.com/NARAprodstorage/lz/dc-metro/rg-024/581208/2020-03/581208-omaha-002/581208-omaha-002-186.JPG	https://s3.amazonaws.com/NARAprodstorage/lz/dc-metro/rg-024/581208/2020-03/581208-omaha-002/581208-omaha-002-186.JPG	 						0	0	0	29.98	66	62	62			b	none	10				
1873-02-14	11	-33.02	-71.61			a		https://s3.amazonaws.com/NARAprodstorage/lz/dc-metro/rg-024/581208/2020-03/581208-omaha-002/581208-omaha-002-186.JPG	https://s3.amazonaws.com/NARAprodstorage/lz/dc-metro/rg-024/581208/2020-03/581208-omaha-002/581208-omaha-002-186.JPG	 						0	0	0	29.98	66	62	62			b	none	10				
1873-02-14	12	-33.02	-71.61			a		https://s3.amazonaws.com/NARAprodstorage/lz/dc-metro/rg-024/581208/2020-03/581208-omaha-002/581208-omaha-002-186.JPG	https://s3.amazonaws.com/NARAprodstorage/lz/dc-metro/rg-024/581208/2020-03/581208-omaha-002/581208-omaha-002-186.JPG	Noon: Valparaiso						0	0	0	29.98	66	62	62			b	none	10				
1873-02-14	13	-33.02	-71.61			a		https://s3.amazonaws.com/NARAprodstorage/lz/dc-metro/rg-024/581208/2020-03/581208-omaha-002/581208-omaha-002-186.JPG	https://s3.amazonaws.com/NARAprodstorage/lz/dc-metro/rg-024/581208/2020-03/581208-omaha-002/581208-omaha-002-186.JPG	 						202	218	2	29.98	70	72	71			b	none	10				
1873-02-14	14	-33.02	-71.61			a		https://s3.amazonaws.com/NARAprodstorage/lz/dc-metro/rg-024/581208/2020-03/581208-omaha-002/581208-omaha-002-186.JPG	https://s3.amazonaws.com/NARAprodstorage/lz/dc-metro/rg-024/581208/2020-03/581208-omaha-002/581208-omaha-002-186.JPG	 						202	218	13	29.96	70	72	71			b	none	10				
1873-02-14	15	-33.02	-71.61			a		https://s3.amazonaws.com/NARAprodstorage/lz/dc-metro/rg-024/581208/2020-03/581208-omaha-002/581208-omaha-002-186.JPG	https://s3.amazonaws.com/NARAprodstorage/lz/dc-metro/rg-024/581208/2020-03/581208-omaha-002/581208-omaha-002-186.JPG	 						135	151	2	29.94	73	74	74			b	none	10				
1873-02-14	16	-33.02	-71.61			a		https://s3.amazonaws.com/NARAprodstorage/lz/dc-metro/rg-024/581208/2020-03/581208-omaha-002/581208-omaha-002-186.JPG	https://s3.amazonaws.com/NARAprodstorage/lz/dc-metro/rg-024/581208/2020-03/581208-omaha-002/581208-omaha-002-186.JPG	 						112	128	2	29.92	74	75	75			b	none	10				
1873-02-14	17	-33.02	-71.61			a		https://s3.amazonaws.com/NARAprodstorage/lz/dc-metro/rg-024/581208/2020-03/581208-omaha-002/581208-omaha-002-186.JPG	https://s3.amazonaws.com/NARAprodstorage/lz/dc-metro/rg-024/581208/2020-03/581208-omaha-002/581208-omaha-002-186.JPG	 						112	128	5	29.94	74	75	74			b	none	10				
1873-02-14	18	-33.02	-71.61			a		https://s3.amazonaws.com/NARAprodstorage/lz/dc-metro/rg-024/581208/2020-03/581208-omaha-002/581208-omaha-002-186.JPG	https://s3.amazonaws.com/NARAprodstorage/lz/dc-metro/rg-024/581208/2020-03/581208-omaha-002/581208-omaha-002-186.JPG	 						112	128	5	29.96	74	74	74			b	none	10				
1873-02-14	19	-33.02	-71.61			a		https://s3.amazonaws.com/NARAprodstorage/lz/dc-metro/rg-024/581208/2020-03/581208-omaha-002/581208-omaha-002-186.JPG	https://s3.amazonaws.com/NARAprodstorage/lz/dc-metro/rg-024/581208/2020-03/581208-omaha-002/581208-omaha-002-186.JPG	 						112	128	2	29.95	73	73	74			b	none	10				
1873-02-14	20	-33.02	-71.61			a		https://s3.amazonaws.com/NARAprodstorage/lz/dc-metro/rg-024/581208/2020-03/581208-omaha-002/581208-omaha-002-186.JPG	https://s3.amazonaws.com/NARAprodstorage/lz/dc-metro/rg-024/581208/2020-03/581208-omaha-002/581208-omaha-002-186.JPG	 						112	128	2	30	73	70	69			b	none	10				
1873-02-14	21	-33.02	-71.61			a		https://s3.amazonaws.com/NARAprodstorage/lz/dc-metro/rg-024/581208/2020-03/581208-omaha-002/581208-omaha-002-186.JPG	https://s3.amazonaws.com/NARAprodstorage/lz/dc-metro/rg-024/581208/2020-03/581208-omaha-002/581208-omaha-002-186.JPG	 						0	0	0	30	73	70	69			bc	cir	10				
1873-02-14	22	-33.02	-71.61			a		https://s3.amazonaws.com/NARAprodstorage/lz/dc-metro/rg-024/581208/2020-03/581208-omaha-002/581208-omaha-002-186.JPG	https://s3.amazonaws.com/NARAprodstorage/lz/dc-metro/rg-024/581208/2020-03/581208-omaha-002/581208-omaha-002-186.JPG	 						0	0	0	30	73	70	69			bc	cir	10				
1873-02-14	23	-33.02	-71.61			a		https://s3.amazonaws.com/NARAprodstorage/lz/dc-metro/rg-024/581208/2020-03/581208-omaha-002/581208-omaha-002-186.JPG	https://s3.amazonaws.com/NARAprodstorage/lz/dc-metro/rg-024/581208/2020-03/581208-omaha-002/581208-omaha-002-186.JPG	 						0	0	0	30	73	70	69			bc	cir	10				
1873-02-14	24	-33.02	-71.61			a		https://s3.amazonaws.com/NARAprodstorage/lz/dc-metro/rg-024/581208/2020-03/581208-omaha-002/581208-omaha-002-186.JPG	https://s3.amazonaws.com/NARAprodstorage/lz/dc-metro/rg-024/581208/2020-03/581208-omaha-002/581208-omaha-002-186.JPG	 						0	0	0	30	73	70	69			bc	cir	10				
1873-02-15	1	-33.02	-71.61			a		https://s3.amazonaws.com/NARAprodstorage/lz/dc-metro/rg-024/581208/2020-03/581208-omaha-002/581208-omaha-002-187.JPG	https://s3.amazonaws.com/NARAprodstorage/lz/dc-metro/rg-024/581208/2020-03/581208-omaha-002/581208-omaha-002-188.JPG	 						0	0	0	29.98	65	64	65			bmc	cir cum	4				
1873-02-15	2	-33.02	-71.61			a		https://s3.amazonaws.com/NARAprodstorage/lz/dc-metro/rg-024/581208/2020-03/581208-omaha-002/581208-omaha-002-187.JPG	https://s3.amazonaws.com/NARAprodstorage/lz/dc-metro/rg-024/581208/2020-03/581208-omaha-002/581208-omaha-002-187.JPG	 						45	61	2	29.95	65	63	64			bmc	cir cum	4				
1873-02-15	3	-33.02	-71.61			a		https://s3.amazonaws.com/NARAprodstorage/lz/dc-metro/rg-024/581208/2020-03/581208-omaha-002/581208-omaha-002-187.JPG	https://s3.amazonaws.com/NARAprodstorage/lz/dc-metro/rg-024/581208/2020-03/581208-omaha-002/581208-omaha-002-187.JPG	 						45	61	2	29.93	65	62	63			oc	cum nimb	0				
1873-02-15	4	-33.02	-71.61			a		https://s3.amazonaws.com/NARAprodstorage/lz/dc-metro/rg-024/581208/2020-03/581208-omaha-002/581208-omaha-002-187.JPG	https://s3.amazonaws.com/NARAprodstorage/lz/dc-metro/rg-024/581208/2020-03/581208-omaha-002/581208-omaha-002-187.JPG	 						45	61	2	29.93	65	62	63			oc	cum nimb	0				
1873-02-15	5	-33.02	-71.61			a		https://s3.amazonaws.com/NARAprodstorage/lz/dc-metro/rg-024/581208/2020-03/581208-omaha-002/581208-omaha-002-187.JPG	https://s3.amazonaws.com/NARAprodstorage/lz/dc-metro/rg-024/581208/2020-03/581208-omaha-002/581208-omaha-002-187.JPG	 						22	38	2	29.94	64	63	63			ocm	cum nimb	0				
1873-02-15	6	-33.02	-71.61			a		https://s3.amazonaws.com/NARAprodstorage/lz/dc-metro/rg-024/581208/2020-03/581208-omaha-002/581208-omaha-002-187.JPG	https://s3.amazonaws.com/NARAprodstorage/lz/dc-metro/rg-024/581208/2020-03/581208-omaha-002/581208-omaha-002-187.JPG	 						22	38	2	29.99	65	63	64			ocm	cum nimb	0				
1873-02-15	7	-33.02	-71.61			a		https://s3.amazonaws.com/NARAprodstorage/lz/dc-metro/rg-024/581208/2020-03/581208-omaha-002/581208-omaha-002-187.JPG	https://s3.amazonaws.com/NARAprodstorage/lz/dc-metro/rg-024/581208/2020-03/581208-omaha-002/581208-omaha-002-187.JPG	 						11	27	5	30.08	66	64	64			ocm	cum nimb	0				
1873-02-15	8	-33.02	-71.61			a		https://s3.amazonaws.com/NARAprodstorage/lz/dc-metro/rg-024/581208/2020-03/581208-omaha-002/581208-omaha-002-187.JPG	https://s3.amazonaws.com/NARAprodstorage/lz/dc-metro/rg-024/581208/2020-03/581208-omaha-002/581208-omaha-002-187.JPG	 						11	27	5	30.1	66	64	64			ocm	cum nimb	0				
1873-02-15	9	-33.02	-71.61			a		https://s3.amazonaws.com/NARAprodstorage/lz/dc-metro/rg-024/581208/2020-03/581208-omaha-002/581208-omaha-002-187.JPG	https://s3.amazonaws.com/NARAprodstorage/lz/dc-metro/rg-024/581208/2020-03/581208-omaha-002/581208-omaha-002-187.JPG	 						11	27	5	30.1	66	65	65			ocm	cum nimb	3				
1873-02-15	10	-33.02	-71.61			a		https://s3.amazonaws.com/NARAprodstorage/lz/dc-metro/rg-024/581208/2020-03/581208-omaha-002/581208-omaha-002-187.JPG	https://s3.amazonaws.com/NARAprodstorage/lz/dc-metro/rg-024/581208/2020-03/581208-omaha-002/581208-omaha-002-187.JPG	 						360	16	5	30.1	67	66	66			ocm	nimb	3				
1873-02-15	11	-33.02	-71.61			a		https://s3.amazonaws.com/NARAprodstorage/lz/dc-metro/rg-024/581208/2020-03/581208-omaha-002/581208-omaha-002-187.JPG	https://s3.amazonaws.com/NARAprodstorage/lz/dc-metro/rg-024/581208/2020-03/581208-omaha-002/581208-omaha-002-187.JPG	 						360	16	5	30.1	67	67	67			ocm	nimb	3				
1873-02-15	12	-33.02	-71.61			a		https://s3.amazonaws.com/NARAprodstorage/lz/dc-metro/rg-024/581208/2020-03/581208-omaha-002/581208-omaha-002-187.JPG	https://s3.amazonaws.com/NARAprodstorage/lz/dc-metro/rg-024/581208/2020-03/581208-omaha-002/581208-omaha-002-187.JPG	 						360	16	5	30.1	67	67	67			ocm	nimb	3				
1873-02-15	13	-33.02	-71.61			a		https://s3.amazonaws.com/NARAprodstorage/lz/dc-metro/rg-024/581208/2020-03/581208-omaha-002/581208-omaha-002-187.JPG	https://s3.amazonaws.com/NARAprodstorage/lz/dc-metro/rg-024/581208/2020-03/581208-omaha-002/581208-omaha-002-187.JPG	 						0	0	0	30.02	69	69	69	69		oc	cum nimb	0				
1873-02-15	14	-33.02	-71.61			a		https://s3.amazonaws.com/NARAprodstorage/lz/dc-metro/rg-024/581208/2020-03/581208-omaha-002/581208-omaha-002-187.JPG	https://s3.amazonaws.com/NARAprodstorage/lz/dc-metro/rg-024/581208/2020-03/581208-omaha-002/581208-omaha-002-187.JPG	 						0	0	0	30.02	69	69	69	69		oc	cum nimb	7				
1873-02-15	15	-33.02	-71.61			a		https://s3.amazonaws.com/NARAprodstorage/lz/dc-metro/rg-024/581208/2020-03/581208-omaha-002/581208-omaha-002-187.JPG	https://s3.amazonaws.com/NARAprodstorage/lz/dc-metro/rg-024/581208/2020-03/581208-omaha-002/581208-omaha-002-187.JPG	 						0	0	0	30.02	69	69	69	69		oc	cum nimb	8				
1873-02-15	16	-33.02	-71.61			a		https://s3.amazonaws.com/NARAprodstorage/lz/dc-metro/rg-024/581208/2020-03/581208-omaha-002/581208-omaha-002-187.JPG	https://s3.amazonaws.com/NARAprodstorage/lz/dc-metro/rg-024/581208/2020-03/581208-omaha-002/581208-omaha-002-187.JPG	 						0	0	0	30.02	69	69	69	69		oc	cum	8				
1873-02-15	17	-33.02	-71.61			a		https://s3.amazonaws.com/NARAprodstorage/lz/dc-metro/rg-024/581208/2020-03/581208-omaha-002/581208-omaha-002-187.JPG	https://s3.amazonaws.com/NARAprodstorage/lz/dc-metro/rg-024/581208/2020-03/581208-omaha-002/581208-omaha-002-187.JPG	 						0	0	0	30.02	69	68	68			oc	cum	7				
1873-02-15	18	-33.02	-71.61			a		https://s3.amazonaws.com/NARAprodstorage/lz/dc-metro/rg-024/581208/2020-03/581208-omaha-002/581208-omaha-002-187.JPG	https://s3.amazonaws.com/NARAprodstorage/lz/dc-metro/rg-024/581208/2020-03/581208-omaha-002/581208-omaha-002-187.JPG	 						0	0	0	30.02	69	66	67			oc	cum str	7				
1873-02-15	19	-33.02	-71.61			a		https://s3.amazonaws.com/NARAprodstorage/lz/dc-metro/rg-024/581208/2020-03/581208-omaha-002/581208-omaha-002-187.JPG	https://s3.amazonaws.com/NARAprodstorage/lz/dc-metro/rg-024/581208/2020-03/581208-omaha-002/581208-omaha-002-187.JPG	 						0	0	0	30.02	69	65	66			oc	cum str	8				
1873-02-15	20	-33.02	-71.61			a		https://s3.amazonaws.com/NARAprodstorage/lz/dc-metro/rg-024/581208/2020-03/581208-omaha-002/581208-omaha-002-187.JPG	https://s3.amazonaws.com/NARAprodstorage/lz/dc-metro/rg-024/581208/2020-03/581208-omaha-002/581208-omaha-002-187.JPG	 						0	0	0	30.02	69	65	66			oc	cum str	8				
1873-02-15	21	-33.02	-71.61			a		https://s3.amazonaws.com/NARAprodstorage/lz/dc-metro/rg-024/581208/2020-03/581208-omaha-002/581208-omaha-002-187.JPG	https://s3.amazonaws.com/NARAprodstorage/lz/dc-metro/rg-024/581208/2020-03/581208-omaha-002/581208-omaha-002-187.JPG	 						0	0	0	30	68	65	66			oc	cum	6				
1873-02-15	22	-33.02	-71.61			a		https://s3.amazonaws.com/NARAprodstorage/lz/dc-metro/rg-024/581208/2020-03/581208-omaha-002/581208-omaha-002-187.JPG	https://s3.amazonaws.com/NARAprodstorage/lz/dc-metro/rg-024/581208/2020-03/581208-omaha-002/581208-omaha-002-187.JPG	 						0	0	0	30	68	65	66			oc	cum	6				
1873-02-15	23	-33.02	-71.61			a		https://s3.amazonaws.com/NARAprodstorage/lz/dc-metro/rg-024/581208/2020-03/581208-omaha-002/581208-omaha-002-187.JPG	https://s3.amazonaws.com/NARAprodstorage/lz/dc-metro/rg-024/581208/2020-03/581208-omaha-002/581208-omaha-002-187.JPG	 						0	0	0	30	67	64	65			oc	cum	5				
1873-02-15	24	-33.02	-71.61			a		https://s3.amazonaws.com/NARAprodstorage/lz/dc-metro/rg-024/581208/2020-03/581208-omaha-002/581208-omaha-002-187.JPG	https://s3.amazonaws.com/NARAprodstorage/lz/dc-metro/rg-024/581208/2020-03/581208-omaha-002/581208-omaha-002-187.JPG	 						0	0	0	30	67	64	65			oc	nimb	0				
1873-02-16	1	-33.02	-71.61			a		https://s3.amazonaws.com/NARAprodstorage/lz/dc-metro/rg-024/581208/2020-03/581208-omaha-002/581208-omaha-002-189.JPG	https://s3.amazonaws.com/NARAprodstorage/lz/dc-metro/rg-024/581208/2020-03/581208-omaha-002/581208-omaha-002-189.JPG	 						0	0	0	29.98	65	65	65	62		oc	nim	4				
1873-02-16	2	-33.02	-71.61			a		https://s3.amazonaws.com/NARAprodstorage/lz/dc-metro/rg-024/581208/2020-03/581208-omaha-002/581208-omaha-002-189.JPG	https://s3.amazonaws.com/NARAprodstorage/lz/dc-metro/rg-024/581208/2020-03/581208-omaha-002/581208-omaha-002-189.JPG	 						0	0	0	29.98	65	65	65	62		oc	nim	3				
1873-02-16	3	-33.02	-71.61			a		https://s3.amazonaws.com/NARAprodstorage/lz/dc-metro/rg-024/581208/2020-03/581208-omaha-002/581208-omaha-002-189.JPG	https://s3.amazonaws.com/NARAprodstorage/lz/dc-metro/rg-024/581208/2020-03/581208-omaha-002/581208-omaha-002-189.JPG	 						0	0	0	29.98	65	65	65	62		oc	nim	4				
1873-02-16	4	-33.02	-71.61			a		https://s3.amazonaws.com/NARAprodstorage/lz/dc-metro/rg-024/581208/2020-03/581208-omaha-002/581208-omaha-002-189.JPG	https://s3.amazonaws.com/NARAprodstorage/lz/dc-metro/rg-024/581208/2020-03/581208-omaha-002/581208-omaha-002-189.JPG	 						0	0	0	29.98	65	65	65	62		oc	nim	4				
1873-02-16	5	-33.02	-71.61			a		https://s3.amazonaws.com/NARAprodstorage/lz/dc-metro/rg-024/581208/2020-03/581208-omaha-002/581208-omaha-002-189.JPG	https://s3.amazonaws.com/NARAprodstorage/lz/dc-metro/rg-024/581208/2020-03/581208-omaha-002/581208-omaha-002-189.JPG	 						0	0	0	29.98	66	65	64	62		bc	nim	3				
1873-02-16	6	-33.02	-71.61			a		https://s3.amazonaws.com/NARAprodstorage/lz/dc-metro/rg-024/581208/2020-03/581208-omaha-002/581208-omaha-002-189.JPG	https://s3.amazonaws.com/NARAprodstorage/lz/dc-metro/rg-024/581208/2020-03/581208-omaha-002/581208-omaha-002-189.JPG	 						0	0	0	29.98	66	65	64	62		bc	nim	2				
1873-02-16	7	-33.02	-71.61			a		https://s3.amazonaws.com/NARAprodstorage/lz/dc-metro/rg-024/581208/2020-03/581208-omaha-002/581208-omaha-002-189.JPG	https://s3.amazonaws.com/NARAprodstorage/lz/dc-metro/rg-024/581208/2020-03/581208-omaha-002/581208-omaha-002-189.JPG	 						0	0	0	29.98	66	65	64	62		oc	nim	0				
1873-02-16	8	-33.02	-71.61			a		https://s3.amazonaws.com/NARAprodstorage/lz/dc-metro/rg-024/581208/2020-03/581208-omaha-002/581208-omaha-002-189.JPG	https://s3.amazonaws.com/NARAprodstorage/lz/dc-metro/rg-024/581208/2020-03/581208-omaha-002/581208-omaha-002-189.JPG	 						0	0	0	29.98	66	65	64	62		oc	nim	0				
1873-02-16	9	-33.02	-71.61			a		https://s3.amazonaws.com/NARAprodstorage/lz/dc-metro/rg-024/581208/2020-03/581208-omaha-002/581208-omaha-002-189.JPG	https://s3.amazonaws.com/NARAprodstorage/lz/dc-metro/rg-024/581208/2020-03/581208-omaha-002/581208-omaha-002-189.JPG	 						315	331	2	29.98	66	65	64	62		oc	nim	0				
1873-02-16	10	-33.02	-71.61			a		https://s3.amazonaws.com/NARAprodstorage/lz/dc-metro/rg-024/581208/2020-03/581208-omaha-002/581208-omaha-002-189.JPG	https://s3.amazonaws.com/NARAprodstorage/lz/dc-metro/rg-024/581208/2020-03/581208-omaha-002/581208-omaha-002-189.JPG	 						315	331	2	29.98	68	65	64	62		oc	nim	0				
1873-02-16	11	-33.02	-71.61			a		https://s3.amazonaws.com/NARAprodstorage/lz/dc-metro/rg-024/581208/2020-03/581208-omaha-002/581208-omaha-002-189.JPG	https://s3.amazonaws.com/NARAprodstorage/lz/dc-metro/rg-024/581208/2020-03/581208-omaha-002/581208-omaha-002-189.JPG	 						315	331	2	29.98	68	65	64	62		oc	nim	0				
1873-02-16	12	-33.02	-71.61			a		https://s3.amazonaws.com/NARAprodstorage/lz/dc-metro/rg-024/581208/2020-03/581208-omaha-002/581208-omaha-002-189.JPG	https://s3.amazonaws.com/NARAprodstorage/lz/dc-metro/rg-024/581208/2020-03/581208-omaha-002/581208-omaha-002-189.JPG	Noon: Valparaiso						315	331	2	29.98	68	65	64	62		oc	nim	0				
1873-02-16	13	-33.02	-71.61			a		https://s3.amazonaws.com/NARAprodstorage/lz/dc-metro/rg-024/581208/2020-03/581208-omaha-002/581208-omaha-002-189.JPG	https://s3.amazonaws.com/NARAprodstorage/lz/dc-metro/rg-024/581208/2020-03/581208-omaha-002/581208-omaha-002-189.JPG	 						315	331	2	30	69	66	65			bc	cir cum	9				
1873-02-16	14	-33.02	-71.61			a		https://s3.amazonaws.com/NARAprodstorage/lz/dc-metro/rg-024/581208/2020-03/581208-omaha-002/581208-omaha-002-189.JPG	https://s3.amazonaws.com/NARAprodstorage/lz/dc-metro/rg-024/581208/2020-03/581208-omaha-002/581208-omaha-002-189.JPG	 						315	331	2	30.02	69	67	67			bc	cir cum	9				
1873-02-16	15	-33.02	-71.61			a		https://s3.amazonaws.com/NARAprodstorage/lz/dc-metro/rg-024/581208/2020-03/581208-omaha-002/581208-omaha-002-189.JPG	https://s3.amazonaws.com/NARAprodstorage/lz/dc-metro/rg-024/581208/2020-03/581208-omaha-002/581208-omaha-002-189.JPG	 						315	331	2	30.03	70	68	68			bc	none	10				
1873-02-16	16	-33.02	-71.61			a		https://s3.amazonaws.com/NARAprodstorage/lz/dc-metro/rg-024/581208/2020-03/581208-omaha-002/581208-omaha-002-189.JPG	https://s3.amazonaws.com/NARAprodstorage/lz/dc-metro/rg-024/581208/2020-03/581208-omaha-002/581208-omaha-002-189.JPG	 						315	331	2	30.04	70	68	68			bc	none	10				
1873-02-16	17	-33.02	-71.61			a		https://s3.amazonaws.com/NARAprodstorage/lz/dc-metro/rg-024/581208/2020-03/581208-omaha-002/581208-omaha-002-189.JPG	https://s3.amazonaws.com/NARAprodstorage/lz/dc-metro/rg-024/581208/2020-03/581208-omaha-002/581208-omaha-002-189.JPG	 						315	331	2	30.04	70	68	68			bc	cir	8				
1873-02-16	18	-33.02	-71.61			a		https://s3.amazonaws.com/NARAprodstorage/lz/dc-metro/rg-024/581208/2020-03/581208-omaha-002/581208-omaha-002-189.JPG	https://s3.amazonaws.com/NARAprodstorage/lz/dc-metro/rg-024/581208/2020-03/581208-omaha-002/581208-omaha-002-189.JPG	 						315	331	2	30.05	70	68	68			bc	cir	9				
1873-02-16	19	-33.02	-71.61			a		https://s3.amazonaws.com/NARAprodstorage/lz/dc-metro/rg-024/581208/2020-03/581208-omaha-002/581208-omaha-002-189.JPG	https://s3.amazonaws.com/NARAprodstorage/lz/dc-metro/rg-024/581208/2020-03/581208-omaha-002/581208-omaha-002-189.JPG	 						315	331	2	30.05	68	68	68			bc	cir	8				
1873-02-16	20	-33.02	-71.61			a		https://s3.amazonaws.com/NARAprodstorage/lz/dc-metro/rg-024/581208/2020-03/581208-omaha-002/581208-omaha-002-189.JPG	https://s3.amazonaws.com/NARAprodstorage/lz/dc-metro/rg-024/581208/2020-03/581208-omaha-002/581208-omaha-002-189.JPG	 						315	331	2	30.05	68	68	68			bc	cir	8				
1873-02-16	21	-33.02	-71.61			a		https://s3.amazonaws.com/NARAprodstorage/lz/dc-metro/rg-024/581208/2020-03/581208-omaha-002/581208-omaha-002-189.JPG	https://s3.amazonaws.com/NARAprodstorage/lz/dc-metro/rg-024/581208/2020-03/581208-omaha-002/581208-omaha-002-189.JPG	 						0	0	0	30.02	68	66	67			b	none	10				
1873-02-16	22	-33.02	-71.61			a		https://s3.amazonaws.com/NARAprodstorage/lz/dc-metro/rg-024/581208/2020-03/581208-omaha-002/581208-omaha-002-189.JPG	https://s3.amazonaws.com/NARAprodstorage/lz/dc-metro/rg-024/581208/2020-03/581208-omaha-002/581208-omaha-002-189.JPG	 						0	0	0	30.02	68	65	67			b	none	10				
1873-02-16	23	-33.02	-71.61			a		https://s3.amazonaws.com/NARAprodstorage/lz/dc-metro/rg-024/581208/2020-03/581208-omaha-002/581208-omaha-002-189.JPG	https://s3.amazonaws.com/NARAprodstorage/lz/dc-metro/rg-024/581208/2020-03/581208-omaha-002/581208-omaha-002-189.JPG	 						0	0	0	30.03	68	65	66			b	none	10				
1873-02-16	24	-33.02	-71.61			a		https://s3.amazonaws.com/NARAprodstorage/lz/dc-metro/rg-024/581208/2020-03/581208-omaha-002/581208-omaha-002-189.JPG	https://s3.amazonaws.com/NARAprodstorage/lz/dc-metro/rg-024/581208/2020-03/581208-omaha-002/581208-omaha-002-189.JPG	 						0	0	0	30.04	68	65	66			b	none	10				
1873-02-17	1	-33.02	-71.61			a		https://s3.amazonaws.com/NARAprodstorage/lz/dc-metro/rg-024/581208/2020-03/581208-omaha-002/581208-omaha-002-190.JPG	https://s3.amazonaws.com/NARAprodstorage/lz/dc-metro/rg-024/581208/2020-03/581208-omaha-002/581208-omaha-002-190.JPG	 						0	0	0	30.04	68	65	66			b	non e	10				
1873-02-17	2	-33.02	-71.61			a		https://s3.amazonaws.com/NARAprodstorage/lz/dc-metro/rg-024/581208/2020-03/581208-omaha-002/581208-omaha-002-190.JPG	https://s3.amazonaws.com/NARAprodstorage/lz/dc-metro/rg-024/581208/2020-03/581208-omaha-002/581208-omaha-002-190.JPG	 						0	0	0	30.04	68	65	65			b	non e	10				
1873-02-17	3	-33.02	-71.61			a		https://s3.amazonaws.com/NARAprodstorage/lz/dc-metro/rg-024/581208/2020-03/581208-omaha-002/581208-omaha-002-190.JPG	https://s3.amazonaws.com/NARAprodstorage/lz/dc-metro/rg-024/581208/2020-03/581208-omaha-002/581208-omaha-002-190.JPG	 						0	0	0	30.04	68	65	65			b	cum	2				
1873-02-17	4	-33.02	-71.61			a		https://s3.amazonaws.com/NARAprodstorage/lz/dc-metro/rg-024/581208/2020-03/581208-omaha-002/581208-omaha-002-190.JPG	https://s3.amazonaws.com/NARAprodstorage/lz/dc-metro/rg-024/581208/2020-03/581208-omaha-002/581208-omaha-002-190.JPG	 						0	0	0	30.05	67	64	64			b	cum	9				
1873-02-17	5	-33.02	-71.61			a		https://s3.amazonaws.com/NARAprodstorage/lz/dc-metro/rg-024/581208/2020-03/581208-omaha-002/581208-omaha-002-190.JPG	https://s3.amazonaws.com/NARAprodstorage/lz/dc-metro/rg-024/581208/2020-03/581208-omaha-002/581208-omaha-002-190.JPG	 						0	0	0	30.03	67	65	64			c	cum	10				
1873-02-17	6	-33.02	-71.61			a		https://s3.amazonaws.com/NARAprodstorage/lz/dc-metro/rg-024/581208/2020-03/581208-omaha-002/581208-omaha-002-190.JPG	https://s3.amazonaws.com/NARAprodstorage/lz/dc-metro/rg-024/581208/2020-03/581208-omaha-002/581208-omaha-002-190.JPG	 						0	0	0	30.03	68	65	65			c	cum	10				
1873-02-17	7	-33.02	-71.61			a		https://s3.amazonaws.com/NARAprodstorage/lz/dc-metro/rg-024/581208/2020-03/581208-omaha-002/581208-omaha-002-190.JPG	https://s3.amazonaws.com/NARAprodstorage/lz/dc-metro/rg-024/581208/2020-03/581208-omaha-002/581208-omaha-002-190.JPG	 						0	0	0	30.03	68	65	65			c	cum	10				
1873-02-17	8	-33.02	-71.61			a		https://s3.amazonaws.com/NARAprodstorage/lz/dc-metro/rg-024/581208/2020-03/581208-omaha-002/581208-omaha-002-190.JPG	https://s3.amazonaws.com/NARAprodstorage/lz/dc-metro/rg-024/581208/2020-03/581208-omaha-002/581208-omaha-002-190.JPG	 						0	0	0	30.03	65	65	65			c	cum	10				
1873-02-17	9	-33.02	-71.61			a		https://s3.amazonaws.com/NARAprodstorage/lz/dc-metro/rg-024/581208/2020-03/581208-omaha-002/581208-omaha-002-190.JPG	https://s3.amazonaws.com/NARAprodstorage/lz/dc-metro/rg-024/581208/2020-03/581208-omaha-002/581208-omaha-002-190.JPG	 						0	0	0	30.03	68	66	66			b	none	10				
1873-02-17	10	-33.02	-71.61			a		https://s3.amazonaws.com/NARAprodstorage/lz/dc-metro/rg-024/581208/2020-03/581208-omaha-002/581208-omaha-002-190.JPG	https://s3.amazonaws.com/NARAprodstorage/lz/dc-metro/rg-024/581208/2020-03/581208-omaha-002/581208-omaha-002-190.JPG	 						0	0	0	30.03	68	66	66			b	none	10				
1873-02-17	11	-33.02	-71.61			a		https://s3.amazonaws.com/NARAprodstorage/lz/dc-metro/rg-024/581208/2020-03/581208-omaha-002/581208-omaha-002-190.JPG	https://s3.amazonaws.com/NARAprodstorage/lz/dc-metro/rg-024/581208/2020-03/581208-omaha-002/581208-omaha-002-190.JPG	 						225	241	3	30.04	68	67	67			b	none	10				
1873-02-17	12	-33.02	-71.61			a		https://s3.amazonaws.com/NARAprodstorage/lz/dc-metro/rg-024/581208/2020-03/581208-omaha-002/581208-omaha-002-190.JPG	https://s3.amazonaws.com/NARAprodstorage/lz/dc-metro/rg-024/581208/2020-03/581208-omaha-002/581208-omaha-002-190.JPG	Noon: Valparaiso						225	241	6	30.04	68	67	67			b	none	10				
1873-02-17	13	-33.02	-71.61			a		https://s3.amazonaws.com/NARAprodstorage/lz/dc-metro/rg-024/581208/2020-03/581208-omaha-002/581208-omaha-002-190.JPG	https://s3.amazonaws.com/NARAprodstorage/lz/dc-metro/rg-024/581208/2020-03/581208-omaha-002/581208-omaha-002-190.JPG	 						225	241	8	30.04	68	67	67			b	none	10				
1873-02-17	14	-33.02	-71.61			a		https://s3.amazonaws.com/NARAprodstorage/lz/dc-metro/rg-024/581208/2020-03/581208-omaha-002/581208-omaha-002-190.JPG	https://s3.amazonaws.com/NARAprodstorage/lz/dc-metro/rg-024/581208/2020-03/581208-omaha-002/581208-omaha-002-190.JPG	 						225	241	8	30.04	69	67	68			b	none	10				
1873-02-17	15	-33.02	-71.61			a		https://s3.amazonaws.com/NARAprodstorage/lz/dc-metro/rg-024/581208/2020-03/581208-omaha-002/581208-omaha-002-190.JPG	https://s3.amazonaws.com/NARAprodstorage/lz/dc-metro/rg-024/581208/2020-03/581208-omaha-002/581208-omaha-002-190.JPG	 						225	241	8	30.04	69	67	68			b	none	10				
1873-02-17	16	-33.02	-71.61			a		https://s3.amazonaws.com/NARAprodstorage/lz/dc-metro/rg-024/581208/2020-03/581208-omaha-002/581208-omaha-002-190.JPG	https://s3.amazonaws.com/NARAprodstorage/lz/dc-metro/rg-024/581208/2020-03/581208-omaha-002/581208-omaha-002-190.JPG	 						225	241	8	30.04	69	67	68			b	none	10				
1873-02-17	17	-33.02	-71.61			a		https://s3.amazonaws.com/NARAprodstorage/lz/dc-metro/rg-024/581208/2020-03/581208-omaha-002/581208-omaha-002-190.JPG	https://s3.amazonaws.com/NARAprodstorage/lz/dc-metro/rg-024/581208/2020-03/581208-omaha-002/581208-omaha-002-190.JPG	 						180	196	13	30.05	70	67	67			bc	cum	9				
1873-02-17	18	-33.02	-71.61			a		https://s3.amazonaws.com/NARAprodstorage/lz/dc-metro/rg-024/581208/2020-03/581208-omaha-002/581208-omaha-002-190.JPG	https://s3.amazonaws.com/NARAprodstorage/lz/dc-metro/rg-024/581208/2020-03/581208-omaha-002/581208-omaha-002-190.JPG	 						180	196	19	30.06	70	67	67			bc	cum	9				
1873-02-17	19	-33.02	-71.61			a		https://s3.amazonaws.com/NARAprodstorage/lz/dc-metro/rg-024/581208/2020-03/581208-omaha-002/581208-omaha-002-190.JPG	https://s3.amazonaws.com/NARAprodstorage/lz/dc-metro/rg-024/581208/2020-03/581208-omaha-002/581208-omaha-002-190.JPG	 						180	196	5	30.05	70	67	67			bc	cum	9				
1873-02-17	20	-33.02	-71.61			a		https://s3.amazonaws.com/NARAprodstorage/lz/dc-metro/rg-024/581208/2020-03/581208-omaha-002/581208-omaha-002-190.JPG	https://s3.amazonaws.com/NARAprodstorage/lz/dc-metro/rg-024/581208/2020-03/581208-omaha-002/581208-omaha-002-190.JPG	 						180	196	5	30.05	69	66	66			b	none	10				
1873-02-17	21	-33.02	-71.61			a		https://s3.amazonaws.com/NARAprodstorage/lz/dc-metro/rg-024/581208/2020-03/581208-omaha-002/581208-omaha-002-190.JPG	https://s3.amazonaws.com/NARAprodstorage/lz/dc-metro/rg-024/581208/2020-03/581208-omaha-002/581208-omaha-002-190.JPG	 						180	196	5	30.06	68	65	65			bc	cum	9				
1873-02-17	22	-33.02	-71.61			a		https://s3.amazonaws.com/NARAprodstorage/lz/dc-metro/rg-024/581208/2020-03/581208-omaha-002/581208-omaha-002-190.JPG	https://s3.amazonaws.com/NARAprodstorage/lz/dc-metro/rg-024/581208/2020-03/581208-omaha-002/581208-omaha-002-190.JPG	 						180	196	5	30.06	67	64	64			bc	cum	9				
1873-02-17	23	-33.02	-71.61			a		https://s3.amazonaws.com/NARAprodstorage/lz/dc-metro/rg-024/581208/2020-03/581208-omaha-002/581208-omaha-002-190.JPG	https://s3.amazonaws.com/NARAprodstorage/lz/dc-metro/rg-024/581208/2020-03/581208-omaha-002/581208-omaha-002-190.JPG	 						180	196	5	30.06	67	64	64			bc	cum	9				
1873-02-17	24	-33.02	-71.61			a		https://s3.amazonaws.com/NARAprodstorage/lz/dc-metro/rg-024/581208/2020-03/581208-omaha-002/581208-omaha-002-190.JPG	https://s3.amazonaws.com/NARAprodstorage/lz/dc-metro/rg-024/581208/2020-03/581208-omaha-002/581208-omaha-002-190.JPG	 						180	196	5	30.06	67	64	64			bc	cum	9				
1873-02-18	1	-33.02	-71.61			a		https://s3.amazonaws.com/NARAprodstorage/lz/dc-metro/rg-024/581208/2020-03/581208-omaha-002/581208-omaha-002-191.JPG	https://s3.amazonaws.com/NARAprodstorage/lz/dc-metro/rg-024/581208/2020-03/581208-omaha-002/581208-omaha-002-191.JPG	 						0	0	0	30.08	69	65	64			bc	cir cum	2				
1873-02-18	2	-33.02	-71.61			a		https://s3.amazonaws.com/NARAprodstorage/lz/dc-metro/rg-024/581208/2020-03/581208-omaha-002/581208-omaha-002-191.JPG	https://s3.amazonaws.com/NARAprodstorage/lz/dc-metro/rg-024/581208/2020-03/581208-omaha-002/581208-omaha-002-191.JPG	 						0	0	0	30.08	69	65	64			bc	cir cum	2				
1873-02-18	3	-33.02	-71.61			a		https://s3.amazonaws.com/NARAprodstorage/lz/dc-metro/rg-024/581208/2020-03/581208-omaha-002/581208-omaha-002-191.JPG	https://s3.amazonaws.com/NARAprodstorage/lz/dc-metro/rg-024/581208/2020-03/581208-omaha-002/581208-omaha-002-191.JPG	 						180	196	2	30.08	69	63	63			bc	cir cum	2				
1873-02-18	4	-33.02	-71.61			a		https://s3.amazonaws.com/NARAprodstorage/lz/dc-metro/rg-024/581208/2020-03/581208-omaha-002/581208-omaha-002-191.JPG	https://s3.amazonaws.com/NARAprodstorage/lz/dc-metro/rg-024/581208/2020-03/581208-omaha-002/581208-omaha-002-191.JPG	 						180	196	2	30.08	68	63	63			bc	cir cum	2				
1873-02-18	5	-33.02	-71.61			a		https://s3.amazonaws.com/NARAprodstorage/lz/dc-metro/rg-024/581208/2020-03/581208-omaha-002/581208-omaha-002-191.JPG	https://s3.amazonaws.com/NARAprodstorage/lz/dc-metro/rg-024/581208/2020-03/581208-omaha-002/581208-omaha-002-191.JPG	 						180	196	2	30.08	67	63	63			bc	cum	2				
1873-02-18	6	-33.02	-71.61			a		https://s3.amazonaws.com/NARAprodstorage/lz/dc-metro/rg-024/581208/2020-03/581208-omaha-002/581208-omaha-002-191.JPG	https://s3.amazonaws.com/NARAprodstorage/lz/dc-metro/rg-024/581208/2020-03/581208-omaha-002/581208-omaha-002-191.JPG	 						180	196	2	30.07	66	64	64			bc	cum	3				
1873-02-18	7	-33.02	-71.61			a		https://s3.amazonaws.com/NARAprodstorage/lz/dc-metro/rg-024/581208/2020-03/581208-omaha-002/581208-omaha-002-191.JPG	https://s3.amazonaws.com/NARAprodstorage/lz/dc-metro/rg-024/581208/2020-03/581208-omaha-002/581208-omaha-002-191.JPG	 						180	196	2	30.07	65	65	65			bc	cum	3				
1873-02-18	8	-33.02	-71.61			a		https://s3.amazonaws.com/NARAprodstorage/lz/dc-metro/rg-024/581208/2020-03/581208-omaha-002/581208-omaha-002-191.JPG	https://s3.amazonaws.com/NARAprodstorage/lz/dc-metro/rg-024/581208/2020-03/581208-omaha-002/581208-omaha-002-191.JPG	 						180	196	2	30.07	65	65	65			bc	cum	2				
1873-02-18	9	-33.02	-71.61			a		https://s3.amazonaws.com/NARAprodstorage/lz/dc-metro/rg-024/581208/2020-03/581208-omaha-002/581208-omaha-002-191.JPG	https://s3.amazonaws.com/NARAprodstorage/lz/dc-metro/rg-024/581208/2020-03/581208-omaha-002/581208-omaha-002-191.JPG	 						180	196	5	30.09	65	65	65			b	none	10		"0905: At 9:05 called all hands to muster and read the proceedings of a general Court Martial, convened by order of Read Admiral Chas Steedman, on board this vessel in the case of Wm Curtain, Pr Marine, who was tried for desertion and found guilty and sentenced to five years imprisonment, with loss of all pay which may become due him in that time with the exception of $50.00, to be paid him at the termination of his confinement, and then to be dishonorably discharged from the Services. The sentence was remitted to two years confinement, by Rear Admiral Chas Steedman with loss of all pay which may become due him with the exception of fifty dollars, to be paid him when his period of confinement terminates, and then to be dishonorably discharged from the Service."		
1873-02-18	10	-33.02	-71.61			a		https://s3.amazonaws.com/NARAprodstorage/lz/dc-metro/rg-024/581208/2020-03/581208-omaha-002/581208-omaha-002-191.JPG	https://s3.amazonaws.com/NARAprodstorage/lz/dc-metro/rg-024/581208/2020-03/581208-omaha-002/581208-omaha-002-191.JPG	 						180	196	5	30.1	66	66	65			b	none	10				
1873-02-18	11	-33.02	-71.61			a		https://s3.amazonaws.com/NARAprodstorage/lz/dc-metro/rg-024/581208/2020-03/581208-omaha-002/581208-omaha-002-191.JPG	https://s3.amazonaws.com/NARAprodstorage/lz/dc-metro/rg-024/581208/2020-03/581208-omaha-002/581208-omaha-002-191.JPG	 						180	196	5	30.12	66	66	65			b	none	10				
1873-02-18	12	-33.02	-71.61			a		https://s3.amazonaws.com/NARAprodstorage/lz/dc-metro/rg-024/581208/2020-03/581208-omaha-002/581208-omaha-002-191.JPG	https://s3.amazonaws.com/NARAprodstorage/lz/dc-metro/rg-024/581208/2020-03/581208-omaha-002/581208-omaha-002-191.JPG	Noon: Valparaiso						180	196	5	30.14	66	66	65			b	none	10				
1873-02-18	13	-33.02	-71.61			a		https://s3.amazonaws.com/NARAprodstorage/lz/dc-metro/rg-024/581208/2020-03/581208-omaha-002/581208-omaha-002-191.JPG	https://s3.amazonaws.com/NARAprodstorage/lz/dc-metro/rg-024/581208/2020-03/581208-omaha-002/581208-omaha-002-191.JPG	 						225	241	13	30.14	67	66	64			bc	cum	8				
1873-02-18	14	-33.02	-71.61			a		https://s3.amazonaws.com/NARAprodstorage/lz/dc-metro/rg-024/581208/2020-03/581208-omaha-002/581208-omaha-002-191.JPG	https://s3.amazonaws.com/NARAprodstorage/lz/dc-metro/rg-024/581208/2020-03/581208-omaha-002/581208-omaha-002-191.JPG	 						225	241	13	30.14	67	66	64			bc	cum	8				
1873-02-18	15	-33.02	-71.61			a		https://s3.amazonaws.com/NARAprodstorage/lz/dc-metro/rg-024/581208/2020-03/581208-omaha-002/581208-omaha-002-191.JPG	https://s3.amazonaws.com/NARAprodstorage/lz/dc-metro/rg-024/581208/2020-03/581208-omaha-002/581208-omaha-002-191.JPG	 						225	241	13	30.14	69	65	64			bc	cum	9				
1873-02-18	16	-33.02	-71.61			a		https://s3.amazonaws.com/NARAprodstorage/lz/dc-metro/rg-024/581208/2020-03/581208-omaha-002/581208-omaha-002-191.JPG	https://s3.amazonaws.com/NARAprodstorage/lz/dc-metro/rg-024/581208/2020-03/581208-omaha-002/581208-omaha-002-191.JPG	 						225	241	13	30.14	69	65	64			bc	cum	9				
1873-02-18	17	-33.02	-71.61			a		https://s3.amazonaws.com/NARAprodstorage/lz/dc-metro/rg-024/581208/2020-03/581208-omaha-002/581208-omaha-002-191.JPG	https://s3.amazonaws.com/NARAprodstorage/lz/dc-metro/rg-024/581208/2020-03/581208-omaha-002/581208-omaha-002-191.JPG	 						225	241	13	30.12	69	67	66			b	none	10				
1873-02-18	18	-33.02	-71.61			a		https://s3.amazonaws.com/NARAprodstorage/lz/dc-metro/rg-024/581208/2020-03/581208-omaha-002/581208-omaha-002-191.JPG	https://s3.amazonaws.com/NARAprodstorage/lz/dc-metro/rg-024/581208/2020-03/581208-omaha-002/581208-omaha-002-191.JPG	 						225	241	8	30.12	69	66	65			b	none	10				
1873-02-18	19	-33.02	-71.61			a		https://s3.amazonaws.com/NARAprodstorage/lz/dc-metro/rg-024/581208/2020-03/581208-omaha-002/581208-omaha-002-191.JPG	https://s3.amazonaws.com/NARAprodstorage/lz/dc-metro/rg-024/581208/2020-03/581208-omaha-002/581208-omaha-002-191.JPG	 						225	241	8	30.12	67	64	64			b	none	10				
1873-02-18	20	-33.02	-71.61			a		https://s3.amazonaws.com/NARAprodstorage/lz/dc-metro/rg-024/581208/2020-03/581208-omaha-002/581208-omaha-002-191.JPG	https://s3.amazonaws.com/NARAprodstorage/lz/dc-metro/rg-024/581208/2020-03/581208-omaha-002/581208-omaha-002-191.JPG	 						225	241	8	30.12	67	64	64			b	none	10				
1873-02-18	21	-33.02	-71.61			a		https://s3.amazonaws.com/NARAprodstorage/lz/dc-metro/rg-024/581208/2020-03/581208-omaha-002/581208-omaha-002-191.JPG	https://s3.amazonaws.com/NARAprodstorage/lz/dc-metro/rg-024/581208/2020-03/581208-omaha-002/581208-omaha-002-191.JPG	 						0	0	0	30.13	66	64	64			b	none	10				
1873-02-18	22	-33.02	-71.61			a		https://s3.amazonaws.com/NARAprodstorage/lz/dc-metro/rg-024/581208/2020-03/581208-omaha-002/581208-omaha-002-191.JPG	https://s3.amazonaws.com/NARAprodstorage/lz/dc-metro/rg-024/581208/2020-03/581208-omaha-002/581208-omaha-002-191.JPG	 						0	0	0	30.14	65	64	64			b	none	10				
1873-02-18	23	-33.02	-71.61			a		https://s3.amazonaws.com/NARAprodstorage/lz/dc-metro/rg-024/581208/2020-03/581208-omaha-002/581208-omaha-002-191.JPG	https://s3.amazonaws.com/NARAprodstorage/lz/dc-metro/rg-024/581208/2020-03/581208-omaha-002/581208-omaha-002-191.JPG	 						0	0	0	30.14	65	64	64			b	none	10				
1873-02-18	24	-33.02	-71.61			a		https://s3.amazonaws.com/NARAprodstorage/lz/dc-metro/rg-024/581208/2020-03/581208-omaha-002/581208-omaha-002-191.JPG	https://s3.amazonaws.com/NARAprodstorage/lz/dc-metro/rg-024/581208/2020-03/581208-omaha-002/581208-omaha-002-191.JPG	 						0	0	0	30.14	65	64	64			b	none	10				
1873-02-19	1	-33.02	-71.61			a		https://s3.amazonaws.com/NARAprodstorage/lz/dc-metro/rg-024/581208/2020-03/581208-omaha-002/581208-omaha-002-192.JPG	https://s3.amazonaws.com/NARAprodstorage/lz/dc-metro/rg-024/581208/2020-03/581208-omaha-002/581208-omaha-002-192.JPG	 						0	0	0	30.08	66	60	60			b	none	10				
1873-02-19	2	-33.02	-71.61			a		https://s3.amazonaws.com/NARAprodstorage/lz/dc-metro/rg-024/581208/2020-03/581208-omaha-002/581208-omaha-002-192.JPG	https://s3.amazonaws.com/NARAprodstorage/lz/dc-metro/rg-024/581208/2020-03/581208-omaha-002/581208-omaha-002-192.JPG	 						180	196	2	30.08	66	60	60			b	none	10				
1873-02-19	3	-33.02	-71.61			a		https://s3.amazonaws.com/NARAprodstorage/lz/dc-metro/rg-024/581208/2020-03/581208-omaha-002/581208-omaha-002-192.JPG	https://s3.amazonaws.com/NARAprodstorage/lz/dc-metro/rg-024/581208/2020-03/581208-omaha-002/581208-omaha-002-192.JPG	 						180	196	2	30.08	66	59	59			b	none	10				
1873-02-19	4	-33.02	-71.61			a		https://s3.amazonaws.com/NARAprodstorage/lz/dc-metro/rg-024/581208/2020-03/581208-omaha-002/581208-omaha-002-192.JPG	https://s3.amazonaws.com/NARAprodstorage/lz/dc-metro/rg-024/581208/2020-03/581208-omaha-002/581208-omaha-002-192.JPG	 						180	196	2	30.08	66	59	59			b	none	10				
1873-02-19	5	-33.02	-71.61			a		https://s3.amazonaws.com/NARAprodstorage/lz/dc-metro/rg-024/581208/2020-03/581208-omaha-002/581208-omaha-002-192.JPG	https://s3.amazonaws.com/NARAprodstorage/lz/dc-metro/rg-024/581208/2020-03/581208-omaha-002/581208-omaha-002-192.JPG	 						180	196	2	30.08	66	60	60			b	none	10				
1873-02-19	6	-33.02	-71.61			a		https://s3.amazonaws.com/NARAprodstorage/lz/dc-metro/rg-024/581208/2020-03/581208-omaha-002/581208-omaha-002-192.JPG	https://s3.amazonaws.com/NARAprodstorage/lz/dc-metro/rg-024/581208/2020-03/581208-omaha-002/581208-omaha-002-192.JPG	 						180	196	1	30.08	66	60	60			b	none	10				
1873-02-19	7	-33.02	-71.61			a		https://s3.amazonaws.com/NARAprodstorage/lz/dc-metro/rg-024/581208/2020-03/581208-omaha-002/581208-omaha-002-192.JPG	https://s3.amazonaws.com/NARAprodstorage/lz/dc-metro/rg-024/581208/2020-03/581208-omaha-002/581208-omaha-002-192.JPG	 						180	196	1	30.08	66	62	61			b	none	10				
1873-02-19	8	-33.02	-71.61			a		https://s3.amazonaws.com/NARAprodstorage/lz/dc-metro/rg-024/581208/2020-03/581208-omaha-002/581208-omaha-002-192.JPG	https://s3.amazonaws.com/NARAprodstorage/lz/dc-metro/rg-024/581208/2020-03/581208-omaha-002/581208-omaha-002-192.JPG	 						180	196	2	30.08	67	62	61			b	none	10				
1873-02-19	9	-33.02	-71.61			a		https://s3.amazonaws.com/NARAprodstorage/lz/dc-metro/rg-024/581208/2020-03/581208-omaha-002/581208-omaha-002-192.JPG	https://s3.amazonaws.com/NARAprodstorage/lz/dc-metro/rg-024/581208/2020-03/581208-omaha-002/581208-omaha-002-192.JPG	 						45	61	2	30.07	67	63	62			b	none	10				
1873-02-19	10	-33.02	-71.61			a		https://s3.amazonaws.com/NARAprodstorage/lz/dc-metro/rg-024/581208/2020-03/581208-omaha-002/581208-omaha-002-192.JPG	https://s3.amazonaws.com/NARAprodstorage/lz/dc-metro/rg-024/581208/2020-03/581208-omaha-002/581208-omaha-002-192.JPG	 						45	61	2	30.06	67	64	63			b	none	10				
1873-02-19	11	-33.02	-71.61			a		https://s3.amazonaws.com/NARAprodstorage/lz/dc-metro/rg-024/581208/2020-03/581208-omaha-002/581208-omaha-002-192.JPG	https://s3.amazonaws.com/NARAprodstorage/lz/dc-metro/rg-024/581208/2020-03/581208-omaha-002/581208-omaha-002-192.JPG	 						45	61	2	30.06	67	64	64			b	none	10				
1873-02-19	12	-33.02	-71.61			a		https://s3.amazonaws.com/NARAprodstorage/lz/dc-metro/rg-024/581208/2020-03/581208-omaha-002/581208-omaha-002-192.JPG	https://s3.amazonaws.com/NARAprodstorage/lz/dc-metro/rg-024/581208/2020-03/581208-omaha-002/581208-omaha-002-192.JPG	Noon: Valparaiso						45	61	2	30.06	67	65	65			b	none	10				
1873-02-19	13	-33.02	-71.61			a		https://s3.amazonaws.com/NARAprodstorage/lz/dc-metro/rg-024/581208/2020-03/581208-omaha-002/581208-omaha-002-192.JPG	https://s3.amazonaws.com/NARAprodstorage/lz/dc-metro/rg-024/581208/2020-03/581208-omaha-002/581208-omaha-002-192.JPG	 						180	196	21	30.06	72	74	70			bq	none	10				
1873-02-19	14	-33.02	-71.61			a		https://s3.amazonaws.com/NARAprodstorage/lz/dc-metro/rg-024/581208/2020-03/581208-omaha-002/581208-omaha-002-192.JPG	https://s3.amazonaws.com/NARAprodstorage/lz/dc-metro/rg-024/581208/2020-03/581208-omaha-002/581208-omaha-002-192.JPG	 						180	196	21	30.06	72	74	70			bq	none	10				
1873-02-19	15	-33.02	-71.61			a		https://s3.amazonaws.com/NARAprodstorage/lz/dc-metro/rg-024/581208/2020-03/581208-omaha-002/581208-omaha-002-192.JPG	https://s3.amazonaws.com/NARAprodstorage/lz/dc-metro/rg-024/581208/2020-03/581208-omaha-002/581208-omaha-002-192.JPG	 						180	196	13	30.06	72	74	70			bq	none	10				
1873-02-19	16	-33.02	-71.61			a		https://s3.amazonaws.com/NARAprodstorage/lz/dc-metro/rg-024/581208/2020-03/581208-omaha-002/581208-omaha-002-192.JPG	https://s3.amazonaws.com/NARAprodstorage/lz/dc-metro/rg-024/581208/2020-03/581208-omaha-002/581208-omaha-002-192.JPG	 						180	196	19	30.06	72	72	70			bq	none	10				
1873-02-19	17	-33.02	-71.61			a		https://s3.amazonaws.com/NARAprodstorage/lz/dc-metro/rg-024/581208/2020-03/581208-omaha-002/581208-omaha-002-192.JPG	https://s3.amazonaws.com/NARAprodstorage/lz/dc-metro/rg-024/581208/2020-03/581208-omaha-002/581208-omaha-002-192.JPG	 						225	241	24	30.06	70	72	69			b	none	10				
1873-02-19	18	-33.02	-71.61			a		https://s3.amazonaws.com/NARAprodstorage/lz/dc-metro/rg-024/581208/2020-03/581208-omaha-002/581208-omaha-002-192.JPG	https://s3.amazonaws.com/NARAprodstorage/lz/dc-metro/rg-024/581208/2020-03/581208-omaha-002/581208-omaha-002-192.JPG	 						225	241	19	30.06	70	72	69			b	none	10				
1873-02-19	19	-33.02	-71.61			a		https://s3.amazonaws.com/NARAprodstorage/lz/dc-metro/rg-024/581208/2020-03/581208-omaha-002/581208-omaha-002-192.JPG	https://s3.amazonaws.com/NARAprodstorage/lz/dc-metro/rg-024/581208/2020-03/581208-omaha-002/581208-omaha-002-192.JPG	 						225	241	13	30.06	69	69	68			b	none	10				
1873-02-19	20	-33.02	-71.61			a		https://s3.amazonaws.com/NARAprodstorage/lz/dc-metro/rg-024/581208/2020-03/581208-omaha-002/581208-omaha-002-192.JPG	https://s3.amazonaws.com/NARAprodstorage/lz/dc-metro/rg-024/581208/2020-03/581208-omaha-002/581208-omaha-002-192.JPG	 						225	241	8	30.06	69	69	68			b	none	10				
1873-02-19	21	-33.02	-71.61			a		https://s3.amazonaws.com/NARAprodstorage/lz/dc-metro/rg-024/581208/2020-03/581208-omaha-002/581208-omaha-002-192.JPG	https://s3.amazonaws.com/NARAprodstorage/lz/dc-metro/rg-024/581208/2020-03/581208-omaha-002/581208-omaha-002-192.JPG	 						0	0	0	30.06	69	69	68			b	none	10				
1873-02-19	22	-33.02	-71.61			a		https://s3.amazonaws.com/NARAprodstorage/lz/dc-metro/rg-024/581208/2020-03/581208-omaha-002/581208-omaha-002-192.JPG	https://s3.amazonaws.com/NARAprodstorage/lz/dc-metro/rg-024/581208/2020-03/581208-omaha-002/581208-omaha-002-192.JPG	 						0	0	0	30.06	69	68	67			b	none	10				
1873-02-19	23	-33.02	-71.61			a		https://s3.amazonaws.com/NARAprodstorage/lz/dc-metro/rg-024/581208/2020-03/581208-omaha-002/581208-omaha-002-192.JPG	https://s3.amazonaws.com/NARAprodstorage/lz/dc-metro/rg-024/581208/2020-03/581208-omaha-002/581208-omaha-002-192.JPG	 						0	0	0	30.06	68	67	66			b	none	10				
1873-02-19	24	-33.02	-71.61			a		https://s3.amazonaws.com/NARAprodstorage/lz/dc-metro/rg-024/581208/2020-03/581208-omaha-002/581208-omaha-002-192.JPG	https://s3.amazonaws.com/NARAprodstorage/lz/dc-metro/rg-024/581208/2020-03/581208-omaha-002/581208-omaha-002-192.JPG	 						0	0	0	30.06	68	67	66			b	none	10				
1873-02-20	1	-33.02	-71.61			a		https://s3.amazonaws.com/NARAprodstorage/lz/dc-metro/rg-024/581208/2020-03/581208-omaha-002/581208-omaha-002-193.JPG	https://s3.amazonaws.com/NARAprodstorage/lz/dc-metro/rg-024/581208/2020-03/581208-omaha-002/581208-omaha-002-193.JPG	 						0	0	0	30.16	64	64	64			b	none	10				
1873-02-20	2	-33.02	-71.61			a		https://s3.amazonaws.com/NARAprodstorage/lz/dc-metro/rg-024/581208/2020-03/581208-omaha-002/581208-omaha-002-193.JPG	https://s3.amazonaws.com/NARAprodstorage/lz/dc-metro/rg-024/581208/2020-03/581208-omaha-002/581208-omaha-002-193.JPG	 						0	0	0	30.16	64	64	64			b	none	10				
1873-02-20	3	-33.02	-71.61			a		https://s3.amazonaws.com/NARAprodstorage/lz/dc-metro/rg-024/581208/2020-03/581208-omaha-002/581208-omaha-002-193.JPG	https://s3.amazonaws.com/NARAprodstorage/lz/dc-metro/rg-024/581208/2020-03/581208-omaha-002/581208-omaha-002-193.JPG	 						0	0	0	30.16	64	63	63			b	none	10				
1873-02-20	4	-33.02	-71.61			a		https://s3.amazonaws.com/NARAprodstorage/lz/dc-metro/rg-024/581208/2020-03/581208-omaha-002/581208-omaha-002-193.JPG	https://s3.amazonaws.com/NARAprodstorage/lz/dc-metro/rg-024/581208/2020-03/581208-omaha-002/581208-omaha-002-193.JPG	 						0	0	0	30.16	64	63	63			b	none	10				
1873-02-20	5	-33.02	-71.61			a		https://s3.amazonaws.com/NARAprodstorage/lz/dc-metro/rg-024/581208/2020-03/581208-omaha-002/581208-omaha-002-193.JPG	https://s3.amazonaws.com/NARAprodstorage/lz/dc-metro/rg-024/581208/2020-03/581208-omaha-002/581208-omaha-002-193.JPG	 						0	0	0	30.08	64	61	61			b	none	10				
1873-02-20	6	-33.02	-71.61			a		https://s3.amazonaws.com/NARAprodstorage/lz/dc-metro/rg-024/581208/2020-03/581208-omaha-002/581208-omaha-002-193.JPG	https://s3.amazonaws.com/NARAprodstorage/lz/dc-metro/rg-024/581208/2020-03/581208-omaha-002/581208-omaha-002-193.JPG	 						0	0	0	30.1	64	61	61			b	none	10				
1873-02-20	7	-33.02	-71.61			a		https://s3.amazonaws.com/NARAprodstorage/lz/dc-metro/rg-024/581208/2020-03/581208-omaha-002/581208-omaha-002-193.JPG	https://s3.amazonaws.com/NARAprodstorage/lz/dc-metro/rg-024/581208/2020-03/581208-omaha-002/581208-omaha-002-193.JPG	 						0	0	0	30.1	64	61	61			b	none	10				
1873-02-20	8	-33.02	-71.61			a		https://s3.amazonaws.com/NARAprodstorage/lz/dc-metro/rg-024/581208/2020-03/581208-omaha-002/581208-omaha-002-193.JPG	https://s3.amazonaws.com/NARAprodstorage/lz/dc-metro/rg-024/581208/2020-03/581208-omaha-002/581208-omaha-002-193.JPG	 						0	0	0	30.1	64	61	61			b	none	10				
1873-02-20	9	-33.02	-71.61			a		https://s3.amazonaws.com/NARAprodstorage/lz/dc-metro/rg-024/581208/2020-03/581208-omaha-002/581208-omaha-002-193.JPG	https://s3.amazonaws.com/NARAprodstorage/lz/dc-metro/rg-024/581208/2020-03/581208-omaha-002/581208-omaha-002-193.JPG	 						0	0	0	30.1	67	66	63			b	none	10				
1873-02-20	10	-33.02	-71.61			a		https://s3.amazonaws.com/NARAprodstorage/lz/dc-metro/rg-024/581208/2020-03/581208-omaha-002/581208-omaha-002-193.JPG	https://s3.amazonaws.com/NARAprodstorage/lz/dc-metro/rg-024/581208/2020-03/581208-omaha-002/581208-omaha-002-193.JPG	 						0	0	0	30.12	69	66	63			b	none	10				
1873-02-20	11	-33.02	-71.61			a		https://s3.amazonaws.com/NARAprodstorage/lz/dc-metro/rg-024/581208/2020-03/581208-omaha-002/581208-omaha-002-193.JPG	https://s3.amazonaws.com/NARAprodstorage/lz/dc-metro/rg-024/581208/2020-03/581208-omaha-002/581208-omaha-002-193.JPG	 						0	0	0	30.12	69	67	64			b	none	10				
1873-02-20	12	-33.02	-71.61			a		https://s3.amazonaws.com/NARAprodstorage/lz/dc-metro/rg-024/581208/2020-03/581208-omaha-002/581208-omaha-002-193.JPG	https://s3.amazonaws.com/NARAprodstorage/lz/dc-metro/rg-024/581208/2020-03/581208-omaha-002/581208-omaha-002-193.JPG	Noon: Valparaiso						0	0	0	30.12	69	68	64			b	none	10				
1873-02-20	13	-33.02	-71.61			a		https://s3.amazonaws.com/NARAprodstorage/lz/dc-metro/rg-024/581208/2020-03/581208-omaha-002/581208-omaha-002-193.JPG	https://s3.amazonaws.com/NARAprodstorage/lz/dc-metro/rg-024/581208/2020-03/581208-omaha-002/581208-omaha-002-193.JPG	 						0	0	0	30.1	68	69	72			b	none	10				
1873-02-20	14	-33.02	-71.61			a		https://s3.amazonaws.com/NARAprodstorage/lz/dc-metro/rg-024/581208/2020-03/581208-omaha-002/581208-omaha-002-193.JPG	https://s3.amazonaws.com/NARAprodstorage/lz/dc-metro/rg-024/581208/2020-03/581208-omaha-002/581208-omaha-002-193.JPG	 						45	61	2	30.1	69	70	72			bq	none	10				
1873-02-20	15	-33.02	-71.61			a		https://s3.amazonaws.com/NARAprodstorage/lz/dc-metro/rg-024/581208/2020-03/581208-omaha-002/581208-omaha-002-193.JPG	https://s3.amazonaws.com/NARAprodstorage/lz/dc-metro/rg-024/581208/2020-03/581208-omaha-002/581208-omaha-002-193.JPG	 						45	61	1	30.1	69	72	75			bq	none	10				
1873-02-20	16	-33.02	-71.61			a		https://s3.amazonaws.com/NARAprodstorage/lz/dc-metro/rg-024/581208/2020-03/581208-omaha-002/581208-omaha-002-193.JPG	https://s3.amazonaws.com/NARAprodstorage/lz/dc-metro/rg-024/581208/2020-03/581208-omaha-002/581208-omaha-002-193.JPG	 						270	286	5	30.1	69	72	75			bq	none	10				"1600: The following articles in the Navigators department were condenmed by a board of survey. Viz: 2 log glasses, 2 thermometers, 6 Log chips, 3 Horn Lanterns, 6 Deck Lanterns, 1 Berth Deck Lantern, 1 Trumpet, 1 deck Trumpet and 1 Mercurial Barometer."
1873-02-20	17	-33.02	-71.61			a		https://s3.amazonaws.com/NARAprodstorage/lz/dc-metro/rg-024/581208/2020-03/581208-omaha-002/581208-omaha-002-193.JPG	https://s3.amazonaws.com/NARAprodstorage/lz/dc-metro/rg-024/581208/2020-03/581208-omaha-002/581208-omaha-002-193.JPG	 						0	0	0	30.1	70	72	75			b	none	10				
1873-02-20	18	-33.02	-71.61			a		https://s3.amazonaws.com/NARAprodstorage/lz/dc-metro/rg-024/581208/2020-03/581208-omaha-002/581208-omaha-002-193.JPG	https://s3.amazonaws.com/NARAprodstorage/lz/dc-metro/rg-024/581208/2020-03/581208-omaha-002/581208-omaha-002-193.JPG	 						0	0	0	30.1	70	70	70			b	none	10				
1873-02-20	19	-33.02	-71.61			a		https://s3.amazonaws.com/NARAprodstorage/lz/dc-metro/rg-024/581208/2020-03/581208-omaha-002/581208-omaha-002-193.JPG	https://s3.amazonaws.com/NARAprodstorage/lz/dc-metro/rg-024/581208/2020-03/581208-omaha-002/581208-omaha-002-193.JPG	 						0	0	0	30.1	70	70	70			b	none	10				
1873-02-20	20	-33.02	-71.61			a		https://s3.amazonaws.com/NARAprodstorage/lz/dc-metro/rg-024/581208/2020-03/581208-omaha-002/581208-omaha-002-193.JPG	https://s3.amazonaws.com/NARAprodstorage/lz/dc-metro/rg-024/581208/2020-03/581208-omaha-002/581208-omaha-002-193.JPG	 						0	0	0	30.1	70	70	70			b	none	10				
1873-02-20	21	-33.02	-71.61			a		https://s3.amazonaws.com/NARAprodstorage/lz/dc-metro/rg-024/581208/2020-03/581208-omaha-002/581208-omaha-002-193.JPG	https://s3.amazonaws.com/NARAprodstorage/lz/dc-metro/rg-024/581208/2020-03/581208-omaha-002/581208-omaha-002-193.JPG	 						0	0	0	30.1	69	68	68			b	none	10				
1873-02-20	22	-33.02	-71.61			a		https://s3.amazonaws.com/NARAprodstorage/lz/dc-metro/rg-024/581208/2020-03/581208-omaha-002/581208-omaha-002-193.JPG	https://s3.amazonaws.com/NARAprodstorage/lz/dc-metro/rg-024/581208/2020-03/581208-omaha-002/581208-omaha-002-193.JPG	 						0	0	0	30.08	68	67	67			b	none	10				
1873-02-20	23	-33.02	-71.61			a		https://s3.amazonaws.com/NARAprodstorage/lz/dc-metro/rg-024/581208/2020-03/581208-omaha-002/581208-omaha-002-193.JPG	https://s3.amazonaws.com/NARAprodstorage/lz/dc-metro/rg-024/581208/2020-03/581208-omaha-002/581208-omaha-002-193.JPG	 						0	0	0	30.06	68	67	67			b	none	10				
1873-02-20	24	-33.02	-71.61			a		https://s3.amazonaws.com/NARAprodstorage/lz/dc-metro/rg-024/581208/2020-03/581208-omaha-002/581208-omaha-002-193.JPG	https://s3.amazonaws.com/NARAprodstorage/lz/dc-metro/rg-024/581208/2020-03/581208-omaha-002/581208-omaha-002-193.JPG	 						0	0	0	30.04	66	66	66			b	none	10				
1873-02-21	1	-33.02	-71.61			a		https://s3.amazonaws.com/NARAprodstorage/lz/dc-metro/rg-024/581208/2020-03/581208-omaha-002/581208-omaha-002-194.JPG	https://s3.amazonaws.com/NARAprodstorage/lz/dc-metro/rg-024/581208/2020-03/581208-omaha-002/581208-omaha-002-194.JPG	 						0	0	0	30.04	65	65	66			b	none	10				
1873-02-21	2	-33.02	-71.61			a		https://s3.amazonaws.com/NARAprodstorage/lz/dc-metro/rg-024/581208/2020-03/581208-omaha-002/581208-omaha-002-194.JPG	https://s3.amazonaws.com/NARAprodstorage/lz/dc-metro/rg-024/581208/2020-03/581208-omaha-002/581208-omaha-002-194.JPG	 						0	0	0	30.04	65	65	65			b	none	10				
1873-02-21	3	-33.02	-71.61			a		https://s3.amazonaws.com/NARAprodstorage/lz/dc-metro/rg-024/581208/2020-03/581208-omaha-002/581208-omaha-002-194.JPG	https://s3.amazonaws.com/NARAprodstorage/lz/dc-metro/rg-024/581208/2020-03/581208-omaha-002/581208-omaha-002-194.JPG	 						0	0	0	30.04	64	64	64			b	none	10				
1873-02-21	4	-33.02	-71.61			a		https://s3.amazonaws.com/NARAprodstorage/lz/dc-metro/rg-024/581208/2020-03/581208-omaha-002/581208-omaha-002-194.JPG	https://s3.amazonaws.com/NARAprodstorage/lz/dc-metro/rg-024/581208/2020-03/581208-omaha-002/581208-omaha-002-194.JPG	 						0	0	0	30.04	63	62	62			b	none	10				
1873-02-21	5	-33.02	-71.61			a		https://s3.amazonaws.com/NARAprodstorage/lz/dc-metro/rg-024/581208/2020-03/581208-omaha-002/581208-omaha-002-194.JPG	https://s3.amazonaws.com/NARAprodstorage/lz/dc-metro/rg-024/581208/2020-03/581208-omaha-002/581208-omaha-002-194.JPG	 						0	0	0	30.04	63	62	62			b	none	10				
1873-02-21	6	-33.02	-71.61			a		https://s3.amazonaws.com/NARAprodstorage/lz/dc-metro/rg-024/581208/2020-03/581208-omaha-002/581208-omaha-002-194.JPG	https://s3.amazonaws.com/NARAprodstorage/lz/dc-metro/rg-024/581208/2020-03/581208-omaha-002/581208-omaha-002-194.JPG	 						0	0	0	30.04	63	62	62			b	none	10				
1873-02-21	7	-33.02	-71.61			a		https://s3.amazonaws.com/NARAprodstorage/lz/dc-metro/rg-024/581208/2020-03/581208-omaha-002/581208-omaha-002-194.JPG	https://s3.amazonaws.com/NARAprodstorage/lz/dc-metro/rg-024/581208/2020-03/581208-omaha-002/581208-omaha-002-194.JPG	 						0	0	0	30.04	63	62	62			b	none	10				
1873-02-21	8	-33.02	-71.61			a		https://s3.amazonaws.com/NARAprodstorage/lz/dc-metro/rg-024/581208/2020-03/581208-omaha-002/581208-omaha-002-194.JPG	https://s3.amazonaws.com/NARAprodstorage/lz/dc-metro/rg-024/581208/2020-03/581208-omaha-002/581208-omaha-002-194.JPG	 						0	0	0	30.04	63	62	62			b	none	10				
1873-02-21	9	-33.02	-71.61			a		https://s3.amazonaws.com/NARAprodstorage/lz/dc-metro/rg-024/581208/2020-03/581208-omaha-002/581208-omaha-002-194.JPG	https://s3.amazonaws.com/NARAprodstorage/lz/dc-metro/rg-024/581208/2020-03/581208-omaha-002/581208-omaha-002-194.JPG	 						0	0	0	30.06	64	62	62			b	none	10				
1873-02-21	10	-33.02	-71.61			a		https://s3.amazonaws.com/NARAprodstorage/lz/dc-metro/rg-024/581208/2020-03/581208-omaha-002/581208-omaha-002-194.JPG	https://s3.amazonaws.com/NARAprodstorage/lz/dc-metro/rg-024/581208/2020-03/581208-omaha-002/581208-omaha-002-194.JPG	 						315	331	2	30.07	67	63	63			b	none	10				
1873-02-21	11	-33.02	-71.61			a		https://s3.amazonaws.com/NARAprodstorage/lz/dc-metro/rg-024/581208/2020-03/581208-omaha-002/581208-omaha-002-194.JPG	https://s3.amazonaws.com/NARAprodstorage/lz/dc-metro/rg-024/581208/2020-03/581208-omaha-002/581208-omaha-002-194.JPG	 						315	331	3	30.08	67	64	63			b	none	10				
1873-02-21	12	-33.02	-71.61			a		https://s3.amazonaws.com/NARAprodstorage/lz/dc-metro/rg-024/581208/2020-03/581208-omaha-002/581208-omaha-002-194.JPG	https://s3.amazonaws.com/NARAprodstorage/lz/dc-metro/rg-024/581208/2020-03/581208-omaha-002/581208-omaha-002-194.JPG	Noon: Valparaiso						315	331	2	30.08	67	64	63			b	none	10				
1873-02-21	13	-33.02	-71.61			a		https://s3.amazonaws.com/NARAprodstorage/lz/dc-metro/rg-024/581208/2020-03/581208-omaha-002/581208-omaha-002-194.JPG	https://s3.amazonaws.com/NARAprodstorage/lz/dc-metro/rg-024/581208/2020-03/581208-omaha-002/581208-omaha-002-194.JPG	 						248	264	8	30.08	67	66	66			b	none	10				
1873-02-21	14	-33.02	-71.61			a		https://s3.amazonaws.com/NARAprodstorage/lz/dc-metro/rg-024/581208/2020-03/581208-omaha-002/581208-omaha-002-194.JPG	https://s3.amazonaws.com/NARAprodstorage/lz/dc-metro/rg-024/581208/2020-03/581208-omaha-002/581208-omaha-002-194.JPG	 						135	151	8	30.05	67	66	66			b	none	10				
1873-02-21	15	-33.02	-71.61			a		https://s3.amazonaws.com/NARAprodstorage/lz/dc-metro/rg-024/581208/2020-03/581208-omaha-002/581208-omaha-002-194.JPG	https://s3.amazonaws.com/NARAprodstorage/lz/dc-metro/rg-024/581208/2020-03/581208-omaha-002/581208-omaha-002-194.JPG	 						45	61	5	30.01	67	66	67			b	none	10				
1873-02-21	16	-33.02	-71.61			a		https://s3.amazonaws.com/NARAprodstorage/lz/dc-metro/rg-024/581208/2020-03/581208-omaha-002/581208-omaha-002-194.JPG	https://s3.amazonaws.com/NARAprodstorage/lz/dc-metro/rg-024/581208/2020-03/581208-omaha-002/581208-omaha-002-194.JPG	 						45	61	2	30.01	67	66	67			b	none	10				
1873-02-21	17	-33.02	-71.61			a		https://s3.amazonaws.com/NARAprodstorage/lz/dc-metro/rg-024/581208/2020-03/581208-omaha-002/581208-omaha-002-194.JPG	https://s3.amazonaws.com/NARAprodstorage/lz/dc-metro/rg-024/581208/2020-03/581208-omaha-002/581208-omaha-002-194.JPG	 						180	196	2	30	68	66	66			b	none	10				
1873-02-21	18	-33.02	-71.61			a		https://s3.amazonaws.com/NARAprodstorage/lz/dc-metro/rg-024/581208/2020-03/581208-omaha-002/581208-omaha-002-194.JPG	https://s3.amazonaws.com/NARAprodstorage/lz/dc-metro/rg-024/581208/2020-03/581208-omaha-002/581208-omaha-002-194.JPG	 						180	196	2	30	69	65	65			b	none	10				
1873-02-21	19	-33.02	-71.61			a		https://s3.amazonaws.com/NARAprodstorage/lz/dc-metro/rg-024/581208/2020-03/581208-omaha-002/581208-omaha-002-194.JPG	https://s3.amazonaws.com/NARAprodstorage/lz/dc-metro/rg-024/581208/2020-03/581208-omaha-002/581208-omaha-002-194.JPG	 						180	196	2	29.99	69	65	65			b	none	10				
1873-02-21	20	-33.02	-71.61			a		https://s3.amazonaws.com/NARAprodstorage/lz/dc-metro/rg-024/581208/2020-03/581208-omaha-002/581208-omaha-002-194.JPG	https://s3.amazonaws.com/NARAprodstorage/lz/dc-metro/rg-024/581208/2020-03/581208-omaha-002/581208-omaha-002-194.JPG	 						180	196	5	30	69	65	65			b	none	10				
1873-02-21	21	-33.02	-71.61			a		https://s3.amazonaws.com/NARAprodstorage/lz/dc-metro/rg-024/581208/2020-03/581208-omaha-002/581208-omaha-002-194.JPG	https://s3.amazonaws.com/NARAprodstorage/lz/dc-metro/rg-024/581208/2020-03/581208-omaha-002/581208-omaha-002-194.JPG	 						180	196	5	30.02	67	65	64			b	none	10				
1873-02-21	22	-33.02	-71.61			a		https://s3.amazonaws.com/NARAprodstorage/lz/dc-metro/rg-024/581208/2020-03/581208-omaha-002/581208-omaha-002-194.JPG	https://s3.amazonaws.com/NARAprodstorage/lz/dc-metro/rg-024/581208/2020-03/581208-omaha-002/581208-omaha-002-194.JPG	 						180	196	2	30.02	66	64	64			b	none	10				
1873-02-21	23	-33.02	-71.61			a		https://s3.amazonaws.com/NARAprodstorage/lz/dc-metro/rg-024/581208/2020-03/581208-omaha-002/581208-omaha-002-194.JPG	https://s3.amazonaws.com/NARAprodstorage/lz/dc-metro/rg-024/581208/2020-03/581208-omaha-002/581208-omaha-002-194.JPG	 						180	196	2	30.04	65	64	64			bc	cum nimb	8				
1873-02-21	24	-33.02	-71.61			a		https://s3.amazonaws.com/NARAprodstorage/lz/dc-metro/rg-024/581208/2020-03/581208-omaha-002/581208-omaha-002-194.JPG	https://s3.amazonaws.com/NARAprodstorage/lz/dc-metro/rg-024/581208/2020-03/581208-omaha-002/581208-omaha-002-194.JPG	 						180	196	2	30.04	65	64	64			bc	cum nimb	8				
1873-02-22	1	-33.02	-71.61			a		https://s3.amazonaws.com/NARAprodstorage/lz/dc-metro/rg-024/581208/2020-03/581208-omaha-002/581208-omaha-002-195.JPG	https://s3.amazonaws.com/NARAprodstorage/lz/dc-metro/rg-024/581208/2020-03/581208-omaha-002/581208-omaha-002-195.JPG	 						0	0	0	30.06	65	64	64			bc	cum nimb	8				
1873-02-22	2	-33.02	-71.61			a		https://s3.amazonaws.com/NARAprodstorage/lz/dc-metro/rg-024/581208/2020-03/581208-omaha-002/581208-omaha-002-195.JPG	https://s3.amazonaws.com/NARAprodstorage/lz/dc-metro/rg-024/581208/2020-03/581208-omaha-002/581208-omaha-002-195.JPG	 						0	0	0	30.07	65	64	64			bc	cum nimb	4				
1873-02-22	3	-33.02	-71.61			a		https://s3.amazonaws.com/NARAprodstorage/lz/dc-metro/rg-024/581208/2020-03/581208-omaha-002/581208-omaha-002-195.JPG	https://s3.amazonaws.com/NARAprodstorage/lz/dc-metro/rg-024/581208/2020-03/581208-omaha-002/581208-omaha-002-195.JPG	 						0	0	0	30.09	65	64	64			bc	cum nimb	0				
1873-02-22	4	-33.02	-71.61			a		https://s3.amazonaws.com/NARAprodstorage/lz/dc-metro/rg-024/581208/2020-03/581208-omaha-002/581208-omaha-002-195.JPG	https://s3.amazonaws.com/NARAprodstorage/lz/dc-metro/rg-024/581208/2020-03/581208-omaha-002/581208-omaha-002-195.JPG	 						0	0	0	30.12	65	64	64			bc	cum nimb	0				
1873-02-22	5	-33.02	-71.61			a		https://s3.amazonaws.com/NARAprodstorage/lz/dc-metro/rg-024/581208/2020-03/581208-omaha-002/581208-omaha-002-195.JPG	https://s3.amazonaws.com/NARAprodstorage/lz/dc-metro/rg-024/581208/2020-03/581208-omaha-002/581208-omaha-002-195.JPG	 						45	61	2	30.06	65	64	64			oc	nimb	0				
1873-02-22	6	-33.02	-71.61			a		https://s3.amazonaws.com/NARAprodstorage/lz/dc-metro/rg-024/581208/2020-03/581208-omaha-002/581208-omaha-002-195.JPG	https://s3.amazonaws.com/NARAprodstorage/lz/dc-metro/rg-024/581208/2020-03/581208-omaha-002/581208-omaha-002-195.JPG	 						45	61	2	30.06	65	64	64			oc	nimb	0				
1873-02-22	7	-33.02	-71.61			a		https://s3.amazonaws.com/NARAprodstorage/lz/dc-metro/rg-024/581208/2020-03/581208-omaha-002/581208-omaha-002-195.JPG	https://s3.amazonaws.com/NARAprodstorage/lz/dc-metro/rg-024/581208/2020-03/581208-omaha-002/581208-omaha-002-195.JPG	 						45	61	2	30.06	65	64	64			oc	nimb	0				
1873-02-22	8	-33.02	-71.61			a		https://s3.amazonaws.com/NARAprodstorage/lz/dc-metro/rg-024/581208/2020-03/581208-omaha-002/581208-omaha-002-195.JPG	https://s3.amazonaws.com/NARAprodstorage/lz/dc-metro/rg-024/581208/2020-03/581208-omaha-002/581208-omaha-002-195.JPG	 						45	61	2	30.06	65	64	64			oc	nimb	0				
1873-02-22	9	-33.02	-71.61			a		https://s3.amazonaws.com/NARAprodstorage/lz/dc-metro/rg-024/581208/2020-03/581208-omaha-002/581208-omaha-002-195.JPG	https://s3.amazonaws.com/NARAprodstorage/lz/dc-metro/rg-024/581208/2020-03/581208-omaha-002/581208-omaha-002-195.JPG	 						225	241	5	30.04	65	64	64			oc	cum nimb	0				
1873-02-22	10	-33.02	-71.61			a		https://s3.amazonaws.com/NARAprodstorage/lz/dc-metro/rg-024/581208/2020-03/581208-omaha-002/581208-omaha-002-195.JPG	https://s3.amazonaws.com/NARAprodstorage/lz/dc-metro/rg-024/581208/2020-03/581208-omaha-002/581208-omaha-002-195.JPG	 						225	241	8	30.06	65	64	64			bc	cum nimb	2				
1873-02-22	11	-33.02	-71.61			a		https://s3.amazonaws.com/NARAprodstorage/lz/dc-metro/rg-024/581208/2020-03/581208-omaha-002/581208-omaha-002-195.JPG	https://s3.amazonaws.com/NARAprodstorage/lz/dc-metro/rg-024/581208/2020-03/581208-omaha-002/581208-omaha-002-195.JPG	 						225	241	13	30.06	65	64	64			b	none	10				
1873-02-22	12	-33.02	-71.61			a		https://s3.amazonaws.com/NARAprodstorage/lz/dc-metro/rg-024/581208/2020-03/581208-omaha-002/581208-omaha-002-195.JPG	https://s3.amazonaws.com/NARAprodstorage/lz/dc-metro/rg-024/581208/2020-03/581208-omaha-002/581208-omaha-002-195.JPG	Noon: Valparaiso						225	241	13	30.06	65	64	64			b	none	10				
1873-02-22	13	-33.02	-71.61			a		https://s3.amazonaws.com/NARAprodstorage/lz/dc-metro/rg-024/581208/2020-03/581208-omaha-002/581208-omaha-002-195.JPG	https://s3.amazonaws.com/NARAprodstorage/lz/dc-metro/rg-024/581208/2020-03/581208-omaha-002/581208-omaha-002-195.JPG	 						225	241	13	30.06	65	64	64			b	none	10				
1873-02-22	14	-33.02	-71.61			a		https://s3.amazonaws.com/NARAprodstorage/lz/dc-metro/rg-024/581208/2020-03/581208-omaha-002/581208-omaha-002-195.JPG	https://s3.amazonaws.com/NARAprodstorage/lz/dc-metro/rg-024/581208/2020-03/581208-omaha-002/581208-omaha-002-195.JPG	 						225	241	13	30.06	65	64	64			b	none	10				
1873-02-22	15	-33.02	-71.61			a		https://s3.amazonaws.com/NARAprodstorage/lz/dc-metro/rg-024/581208/2020-03/581208-omaha-002/581208-omaha-002-195.JPG	https://s3.amazonaws.com/NARAprodstorage/lz/dc-metro/rg-024/581208/2020-03/581208-omaha-002/581208-omaha-002-195.JPG	 						225	241	13	30.06	65	64	64			b	none	10				
1873-02-22	16	-33.02	-71.61			a		https://s3.amazonaws.com/NARAprodstorage/lz/dc-metro/rg-024/581208/2020-03/581208-omaha-002/581208-omaha-002-195.JPG	https://s3.amazonaws.com/NARAprodstorage/lz/dc-metro/rg-024/581208/2020-03/581208-omaha-002/581208-omaha-002-195.JPG	 						225	241	13	30.06	65	64	64			b	none	10				
1873-02-22	17	-33.02	-71.61			a		https://s3.amazonaws.com/NARAprodstorage/lz/dc-metro/rg-024/581208/2020-03/581208-omaha-002/581208-omaha-002-195.JPG	https://s3.amazonaws.com/NARAprodstorage/lz/dc-metro/rg-024/581208/2020-03/581208-omaha-002/581208-omaha-002-195.JPG	 						225	241	13	30.06	66	64	64			b	none	10				
1873-02-22	18	-33.02	-71.61			a		https://s3.amazonaws.com/NARAprodstorage/lz/dc-metro/rg-024/581208/2020-03/581208-omaha-002/581208-omaha-002-195.JPG	https://s3.amazonaws.com/NARAprodstorage/lz/dc-metro/rg-024/581208/2020-03/581208-omaha-002/581208-omaha-002-195.JPG	 						225	241	13	30.06	66	66	64			b	none	10				
1873-02-22	19	-33.02	-71.61			a		https://s3.amazonaws.com/NARAprodstorage/lz/dc-metro/rg-024/581208/2020-03/581208-omaha-002/581208-omaha-002-195.JPG	https://s3.amazonaws.com/NARAprodstorage/lz/dc-metro/rg-024/581208/2020-03/581208-omaha-002/581208-omaha-002-195.JPG	 						225	241	13	30.06	65	67	66			b	none	10				
1873-02-22	20	-33.02	-71.61			a		https://s3.amazonaws.com/NARAprodstorage/lz/dc-metro/rg-024/581208/2020-03/581208-omaha-002/581208-omaha-002-195.JPG	https://s3.amazonaws.com/NARAprodstorage/lz/dc-metro/rg-024/581208/2020-03/581208-omaha-002/581208-omaha-002-195.JPG	 						225	241	13	30.08	65	66	67			b	none	10				
1873-02-22	21	-33.02	-71.61			a		https://s3.amazonaws.com/NARAprodstorage/lz/dc-metro/rg-024/581208/2020-03/581208-omaha-002/581208-omaha-002-195.JPG	https://s3.amazonaws.com/NARAprodstorage/lz/dc-metro/rg-024/581208/2020-03/581208-omaha-002/581208-omaha-002-195.JPG	 						225	241	13	30.08	65	66	67			b	none	10				
1873-02-22	22	-33.02	-71.61			a		https://s3.amazonaws.com/NARAprodstorage/lz/dc-metro/rg-024/581208/2020-03/581208-omaha-002/581208-omaha-002-195.JPG	https://s3.amazonaws.com/NARAprodstorage/lz/dc-metro/rg-024/581208/2020-03/581208-omaha-002/581208-omaha-002-195.JPG	 						0	0	0	30.08	64	65	64			b	none	10				
1873-02-22	23	-33.02	-71.61			a		https://s3.amazonaws.com/NARAprodstorage/lz/dc-metro/rg-024/581208/2020-03/581208-omaha-002/581208-omaha-002-195.JPG	https://s3.amazonaws.com/NARAprodstorage/lz/dc-metro/rg-024/581208/2020-03/581208-omaha-002/581208-omaha-002-195.JPG	 						0	0	0	30.09	64	65	64			b	none	10				
1873-02-22	24	-33.02	-71.61			a		https://s3.amazonaws.com/NARAprodstorage/lz/dc-metro/rg-024/581208/2020-03/581208-omaha-002/581208-omaha-002-195.JPG	https://s3.amazonaws.com/NARAprodstorage/lz/dc-metro/rg-024/581208/2020-03/581208-omaha-002/581208-omaha-002-195.JPG	 						0	0	0	30.09	64	65	64			b	none	10				
1873-02-23	1	-33.02	-71.61			a		https://s3.amazonaws.com/NARAprodstorage/lz/dc-metro/rg-024/581208/2020-03/581208-omaha-002/581208-omaha-002-196.JPG	https://s3.amazonaws.com/NARAprodstorage/lz/dc-metro/rg-024/581208/2020-03/581208-omaha-002/581208-omaha-002-197.JPG	 						0	0	0	30.09	64	62	62			b	none	10				
1873-02-23	2	-33.02	-71.61			a		https://s3.amazonaws.com/NARAprodstorage/lz/dc-metro/rg-024/581208/2020-03/581208-omaha-002/581208-omaha-002-196.JPG	https://s3.amazonaws.com/NARAprodstorage/lz/dc-metro/rg-024/581208/2020-03/581208-omaha-002/581208-omaha-002-196.JPG	 						0	0	0	30.09	64	62	62			b	none	10				
1873-02-23	3	-33.02	-71.61			a		https://s3.amazonaws.com/NARAprodstorage/lz/dc-metro/rg-024/581208/2020-03/581208-omaha-002/581208-omaha-002-196.JPG	https://s3.amazonaws.com/NARAprodstorage/lz/dc-metro/rg-024/581208/2020-03/581208-omaha-002/581208-omaha-002-196.JPG	 						0	0	0	30.09	64	62	62			b	none	10				
1873-02-23	4	-33.02	-71.61			a		https://s3.amazonaws.com/NARAprodstorage/lz/dc-metro/rg-024/581208/2020-03/581208-omaha-002/581208-omaha-002-196.JPG	https://s3.amazonaws.com/NARAprodstorage/lz/dc-metro/rg-024/581208/2020-03/581208-omaha-002/581208-omaha-002-196.JPG	 						0	0	0	30.09	64	62	62			b	none	10				
1873-02-23	5	-33.02	-71.61			a		https://s3.amazonaws.com/NARAprodstorage/lz/dc-metro/rg-024/581208/2020-03/581208-omaha-002/581208-omaha-002-196.JPG	https://s3.amazonaws.com/NARAprodstorage/lz/dc-metro/rg-024/581208/2020-03/581208-omaha-002/581208-omaha-002-196.JPG	 						0	0	0	30.09	64	62	62			b	none	10				
1873-02-23	6	-33.02	-71.61			a		https://s3.amazonaws.com/NARAprodstorage/lz/dc-metro/rg-024/581208/2020-03/581208-omaha-002/581208-omaha-002-196.JPG	https://s3.amazonaws.com/NARAprodstorage/lz/dc-metro/rg-024/581208/2020-03/581208-omaha-002/581208-omaha-002-196.JPG	 						0	0	0	30.09	64	62	62			b	none	10				
1873-02-23	7	-33.02	-71.61			a		https://s3.amazonaws.com/NARAprodstorage/lz/dc-metro/rg-024/581208/2020-03/581208-omaha-002/581208-omaha-002-196.JPG	https://s3.amazonaws.com/NARAprodstorage/lz/dc-metro/rg-024/581208/2020-03/581208-omaha-002/581208-omaha-002-196.JPG	 						112	128	2	30.09	64	62	62			b	none	10				
1873-02-23	8	-33.02	-71.61			a		https://s3.amazonaws.com/NARAprodstorage/lz/dc-metro/rg-024/581208/2020-03/581208-omaha-002/581208-omaha-002-196.JPG	https://s3.amazonaws.com/NARAprodstorage/lz/dc-metro/rg-024/581208/2020-03/581208-omaha-002/581208-omaha-002-196.JPG	 						112	128	3	30.09	64	62	62			b	none	10				
1873-02-23	9	-33.02	-71.61			a		https://s3.amazonaws.com/NARAprodstorage/lz/dc-metro/rg-024/581208/2020-03/581208-omaha-002/581208-omaha-002-196.JPG	https://s3.amazonaws.com/NARAprodstorage/lz/dc-metro/rg-024/581208/2020-03/581208-omaha-002/581208-omaha-002-196.JPG	 						202	218	5	30.1	65	63	63			b	none	10				
1873-02-23	10	-33.02	-71.61			a		https://s3.amazonaws.com/NARAprodstorage/lz/dc-metro/rg-024/581208/2020-03/581208-omaha-002/581208-omaha-002-196.JPG	https://s3.amazonaws.com/NARAprodstorage/lz/dc-metro/rg-024/581208/2020-03/581208-omaha-002/581208-omaha-002-196.JPG	 						202	218	5	30.12	65	63	63			b	none	10				
1873-02-23	11	-33.02	-71.61			a		https://s3.amazonaws.com/NARAprodstorage/lz/dc-metro/rg-024/581208/2020-03/581208-omaha-002/581208-omaha-002-196.JPG	https://s3.amazonaws.com/NARAprodstorage/lz/dc-metro/rg-024/581208/2020-03/581208-omaha-002/581208-omaha-002-196.JPG	 						202	218	5	30.14	65	63	63			b	none	10				
1873-02-23	12	-33.02	-71.61			a		https://s3.amazonaws.com/NARAprodstorage/lz/dc-metro/rg-024/581208/2020-03/581208-omaha-002/581208-omaha-002-196.JPG	https://s3.amazonaws.com/NARAprodstorage/lz/dc-metro/rg-024/581208/2020-03/581208-omaha-002/581208-omaha-002-196.JPG	 						225	241	5	30.14	65	64	64			b	none	10				
1873-02-23	13	-33.02	-71.61			a		https://s3.amazonaws.com/NARAprodstorage/lz/dc-metro/rg-024/581208/2020-03/581208-omaha-002/581208-omaha-002-196.JPG	https://s3.amazonaws.com/NARAprodstorage/lz/dc-metro/rg-024/581208/2020-03/581208-omaha-002/581208-omaha-002-196.JPG	 						225	241	8	30.12	65	66	66			b	none	10				
1873-02-23	14	-33.02	-71.61			a		https://s3.amazonaws.com/NARAprodstorage/lz/dc-metro/rg-024/581208/2020-03/581208-omaha-002/581208-omaha-002-196.JPG	https://s3.amazonaws.com/NARAprodstorage/lz/dc-metro/rg-024/581208/2020-03/581208-omaha-002/581208-omaha-002-196.JPG	 						225	241	8	30.1	65	67	67			b	none	10				
1873-02-23	15	-33.02	-71.61			a		https://s3.amazonaws.com/NARAprodstorage/lz/dc-metro/rg-024/581208/2020-03/581208-omaha-002/581208-omaha-002-196.JPG	https://s3.amazonaws.com/NARAprodstorage/lz/dc-metro/rg-024/581208/2020-03/581208-omaha-002/581208-omaha-002-196.JPG	 						225	241	8	30.08	65	67	67			b	none	10				
1873-02-23	16	-33.02	-71.61			a		https://s3.amazonaws.com/NARAprodstorage/lz/dc-metro/rg-024/581208/2020-03/581208-omaha-002/581208-omaha-002-196.JPG	https://s3.amazonaws.com/NARAprodstorage/lz/dc-metro/rg-024/581208/2020-03/581208-omaha-002/581208-omaha-002-196.JPG	 						225	241	8	30.07	65	67	67			b	none	10				
1873-02-23	17	-33.02	-71.61			a		https://s3.amazonaws.com/NARAprodstorage/lz/dc-metro/rg-024/581208/2020-03/581208-omaha-002/581208-omaha-002-196.JPG	https://s3.amazonaws.com/NARAprodstorage/lz/dc-metro/rg-024/581208/2020-03/581208-omaha-002/581208-omaha-002-196.JPG	 						225	241	8	30.07	65	67	67			b	none	10				
1873-02-23	18	-33.02	-71.61			a		https://s3.amazonaws.com/NARAprodstorage/lz/dc-metro/rg-024/581208/2020-03/581208-omaha-002/581208-omaha-002-196.JPG	https://s3.amazonaws.com/NARAprodstorage/lz/dc-metro/rg-024/581208/2020-03/581208-omaha-002/581208-omaha-002-196.JPG	 						0	0	0	30.07	65	65	65			b	none	10				
1873-02-23	19	-33.02	-71.61			a		https://s3.amazonaws.com/NARAprodstorage/lz/dc-metro/rg-024/581208/2020-03/581208-omaha-002/581208-omaha-002-196.JPG	https://s3.amazonaws.com/NARAprodstorage/lz/dc-metro/rg-024/581208/2020-03/581208-omaha-002/581208-omaha-002-196.JPG	 						0	0	0	30.07	64	64	65			b	none	10				
1873-02-23	20	-33.02	-71.61			a		https://s3.amazonaws.com/NARAprodstorage/lz/dc-metro/rg-024/581208/2020-03/581208-omaha-002/581208-omaha-002-196.JPG	https://s3.amazonaws.com/NARAprodstorage/lz/dc-metro/rg-024/581208/2020-03/581208-omaha-002/581208-omaha-002-196.JPG	 						0	0	0	30.07	64	64	65			b	none	10				
1873-02-23	21	-33.02	-71.61			a		https://s3.amazonaws.com/NARAprodstorage/lz/dc-metro/rg-024/581208/2020-03/581208-omaha-002/581208-omaha-002-196.JPG	https://s3.amazonaws.com/NARAprodstorage/lz/dc-metro/rg-024/581208/2020-03/581208-omaha-002/581208-omaha-002-196.JPG	 						0	0	0	30.06	64	64	65			b	none	10				
1873-02-23	22	-33.02	-71.61			a		https://s3.amazonaws.com/NARAprodstorage/lz/dc-metro/rg-024/581208/2020-03/581208-omaha-002/581208-omaha-002-196.JPG	https://s3.amazonaws.com/NARAprodstorage/lz/dc-metro/rg-024/581208/2020-03/581208-omaha-002/581208-omaha-002-196.JPG	 						0	0	0	30.06	63	63	64			b	none	10				
1873-02-23	23	-33.02	-71.61			a		https://s3.amazonaws.com/NARAprodstorage/lz/dc-metro/rg-024/581208/2020-03/581208-omaha-002/581208-omaha-002-196.JPG	https://s3.amazonaws.com/NARAprodstorage/lz/dc-metro/rg-024/581208/2020-03/581208-omaha-002/581208-omaha-002-196.JPG	 						0	0	0	30.06	63	63	64			b	none	10				
1873-02-23	24	-33.02	-71.61			a		https://s3.amazonaws.com/NARAprodstorage/lz/dc-metro/rg-024/581208/2020-03/581208-omaha-002/581208-omaha-002-196.JPG	https://s3.amazonaws.com/NARAprodstorage/lz/dc-metro/rg-024/581208/2020-03/581208-omaha-002/581208-omaha-002-196.JPG	 						0	0	0	30.06	63	63	64			b	none	10				
1873-02-24	1	-33.02	-71.61			a		https://s3.amazonaws.com/NARAprodstorage/lz/dc-metro/rg-024/581208/2020-03/581208-omaha-002/581208-omaha-002-198.JPG	https://s3.amazonaws.com/NARAprodstorage/lz/dc-metro/rg-024/581208/2020-03/581208-omaha-002/581208-omaha-002-198.JPG	 						0	0	0	30.1	65	64	64			b	none	10				
1873-02-24	2	-33.02	-71.61			a		https://s3.amazonaws.com/NARAprodstorage/lz/dc-metro/rg-024/581208/2020-03/581208-omaha-002/581208-omaha-002-198.JPG	https://s3.amazonaws.com/NARAprodstorage/lz/dc-metro/rg-024/581208/2020-03/581208-omaha-002/581208-omaha-002-198.JPG	 						0	0	0	30.1	65	64	64			b	none	10				
1873-02-24	3	-33.02	-71.61			a		https://s3.amazonaws.com/NARAprodstorage/lz/dc-metro/rg-024/581208/2020-03/581208-omaha-002/581208-omaha-002-198.JPG	https://s3.amazonaws.com/NARAprodstorage/lz/dc-metro/rg-024/581208/2020-03/581208-omaha-002/581208-omaha-002-198.JPG	 						0	0	0	30.1	65	64	64			b	none	10				
1873-02-24	4	-33.02	-71.61			a		https://s3.amazonaws.com/NARAprodstorage/lz/dc-metro/rg-024/581208/2020-03/581208-omaha-002/581208-omaha-002-198.JPG	https://s3.amazonaws.com/NARAprodstorage/lz/dc-metro/rg-024/581208/2020-03/581208-omaha-002/581208-omaha-002-198.JPG	 						0	0	0	30.1	65	64	64			b	none	10				
1873-02-24	5	-33.02	-71.61			a		https://s3.amazonaws.com/NARAprodstorage/lz/dc-metro/rg-024/581208/2020-03/581208-omaha-002/581208-omaha-002-198.JPG	https://s3.amazonaws.com/NARAprodstorage/lz/dc-metro/rg-024/581208/2020-03/581208-omaha-002/581208-omaha-002-198.JPG	 						0	0	0	30.08	65	64	64			b	none	10				
1873-02-24	6	-33.02	-71.61			a		https://s3.amazonaws.com/NARAprodstorage/lz/dc-metro/rg-024/581208/2020-03/581208-omaha-002/581208-omaha-002-198.JPG	https://s3.amazonaws.com/NARAprodstorage/lz/dc-metro/rg-024/581208/2020-03/581208-omaha-002/581208-omaha-002-198.JPG	 						0	0	0	30.06	65	62	62			bc	cum	8				
1873-02-24	7	-33.02	-71.61			a		https://s3.amazonaws.com/NARAprodstorage/lz/dc-metro/rg-024/581208/2020-03/581208-omaha-002/581208-omaha-002-198.JPG	https://s3.amazonaws.com/NARAprodstorage/lz/dc-metro/rg-024/581208/2020-03/581208-omaha-002/581208-omaha-002-198.JPG	 						0	0	0	30.04	65	62	62			bc	cum	8				
1873-02-24	8	-33.02	-71.61			a		https://s3.amazonaws.com/NARAprodstorage/lz/dc-metro/rg-024/581208/2020-03/581208-omaha-002/581208-omaha-002-198.JPG	https://s3.amazonaws.com/NARAprodstorage/lz/dc-metro/rg-024/581208/2020-03/581208-omaha-002/581208-omaha-002-198.JPG	 						0	0	0	30.04	65	62	62			bc	]	8				
1873-02-24	9	-33.02	-71.61			a		https://s3.amazonaws.com/NARAprodstorage/lz/dc-metro/rg-024/581208/2020-03/581208-omaha-002/581208-omaha-002-198.JPG	https://s3.amazonaws.com/NARAprodstorage/lz/dc-metro/rg-024/581208/2020-03/581208-omaha-002/581208-omaha-002-198.JPG	 						0	0	0	30.06	64	64	64			oc	nimb	0				
1873-02-24	10	-33.02	-71.61			a		https://s3.amazonaws.com/NARAprodstorage/lz/dc-metro/rg-024/581208/2020-03/581208-omaha-002/581208-omaha-002-198.JPG	https://s3.amazonaws.com/NARAprodstorage/lz/dc-metro/rg-024/581208/2020-03/581208-omaha-002/581208-omaha-002-198.JPG	 						0	0	0	30.08	64	64	64			oc	nimb	0				
1873-02-24	11	-33.02	-71.61			a		https://s3.amazonaws.com/NARAprodstorage/lz/dc-metro/rg-024/581208/2020-03/581208-omaha-002/581208-omaha-002-198.JPG	https://s3.amazonaws.com/NARAprodstorage/lz/dc-metro/rg-024/581208/2020-03/581208-omaha-002/581208-omaha-002-198.JPG	 						315	331	0	30.08	64	64	64			oc	nimb	0				
1873-02-24	12	-33.02	-71.61			a		https://s3.amazonaws.com/NARAprodstorage/lz/dc-metro/rg-024/581208/2020-03/581208-omaha-002/581208-omaha-002-198.JPG	https://s3.amazonaws.com/NARAprodstorage/lz/dc-metro/rg-024/581208/2020-03/581208-omaha-002/581208-omaha-002-198.JPG	Noon: Valparaiso						315	331	5	30.1	64	64	64			bc	none	10				
1873-02-24	13	-33.02	-71.61			a		https://s3.amazonaws.com/NARAprodstorage/lz/dc-metro/rg-024/581208/2020-03/581208-omaha-002/581208-omaha-002-198.JPG	https://s3.amazonaws.com/NARAprodstorage/lz/dc-metro/rg-024/581208/2020-03/581208-omaha-002/581208-omaha-002-198.JPG	 						270	286	5	30.09	64	64	64			b	none	10				
1873-02-24	14	-33.02	-71.61			a		https://s3.amazonaws.com/NARAprodstorage/lz/dc-metro/rg-024/581208/2020-03/581208-omaha-002/581208-omaha-002-198.JPG	https://s3.amazonaws.com/NARAprodstorage/lz/dc-metro/rg-024/581208/2020-03/581208-omaha-002/581208-omaha-002-198.JPG	 						270	286	5	30.08	65	65	65			b	none	10				
1873-02-24	15	-33.02	-71.61			a		https://s3.amazonaws.com/NARAprodstorage/lz/dc-metro/rg-024/581208/2020-03/581208-omaha-002/581208-omaha-002-198.JPG	https://s3.amazonaws.com/NARAprodstorage/lz/dc-metro/rg-024/581208/2020-03/581208-omaha-002/581208-omaha-002-198.JPG	 						225	241	8	30.08	65	65	65			b	none	10				
1873-02-24	16	-33.02	-71.61			a		https://s3.amazonaws.com/NARAprodstorage/lz/dc-metro/rg-024/581208/2020-03/581208-omaha-002/581208-omaha-002-198.JPG	https://s3.amazonaws.com/NARAprodstorage/lz/dc-metro/rg-024/581208/2020-03/581208-omaha-002/581208-omaha-002-198.JPG	 						225	241	8	30.08	65	65	65			b	none	10				
1873-02-24	17	-33.02	-71.61			a		https://s3.amazonaws.com/NARAprodstorage/lz/dc-metro/rg-024/581208/2020-03/581208-omaha-002/581208-omaha-002-198.JPG	https://s3.amazonaws.com/NARAprodstorage/lz/dc-metro/rg-024/581208/2020-03/581208-omaha-002/581208-omaha-002-198.JPG	 						225	241	5	30.06	65	65	65			b	none	10				
1873-02-24	18	-33.02	-71.61			a		https://s3.amazonaws.com/NARAprodstorage/lz/dc-metro/rg-024/581208/2020-03/581208-omaha-002/581208-omaha-002-198.JPG	https://s3.amazonaws.com/NARAprodstorage/lz/dc-metro/rg-024/581208/2020-03/581208-omaha-002/581208-omaha-002-198.JPG	 						225	241	5	30.06	65	65	65			b	none	10				
1873-02-24	19	-33.02	-71.61			a		https://s3.amazonaws.com/NARAprodstorage/lz/dc-metro/rg-024/581208/2020-03/581208-omaha-002/581208-omaha-002-198.JPG	https://s3.amazonaws.com/NARAprodstorage/lz/dc-metro/rg-024/581208/2020-03/581208-omaha-002/581208-omaha-002-198.JPG	 						0	0	0	30.06	65	65	65			b	none	10				
1873-02-24	20	-33.02	-71.61			a		https://s3.amazonaws.com/NARAprodstorage/lz/dc-metro/rg-024/581208/2020-03/581208-omaha-002/581208-omaha-002-198.JPG	https://s3.amazonaws.com/NARAprodstorage/lz/dc-metro/rg-024/581208/2020-03/581208-omaha-002/581208-omaha-002-198.JPG	 						0	0	0	30.06	65	65	65			b	none	10				
1873-02-24	21	-33.02	-71.61			a		https://s3.amazonaws.com/NARAprodstorage/lz/dc-metro/rg-024/581208/2020-03/581208-omaha-002/581208-omaha-002-198.JPG	https://s3.amazonaws.com/NARAprodstorage/lz/dc-metro/rg-024/581208/2020-03/581208-omaha-002/581208-omaha-002-198.JPG	 						0	0	0	30.06	65	63	63			b	none	10				
1873-02-24	22	-33.02	-71.61			a		https://s3.amazonaws.com/NARAprodstorage/lz/dc-metro/rg-024/581208/2020-03/581208-omaha-002/581208-omaha-002-198.JPG	https://s3.amazonaws.com/NARAprodstorage/lz/dc-metro/rg-024/581208/2020-03/581208-omaha-002/581208-omaha-002-198.JPG	 						0	0	0	30.08	65	63	63			b	none	10				
1873-02-24	23	-33.02	-71.61			a		https://s3.amazonaws.com/NARAprodstorage/lz/dc-metro/rg-024/581208/2020-03/581208-omaha-002/581208-omaha-002-198.JPG	https://s3.amazonaws.com/NARAprodstorage/lz/dc-metro/rg-024/581208/2020-03/581208-omaha-002/581208-omaha-002-198.JPG	 						0	0	0	30.08	65	63	63			b	none	10				
1873-02-24	24	-33.02	-71.61			a		https://s3.amazonaws.com/NARAprodstorage/lz/dc-metro/rg-024/581208/2020-03/581208-omaha-002/581208-omaha-002-198.JPG	https://s3.amazonaws.com/NARAprodstorage/lz/dc-metro/rg-024/581208/2020-03/581208-omaha-002/581208-omaha-002-198.JPG	 						0	0	0	30.1	65	63	63			b	none	10				
1873-02-25	1	-33.02	-71.61			a		https://s3.amazonaws.com/NARAprodstorage/lz/dc-metro/rg-024/581208/2020-03/581208-omaha-002/581208-omaha-002-199.JPG	https://s3.amazonaws.com/NARAprodstorage/lz/dc-metro/rg-024/581208/2020-03/581208-omaha-002/581208-omaha-002-199.JPG	 						0	0	0	30.1	65	63	63			b	none	10				
1873-02-25	2	-33.02	-71.61			a		https://s3.amazonaws.com/NARAprodstorage/lz/dc-metro/rg-024/581208/2020-03/581208-omaha-002/581208-omaha-002-199.JPG	https://s3.amazonaws.com/NARAprodstorage/lz/dc-metro/rg-024/581208/2020-03/581208-omaha-002/581208-omaha-002-199.JPG	 						0	0	0	30.1	64	62	62			bc	none	10				
1873-02-25	3	-33.02	-71.61			a		https://s3.amazonaws.com/NARAprodstorage/lz/dc-metro/rg-024/581208/2020-03/581208-omaha-002/581208-omaha-002-199.JPG	https://s3.amazonaws.com/NARAprodstorage/lz/dc-metro/rg-024/581208/2020-03/581208-omaha-002/581208-omaha-002-199.JPG	 						0	0	0	30.1	64	62	62			bc	none	10				
1873-02-25	4	-33.02	-71.61			a		https://s3.amazonaws.com/NARAprodstorage/lz/dc-metro/rg-024/581208/2020-03/581208-omaha-002/581208-omaha-002-199.JPG	https://s3.amazonaws.com/NARAprodstorage/lz/dc-metro/rg-024/581208/2020-03/581208-omaha-002/581208-omaha-002-199.JPG	 						0	0	0	30.1	64	62	62			bc	none	10				
1873-02-25	5	-33.02	-71.61			a		https://s3.amazonaws.com/NARAprodstorage/lz/dc-metro/rg-024/581208/2020-03/581208-omaha-002/581208-omaha-002-199.JPG	https://s3.amazonaws.com/NARAprodstorage/lz/dc-metro/rg-024/581208/2020-03/581208-omaha-002/581208-omaha-002-199.JPG	 						0	0	0	30.1	64	62	62			oc	cum nim	10				
1873-02-25	6	-33.02	-71.61			a		https://s3.amazonaws.com/NARAprodstorage/lz/dc-metro/rg-024/581208/2020-03/581208-omaha-002/581208-omaha-002-199.JPG	https://s3.amazonaws.com/NARAprodstorage/lz/dc-metro/rg-024/581208/2020-03/581208-omaha-002/581208-omaha-002-199.JPG	 						0	0	0	30.1	64	62	62			oc	cum nim	10				
1873-02-25	7	-33.02	-71.61			a		https://s3.amazonaws.com/NARAprodstorage/lz/dc-metro/rg-024/581208/2020-03/581208-omaha-002/581208-omaha-002-199.JPG	https://s3.amazonaws.com/NARAprodstorage/lz/dc-metro/rg-024/581208/2020-03/581208-omaha-002/581208-omaha-002-199.JPG	 						0	0	0	30.1	64	62	62			oc	cum nim	10				
1873-02-25	8	-33.02	-71.61			a		https://s3.amazonaws.com/NARAprodstorage/lz/dc-metro/rg-024/581208/2020-03/581208-omaha-002/581208-omaha-002-199.JPG	https://s3.amazonaws.com/NARAprodstorage/lz/dc-metro/rg-024/581208/2020-03/581208-omaha-002/581208-omaha-002-199.JPG	 						0	0	0	30.1	64	62	62			oc	cum nim	10				
1873-02-25	9	-33.02	-71.61			a		https://s3.amazonaws.com/NARAprodstorage/lz/dc-metro/rg-024/581208/2020-03/581208-omaha-002/581208-omaha-002-199.JPG	https://s3.amazonaws.com/NARAprodstorage/lz/dc-metro/rg-024/581208/2020-03/581208-omaha-002/581208-omaha-002-199.JPG	 						225	241	2	30.1	62	62	62			oc	cum nim	10				
1873-02-25	10	-33.02	-71.61			a		https://s3.amazonaws.com/NARAprodstorage/lz/dc-metro/rg-024/581208/2020-03/581208-omaha-002/581208-omaha-002-199.JPG	https://s3.amazonaws.com/NARAprodstorage/lz/dc-metro/rg-024/581208/2020-03/581208-omaha-002/581208-omaha-002-199.JPG	 						225	241	5	30.1	62	62	62			oc	cum nim	10				
1873-02-25	11	-33.02	-71.61			a		https://s3.amazonaws.com/NARAprodstorage/lz/dc-metro/rg-024/581208/2020-03/581208-omaha-002/581208-omaha-002-199.JPG	https://s3.amazonaws.com/NARAprodstorage/lz/dc-metro/rg-024/581208/2020-03/581208-omaha-002/581208-omaha-002-199.JPG	 						225	241	5	30.1	62	62	62			oc	cum nim	10				
1873-02-25	12	-33.02	-71.61			a		https://s3.amazonaws.com/NARAprodstorage/lz/dc-metro/rg-024/581208/2020-03/581208-omaha-002/581208-omaha-002-199.JPG	https://s3.amazonaws.com/NARAprodstorage/lz/dc-metro/rg-024/581208/2020-03/581208-omaha-002/581208-omaha-002-199.JPG	Noon: Valparaiso						225	241	5	30.12	62	62	62			oc	cum nim	10				
1873-02-25	13	-33.02	-71.61			a		https://s3.amazonaws.com/NARAprodstorage/lz/dc-metro/rg-024/581208/2020-03/581208-omaha-002/581208-omaha-002-199.JPG	https://s3.amazonaws.com/NARAprodstorage/lz/dc-metro/rg-024/581208/2020-03/581208-omaha-002/581208-omaha-002-199.JPG	 						225	241	10	30.08	64	63	62			bc	cir cum	5				
1873-02-25	14	-33.02	-71.61			a		https://s3.amazonaws.com/NARAprodstorage/lz/dc-metro/rg-024/581208/2020-03/581208-omaha-002/581208-omaha-002-199.JPG	https://s3.amazonaws.com/NARAprodstorage/lz/dc-metro/rg-024/581208/2020-03/581208-omaha-002/581208-omaha-002-199.JPG	 						225	241	13	30.08	64	63	62			bc	cir cum	6				
1873-02-25	15	-33.02	-71.61			a		https://s3.amazonaws.com/NARAprodstorage/lz/dc-metro/rg-024/581208/2020-03/581208-omaha-002/581208-omaha-002-199.JPG	https://s3.amazonaws.com/NARAprodstorage/lz/dc-metro/rg-024/581208/2020-03/581208-omaha-002/581208-omaha-002-199.JPG	 						225	241	13	30.08	64	63	62			bc	cir cum	7				
1873-02-25	16	-33.02	-71.61			a		https://s3.amazonaws.com/NARAprodstorage/lz/dc-metro/rg-024/581208/2020-03/581208-omaha-002/581208-omaha-002-199.JPG	https://s3.amazonaws.com/NARAprodstorage/lz/dc-metro/rg-024/581208/2020-03/581208-omaha-002/581208-omaha-002-199.JPG	 						225	241	13	30.08	64	63	62			bc	cir cum	8				
1873-02-25	17	-33.02	-71.61			a		https://s3.amazonaws.com/NARAprodstorage/lz/dc-metro/rg-024/581208/2020-03/581208-omaha-002/581208-omaha-002-199.JPG	https://s3.amazonaws.com/NARAprodstorage/lz/dc-metro/rg-024/581208/2020-03/581208-omaha-002/581208-omaha-002-199.JPG	 						202	218	13	30.07	65	63	63			b	none	10				
1873-02-25	18	-33.02	-71.61			a		https://s3.amazonaws.com/NARAprodstorage/lz/dc-metro/rg-024/581208/2020-03/581208-omaha-002/581208-omaha-002-199.JPG	https://s3.amazonaws.com/NARAprodstorage/lz/dc-metro/rg-024/581208/2020-03/581208-omaha-002/581208-omaha-002-199.JPG	 						202	218	2	30.07	65	63	63			b	none	10				
1873-02-25	19	-33.02	-71.61			a		https://s3.amazonaws.com/NARAprodstorage/lz/dc-metro/rg-024/581208/2020-03/581208-omaha-002/581208-omaha-002-199.JPG	https://s3.amazonaws.com/NARAprodstorage/lz/dc-metro/rg-024/581208/2020-03/581208-omaha-002/581208-omaha-002-199.JPG	 						0	0	0	30.07	64	63	63			bc	cum	9				
1873-02-25	20	-33.02	-71.61			a		https://s3.amazonaws.com/NARAprodstorage/lz/dc-metro/rg-024/581208/2020-03/581208-omaha-002/581208-omaha-002-199.JPG	https://s3.amazonaws.com/NARAprodstorage/lz/dc-metro/rg-024/581208/2020-03/581208-omaha-002/581208-omaha-002-199.JPG	 						0	0	0	30.07	64	63	63			bc	cum	9				
1873-02-25	21	-33.02	-71.61			a		https://s3.amazonaws.com/NARAprodstorage/lz/dc-metro/rg-024/581208/2020-03/581208-omaha-002/581208-omaha-002-199.JPG	https://s3.amazonaws.com/NARAprodstorage/lz/dc-metro/rg-024/581208/2020-03/581208-omaha-002/581208-omaha-002-199.JPG	 						0	0	0	30.07	64	63	63			bc	cum	9				
1873-02-25	22	-33.02	-71.61			a		https://s3.amazonaws.com/NARAprodstorage/lz/dc-metro/rg-024/581208/2020-03/581208-omaha-002/581208-omaha-002-199.JPG	https://s3.amazonaws.com/NARAprodstorage/lz/dc-metro/rg-024/581208/2020-03/581208-omaha-002/581208-omaha-002-199.JPG	 						0	0	0	30.07	64	63	63			bc	none	10				
1873-02-25	23	-33.02	-71.61			a		https://s3.amazonaws.com/NARAprodstorage/lz/dc-metro/rg-024/581208/2020-03/581208-omaha-002/581208-omaha-002-199.JPG	https://s3.amazonaws.com/NARAprodstorage/lz/dc-metro/rg-024/581208/2020-03/581208-omaha-002/581208-omaha-002-199.JPG	 						0	0	0	30.07	64	63	63			bc	none	10				
1873-02-25	24	-33.02	-71.61			a		https://s3.amazonaws.com/NARAprodstorage/lz/dc-metro/rg-024/581208/2020-03/581208-omaha-002/581208-omaha-002-199.JPG	https://s3.amazonaws.com/NARAprodstorage/lz/dc-metro/rg-024/581208/2020-03/581208-omaha-002/581208-omaha-002-199.JPG	 						0	0	0	30.07	64	63	63			bc	none	10				
1873-02-26	1	-33.02	-71.61			a		https://s3.amazonaws.com/NARAprodstorage/lz/dc-metro/rg-024/581208/2020-03/581208-omaha-002/581208-omaha-002-200.JPG	https://s3.amazonaws.com/NARAprodstorage/lz/dc-metro/rg-024/581208/2020-03/581208-omaha-002/581208-omaha-002-200.JPG	 						0	0	0	30.07	64	63	63			b	none	10				
1873-02-26	2	-33.02	-71.61			a		https://s3.amazonaws.com/NARAprodstorage/lz/dc-metro/rg-024/581208/2020-03/581208-omaha-002/581208-omaha-002-200.JPG	https://s3.amazonaws.com/NARAprodstorage/lz/dc-metro/rg-024/581208/2020-03/581208-omaha-002/581208-omaha-002-200.JPG	 						0	0	0	30.07	63	62	63			b	none	10				
1873-02-26	3	-33.02	-71.61			a		https://s3.amazonaws.com/NARAprodstorage/lz/dc-metro/rg-024/581208/2020-03/581208-omaha-002/581208-omaha-002-200.JPG	https://s3.amazonaws.com/NARAprodstorage/lz/dc-metro/rg-024/581208/2020-03/581208-omaha-002/581208-omaha-002-200.JPG	 						0	0	0	30.1	62	61	62			b	none	10				
1873-02-26	4	-33.02	-71.61			a		https://s3.amazonaws.com/NARAprodstorage/lz/dc-metro/rg-024/581208/2020-03/581208-omaha-002/581208-omaha-002-200.JPG	https://s3.amazonaws.com/NARAprodstorage/lz/dc-metro/rg-024/581208/2020-03/581208-omaha-002/581208-omaha-002-200.JPG	 						0	0	0	30.1	63	61	62			b	none	10				
1873-02-26	5	-33.02	-71.61			a		https://s3.amazonaws.com/NARAprodstorage/lz/dc-metro/rg-024/581208/2020-03/581208-omaha-002/581208-omaha-002-200.JPG	https://s3.amazonaws.com/NARAprodstorage/lz/dc-metro/rg-024/581208/2020-03/581208-omaha-002/581208-omaha-002-200.JPG	 						0	0	0	30.09	63	60	61			oc	nib	0				
1873-02-26	6	-33.02	-71.61			a		https://s3.amazonaws.com/NARAprodstorage/lz/dc-metro/rg-024/581208/2020-03/581208-omaha-002/581208-omaha-002-200.JPG	https://s3.amazonaws.com/NARAprodstorage/lz/dc-metro/rg-024/581208/2020-03/581208-omaha-002/581208-omaha-002-200.JPG	 						0	0	0	30.08	63	60	60			oc	nib	0				
1873-02-26	7	-33.02	-71.61			a		https://s3.amazonaws.com/NARAprodstorage/lz/dc-metro/rg-024/581208/2020-03/581208-omaha-002/581208-omaha-002-200.JPG	https://s3.amazonaws.com/NARAprodstorage/lz/dc-metro/rg-024/581208/2020-03/581208-omaha-002/581208-omaha-002-200.JPG	 						0	0	0	30.07	63	60	60			oc	nib	0				
1873-02-26	8	-33.02	-71.61			a		https://s3.amazonaws.com/NARAprodstorage/lz/dc-metro/rg-024/581208/2020-03/581208-omaha-002/581208-omaha-002-200.JPG	https://s3.amazonaws.com/NARAprodstorage/lz/dc-metro/rg-024/581208/2020-03/581208-omaha-002/581208-omaha-002-200.JPG	 						0	0	0	30.06	62	59	59			oc	nib	0				
1873-02-26	9	-33.02	-71.61			a		https://s3.amazonaws.com/NARAprodstorage/lz/dc-metro/rg-024/581208/2020-03/581208-omaha-002/581208-omaha-002-200.JPG	https://s3.amazonaws.com/NARAprodstorage/lz/dc-metro/rg-024/581208/2020-03/581208-omaha-002/581208-omaha-002-200.JPG	 						0	0	0	30.06	62	60	60			oc	nib	0				
1873-02-26	10	-33.02	-71.61			a		https://s3.amazonaws.com/NARAprodstorage/lz/dc-metro/rg-024/581208/2020-03/581208-omaha-002/581208-omaha-002-200.JPG	https://s3.amazonaws.com/NARAprodstorage/lz/dc-metro/rg-024/581208/2020-03/581208-omaha-002/581208-omaha-002-200.JPG	 						0	0	0	30.06	62	60	60			bc	cir	7				
1873-02-26	11	-33.02	-71.61			a		https://s3.amazonaws.com/NARAprodstorage/lz/dc-metro/rg-024/581208/2020-03/581208-omaha-002/581208-omaha-002-200.JPG	https://s3.amazonaws.com/NARAprodstorage/lz/dc-metro/rg-024/581208/2020-03/581208-omaha-002/581208-omaha-002-200.JPG	 						270	286	2	30.05	62	60	60			bc	cir	6				
1873-02-26	12	-33.02	-71.61			a		https://s3.amazonaws.com/NARAprodstorage/lz/dc-metro/rg-024/581208/2020-03/581208-omaha-002/581208-omaha-002-200.JPG	https://s3.amazonaws.com/NARAprodstorage/lz/dc-metro/rg-024/581208/2020-03/581208-omaha-002/581208-omaha-002-200.JPG	Noon: Valparaiso						270	286	2	30.05	62	60	60			bc	cir	6				
1873-02-26	13	-33.02	-71.61			a		https://s3.amazonaws.com/NARAprodstorage/lz/dc-metro/rg-024/581208/2020-03/581208-omaha-002/581208-omaha-002-200.JPG	https://s3.amazonaws.com/NARAprodstorage/lz/dc-metro/rg-024/581208/2020-03/581208-omaha-002/581208-omaha-002-200.JPG	 						225	241	5	30.04	66	65	63			bc	cir cum	9				
1873-02-26	14	-33.02	-71.61			a		https://s3.amazonaws.com/NARAprodstorage/lz/dc-metro/rg-024/581208/2020-03/581208-omaha-002/581208-omaha-002-200.JPG	https://s3.amazonaws.com/NARAprodstorage/lz/dc-metro/rg-024/581208/2020-03/581208-omaha-002/581208-omaha-002-200.JPG	 						225	241	8	30.04	66	65	63			bc	cir cum	9				
1873-02-26	15	-33.02	-71.61			a		https://s3.amazonaws.com/NARAprodstorage/lz/dc-metro/rg-024/581208/2020-03/581208-omaha-002/581208-omaha-002-200.JPG	https://s3.amazonaws.com/NARAprodstorage/lz/dc-metro/rg-024/581208/2020-03/581208-omaha-002/581208-omaha-002-200.JPG	 						225	241	5	30.05	66	65	63			b	none	10				
1873-02-26	16	-33.02	-71.61			a		https://s3.amazonaws.com/NARAprodstorage/lz/dc-metro/rg-024/581208/2020-03/581208-omaha-002/581208-omaha-002-200.JPG	https://s3.amazonaws.com/NARAprodstorage/lz/dc-metro/rg-024/581208/2020-03/581208-omaha-002/581208-omaha-002-200.JPG	 						225	241	2	30.05	65	64	62			b	none	10				
1873-02-26	17	-33.02	-71.61			a		https://s3.amazonaws.com/NARAprodstorage/lz/dc-metro/rg-024/581208/2020-03/581208-omaha-002/581208-omaha-002-200.JPG	https://s3.amazonaws.com/NARAprodstorage/lz/dc-metro/rg-024/581208/2020-03/581208-omaha-002/581208-omaha-002-200.JPG	 						0	0	0	30.04	63	62	62			bc	cir	9				
1873-02-26	18	-33.02	-71.61			a		https://s3.amazonaws.com/NARAprodstorage/lz/dc-metro/rg-024/581208/2020-03/581208-omaha-002/581208-omaha-002-200.JPG	https://s3.amazonaws.com/NARAprodstorage/lz/dc-metro/rg-024/581208/2020-03/581208-omaha-002/581208-omaha-002-200.JPG	 						0	0	0	30.04	63	63	62			bc	cir	9				
1873-02-26	19	-33.02	-71.61			a		https://s3.amazonaws.com/NARAprodstorage/lz/dc-metro/rg-024/581208/2020-03/581208-omaha-002/581208-omaha-002-200.JPG	https://s3.amazonaws.com/NARAprodstorage/lz/dc-metro/rg-024/581208/2020-03/581208-omaha-002/581208-omaha-002-200.JPG	 						0	0	0	30.05	64	64	62			bc	cir	9				
1873-02-26	20	-33.02	-71.61			a		https://s3.amazonaws.com/NARAprodstorage/lz/dc-metro/rg-024/581208/2020-03/581208-omaha-002/581208-omaha-002-200.JPG	https://s3.amazonaws.com/NARAprodstorage/lz/dc-metro/rg-024/581208/2020-03/581208-omaha-002/581208-omaha-002-200.JPG	 						0	0	0	30.05	65	65	64			b	none	10				
1873-02-26	21	-33.02	-71.61			a		https://s3.amazonaws.com/NARAprodstorage/lz/dc-metro/rg-024/581208/2020-03/581208-omaha-002/581208-omaha-002-200.JPG	https://s3.amazonaws.com/NARAprodstorage/lz/dc-metro/rg-024/581208/2020-03/581208-omaha-002/581208-omaha-002-200.JPG	 						0	0	0	30.05	65	65	64			b	none	10				
1873-02-26	22	-33.02	-71.61			a		https://s3.amazonaws.com/NARAprodstorage/lz/dc-metro/rg-024/581208/2020-03/581208-omaha-002/581208-omaha-002-200.JPG	https://s3.amazonaws.com/NARAprodstorage/lz/dc-metro/rg-024/581208/2020-03/581208-omaha-002/581208-omaha-002-200.JPG	 						0	0	0	30.05	65	65	64			b	none	10				
1873-02-26	23	-33.02	-71.61			a		https://s3.amazonaws.com/NARAprodstorage/lz/dc-metro/rg-024/581208/2020-03/581208-omaha-002/581208-omaha-002-200.JPG	https://s3.amazonaws.com/NARAprodstorage/lz/dc-metro/rg-024/581208/2020-03/581208-omaha-002/581208-omaha-002-200.JPG	 						0	0	0	30.05	65	65	64			b	none	10				
1873-02-26	24	-33.02	-71.61			a		https://s3.amazonaws.com/NARAprodstorage/lz/dc-metro/rg-024/581208/2020-03/581208-omaha-002/581208-omaha-002-200.JPG	https://s3.amazonaws.com/NARAprodstorage/lz/dc-metro/rg-024/581208/2020-03/581208-omaha-002/581208-omaha-002-200.JPG	 						0	0	0	30.05	65	65	64			b	none	10				
1873-02-27	1	-33.02	-71.61			a		https://s3.amazonaws.com/NARAprodstorage/lz/dc-metro/rg-024/581208/2020-03/581208-omaha-002/581208-omaha-002-201.JPG	https://s3.amazonaws.com/NARAprodstorage/lz/dc-metro/rg-024/581208/2020-03/581208-omaha-002/581208-omaha-002-201.JPG	 						0	0	0													
1873-02-27	2	-33.02	-71.61			a		https://s3.amazonaws.com/NARAprodstorage/lz/dc-metro/rg-024/581208/2020-03/581208-omaha-002/581208-omaha-002-201.JPG	https://s3.amazonaws.com/NARAprodstorage/lz/dc-metro/rg-024/581208/2020-03/581208-omaha-002/581208-omaha-002-201.JPG	 						0	0	0													
1873-02-27	3	-33.02	-71.61			a		https://s3.amazonaws.com/NARAprodstorage/lz/dc-metro/rg-024/581208/2020-03/581208-omaha-002/581208-omaha-002-201.JPG	https://s3.amazonaws.com/NARAprodstorage/lz/dc-metro/rg-024/581208/2020-03/581208-omaha-002/581208-omaha-002-201.JPG	 						0	0	0													
1873-02-27	4	-33.02	-71.61			a		https://s3.amazonaws.com/NARAprodstorage/lz/dc-metro/rg-024/581208/2020-03/581208-omaha-002/581208-omaha-002-201.JPG	https://s3.amazonaws.com/NARAprodstorage/lz/dc-metro/rg-024/581208/2020-03/581208-omaha-002/581208-omaha-002-201.JPG	 						0	0	0													
1873-02-27	5	-33.02	-71.61			a		https://s3.amazonaws.com/NARAprodstorage/lz/dc-metro/rg-024/581208/2020-03/581208-omaha-002/581208-omaha-002-201.JPG	https://s3.amazonaws.com/NARAprodstorage/lz/dc-metro/rg-024/581208/2020-03/581208-omaha-002/581208-omaha-002-201.JPG	 						0	0	0	30.04	60	59	59			oc	cum nimb	0				
1873-02-27	6	-33.02	-71.61			a		https://s3.amazonaws.com/NARAprodstorage/lz/dc-metro/rg-024/581208/2020-03/581208-omaha-002/581208-omaha-002-201.JPG	https://s3.amazonaws.com/NARAprodstorage/lz/dc-metro/rg-024/581208/2020-03/581208-omaha-002/581208-omaha-002-201.JPG	 						0	0	0	30.04	60	59	59			oc	cum nimb	0				
1873-02-27	7	-33.02	-71.61			a		https://s3.amazonaws.com/NARAprodstorage/lz/dc-metro/rg-024/581208/2020-03/581208-omaha-002/581208-omaha-002-201.JPG	https://s3.amazonaws.com/NARAprodstorage/lz/dc-metro/rg-024/581208/2020-03/581208-omaha-002/581208-omaha-002-201.JPG	 						0	0	0	30.04	60	59	59			oc	cum nimb	0				
1873-02-27	8	-33.02	-71.61			a		https://s3.amazonaws.com/NARAprodstorage/lz/dc-metro/rg-024/581208/2020-03/581208-omaha-002/581208-omaha-002-201.JPG	https://s3.amazonaws.com/NARAprodstorage/lz/dc-metro/rg-024/581208/2020-03/581208-omaha-002/581208-omaha-002-201.JPG	 						0	0	0	30.04	60	59	59			oc	cum nimb	0				
1873-02-27	9	-33.02	-71.61			a		https://s3.amazonaws.com/NARAprodstorage/lz/dc-metro/rg-024/581208/2020-03/581208-omaha-002/581208-omaha-002-201.JPG	https://s3.amazonaws.com/NARAprodstorage/lz/dc-metro/rg-024/581208/2020-03/581208-omaha-002/581208-omaha-002-201.JPG	 						0	0	0	30.04	61	60	60			oc	cum nimb	0				
1873-02-27	10	-33.02	-71.61			a		https://s3.amazonaws.com/NARAprodstorage/lz/dc-metro/rg-024/581208/2020-03/581208-omaha-002/581208-omaha-002-201.JPG	https://s3.amazonaws.com/NARAprodstorage/lz/dc-metro/rg-024/581208/2020-03/581208-omaha-002/581208-omaha-002-201.JPG	 						0	0	0	30.04	61	61	62			oc	cum nimb	0				
1873-02-27	11	-33.02	-71.61			a		https://s3.amazonaws.com/NARAprodstorage/lz/dc-metro/rg-024/581208/2020-03/581208-omaha-002/581208-omaha-002-201.JPG	https://s3.amazonaws.com/NARAprodstorage/lz/dc-metro/rg-024/581208/2020-03/581208-omaha-002/581208-omaha-002-201.JPG	 						0	0	0	30.04	63	62	63			oc	nimb	0				
1873-02-27	12	-33.02	-71.61			a		https://s3.amazonaws.com/NARAprodstorage/lz/dc-metro/rg-024/581208/2020-03/581208-omaha-002/581208-omaha-002-201.JPG	https://s3.amazonaws.com/NARAprodstorage/lz/dc-metro/rg-024/581208/2020-03/581208-omaha-002/581208-omaha-002-201.JPG	Noon: Valparaiso						0	0	0	30.04	64	64	64			oc	nimb	0				
1873-02-27	13	-33.02	-71.61			a		https://s3.amazonaws.com/NARAprodstorage/lz/dc-metro/rg-024/581208/2020-03/581208-omaha-002/581208-omaha-002-201.JPG	https://s3.amazonaws.com/NARAprodstorage/lz/dc-metro/rg-024/581208/2020-03/581208-omaha-002/581208-omaha-002-201.JPG	 						225	241	2	30.04	64	64	64			bc	cum nimb	6				
1873-02-27	14	-33.02	-71.61			a		https://s3.amazonaws.com/NARAprodstorage/lz/dc-metro/rg-024/581208/2020-03/581208-omaha-002/581208-omaha-002-201.JPG	https://s3.amazonaws.com/NARAprodstorage/lz/dc-metro/rg-024/581208/2020-03/581208-omaha-002/581208-omaha-002-201.JPG	 						225	241	2	30.04	64	64	64			bc	cum nimb	8				
1873-02-27	15	-33.02	-71.61			a		https://s3.amazonaws.com/NARAprodstorage/lz/dc-metro/rg-024/581208/2020-03/581208-omaha-002/581208-omaha-002-201.JPG	https://s3.amazonaws.com/NARAprodstorage/lz/dc-metro/rg-024/581208/2020-03/581208-omaha-002/581208-omaha-002-201.JPG	 						225	241	5	30.04	64	64	64			b	none	10				
1873-02-27	16	-33.02	-71.61			a		https://s3.amazonaws.com/NARAprodstorage/lz/dc-metro/rg-024/581208/2020-03/581208-omaha-002/581208-omaha-002-201.JPG	https://s3.amazonaws.com/NARAprodstorage/lz/dc-metro/rg-024/581208/2020-03/581208-omaha-002/581208-omaha-002-201.JPG	 						225	241	8	30.04	64	64	64			b	none	10				
1873-02-27	17	-33.02	-71.61			a		https://s3.amazonaws.com/NARAprodstorage/lz/dc-metro/rg-024/581208/2020-03/581208-omaha-002/581208-omaha-002-201.JPG	https://s3.amazonaws.com/NARAprodstorage/lz/dc-metro/rg-024/581208/2020-03/581208-omaha-002/581208-omaha-002-201.JPG	 						225	241	8	30.04	64	64	64			b	none	10				
1873-02-27	18	-33.02	-71.61			a		https://s3.amazonaws.com/NARAprodstorage/lz/dc-metro/rg-024/581208/2020-03/581208-omaha-002/581208-omaha-002-201.JPG	https://s3.amazonaws.com/NARAprodstorage/lz/dc-metro/rg-024/581208/2020-03/581208-omaha-002/581208-omaha-002-201.JPG	 						225	241	8	30.04	63	63	63			b	none	10				
1873-02-27	19	-33.02	-71.61			a		https://s3.amazonaws.com/NARAprodstorage/lz/dc-metro/rg-024/581208/2020-03/581208-omaha-002/581208-omaha-002-201.JPG	https://s3.amazonaws.com/NARAprodstorage/lz/dc-metro/rg-024/581208/2020-03/581208-omaha-002/581208-omaha-002-201.JPG	 						225	241	5	30.03	62	62	62			b	none	10				
1873-02-27	20	-33.02	-71.61			a		https://s3.amazonaws.com/NARAprodstorage/lz/dc-metro/rg-024/581208/2020-03/581208-omaha-002/581208-omaha-002-201.JPG	https://s3.amazonaws.com/NARAprodstorage/lz/dc-metro/rg-024/581208/2020-03/581208-omaha-002/581208-omaha-002-201.JPG	 						0	0	0	30.02	62	62	62			b	none	10				
1873-02-27	21	-33.02	-71.61			a		https://s3.amazonaws.com/NARAprodstorage/lz/dc-metro/rg-024/581208/2020-03/581208-omaha-002/581208-omaha-002-201.JPG	https://s3.amazonaws.com/NARAprodstorage/lz/dc-metro/rg-024/581208/2020-03/581208-omaha-002/581208-omaha-002-201.JPG	 						0	0	0	30.02	62	62	62			bc	nimb	10				
1873-02-27	22	-33.02	-71.61			a		https://s3.amazonaws.com/NARAprodstorage/lz/dc-metro/rg-024/581208/2020-03/581208-omaha-002/581208-omaha-002-201.JPG	https://s3.amazonaws.com/NARAprodstorage/lz/dc-metro/rg-024/581208/2020-03/581208-omaha-002/581208-omaha-002-201.JPG	 						135	151	2	30.02	62	62	62			bc	nimb	10				
1873-02-27	23	-33.02	-71.61			a		https://s3.amazonaws.com/NARAprodstorage/lz/dc-metro/rg-024/581208/2020-03/581208-omaha-002/581208-omaha-002-201.JPG	https://s3.amazonaws.com/NARAprodstorage/lz/dc-metro/rg-024/581208/2020-03/581208-omaha-002/581208-omaha-002-201.JPG	 						135	151	2	30.02	62	62	62			bc	nimb	10				
1873-02-27	24	-33.02	-71.61			a		https://s3.amazonaws.com/NARAprodstorage/lz/dc-metro/rg-024/581208/2020-03/581208-omaha-002/581208-omaha-002-201.JPG	https://s3.amazonaws.com/NARAprodstorage/lz/dc-metro/rg-024/581208/2020-03/581208-omaha-002/581208-omaha-002-201.JPG	 						135	151	2	30.02	62	62	62			bc	nimb	10				
1873-02-28	1	-33.02	-71.61			a		https://s3.amazonaws.com/NARAprodstorage/lz/dc-metro/rg-024/581208/2020-03/581208-omaha-002/581208-omaha-002-202.JPG	https://s3.amazonaws.com/NARAprodstorage/lz/dc-metro/rg-024/581208/2020-03/581208-omaha-002/581208-omaha-002-202.JPG	 						0	0	0	30.06	59	58	58			b	none	10				
1873-02-28	2	-33.02	-71.61			a		https://s3.amazonaws.com/NARAprodstorage/lz/dc-metro/rg-024/581208/2020-03/581208-omaha-002/581208-omaha-002-202.JPG	https://s3.amazonaws.com/NARAprodstorage/lz/dc-metro/rg-024/581208/2020-03/581208-omaha-002/581208-omaha-002-202.JPG	 						0	0	0	30.06	59	58	58			b	none	10				
1873-02-28	3	-33.02	-71.61			a		https://s3.amazonaws.com/NARAprodstorage/lz/dc-metro/rg-024/581208/2020-03/581208-omaha-002/581208-omaha-002-202.JPG	https://s3.amazonaws.com/NARAprodstorage/lz/dc-metro/rg-024/581208/2020-03/581208-omaha-002/581208-omaha-002-202.JPG	 						0	0	0	30.06	59	58	58			b	none	10				
1873-02-28	4	-33.02	-71.61			a		https://s3.amazonaws.com/NARAprodstorage/lz/dc-metro/rg-024/581208/2020-03/581208-omaha-002/581208-omaha-002-202.JPG	https://s3.amazonaws.com/NARAprodstorage/lz/dc-metro/rg-024/581208/2020-03/581208-omaha-002/581208-omaha-002-202.JPG	 						0	0	0	30.06	59	58	58			b	none	10				
1873-02-28	5	-33.02	-71.61			a		https://s3.amazonaws.com/NARAprodstorage/lz/dc-metro/rg-024/581208/2020-03/581208-omaha-002/581208-omaha-002-202.JPG	https://s3.amazonaws.com/NARAprodstorage/lz/dc-metro/rg-024/581208/2020-03/581208-omaha-002/581208-omaha-002-202.JPG	 						0	0	0	30.06	59	58	58			b	none	10				
1873-02-28	6	-33.02	-71.61			a		https://s3.amazonaws.com/NARAprodstorage/lz/dc-metro/rg-024/581208/2020-03/581208-omaha-002/581208-omaha-002-202.JPG	https://s3.amazonaws.com/NARAprodstorage/lz/dc-metro/rg-024/581208/2020-03/581208-omaha-002/581208-omaha-002-202.JPG	 						0	0	0	30.06	63	59	59			b	none	10				
1873-02-28	7	-33.02	-71.61			a		https://s3.amazonaws.com/NARAprodstorage/lz/dc-metro/rg-024/581208/2020-03/581208-omaha-002/581208-omaha-002-202.JPG	https://s3.amazonaws.com/NARAprodstorage/lz/dc-metro/rg-024/581208/2020-03/581208-omaha-002/581208-omaha-002-202.JPG	 						0	0	0	30.06	63	59	59			b	none	10				
1873-02-28	8	-33.02	-71.61			a		https://s3.amazonaws.com/NARAprodstorage/lz/dc-metro/rg-024/581208/2020-03/581208-omaha-002/581208-omaha-002-202.JPG	https://s3.amazonaws.com/NARAprodstorage/lz/dc-metro/rg-024/581208/2020-03/581208-omaha-002/581208-omaha-002-202.JPG	 						0	0	0	30.06	61	60	60			b	none	10				
1873-02-28	9	-33.02	-71.61			a		https://s3.amazonaws.com/NARAprodstorage/lz/dc-metro/rg-024/581208/2020-03/581208-omaha-002/581208-omaha-002-202.JPG	https://s3.amazonaws.com/NARAprodstorage/lz/dc-metro/rg-024/581208/2020-03/581208-omaha-002/581208-omaha-002-202.JPG	 						0	0	0	30.06	61	60	60			b	none	10				
1873-02-28	10	-33.02	-71.61			a		https://s3.amazonaws.com/NARAprodstorage/lz/dc-metro/rg-024/581208/2020-03/581208-omaha-002/581208-omaha-002-202.JPG	https://s3.amazonaws.com/NARAprodstorage/lz/dc-metro/rg-024/581208/2020-03/581208-omaha-002/581208-omaha-002-202.JPG	 						0	0	0	30.06	62	62	62			b	none	10				
1873-02-28	11	-33.02	-71.61			a		https://s3.amazonaws.com/NARAprodstorage/lz/dc-metro/rg-024/581208/2020-03/581208-omaha-002/581208-omaha-002-202.JPG	https://s3.amazonaws.com/NARAprodstorage/lz/dc-metro/rg-024/581208/2020-03/581208-omaha-002/581208-omaha-002-202.JPG	 						225	241	2	30.06	62	62	62			b	none	10				
1873-02-28	12	-33.02	-71.61			a		https://s3.amazonaws.com/NARAprodstorage/lz/dc-metro/rg-024/581208/2020-03/581208-omaha-002/581208-omaha-002-202.JPG	https://s3.amazonaws.com/NARAprodstorage/lz/dc-metro/rg-024/581208/2020-03/581208-omaha-002/581208-omaha-002-202.JPG	Noon: Valparaiso						225	241	5	30.06	63	63	63			b	none	10				
1873-02-28	13	-33.02	-71.61			a		https://s3.amazonaws.com/NARAprodstorage/lz/dc-metro/rg-024/581208/2020-03/581208-omaha-002/581208-omaha-002-202.JPG	https://s3.amazonaws.com/NARAprodstorage/lz/dc-metro/rg-024/581208/2020-03/581208-omaha-002/581208-omaha-002-202.JPG	 						180	196	5	30.07	63	63	63			b	none	10				
1873-02-28	14	-33.02	-71.61			a		https://s3.amazonaws.com/NARAprodstorage/lz/dc-metro/rg-024/581208/2020-03/581208-omaha-002/581208-omaha-002-202.JPG	https://s3.amazonaws.com/NARAprodstorage/lz/dc-metro/rg-024/581208/2020-03/581208-omaha-002/581208-omaha-002-202.JPG	 						180	196	8	30.07	63	63	63			b	none	10				
1873-02-28	15	-33.02	-71.61			a		https://s3.amazonaws.com/NARAprodstorage/lz/dc-metro/rg-024/581208/2020-03/581208-omaha-002/581208-omaha-002-202.JPG	https://s3.amazonaws.com/NARAprodstorage/lz/dc-metro/rg-024/581208/2020-03/581208-omaha-002/581208-omaha-002-202.JPG	 						180	196	8	30.08	64	64	64			b	none	10				
1873-02-28	16	-33.02	-71.61			a		https://s3.amazonaws.com/NARAprodstorage/lz/dc-metro/rg-024/581208/2020-03/581208-omaha-002/581208-omaha-002-202.JPG	https://s3.amazonaws.com/NARAprodstorage/lz/dc-metro/rg-024/581208/2020-03/581208-omaha-002/581208-omaha-002-202.JPG	 						180	196	13	30.08	64	64	64			b	none	10				
1873-02-28	17	-33.02	-71.61			a		https://s3.amazonaws.com/NARAprodstorage/lz/dc-metro/rg-024/581208/2020-03/581208-omaha-002/581208-omaha-002-202.JPG	https://s3.amazonaws.com/NARAprodstorage/lz/dc-metro/rg-024/581208/2020-03/581208-omaha-002/581208-omaha-002-202.JPG	 						180	196	8	30.08	65	65	65			b	none	10				
1873-02-28	18	-33.02	-71.61			a		https://s3.amazonaws.com/NARAprodstorage/lz/dc-metro/rg-024/581208/2020-03/581208-omaha-002/581208-omaha-002-202.JPG	https://s3.amazonaws.com/NARAprodstorage/lz/dc-metro/rg-024/581208/2020-03/581208-omaha-002/581208-omaha-002-202.JPG	 						180	196	8	30.08	65	63	63			b	none	10				
1873-02-28	19	-33.02	-71.61			a		https://s3.amazonaws.com/NARAprodstorage/lz/dc-metro/rg-024/581208/2020-03/581208-omaha-002/581208-omaha-002-202.JPG	https://s3.amazonaws.com/NARAprodstorage/lz/dc-metro/rg-024/581208/2020-03/581208-omaha-002/581208-omaha-002-202.JPG	 						0	0	0	30.08	65	63	63			b	none	10				
1873-02-28	20	-33.02	-71.61			a		https://s3.amazonaws.com/NARAprodstorage/lz/dc-metro/rg-024/581208/2020-03/581208-omaha-002/581208-omaha-002-202.JPG	https://s3.amazonaws.com/NARAprodstorage/lz/dc-metro/rg-024/581208/2020-03/581208-omaha-002/581208-omaha-002-202.JPG	 						0	0	0	30.08	65	63	63			b	none	10				
1873-02-28	21	-33.02	-71.61			a		https://s3.amazonaws.com/NARAprodstorage/lz/dc-metro/rg-024/581208/2020-03/581208-omaha-002/581208-omaha-002-202.JPG	https://s3.amazonaws.com/NARAprodstorage/lz/dc-metro/rg-024/581208/2020-03/581208-omaha-002/581208-omaha-002-202.JPG	 						0	0	0	30.08	65	63	63			b	none	10				
1873-02-28	22	-33.02	-71.61			a		https://s3.amazonaws.com/NARAprodstorage/lz/dc-metro/rg-024/581208/2020-03/581208-omaha-002/581208-omaha-002-202.JPG	https://s3.amazonaws.com/NARAprodstorage/lz/dc-metro/rg-024/581208/2020-03/581208-omaha-002/581208-omaha-002-202.JPG	 						0	0	0	30.08	64	62	62			b	none	10				
1873-02-28	23	-33.02	-71.61			a		https://s3.amazonaws.com/NARAprodstorage/lz/dc-metro/rg-024/581208/2020-03/581208-omaha-002/581208-omaha-002-202.JPG	https://s3.amazonaws.com/NARAprodstorage/lz/dc-metro/rg-024/581208/2020-03/581208-omaha-002/581208-omaha-002-202.JPG	 						0	0	0	30.08	64	62	62			b	none	10				
1873-02-28	24	-33.02	-71.61			a		https://s3.amazonaws.com/NARAprodstorage/lz/dc-metro/rg-024/581208/2020-03/581208-omaha-002/581208-omaha-002-202.JPG	https://s3.amazonaws.com/NARAprodstorage/lz/dc-metro/rg-024/581208/2020-03/581208-omaha-002/581208-omaha-002-202.JPG	 						0	0	0	30.08	64	62	62			b	none	10				
1873-03-01	1	-33.02	-71.61			a		https://s3.amazonaws.com/NARAprodstorage/lz/dc-metro/rg-024/581208/2020-03/581208-omaha-002/581208-omaha-002-203.JPG	https://s3.amazonaws.com/NARAprodstorage/lz/dc-metro/rg-024/581208/2020-03/581208-omaha-002/581208-omaha-002-203.JPG	 						0	0	0	30.08	64	62	62			b	none	10				
1873-03-01	2	-33.02	-71.61			a		https://s3.amazonaws.com/NARAprodstorage/lz/dc-metro/rg-024/581208/2020-03/581208-omaha-002/581208-omaha-002-203.JPG	https://s3.amazonaws.com/NARAprodstorage/lz/dc-metro/rg-024/581208/2020-03/581208-omaha-002/581208-omaha-002-203.JPG	 						0	0	0	30.08	64	61	61			b	none	10				
1873-03-01	3	-33.02	-71.61			a		https://s3.amazonaws.com/NARAprodstorage/lz/dc-metro/rg-024/581208/2020-03/581208-omaha-002/581208-omaha-002-203.JPG	https://s3.amazonaws.com/NARAprodstorage/lz/dc-metro/rg-024/581208/2020-03/581208-omaha-002/581208-omaha-002-203.JPG	 						0	0	0	30.08	63	61	61			b	none	10				
1873-03-01	4	-33.02	-71.61			a		https://s3.amazonaws.com/NARAprodstorage/lz/dc-metro/rg-024/581208/2020-03/581208-omaha-002/581208-omaha-002-203.JPG	https://s3.amazonaws.com/NARAprodstorage/lz/dc-metro/rg-024/581208/2020-03/581208-omaha-002/581208-omaha-002-203.JPG	 						0	0	0	30.08	62	60	60			b	none	10				
1873-03-01	5	-33.02	-71.61			a		https://s3.amazonaws.com/NARAprodstorage/lz/dc-metro/rg-024/581208/2020-03/581208-omaha-002/581208-omaha-002-203.JPG	https://s3.amazonaws.com/NARAprodstorage/lz/dc-metro/rg-024/581208/2020-03/581208-omaha-002/581208-omaha-002-203.JPG	 						0	0	0	30.09	62	57	57			b	none	10				
1873-03-01	6	-33.02	-71.61			a		https://s3.amazonaws.com/NARAprodstorage/lz/dc-metro/rg-024/581208/2020-03/581208-omaha-002/581208-omaha-002-203.JPG	https://s3.amazonaws.com/NARAprodstorage/lz/dc-metro/rg-024/581208/2020-03/581208-omaha-002/581208-omaha-002-203.JPG	 						0	0	0	30.09	62	57	57			b	none	10				
1873-03-01	7	-33.02	-71.61			a		https://s3.amazonaws.com/NARAprodstorage/lz/dc-metro/rg-024/581208/2020-03/581208-omaha-002/581208-omaha-002-203.JPG	https://s3.amazonaws.com/NARAprodstorage/lz/dc-metro/rg-024/581208/2020-03/581208-omaha-002/581208-omaha-002-203.JPG	 						0	0	0	30.09	62	57	57			b	none	10				
1873-03-01	8	-33.02	-71.61			a		https://s3.amazonaws.com/NARAprodstorage/lz/dc-metro/rg-024/581208/2020-03/581208-omaha-002/581208-omaha-002-203.JPG	https://s3.amazonaws.com/NARAprodstorage/lz/dc-metro/rg-024/581208/2020-03/581208-omaha-002/581208-omaha-002-203.JPG	 						225	241	2	30.09	62	59	59			b	none	10				
1873-03-01	9	-33.02	-71.61			a		https://s3.amazonaws.com/NARAprodstorage/lz/dc-metro/rg-024/581208/2020-03/581208-omaha-002/581208-omaha-002-203.JPG	https://s3.amazonaws.com/NARAprodstorage/lz/dc-metro/rg-024/581208/2020-03/581208-omaha-002/581208-omaha-002-203.JPG	 						225	241	5	30.09	62	60	60			b	none	10				
1873-03-01	10	-33.02	-71.61			a		https://s3.amazonaws.com/NARAprodstorage/lz/dc-metro/rg-024/581208/2020-03/581208-omaha-002/581208-omaha-002-203.JPG	https://s3.amazonaws.com/NARAprodstorage/lz/dc-metro/rg-024/581208/2020-03/581208-omaha-002/581208-omaha-002-203.JPG	 						225	241	8	30.09	63	61	61			b	none	10				
1873-03-01	11	-33.02	-71.61			a		https://s3.amazonaws.com/NARAprodstorage/lz/dc-metro/rg-024/581208/2020-03/581208-omaha-002/581208-omaha-002-203.JPG	https://s3.amazonaws.com/NARAprodstorage/lz/dc-metro/rg-024/581208/2020-03/581208-omaha-002/581208-omaha-002-203.JPG	 						225	241	8	30.09	64	62	62			b	none	10				
1873-03-01	12	-33.02	-71.61			a		https://s3.amazonaws.com/NARAprodstorage/lz/dc-metro/rg-024/581208/2020-03/581208-omaha-002/581208-omaha-002-203.JPG	https://s3.amazonaws.com/NARAprodstorage/lz/dc-metro/rg-024/581208/2020-03/581208-omaha-002/581208-omaha-002-203.JPG	Noon: Valparaiso						225	241	8	30.09	65	63	63			b	none	10				
1873-03-01	13	-33.02	-71.61			a		https://s3.amazonaws.com/NARAprodstorage/lz/dc-metro/rg-024/581208/2020-03/581208-omaha-002/581208-omaha-002-203.JPG	https://s3.amazonaws.com/NARAprodstorage/lz/dc-metro/rg-024/581208/2020-03/581208-omaha-002/581208-omaha-002-203.JPG	 						225	241	8	30.09	65	64	64			b	none	10				
1873-03-01	14	-33.02	-71.61			a		https://s3.amazonaws.com/NARAprodstorage/lz/dc-metro/rg-024/581208/2020-03/581208-omaha-002/581208-omaha-002-203.JPG	https://s3.amazonaws.com/NARAprodstorage/lz/dc-metro/rg-024/581208/2020-03/581208-omaha-002/581208-omaha-002-203.JPG	 						225	241	8	30.09	65	64	64			b	none	10				
1873-03-01	15	-33.02	-71.61			a		https://s3.amazonaws.com/NARAprodstorage/lz/dc-metro/rg-024/581208/2020-03/581208-omaha-002/581208-omaha-002-203.JPG	https://s3.amazonaws.com/NARAprodstorage/lz/dc-metro/rg-024/581208/2020-03/581208-omaha-002/581208-omaha-002-203.JPG	 						225	241	8	30.07	66	65	65			b	none	10				
1873-03-01	16	-33.02	-71.61			a		https://s3.amazonaws.com/NARAprodstorage/lz/dc-metro/rg-024/581208/2020-03/581208-omaha-002/581208-omaha-002-203.JPG	https://s3.amazonaws.com/NARAprodstorage/lz/dc-metro/rg-024/581208/2020-03/581208-omaha-002/581208-omaha-002-203.JPG	 						225	241	13	30.07	66	65	65			b	none	10				
1873-03-01	17	-33.02	-71.61			a		https://s3.amazonaws.com/NARAprodstorage/lz/dc-metro/rg-024/581208/2020-03/581208-omaha-002/581208-omaha-002-203.JPG	https://s3.amazonaws.com/NARAprodstorage/lz/dc-metro/rg-024/581208/2020-03/581208-omaha-002/581208-omaha-002-203.JPG	 						225	241	5	30.05	67	65	65			b	none	10				
1873-03-01	18	-33.02	-71.61			a		https://s3.amazonaws.com/NARAprodstorage/lz/dc-metro/rg-024/581208/2020-03/581208-omaha-002/581208-omaha-002-203.JPG	https://s3.amazonaws.com/NARAprodstorage/lz/dc-metro/rg-024/581208/2020-03/581208-omaha-002/581208-omaha-002-203.JPG	 						0	0	0	30.04	68	65	65			b	none	10				
1873-03-01	19	-33.02	-71.61			a		https://s3.amazonaws.com/NARAprodstorage/lz/dc-metro/rg-024/581208/2020-03/581208-omaha-002/581208-omaha-002-203.JPG	https://s3.amazonaws.com/NARAprodstorage/lz/dc-metro/rg-024/581208/2020-03/581208-omaha-002/581208-omaha-002-203.JPG	 						0	0	0	30.03	68	64	64			b	none	10				
1873-03-01	20	-33.02	-71.61			a		https://s3.amazonaws.com/NARAprodstorage/lz/dc-metro/rg-024/581208/2020-03/581208-omaha-002/581208-omaha-002-203.JPG	https://s3.amazonaws.com/NARAprodstorage/lz/dc-metro/rg-024/581208/2020-03/581208-omaha-002/581208-omaha-002-203.JPG	 						0	0	0	30	67	64	64			b	none	10				
1873-03-01	21	-33.02	-71.61			a		https://s3.amazonaws.com/NARAprodstorage/lz/dc-metro/rg-024/581208/2020-03/581208-omaha-002/581208-omaha-002-203.JPG	https://s3.amazonaws.com/NARAprodstorage/lz/dc-metro/rg-024/581208/2020-03/581208-omaha-002/581208-omaha-002-203.JPG	 						0	0	0	30	65	64	63			b	none	10				
1873-03-01	22	-33.02	-71.61			a		https://s3.amazonaws.com/NARAprodstorage/lz/dc-metro/rg-024/581208/2020-03/581208-omaha-002/581208-omaha-002-203.JPG	https://s3.amazonaws.com/NARAprodstorage/lz/dc-metro/rg-024/581208/2020-03/581208-omaha-002/581208-omaha-002-203.JPG	 						0	0	0	30	65	62	62			b	none	10				
1873-03-01	23	-33.02	-71.61			a		https://s3.amazonaws.com/NARAprodstorage/lz/dc-metro/rg-024/581208/2020-03/581208-omaha-002/581208-omaha-002-203.JPG	https://s3.amazonaws.com/NARAprodstorage/lz/dc-metro/rg-024/581208/2020-03/581208-omaha-002/581208-omaha-002-203.JPG	 						0	0	0	30	64	62	62			b	none	10				
1873-03-01	24	-33.02	-71.61			a		https://s3.amazonaws.com/NARAprodstorage/lz/dc-metro/rg-024/581208/2020-03/581208-omaha-002/581208-omaha-002-203.JPG	https://s3.amazonaws.com/NARAprodstorage/lz/dc-metro/rg-024/581208/2020-03/581208-omaha-002/581208-omaha-002-203.JPG	 						0	0	0	30	63	62	62			b	none	10				
1873-03-02	1	-33.02	-71.61			a		https://s3.amazonaws.com/NARAprodstorage/lz/dc-metro/rg-024/581208/2020-03/581208-omaha-002/581208-omaha-002-204.JPG	https://s3.amazonaws.com/NARAprodstorage/lz/dc-metro/rg-024/581208/2020-03/581208-omaha-002/581208-omaha-002-204.JPG	 						0	0	0	30	64	62	62			b	none	10				
1873-03-02	2	-33.02	-71.61			a		https://s3.amazonaws.com/NARAprodstorage/lz/dc-metro/rg-024/581208/2020-03/581208-omaha-002/581208-omaha-002-204.JPG	https://s3.amazonaws.com/NARAprodstorage/lz/dc-metro/rg-024/581208/2020-03/581208-omaha-002/581208-omaha-002-204.JPG	 						0	0	0	30	64	62	62			b	none	10				
1873-03-02	3	-33.02	-71.61			a		https://s3.amazonaws.com/NARAprodstorage/lz/dc-metro/rg-024/581208/2020-03/581208-omaha-002/581208-omaha-002-204.JPG	https://s3.amazonaws.com/NARAprodstorage/lz/dc-metro/rg-024/581208/2020-03/581208-omaha-002/581208-omaha-002-204.JPG	 						0	0	0	30	64	62	62			b	none	10				
1873-03-02	4	-33.02	-71.61			a		https://s3.amazonaws.com/NARAprodstorage/lz/dc-metro/rg-024/581208/2020-03/581208-omaha-002/581208-omaha-002-204.JPG	https://s3.amazonaws.com/NARAprodstorage/lz/dc-metro/rg-024/581208/2020-03/581208-omaha-002/581208-omaha-002-204.JPG	 						0	0	0	30	64	62	62			b	none	10				
1873-03-02	5	-33.02	-71.61			a		https://s3.amazonaws.com/NARAprodstorage/lz/dc-metro/rg-024/581208/2020-03/581208-omaha-002/581208-omaha-002-204.JPG	https://s3.amazonaws.com/NARAprodstorage/lz/dc-metro/rg-024/581208/2020-03/581208-omaha-002/581208-omaha-002-204.JPG	 						0	0	0	30.02	62	59	59			bc	cum	9				
1873-03-02	6	-33.02	-71.61			a		https://s3.amazonaws.com/NARAprodstorage/lz/dc-metro/rg-024/581208/2020-03/581208-omaha-002/581208-omaha-002-204.JPG	https://s3.amazonaws.com/NARAprodstorage/lz/dc-metro/rg-024/581208/2020-03/581208-omaha-002/581208-omaha-002-204.JPG	 						0	0	0	30.02	62	59	59			bc	cum	8				
1873-03-02	7	-33.02	-71.61			a		https://s3.amazonaws.com/NARAprodstorage/lz/dc-metro/rg-024/581208/2020-03/581208-omaha-002/581208-omaha-002-204.JPG	https://s3.amazonaws.com/NARAprodstorage/lz/dc-metro/rg-024/581208/2020-03/581208-omaha-002/581208-omaha-002-204.JPG	 						0	0	0	30.04	62	59	59			bc	cum	7				
1873-03-02	8	-33.02	-71.61			a		https://s3.amazonaws.com/NARAprodstorage/lz/dc-metro/rg-024/581208/2020-03/581208-omaha-002/581208-omaha-002-204.JPG	https://s3.amazonaws.com/NARAprodstorage/lz/dc-metro/rg-024/581208/2020-03/581208-omaha-002/581208-omaha-002-204.JPG	 						0	0	0	30.05	62	59	59			bc	cum	7				
1873-03-02	9	-33.02	-71.61			a		https://s3.amazonaws.com/NARAprodstorage/lz/dc-metro/rg-024/581208/2020-03/581208-omaha-002/581208-omaha-002-204.JPG	https://s3.amazonaws.com/NARAprodstorage/lz/dc-metro/rg-024/581208/2020-03/581208-omaha-002/581208-omaha-002-204.JPG	 						225	241	2	30.05	62	60	60			b	none	10				
1873-03-02	10	-33.02	-71.61			a		https://s3.amazonaws.com/NARAprodstorage/lz/dc-metro/rg-024/581208/2020-03/581208-omaha-002/581208-omaha-002-204.JPG	https://s3.amazonaws.com/NARAprodstorage/lz/dc-metro/rg-024/581208/2020-03/581208-omaha-002/581208-omaha-002-204.JPG	 						225	241	2	30.05	64	60	63			b	none	10				
1873-03-02	11	-33.02	-71.61			a		https://s3.amazonaws.com/NARAprodstorage/lz/dc-metro/rg-024/581208/2020-03/581208-omaha-002/581208-omaha-002-204.JPG	https://s3.amazonaws.com/NARAprodstorage/lz/dc-metro/rg-024/581208/2020-03/581208-omaha-002/581208-omaha-002-204.JPG	 						225	241	2	30.05	64	60	64			b	none	10				
1873-03-02	12	-33.02	-71.61			a		https://s3.amazonaws.com/NARAprodstorage/lz/dc-metro/rg-024/581208/2020-03/581208-omaha-002/581208-omaha-002-204.JPG	https://s3.amazonaws.com/NARAprodstorage/lz/dc-metro/rg-024/581208/2020-03/581208-omaha-002/581208-omaha-002-204.JPG	Noon: Valparaiso						225	241	2	30.05	64	60	64			b	none	10				
1873-03-02	13	-33.02	-71.61			a		https://s3.amazonaws.com/NARAprodstorage/lz/dc-metro/rg-024/581208/2020-03/581208-omaha-002/581208-omaha-002-204.JPG	https://s3.amazonaws.com/NARAprodstorage/lz/dc-metro/rg-024/581208/2020-03/581208-omaha-002/581208-omaha-002-204.JPG	 						202	218	8	30.09	62	63	63			bq	none	10				
1873-03-02	14	-33.02	-71.61			a		https://s3.amazonaws.com/NARAprodstorage/lz/dc-metro/rg-024/581208/2020-03/581208-omaha-002/581208-omaha-002-204.JPG	https://s3.amazonaws.com/NARAprodstorage/lz/dc-metro/rg-024/581208/2020-03/581208-omaha-002/581208-omaha-002-204.JPG	 						202	218	13	30.09	62	63	63			bq	none	10				
1873-03-02	15	-33.02	-71.61			a		https://s3.amazonaws.com/NARAprodstorage/lz/dc-metro/rg-024/581208/2020-03/581208-omaha-002/581208-omaha-002-204.JPG	https://s3.amazonaws.com/NARAprodstorage/lz/dc-metro/rg-024/581208/2020-03/581208-omaha-002/581208-omaha-002-204.JPG	 						202	218	19	30.09	62	63	63			bq	none	10				
1873-03-02	16	-33.02	-71.61			a		https://s3.amazonaws.com/NARAprodstorage/lz/dc-metro/rg-024/581208/2020-03/581208-omaha-002/581208-omaha-002-204.JPG	https://s3.amazonaws.com/NARAprodstorage/lz/dc-metro/rg-024/581208/2020-03/581208-omaha-002/581208-omaha-002-204.JPG	 						202	218	19	30.09	62	63	63			bq	none	10				
1873-03-02	17	-33.02	-71.61			a		https://s3.amazonaws.com/NARAprodstorage/lz/dc-metro/rg-024/581208/2020-03/581208-omaha-002/581208-omaha-002-204.JPG	https://s3.amazonaws.com/NARAprodstorage/lz/dc-metro/rg-024/581208/2020-03/581208-omaha-002/581208-omaha-002-204.JPG	 						202	218	13	30.09	62	62	62			bc	cum	9				
1873-03-02	18	-33.02	-71.61			a		https://s3.amazonaws.com/NARAprodstorage/lz/dc-metro/rg-024/581208/2020-03/581208-omaha-002/581208-omaha-002-204.JPG	https://s3.amazonaws.com/NARAprodstorage/lz/dc-metro/rg-024/581208/2020-03/581208-omaha-002/581208-omaha-002-204.JPG	 						202	218	13	30.09	62	62	62			bc	cum	9				
1873-03-02	19	-33.02	-71.61			a		https://s3.amazonaws.com/NARAprodstorage/lz/dc-metro/rg-024/581208/2020-03/581208-omaha-002/581208-omaha-002-204.JPG	https://s3.amazonaws.com/NARAprodstorage/lz/dc-metro/rg-024/581208/2020-03/581208-omaha-002/581208-omaha-002-204.JPG	 						0	0	0	30.09	62	61	61			b	none	10				
1873-03-02	20	-33.02	-71.61			a		https://s3.amazonaws.com/NARAprodstorage/lz/dc-metro/rg-024/581208/2020-03/581208-omaha-002/581208-omaha-002-204.JPG	https://s3.amazonaws.com/NARAprodstorage/lz/dc-metro/rg-024/581208/2020-03/581208-omaha-002/581208-omaha-002-204.JPG	 						0	0	0	30.09	62	61	61			b	none	10				
1873-03-02	21	-33.02	-71.61			a		https://s3.amazonaws.com/NARAprodstorage/lz/dc-metro/rg-024/581208/2020-03/581208-omaha-002/581208-omaha-002-204.JPG	https://s3.amazonaws.com/NARAprodstorage/lz/dc-metro/rg-024/581208/2020-03/581208-omaha-002/581208-omaha-002-204.JPG	 						0	0	0	30.1	61	61	61			b	cir cum	8				
1873-03-02	22	-33.02	-71.61			a		https://s3.amazonaws.com/NARAprodstorage/lz/dc-metro/rg-024/581208/2020-03/581208-omaha-002/581208-omaha-002-204.JPG	https://s3.amazonaws.com/NARAprodstorage/lz/dc-metro/rg-024/581208/2020-03/581208-omaha-002/581208-omaha-002-204.JPG	 						0	0	0	30.1	61	60	61			b	cir cum	9				
1873-03-02	23	-33.02	-71.61			a		https://s3.amazonaws.com/NARAprodstorage/lz/dc-metro/rg-024/581208/2020-03/581208-omaha-002/581208-omaha-002-204.JPG	https://s3.amazonaws.com/NARAprodstorage/lz/dc-metro/rg-024/581208/2020-03/581208-omaha-002/581208-omaha-002-204.JPG	 						0	0	0	30	60	60	59			b	none	10				
1873-03-02	24	-33.02	-71.61			a		https://s3.amazonaws.com/NARAprodstorage/lz/dc-metro/rg-024/581208/2020-03/581208-omaha-002/581208-omaha-002-204.JPG	https://s3.amazonaws.com/NARAprodstorage/lz/dc-metro/rg-024/581208/2020-03/581208-omaha-002/581208-omaha-002-204.JPG	 						0	0	0	30	60	60	59			b	none	10				
1873-03-03	1	-33.02	-71.61			a		https://s3.amazonaws.com/NARAprodstorage/lz/dc-metro/rg-024/581208/2020-03/581208-omaha-002/581208-omaha-002-205.JPG	https://s3.amazonaws.com/NARAprodstorage/lz/dc-metro/rg-024/581208/2020-03/581208-omaha-002/581208-omaha-002-205.JPG	 						0	0	0	30.08	62	62	60			bc	nimb	9				
1873-03-03	2	-33.02	-71.61			a		https://s3.amazonaws.com/NARAprodstorage/lz/dc-metro/rg-024/581208/2020-03/581208-omaha-002/581208-omaha-002-205.JPG	https://s3.amazonaws.com/NARAprodstorage/lz/dc-metro/rg-024/581208/2020-03/581208-omaha-002/581208-omaha-002-205.JPG	 						0	0	0	30.08	62	62	60			bc	nimb	9				
1873-03-03	3	-33.02	-71.61			a		https://s3.amazonaws.com/NARAprodstorage/lz/dc-metro/rg-024/581208/2020-03/581208-omaha-002/581208-omaha-002-205.JPG	https://s3.amazonaws.com/NARAprodstorage/lz/dc-metro/rg-024/581208/2020-03/581208-omaha-002/581208-omaha-002-205.JPG	 						0	0	0	30.06	62	62	60			bc	nimb	9				
1873-03-03	4	-33.02	-71.61			a		https://s3.amazonaws.com/NARAprodstorage/lz/dc-metro/rg-024/581208/2020-03/581208-omaha-002/581208-omaha-002-205.JPG	https://s3.amazonaws.com/NARAprodstorage/lz/dc-metro/rg-024/581208/2020-03/581208-omaha-002/581208-omaha-002-205.JPG	 						0	0	0	30.06	62	62	60			bc	nimb	9				
1873-03-03	5	-33.02	-71.61			a		https://s3.amazonaws.com/NARAprodstorage/lz/dc-metro/rg-024/581208/2020-03/581208-omaha-002/581208-omaha-002-205.JPG	https://s3.amazonaws.com/NARAprodstorage/lz/dc-metro/rg-024/581208/2020-03/581208-omaha-002/581208-omaha-002-205.JPG	 						0	0	0	30.04	64	60	60			ocp	nimb	0				
1873-03-03	6	-33.02	-71.61			a		https://s3.amazonaws.com/NARAprodstorage/lz/dc-metro/rg-024/581208/2020-03/581208-omaha-002/581208-omaha-002-205.JPG	https://s3.amazonaws.com/NARAprodstorage/lz/dc-metro/rg-024/581208/2020-03/581208-omaha-002/581208-omaha-002-205.JPG	 						0	0	0	30.04	64	60	60			ocp	nimb	0				
1873-03-03	7	-33.02	-71.61			a		https://s3.amazonaws.com/NARAprodstorage/lz/dc-metro/rg-024/581208/2020-03/581208-omaha-002/581208-omaha-002-205.JPG	https://s3.amazonaws.com/NARAprodstorage/lz/dc-metro/rg-024/581208/2020-03/581208-omaha-002/581208-omaha-002-205.JPG	 						0	0	0	30.04	64	60	60			ocp	nimb	0				
1873-03-03	8	-33.02	-71.61			a		https://s3.amazonaws.com/NARAprodstorage/lz/dc-metro/rg-024/581208/2020-03/581208-omaha-002/581208-omaha-002-205.JPG	https://s3.amazonaws.com/NARAprodstorage/lz/dc-metro/rg-024/581208/2020-03/581208-omaha-002/581208-omaha-002-205.JPG	 						0	0	0	30.04	64	60	60			ocp	nimb	0				
1873-03-03	9	-33.02	-71.61			a		https://s3.amazonaws.com/NARAprodstorage/lz/dc-metro/rg-024/581208/2020-03/581208-omaha-002/581208-omaha-002-205.JPG	https://s3.amazonaws.com/NARAprodstorage/lz/dc-metro/rg-024/581208/2020-03/581208-omaha-002/581208-omaha-002-205.JPG	 						0	0	0	30.06	63	61	60			oc	cir nimb	4				
1873-03-03	10	-33.02	-71.61			a		https://s3.amazonaws.com/NARAprodstorage/lz/dc-metro/rg-024/581208/2020-03/581208-omaha-002/581208-omaha-002-205.JPG	https://s3.amazonaws.com/NARAprodstorage/lz/dc-metro/rg-024/581208/2020-03/581208-omaha-002/581208-omaha-002-205.JPG	 						0	0	0	30.06	63	61	60			oc	cir nimb	4				
1873-03-03	11	-33.02	-71.61			a		https://s3.amazonaws.com/NARAprodstorage/lz/dc-metro/rg-024/581208/2020-03/581208-omaha-002/581208-omaha-002-205.JPG	https://s3.amazonaws.com/NARAprodstorage/lz/dc-metro/rg-024/581208/2020-03/581208-omaha-002/581208-omaha-002-205.JPG	 						0	0	0	30.08	63	61	60			oc	cir nimb	4				
1873-03-03	12	-33.02	-71.61			a		https://s3.amazonaws.com/NARAprodstorage/lz/dc-metro/rg-024/581208/2020-03/581208-omaha-002/581208-omaha-002-205.JPG	https://s3.amazonaws.com/NARAprodstorage/lz/dc-metro/rg-024/581208/2020-03/581208-omaha-002/581208-omaha-002-205.JPG	Noon: Valparaiso						0	0	0	30.08	63	61	60			oc	cir nimb	4				
1873-03-03	13	-33.02	-71.61			a		https://s3.amazonaws.com/NARAprodstorage/lz/dc-metro/rg-024/581208/2020-03/581208-omaha-002/581208-omaha-002-205.JPG	https://s3.amazonaws.com/NARAprodstorage/lz/dc-metro/rg-024/581208/2020-03/581208-omaha-002/581208-omaha-002-205.JPG	 						0	0	0	30.08	64	64	64			bc	cum	4				
1873-03-03	14	-33.02	-71.61			a		https://s3.amazonaws.com/NARAprodstorage/lz/dc-metro/rg-024/581208/2020-03/581208-omaha-002/581208-omaha-002-205.JPG	https://s3.amazonaws.com/NARAprodstorage/lz/dc-metro/rg-024/581208/2020-03/581208-omaha-002/581208-omaha-002-205.JPG	 						0	0	0	30.08	64	64	64			bc	cum	4				
1873-03-03	15	-33.02	-71.61			a		https://s3.amazonaws.com/NARAprodstorage/lz/dc-metro/rg-024/581208/2020-03/581208-omaha-002/581208-omaha-002-205.JPG	https://s3.amazonaws.com/NARAprodstorage/lz/dc-metro/rg-024/581208/2020-03/581208-omaha-002/581208-omaha-002-205.JPG	 						0	0	0	30.08	64	65	63			bc	cum	4				
1873-03-03	16	-33.02	-71.61			a		https://s3.amazonaws.com/NARAprodstorage/lz/dc-metro/rg-024/581208/2020-03/581208-omaha-002/581208-omaha-002-205.JPG	https://s3.amazonaws.com/NARAprodstorage/lz/dc-metro/rg-024/581208/2020-03/581208-omaha-002/581208-omaha-002-205.JPG	 						360	16	2	30.08	64	65	63			bc	cum	5				
1873-03-03	17	-33.02	-71.61			a		https://s3.amazonaws.com/NARAprodstorage/lz/dc-metro/rg-024/581208/2020-03/581208-omaha-002/581208-omaha-002-205.JPG	https://s3.amazonaws.com/NARAprodstorage/lz/dc-metro/rg-024/581208/2020-03/581208-omaha-002/581208-omaha-002-205.JPG	 						360	16	2	30.1	66	65	63			b	none	10				
1873-03-03	18	-33.02	-71.61			a		https://s3.amazonaws.com/NARAprodstorage/lz/dc-metro/rg-024/581208/2020-03/581208-omaha-002/581208-omaha-002-205.JPG	https://s3.amazonaws.com/NARAprodstorage/lz/dc-metro/rg-024/581208/2020-03/581208-omaha-002/581208-omaha-002-205.JPG	 						360	16	2	30.1	66	65	63			b	none	10				
1873-03-03	19	-33.02	-71.61			a		https://s3.amazonaws.com/NARAprodstorage/lz/dc-metro/rg-024/581208/2020-03/581208-omaha-002/581208-omaha-002-205.JPG	https://s3.amazonaws.com/NARAprodstorage/lz/dc-metro/rg-024/581208/2020-03/581208-omaha-002/581208-omaha-002-205.JPG	 						0	0	0	30.12	66	65	63			b	none	10				
1873-03-03	20	-33.02	-71.61			a		https://s3.amazonaws.com/NARAprodstorage/lz/dc-metro/rg-024/581208/2020-03/581208-omaha-002/581208-omaha-002-205.JPG	https://s3.amazonaws.com/NARAprodstorage/lz/dc-metro/rg-024/581208/2020-03/581208-omaha-002/581208-omaha-002-205.JPG	 						0	0	0	30.12	64	64	63			b	none	10				
1873-03-03	21	-33.02	-71.61			a		https://s3.amazonaws.com/NARAprodstorage/lz/dc-metro/rg-024/581208/2020-03/581208-omaha-002/581208-omaha-002-205.JPG	https://s3.amazonaws.com/NARAprodstorage/lz/dc-metro/rg-024/581208/2020-03/581208-omaha-002/581208-omaha-002-205.JPG	 						0	0	0	30.1	63	64	63			b	none	10				
1873-03-03	22	-33.02	-71.61			a		https://s3.amazonaws.com/NARAprodstorage/lz/dc-metro/rg-024/581208/2020-03/581208-omaha-002/581208-omaha-002-205.JPG	https://s3.amazonaws.com/NARAprodstorage/lz/dc-metro/rg-024/581208/2020-03/581208-omaha-002/581208-omaha-002-205.JPG	 						0	0	0	30.1	62	62	63			b	none	10				
1873-03-03	23	-33.02	-71.61			a		https://s3.amazonaws.com/NARAprodstorage/lz/dc-metro/rg-024/581208/2020-03/581208-omaha-002/581208-omaha-002-205.JPG	https://s3.amazonaws.com/NARAprodstorage/lz/dc-metro/rg-024/581208/2020-03/581208-omaha-002/581208-omaha-002-205.JPG	 						0	0	0	30.1	62	62	63			b	none	10				
1873-03-03	24	-33.02	-71.61			a		https://s3.amazonaws.com/NARAprodstorage/lz/dc-metro/rg-024/581208/2020-03/581208-omaha-002/581208-omaha-002-205.JPG	https://s3.amazonaws.com/NARAprodstorage/lz/dc-metro/rg-024/581208/2020-03/581208-omaha-002/581208-omaha-002-205.JPG	 						0	0	0	30.1	61	60	63			b	none	10				
1873-03-04	1	-33.02	-71.61			a		https://s3.amazonaws.com/NARAprodstorage/lz/dc-metro/rg-024/581208/2020-03/581208-omaha-002/581208-omaha-002-206.JPG	https://s3.amazonaws.com/NARAprodstorage/lz/dc-metro/rg-024/581208/2020-03/581208-omaha-002/581208-omaha-002-206.JPG	 						0	0	0	30.06	63	59	59			b	none	10				
1873-03-04	2	-33.02	-71.61			a		https://s3.amazonaws.com/NARAprodstorage/lz/dc-metro/rg-024/581208/2020-03/581208-omaha-002/581208-omaha-002-206.JPG	https://s3.amazonaws.com/NARAprodstorage/lz/dc-metro/rg-024/581208/2020-03/581208-omaha-002/581208-omaha-002-206.JPG	 						0	0	0	30.06	62	58	59			b	none	10				
1873-03-04	3	-33.02	-71.61			a		https://s3.amazonaws.com/NARAprodstorage/lz/dc-metro/rg-024/581208/2020-03/581208-omaha-002/581208-omaha-002-206.JPG	https://s3.amazonaws.com/NARAprodstorage/lz/dc-metro/rg-024/581208/2020-03/581208-omaha-002/581208-omaha-002-206.JPG	 						0	0	0	30.06	62	58	58			b	none	10				
1873-03-04	4	-33.02	-71.61			a		https://s3.amazonaws.com/NARAprodstorage/lz/dc-metro/rg-024/581208/2020-03/581208-omaha-002/581208-omaha-002-206.JPG	https://s3.amazonaws.com/NARAprodstorage/lz/dc-metro/rg-024/581208/2020-03/581208-omaha-002/581208-omaha-002-206.JPG	 						0	0	0	30.06	62	58	58			b	none	10				
1873-03-04	5	-33.02	-71.61			a		https://s3.amazonaws.com/NARAprodstorage/lz/dc-metro/rg-024/581208/2020-03/581208-omaha-002/581208-omaha-002-206.JPG	https://s3.amazonaws.com/NARAprodstorage/lz/dc-metro/rg-024/581208/2020-03/581208-omaha-002/581208-omaha-002-206.JPG	 						0	0	0	30.09	62	58	59			ocf	cum nimb	0				
1873-03-04	6	-33.02	-71.61			a		https://s3.amazonaws.com/NARAprodstorage/lz/dc-metro/rg-024/581208/2020-03/581208-omaha-002/581208-omaha-002-206.JPG	https://s3.amazonaws.com/NARAprodstorage/lz/dc-metro/rg-024/581208/2020-03/581208-omaha-002/581208-omaha-002-206.JPG	 						0	0	0	30.09	62	58	59			ocf	cum nimb	0				
1873-03-04	7	-33.02	-71.61			a		https://s3.amazonaws.com/NARAprodstorage/lz/dc-metro/rg-024/581208/2020-03/581208-omaha-002/581208-omaha-002-206.JPG	https://s3.amazonaws.com/NARAprodstorage/lz/dc-metro/rg-024/581208/2020-03/581208-omaha-002/581208-omaha-002-206.JPG	 						0	0	0	30.09	62	58	59			oc	cum nimb	0				
1873-03-04	8	-33.02	-71.61			a		https://s3.amazonaws.com/NARAprodstorage/lz/dc-metro/rg-024/581208/2020-03/581208-omaha-002/581208-omaha-002-206.JPG	https://s3.amazonaws.com/NARAprodstorage/lz/dc-metro/rg-024/581208/2020-03/581208-omaha-002/581208-omaha-002-206.JPG	 						0	0	0	30.09	62	58	59			oc	cum nimb	0				
1873-03-04	9	-33.02	-71.61			a		https://s3.amazonaws.com/NARAprodstorage/lz/dc-metro/rg-024/581208/2020-03/581208-omaha-002/581208-omaha-002-206.JPG	https://s3.amazonaws.com/NARAprodstorage/lz/dc-metro/rg-024/581208/2020-03/581208-omaha-002/581208-omaha-002-206.JPG	 						0	0	0	30.08	62	60	60			ocf	nimb	0				
1873-03-04	10	-33.02	-71.61			a		https://s3.amazonaws.com/NARAprodstorage/lz/dc-metro/rg-024/581208/2020-03/581208-omaha-002/581208-omaha-002-206.JPG	https://s3.amazonaws.com/NARAprodstorage/lz/dc-metro/rg-024/581208/2020-03/581208-omaha-002/581208-omaha-002-206.JPG	 						0	0	0	30.08	62	61	61			ocf	nimb	0				
1873-03-04	11	-33.02	-71.61			a		https://s3.amazonaws.com/NARAprodstorage/lz/dc-metro/rg-024/581208/2020-03/581208-omaha-002/581208-omaha-002-206.JPG	https://s3.amazonaws.com/NARAprodstorage/lz/dc-metro/rg-024/581208/2020-03/581208-omaha-002/581208-omaha-002-206.JPG	 						0	0	0	30.08	62	61	61			ocf	nimb	0				
1873-03-04	12	-33.02	-71.61			a		https://s3.amazonaws.com/NARAprodstorage/lz/dc-metro/rg-024/581208/2020-03/581208-omaha-002/581208-omaha-002-206.JPG	https://s3.amazonaws.com/NARAprodstorage/lz/dc-metro/rg-024/581208/2020-03/581208-omaha-002/581208-omaha-002-206.JPG	Noon: Valparaiso						0	0	0	30.08	62	61	61			ocf	nimb	0				
1873-03-04	13	-33.02	-71.61			a		https://s3.amazonaws.com/NARAprodstorage/lz/dc-metro/rg-024/581208/2020-03/581208-omaha-002/581208-omaha-002-206.JPG	https://s3.amazonaws.com/NARAprodstorage/lz/dc-metro/rg-024/581208/2020-03/581208-omaha-002/581208-omaha-002-206.JPG	 						270	286	2	30.09	64	64	64			bc	cir	7				
1873-03-04	14	-33.02	-71.61			a		https://s3.amazonaws.com/NARAprodstorage/lz/dc-metro/rg-024/581208/2020-03/581208-omaha-002/581208-omaha-002-206.JPG	https://s3.amazonaws.com/NARAprodstorage/lz/dc-metro/rg-024/581208/2020-03/581208-omaha-002/581208-omaha-002-206.JPG	 						270	286	2	30.09	64	64	64			bc	cir	7				
1873-03-04	15	-33.02	-71.61			a		https://s3.amazonaws.com/NARAprodstorage/lz/dc-metro/rg-024/581208/2020-03/581208-omaha-002/581208-omaha-002-206.JPG	https://s3.amazonaws.com/NARAprodstorage/lz/dc-metro/rg-024/581208/2020-03/581208-omaha-002/581208-omaha-002-206.JPG	 						270	286	2	30.09	64	64	64			bc	cir	7				
1873-03-04	16	-33.02	-71.61			a		https://s3.amazonaws.com/NARAprodstorage/lz/dc-metro/rg-024/581208/2020-03/581208-omaha-002/581208-omaha-002-206.JPG	https://s3.amazonaws.com/NARAprodstorage/lz/dc-metro/rg-024/581208/2020-03/581208-omaha-002/581208-omaha-002-206.JPG	 						270	286	2	30.09	64	64	64			bc	cir	8				
1873-03-04	17	-33.02	-71.61			a		https://s3.amazonaws.com/NARAprodstorage/lz/dc-metro/rg-024/581208/2020-03/581208-omaha-002/581208-omaha-002-206.JPG	https://s3.amazonaws.com/NARAprodstorage/lz/dc-metro/rg-024/581208/2020-03/581208-omaha-002/581208-omaha-002-206.JPG	 						270	286	2	30.09	64	64	64			bc	cum	9				
1873-03-04	18	-33.02	-71.61			a		https://s3.amazonaws.com/NARAprodstorage/lz/dc-metro/rg-024/581208/2020-03/581208-omaha-002/581208-omaha-002-206.JPG	https://s3.amazonaws.com/NARAprodstorage/lz/dc-metro/rg-024/581208/2020-03/581208-omaha-002/581208-omaha-002-206.JPG	 						270	286	2	30.09	64	63	63			bc	cum	9				
1873-03-04	19	-33.02	-71.61			a		https://s3.amazonaws.com/NARAprodstorage/lz/dc-metro/rg-024/581208/2020-03/581208-omaha-002/581208-omaha-002-206.JPG	https://s3.amazonaws.com/NARAprodstorage/lz/dc-metro/rg-024/581208/2020-03/581208-omaha-002/581208-omaha-002-206.JPG	 						270	286	2	30.09	64	63	63			bc	cum	9				
1873-03-04	20	-33.02	-71.61			a		https://s3.amazonaws.com/NARAprodstorage/lz/dc-metro/rg-024/581208/2020-03/581208-omaha-002/581208-omaha-002-206.JPG	https://s3.amazonaws.com/NARAprodstorage/lz/dc-metro/rg-024/581208/2020-03/581208-omaha-002/581208-omaha-002-206.JPG	 						270	286	2	30.09	62	61	61			bc	cum	7				
1873-03-04	21	-33.02	-71.61			a		https://s3.amazonaws.com/NARAprodstorage/lz/dc-metro/rg-024/581208/2020-03/581208-omaha-002/581208-omaha-002-206.JPG	https://s3.amazonaws.com/NARAprodstorage/lz/dc-metro/rg-024/581208/2020-03/581208-omaha-002/581208-omaha-002-206.JPG	 						0	0	0	30.1	64	62	62			bc	cum	3				
1873-03-04	22	-33.02	-71.61			a		https://s3.amazonaws.com/NARAprodstorage/lz/dc-metro/rg-024/581208/2020-03/581208-omaha-002/581208-omaha-002-206.JPG	https://s3.amazonaws.com/NARAprodstorage/lz/dc-metro/rg-024/581208/2020-03/581208-omaha-002/581208-omaha-002-206.JPG	 						0	0	0	30.1	64	62	62			bc	cum	3				
1873-03-04	23	-33.02	-71.61			a		https://s3.amazonaws.com/NARAprodstorage/lz/dc-metro/rg-024/581208/2020-03/581208-omaha-002/581208-omaha-002-206.JPG	https://s3.amazonaws.com/NARAprodstorage/lz/dc-metro/rg-024/581208/2020-03/581208-omaha-002/581208-omaha-002-206.JPG	 						0	0	0	30.1	64	62	62			ocm	cum	3				
1873-03-04	24	-33.02	-71.61			a		https://s3.amazonaws.com/NARAprodstorage/lz/dc-metro/rg-024/581208/2020-03/581208-omaha-002/581208-omaha-002-206.JPG	https://s3.amazonaws.com/NARAprodstorage/lz/dc-metro/rg-024/581208/2020-03/581208-omaha-002/581208-omaha-002-206.JPG	 						270	286	2	30.1	64	62	62			ocm	cum	3				
1873-03-05	1	-33.02	-71.61			a		https://s3.amazonaws.com/NARAprodstorage/lz/dc-metro/rg-024/581208/2020-03/581208-omaha-002/581208-omaha-002-207.JPG	https://s3.amazonaws.com/NARAprodstorage/lz/dc-metro/rg-024/581208/2020-03/581208-omaha-002/581208-omaha-002-207.JPG	 						0	0	0	30.1	60	60	60			bc	cir	7				
1873-03-05	2	-33.02	-71.61			a		https://s3.amazonaws.com/NARAprodstorage/lz/dc-metro/rg-024/581208/2020-03/581208-omaha-002/581208-omaha-002-207.JPG	https://s3.amazonaws.com/NARAprodstorage/lz/dc-metro/rg-024/581208/2020-03/581208-omaha-002/581208-omaha-002-207.JPG	 						0	0	0	30.1	60	60	60			bc	cir	7				
1873-03-05	3	-33.02	-71.61			a		https://s3.amazonaws.com/NARAprodstorage/lz/dc-metro/rg-024/581208/2020-03/581208-omaha-002/581208-omaha-002-207.JPG	https://s3.amazonaws.com/NARAprodstorage/lz/dc-metro/rg-024/581208/2020-03/581208-omaha-002/581208-omaha-002-207.JPG	 						0	0	0	30.1	60	60	60			oc	cir	0				
1873-03-05	4	-33.02	-71.61			a		https://s3.amazonaws.com/NARAprodstorage/lz/dc-metro/rg-024/581208/2020-03/581208-omaha-002/581208-omaha-002-207.JPG	https://s3.amazonaws.com/NARAprodstorage/lz/dc-metro/rg-024/581208/2020-03/581208-omaha-002/581208-omaha-002-207.JPG	 						0	0	0	30.1	60	60	60			oc	cir	0				
1873-03-05	5	-33.02	-71.61			a		https://s3.amazonaws.com/NARAprodstorage/lz/dc-metro/rg-024/581208/2020-03/581208-omaha-002/581208-omaha-002-207.JPG	https://s3.amazonaws.com/NARAprodstorage/lz/dc-metro/rg-024/581208/2020-03/581208-omaha-002/581208-omaha-002-207.JPG	 						0	0	0	30.11	60	60	60			oc	cir	0				
1873-03-05	6	-33.02	-71.61			a		https://s3.amazonaws.com/NARAprodstorage/lz/dc-metro/rg-024/581208/2020-03/581208-omaha-002/581208-omaha-002-207.JPG	https://s3.amazonaws.com/NARAprodstorage/lz/dc-metro/rg-024/581208/2020-03/581208-omaha-002/581208-omaha-002-207.JPG	 						0	0	0	30.11	60	60	60			oc	cir	0				
1873-03-05	7	-33.02	-71.61			a		https://s3.amazonaws.com/NARAprodstorage/lz/dc-metro/rg-024/581208/2020-03/581208-omaha-002/581208-omaha-002-207.JPG	https://s3.amazonaws.com/NARAprodstorage/lz/dc-metro/rg-024/581208/2020-03/581208-omaha-002/581208-omaha-002-207.JPG	 						0	0	0	30.11	60	60	60			oc	cir	0				
1873-03-05	8	-33.02	-71.61			a		https://s3.amazonaws.com/NARAprodstorage/lz/dc-metro/rg-024/581208/2020-03/581208-omaha-002/581208-omaha-002-207.JPG	https://s3.amazonaws.com/NARAprodstorage/lz/dc-metro/rg-024/581208/2020-03/581208-omaha-002/581208-omaha-002-207.JPG	 						0	0	0	30.11	61	60	60			oc	cir	0				
1873-03-05	9	-33.02	-71.61			a		https://s3.amazonaws.com/NARAprodstorage/lz/dc-metro/rg-024/581208/2020-03/581208-omaha-002/581208-omaha-002-207.JPG	https://s3.amazonaws.com/NARAprodstorage/lz/dc-metro/rg-024/581208/2020-03/581208-omaha-002/581208-omaha-002-207.JPG	 						0	0	0	30.1	64	63	62			oc	cir cum	6				
1873-03-05	10	-33.02	-71.61			a		https://s3.amazonaws.com/NARAprodstorage/lz/dc-metro/rg-024/581208/2020-03/581208-omaha-002/581208-omaha-002-207.JPG	https://s3.amazonaws.com/NARAprodstorage/lz/dc-metro/rg-024/581208/2020-03/581208-omaha-002/581208-omaha-002-207.JPG	 						0	0	0	30.1	64	63	62			oc	cir cum	9				
1873-03-05	11	-33.02	-71.61			a		https://s3.amazonaws.com/NARAprodstorage/lz/dc-metro/rg-024/581208/2020-03/581208-omaha-002/581208-omaha-002-207.JPG	https://s3.amazonaws.com/NARAprodstorage/lz/dc-metro/rg-024/581208/2020-03/581208-omaha-002/581208-omaha-002-207.JPG	 						225	241	3	30.1	65	65	64			b	none	10				
1873-03-05	12	-33.02	-71.61			a		https://s3.amazonaws.com/NARAprodstorage/lz/dc-metro/rg-024/581208/2020-03/581208-omaha-002/581208-omaha-002-207.JPG	https://s3.amazonaws.com/NARAprodstorage/lz/dc-metro/rg-024/581208/2020-03/581208-omaha-002/581208-omaha-002-207.JPG	Noon: Valparaiso						225	241	3	30.1	65	65	64			b	none	10				
1873-03-05	13	-33.02	-71.61			a		https://s3.amazonaws.com/NARAprodstorage/lz/dc-metro/rg-024/581208/2020-03/581208-omaha-002/581208-omaha-002-207.JPG	https://s3.amazonaws.com/NARAprodstorage/lz/dc-metro/rg-024/581208/2020-03/581208-omaha-002/581208-omaha-002-207.JPG	 						225	241	10	30.08	66	65	65			b	none	10				
1873-03-05	14	-33.02	-71.61			a		https://s3.amazonaws.com/NARAprodstorage/lz/dc-metro/rg-024/581208/2020-03/581208-omaha-002/581208-omaha-002-207.JPG	https://s3.amazonaws.com/NARAprodstorage/lz/dc-metro/rg-024/581208/2020-03/581208-omaha-002/581208-omaha-002-207.JPG	 						225	241	10	30.08	66	65	65			b	none	10				
1873-03-05	15	-33.02	-71.61			a		https://s3.amazonaws.com/NARAprodstorage/lz/dc-metro/rg-024/581208/2020-03/581208-omaha-002/581208-omaha-002-207.JPG	https://s3.amazonaws.com/NARAprodstorage/lz/dc-metro/rg-024/581208/2020-03/581208-omaha-002/581208-omaha-002-207.JPG	 						225	241	10	30.08	66	65	65			b	none	10				
1873-03-05	16	-33.02	-71.61			a		https://s3.amazonaws.com/NARAprodstorage/lz/dc-metro/rg-024/581208/2020-03/581208-omaha-002/581208-omaha-002-207.JPG	https://s3.amazonaws.com/NARAprodstorage/lz/dc-metro/rg-024/581208/2020-03/581208-omaha-002/581208-omaha-002-207.JPG	 						225	241	10	30.08	66	65	65			b	none	10				
1873-03-05	17	-33.02	-71.61			a		https://s3.amazonaws.com/NARAprodstorage/lz/dc-metro/rg-024/581208/2020-03/581208-omaha-002/581208-omaha-002-207.JPG	https://s3.amazonaws.com/NARAprodstorage/lz/dc-metro/rg-024/581208/2020-03/581208-omaha-002/581208-omaha-002-207.JPG	 						225	241	2	30.08	66	65	65			b	none	10				
1873-03-05	18	-33.02	-71.61			a		https://s3.amazonaws.com/NARAprodstorage/lz/dc-metro/rg-024/581208/2020-03/581208-omaha-002/581208-omaha-002-207.JPG	https://s3.amazonaws.com/NARAprodstorage/lz/dc-metro/rg-024/581208/2020-03/581208-omaha-002/581208-omaha-002-207.JPG	 						225	241	2	30.08	66	65	65			b	none	10				
1873-03-05	19	-33.02	-71.61			a		https://s3.amazonaws.com/NARAprodstorage/lz/dc-metro/rg-024/581208/2020-03/581208-omaha-002/581208-omaha-002-207.JPG	https://s3.amazonaws.com/NARAprodstorage/lz/dc-metro/rg-024/581208/2020-03/581208-omaha-002/581208-omaha-002-207.JPG	 						0	0	0	30.08	66	65	65			b	none	10				
1873-03-05	20	-33.02	-71.61			a		https://s3.amazonaws.com/NARAprodstorage/lz/dc-metro/rg-024/581208/2020-03/581208-omaha-002/581208-omaha-002-207.JPG	https://s3.amazonaws.com/NARAprodstorage/lz/dc-metro/rg-024/581208/2020-03/581208-omaha-002/581208-omaha-002-207.JPG	 						0	0	0	30.08	66	65	65			b	none	10				
1873-03-05	21	-33.02	-71.61			a		https://s3.amazonaws.com/NARAprodstorage/lz/dc-metro/rg-024/581208/2020-03/581208-omaha-002/581208-omaha-002-207.JPG	https://s3.amazonaws.com/NARAprodstorage/lz/dc-metro/rg-024/581208/2020-03/581208-omaha-002/581208-omaha-002-207.JPG	 						0	0	0	30.08	66	65	65			b	none	10				
1873-03-05	22	-33.02	-71.61			a		https://s3.amazonaws.com/NARAprodstorage/lz/dc-metro/rg-024/581208/2020-03/581208-omaha-002/581208-omaha-002-207.JPG	https://s3.amazonaws.com/NARAprodstorage/lz/dc-metro/rg-024/581208/2020-03/581208-omaha-002/581208-omaha-002-207.JPG	 						0	0	0	30.08	66	65	65			b	none	10				
1873-03-05	23	-33.02	-71.61			a		https://s3.amazonaws.com/NARAprodstorage/lz/dc-metro/rg-024/581208/2020-03/581208-omaha-002/581208-omaha-002-207.JPG	https://s3.amazonaws.com/NARAprodstorage/lz/dc-metro/rg-024/581208/2020-03/581208-omaha-002/581208-omaha-002-207.JPG	 						0	0	0	30.08	66	65	65			b	none	10				
1873-03-05	24	-33.02	-71.61			a		https://s3.amazonaws.com/NARAprodstorage/lz/dc-metro/rg-024/581208/2020-03/581208-omaha-002/581208-omaha-002-207.JPG	https://s3.amazonaws.com/NARAprodstorage/lz/dc-metro/rg-024/581208/2020-03/581208-omaha-002/581208-omaha-002-207.JPG	 						0	0	0	30.08	66	65	65			b	none	10				
1873-03-06	1	-33.02	-71.61			a		https://s3.amazonaws.com/NARAprodstorage/lz/dc-metro/rg-024/581208/2020-03/581208-omaha-002/581208-omaha-002-208.JPG	https://s3.amazonaws.com/NARAprodstorage/lz/dc-metro/rg-024/581208/2020-03/581208-omaha-002/581208-omaha-002-208.JPG	 						0	0	0	30.07	62	61	61	60		b	none	10				
1873-03-06	2	-33.02	-71.61			a		https://s3.amazonaws.com/NARAprodstorage/lz/dc-metro/rg-024/581208/2020-03/581208-omaha-002/581208-omaha-002-208.JPG	https://s3.amazonaws.com/NARAprodstorage/lz/dc-metro/rg-024/581208/2020-03/581208-omaha-002/581208-omaha-002-208.JPG	 						0	0	0	30.07	62	61	61	60		b	none	10				
1873-03-06	3	-33.02	-71.61			a		https://s3.amazonaws.com/NARAprodstorage/lz/dc-metro/rg-024/581208/2020-03/581208-omaha-002/581208-omaha-002-208.JPG	https://s3.amazonaws.com/NARAprodstorage/lz/dc-metro/rg-024/581208/2020-03/581208-omaha-002/581208-omaha-002-208.JPG	 						0	0	0	30.07	62	61	61	60		b	none	10				
1873-03-06	4	-33.02	-71.61			a		https://s3.amazonaws.com/NARAprodstorage/lz/dc-metro/rg-024/581208/2020-03/581208-omaha-002/581208-omaha-002-208.JPG	https://s3.amazonaws.com/NARAprodstorage/lz/dc-metro/rg-024/581208/2020-03/581208-omaha-002/581208-omaha-002-208.JPG	 						0	0	0	30.07	62	61	61	60		b	none	10				
1873-03-06	5	-33.02	-71.61			a		https://s3.amazonaws.com/NARAprodstorage/lz/dc-metro/rg-024/581208/2020-03/581208-omaha-002/581208-omaha-002-208.JPG	https://s3.amazonaws.com/NARAprodstorage/lz/dc-metro/rg-024/581208/2020-03/581208-omaha-002/581208-omaha-002-208.JPG	 						0	0	0	30.07	62	61	61	60		bc	nimb	0				
1873-03-06	6	-33.02	-71.61			a		https://s3.amazonaws.com/NARAprodstorage/lz/dc-metro/rg-024/581208/2020-03/581208-omaha-002/581208-omaha-002-208.JPG	https://s3.amazonaws.com/NARAprodstorage/lz/dc-metro/rg-024/581208/2020-03/581208-omaha-002/581208-omaha-002-208.JPG	 						0	0	0	30.07	62	61	61	60		bc	nimb	0				
1873-03-06	7	-33.02	-71.61			a		https://s3.amazonaws.com/NARAprodstorage/lz/dc-metro/rg-024/581208/2020-03/581208-omaha-002/581208-omaha-002-208.JPG	https://s3.amazonaws.com/NARAprodstorage/lz/dc-metro/rg-024/581208/2020-03/581208-omaha-002/581208-omaha-002-208.JPG	 						0	0	0	30.07	62	61	61	60		bc	nimb	0				
1873-03-06	8	-33.02	-71.61			a		https://s3.amazonaws.com/NARAprodstorage/lz/dc-metro/rg-024/581208/2020-03/581208-omaha-002/581208-omaha-002-208.JPG	https://s3.amazonaws.com/NARAprodstorage/lz/dc-metro/rg-024/581208/2020-03/581208-omaha-002/581208-omaha-002-208.JPG	 						0	0	0	30.07	62	61	61	60		bc	nimb	0		"8AM:  By order of Comd'g Officer, placed James Engleman (Sea) in solitary confinement on bread and water for five days for carelessness aloft in dropping his knife on deck from mizzen top."		
1873-03-06	9	-33.02	-71.61			a		https://s3.amazonaws.com/NARAprodstorage/lz/dc-metro/rg-024/581208/2020-03/581208-omaha-002/581208-omaha-002-208.JPG	https://s3.amazonaws.com/NARAprodstorage/lz/dc-metro/rg-024/581208/2020-03/581208-omaha-002/581208-omaha-002-208.JPG	 						0	0	0	30.12	62	61	61	60		ocm	nimb	0				
1873-03-06	10	-33.02	-71.61			a		https://s3.amazonaws.com/NARAprodstorage/lz/dc-metro/rg-024/581208/2020-03/581208-omaha-002/581208-omaha-002-208.JPG	https://s3.amazonaws.com/NARAprodstorage/lz/dc-metro/rg-024/581208/2020-03/581208-omaha-002/581208-omaha-002-208.JPG	 						0	0	0	30.14	62	60	61	60		oc	nimb	0				
1873-03-06	11	-33.02	-71.61			a		https://s3.amazonaws.com/NARAprodstorage/lz/dc-metro/rg-024/581208/2020-03/581208-omaha-002/581208-omaha-002-208.JPG	https://s3.amazonaws.com/NARAprodstorage/lz/dc-metro/rg-024/581208/2020-03/581208-omaha-002/581208-omaha-002-208.JPG	 						0	0	0	30.14	62	62	62	60		oc	nimb	0				
1873-03-06	12	-33.02	-71.61			a		https://s3.amazonaws.com/NARAprodstorage/lz/dc-metro/rg-024/581208/2020-03/581208-omaha-002/581208-omaha-002-208.JPG	https://s3.amazonaws.com/NARAprodstorage/lz/dc-metro/rg-024/581208/2020-03/581208-omaha-002/581208-omaha-002-208.JPG	Noon: Valparaiso						0	0	0	30.14	62	62	62	60		oc	nimb	0				
1873-03-06	13	-33.02	-71.61			a		https://s3.amazonaws.com/NARAprodstorage/lz/dc-metro/rg-024/581208/2020-03/581208-omaha-002/581208-omaha-002-208.JPG	https://s3.amazonaws.com/NARAprodstorage/lz/dc-metro/rg-024/581208/2020-03/581208-omaha-002/581208-omaha-002-208.JPG	 						0	0	0	30.15	64	63	62			bc	cir cum	6				
1873-03-06	14	-33.02	-71.61			a		https://s3.amazonaws.com/NARAprodstorage/lz/dc-metro/rg-024/581208/2020-03/581208-omaha-002/581208-omaha-002-208.JPG	https://s3.amazonaws.com/NARAprodstorage/lz/dc-metro/rg-024/581208/2020-03/581208-omaha-002/581208-omaha-002-208.JPG	 						270	286		30.14	65	64	62			bc	cir cum	8				
1873-03-06	15	-33.02	-71.61			a		https://s3.amazonaws.com/NARAprodstorage/lz/dc-metro/rg-024/581208/2020-03/581208-omaha-002/581208-omaha-002-208.JPG	https://s3.amazonaws.com/NARAprodstorage/lz/dc-metro/rg-024/581208/2020-03/581208-omaha-002/581208-omaha-002-208.JPG	 						270	286		30.12	65	64	62			bc	cir cum	4				
1873-03-06	16	-33.02	-71.61			a		https://s3.amazonaws.com/NARAprodstorage/lz/dc-metro/rg-024/581208/2020-03/581208-omaha-002/581208-omaha-002-208.JPG	https://s3.amazonaws.com/NARAprodstorage/lz/dc-metro/rg-024/581208/2020-03/581208-omaha-002/581208-omaha-002-208.JPG	 						270	286		30.12	65	64	62			bc	cir cum	5				
1873-03-06	17	-33.02	-71.61			a		https://s3.amazonaws.com/NARAprodstorage/lz/dc-metro/rg-024/581208/2020-03/581208-omaha-002/581208-omaha-002-208.JPG	https://s3.amazonaws.com/NARAprodstorage/lz/dc-metro/rg-024/581208/2020-03/581208-omaha-002/581208-omaha-002-208.JPG	 						270	286		30.12	65	64	62			bc	cir cum	6				
1873-03-06	18	-33.02	-71.61			a		https://s3.amazonaws.com/NARAprodstorage/lz/dc-metro/rg-024/581208/2020-03/581208-omaha-002/581208-omaha-002-208.JPG	https://s3.amazonaws.com/NARAprodstorage/lz/dc-metro/rg-024/581208/2020-03/581208-omaha-002/581208-omaha-002-208.JPG	 						270	286		30.12	65	64	62			b	none	10				
1873-03-06	19	-33.02	-71.61			a		https://s3.amazonaws.com/NARAprodstorage/lz/dc-metro/rg-024/581208/2020-03/581208-omaha-002/581208-omaha-002-208.JPG	https://s3.amazonaws.com/NARAprodstorage/lz/dc-metro/rg-024/581208/2020-03/581208-omaha-002/581208-omaha-002-208.JPG	 						0	0	0	30.12	65	64	62			b	none	10				
1873-03-06	20	-33.02	-71.61			a		https://s3.amazonaws.com/NARAprodstorage/lz/dc-metro/rg-024/581208/2020-03/581208-omaha-002/581208-omaha-002-208.JPG	https://s3.amazonaws.com/NARAprodstorage/lz/dc-metro/rg-024/581208/2020-03/581208-omaha-002/581208-omaha-002-208.JPG	 						0	0	0	30.12	65	64	62			oc	cir cum	8				
1873-03-06	21	-33.02	-71.61			a		https://s3.amazonaws.com/NARAprodstorage/lz/dc-metro/rg-024/581208/2020-03/581208-omaha-002/581208-omaha-002-208.JPG	https://s3.amazonaws.com/NARAprodstorage/lz/dc-metro/rg-024/581208/2020-03/581208-omaha-002/581208-omaha-002-208.JPG	 						0	0	0	30.11	65	63	63			om	cir cum	6				
1873-03-06	22	-33.02	-71.61			a		https://s3.amazonaws.com/NARAprodstorage/lz/dc-metro/rg-024/581208/2020-03/581208-omaha-002/581208-omaha-002-208.JPG	https://s3.amazonaws.com/NARAprodstorage/lz/dc-metro/rg-024/581208/2020-03/581208-omaha-002/581208-omaha-002-208.JPG	 						0	0	0	30.11	65	63	63			om	cir cum	6				
1873-03-06	23	-33.02	-71.61			a		https://s3.amazonaws.com/NARAprodstorage/lz/dc-metro/rg-024/581208/2020-03/581208-omaha-002/581208-omaha-002-208.JPG	https://s3.amazonaws.com/NARAprodstorage/lz/dc-metro/rg-024/581208/2020-03/581208-omaha-002/581208-omaha-002-208.JPG	 						0	0	0	30.11	65	63	63			om	cir cum	6				
1873-03-06	24	-33.02	-71.61			a		https://s3.amazonaws.com/NARAprodstorage/lz/dc-metro/rg-024/581208/2020-03/581208-omaha-002/581208-omaha-002-208.JPG	https://s3.amazonaws.com/NARAprodstorage/lz/dc-metro/rg-024/581208/2020-03/581208-omaha-002/581208-omaha-002-208.JPG	 						0	0	0	30.11	65	63	63			om	cir cum	6				
1873-03-07	1	-33.02	-71.61			a		https://s3.amazonaws.com/NARAprodstorage/lz/dc-metro/rg-024/581208/2020-03/581208-omaha-002/581208-omaha-002-209.JPG	https://s3.amazonaws.com/NARAprodstorage/lz/dc-metro/rg-024/581208/2020-03/581208-omaha-002/581208-omaha-002-209.JPG	 						135	151	2	30.1	61	60	59			oc	cum	0				
1873-03-07	2	-33.02	-71.61			a		https://s3.amazonaws.com/NARAprodstorage/lz/dc-metro/rg-024/581208/2020-03/581208-omaha-002/581208-omaha-002-209.JPG	https://s3.amazonaws.com/NARAprodstorage/lz/dc-metro/rg-024/581208/2020-03/581208-omaha-002/581208-omaha-002-209.JPG	 						135	151	2	30.1	60	60	60			oc	cum	0				
1873-03-07	3	-33.02	-71.61			a		https://s3.amazonaws.com/NARAprodstorage/lz/dc-metro/rg-024/581208/2020-03/581208-omaha-002/581208-omaha-002-209.JPG	https://s3.amazonaws.com/NARAprodstorage/lz/dc-metro/rg-024/581208/2020-03/581208-omaha-002/581208-omaha-002-209.JPG	 						135	151	2	30.1	59	59	58			oc	cum	0				
1873-03-07	4	-33.02	-71.61			a		https://s3.amazonaws.com/NARAprodstorage/lz/dc-metro/rg-024/581208/2020-03/581208-omaha-002/581208-omaha-002-209.JPG	https://s3.amazonaws.com/NARAprodstorage/lz/dc-metro/rg-024/581208/2020-03/581208-omaha-002/581208-omaha-002-209.JPG	 						180	196	2	30.1	59	59	58			oc	cum	0				
1873-03-07	5	-33.02	-71.61			a		https://s3.amazonaws.com/NARAprodstorage/lz/dc-metro/rg-024/581208/2020-03/581208-omaha-002/581208-omaha-002-209.JPG	https://s3.amazonaws.com/NARAprodstorage/lz/dc-metro/rg-024/581208/2020-03/581208-omaha-002/581208-omaha-002-209.JPG	 						180	196	2	30.1	59	59	58			oc	cum	0				
1873-03-07	6	-33.02	-71.61			a		https://s3.amazonaws.com/NARAprodstorage/lz/dc-metro/rg-024/581208/2020-03/581208-omaha-002/581208-omaha-002-209.JPG	https://s3.amazonaws.com/NARAprodstorage/lz/dc-metro/rg-024/581208/2020-03/581208-omaha-002/581208-omaha-002-209.JPG	 						180	196	2	30.1	59	59	58			oc	cum	0				
1873-03-07	7	-33.02	-71.61			a		https://s3.amazonaws.com/NARAprodstorage/lz/dc-metro/rg-024/581208/2020-03/581208-omaha-002/581208-omaha-002-209.JPG	https://s3.amazonaws.com/NARAprodstorage/lz/dc-metro/rg-024/581208/2020-03/581208-omaha-002/581208-omaha-002-209.JPG	 						180	196	2	30.1	59	59	58			oc	cum	0				
1873-03-07	8	-33.02	-71.61			a		https://s3.amazonaws.com/NARAprodstorage/lz/dc-metro/rg-024/581208/2020-03/581208-omaha-002/581208-omaha-002-209.JPG	https://s3.amazonaws.com/NARAprodstorage/lz/dc-metro/rg-024/581208/2020-03/581208-omaha-002/581208-omaha-002-209.JPG	 						180	196	2	30.1	59	59	58			oc	cum	0				
1873-03-07	9	-33.02	-71.61			a		https://s3.amazonaws.com/NARAprodstorage/lz/dc-metro/rg-024/581208/2020-03/581208-omaha-002/581208-omaha-002-209.JPG	https://s3.amazonaws.com/NARAprodstorage/lz/dc-metro/rg-024/581208/2020-03/581208-omaha-002/581208-omaha-002-209.JPG	 						180	196	2	30.11	62	60	60			oc	cum nim	0				
1873-03-07	10	-33.02	-71.61			a		https://s3.amazonaws.com/NARAprodstorage/lz/dc-metro/rg-024/581208/2020-03/581208-omaha-002/581208-omaha-002-209.JPG	https://s3.amazonaws.com/NARAprodstorage/lz/dc-metro/rg-024/581208/2020-03/581208-omaha-002/581208-omaha-002-209.JPG	 						180	196	2	30.11	62	60	60			oc	cum nim	0				
1873-03-07	11	-33.02	-71.61			a		https://s3.amazonaws.com/NARAprodstorage/lz/dc-metro/rg-024/581208/2020-03/581208-omaha-002/581208-omaha-002-209.JPG	https://s3.amazonaws.com/NARAprodstorage/lz/dc-metro/rg-024/581208/2020-03/581208-omaha-002/581208-omaha-002-209.JPG	 						180	196	2	30.11	62	60	60			oc	cum nim	0				
1873-03-07	12	-33.02	-71.61			a		https://s3.amazonaws.com/NARAprodstorage/lz/dc-metro/rg-024/581208/2020-03/581208-omaha-002/581208-omaha-002-209.JPG	https://s3.amazonaws.com/NARAprodstorage/lz/dc-metro/rg-024/581208/2020-03/581208-omaha-002/581208-omaha-002-209.JPG	Noon: Valparaiso						180	196	2	30.11	62	60	60			oc	cum nim	0				
1873-03-07	13	-33.02	-71.61			a		https://s3.amazonaws.com/NARAprodstorage/lz/dc-metro/rg-024/581208/2020-03/581208-omaha-002/581208-omaha-002-209.JPG	https://s3.amazonaws.com/NARAprodstorage/lz/dc-metro/rg-024/581208/2020-03/581208-omaha-002/581208-omaha-002-209.JPG	 						0	0	0	30.12	64	64	64			oc	cum nimb	0				
1873-03-07	14	-33.02	-71.61			a		https://s3.amazonaws.com/NARAprodstorage/lz/dc-metro/rg-024/581208/2020-03/581208-omaha-002/581208-omaha-002-209.JPG	https://s3.amazonaws.com/NARAprodstorage/lz/dc-metro/rg-024/581208/2020-03/581208-omaha-002/581208-omaha-002-209.JPG	 						0	0	0	30.12	64	64	64			oc	cum nimb	0				
1873-03-07	15	-33.02	-71.61			a		https://s3.amazonaws.com/NARAprodstorage/lz/dc-metro/rg-024/581208/2020-03/581208-omaha-002/581208-omaha-002-209.JPG	https://s3.amazonaws.com/NARAprodstorage/lz/dc-metro/rg-024/581208/2020-03/581208-omaha-002/581208-omaha-002-209.JPG	 						225	241	2	30.13	64	64	64			oc	cum nimb	0				
1873-03-07	16	-33.02	-71.61			a		https://s3.amazonaws.com/NARAprodstorage/lz/dc-metro/rg-024/581208/2020-03/581208-omaha-002/581208-omaha-002-209.JPG	https://s3.amazonaws.com/NARAprodstorage/lz/dc-metro/rg-024/581208/2020-03/581208-omaha-002/581208-omaha-002-209.JPG	 						225	241	2	30.13	64	64	64			oc	cum nimb	0				
1873-03-07	17	-33.02	-71.61			a		https://s3.amazonaws.com/NARAprodstorage/lz/dc-metro/rg-024/581208/2020-03/581208-omaha-002/581208-omaha-002-209.JPG	https://s3.amazonaws.com/NARAprodstorage/lz/dc-metro/rg-024/581208/2020-03/581208-omaha-002/581208-omaha-002-209.JPG	 						225	241	5	30.22	64	64	64			bh		9				"1700: Put in use the new mercurial Barometer, difference between the Mercurial and Aneroid being one tenth inch, the first having highest reading."
1873-03-07	18	-33.02	-71.61			a		https://s3.amazonaws.com/NARAprodstorage/lz/dc-metro/rg-024/581208/2020-03/581208-omaha-002/581208-omaha-002-209.JPG	https://s3.amazonaws.com/NARAprodstorage/lz/dc-metro/rg-024/581208/2020-03/581208-omaha-002/581208-omaha-002-209.JPG	 						225	241	5	30.21	64	64	64			bh		9				
1873-03-07	19	-33.02	-71.61			a		https://s3.amazonaws.com/NARAprodstorage/lz/dc-metro/rg-024/581208/2020-03/581208-omaha-002/581208-omaha-002-209.JPG	https://s3.amazonaws.com/NARAprodstorage/lz/dc-metro/rg-024/581208/2020-03/581208-omaha-002/581208-omaha-002-209.JPG	 						225	241	5	30.2	64	64	64			bh		9				
1873-03-07	20	-33.02	-71.61			a		https://s3.amazonaws.com/NARAprodstorage/lz/dc-metro/rg-024/581208/2020-03/581208-omaha-002/581208-omaha-002-209.JPG	https://s3.amazonaws.com/NARAprodstorage/lz/dc-metro/rg-024/581208/2020-03/581208-omaha-002/581208-omaha-002-209.JPG	 						225	241	5	30.2	64	64	64			bh		9				
1873-03-07	21	-33.02	-71.61			a		https://s3.amazonaws.com/NARAprodstorage/lz/dc-metro/rg-024/581208/2020-03/581208-omaha-002/581208-omaha-002-209.JPG	https://s3.amazonaws.com/NARAprodstorage/lz/dc-metro/rg-024/581208/2020-03/581208-omaha-002/581208-omaha-002-209.JPG	 						225	241	5	30.2	64	64	64			bh		9				
1873-03-07	22	-33.02	-71.61			a		https://s3.amazonaws.com/NARAprodstorage/lz/dc-metro/rg-024/581208/2020-03/581208-omaha-002/581208-omaha-002-209.JPG	https://s3.amazonaws.com/NARAprodstorage/lz/dc-metro/rg-024/581208/2020-03/581208-omaha-002/581208-omaha-002-209.JPG	 						225	241	5	30.2	64	64	64			bh		9				
1873-03-07	23	-33.02	-71.61			a		https://s3.amazonaws.com/NARAprodstorage/lz/dc-metro/rg-024/581208/2020-03/581208-omaha-002/581208-omaha-002-209.JPG	https://s3.amazonaws.com/NARAprodstorage/lz/dc-metro/rg-024/581208/2020-03/581208-omaha-002/581208-omaha-002-209.JPG	 						225	241	5	30.2	64	64	64			bh		9				
1873-03-07	24	-33.02	-71.61			a		https://s3.amazonaws.com/NARAprodstorage/lz/dc-metro/rg-024/581208/2020-03/581208-omaha-002/581208-omaha-002-209.JPG	https://s3.amazonaws.com/NARAprodstorage/lz/dc-metro/rg-024/581208/2020-03/581208-omaha-002/581208-omaha-002-209.JPG	 						225	241	5	30.2	64	64	64			bh		9				
1873-03-08	1	-33.02	-71.61			a		https://s3.amazonaws.com/NARAprodstorage/lz/dc-metro/rg-024/581208/2020-03/581208-omaha-002/581208-omaha-002-210.JPG	https://s3.amazonaws.com/NARAprodstorage/lz/dc-metro/rg-024/581208/2020-03/581208-omaha-002/581208-omaha-002-210.JPG	 						225	241	2	30.14	69	60	60			ocm	cum	0				
1873-03-08	2	-33.02	-71.61			a		https://s3.amazonaws.com/NARAprodstorage/lz/dc-metro/rg-024/581208/2020-03/581208-omaha-002/581208-omaha-002-210.JPG	https://s3.amazonaws.com/NARAprodstorage/lz/dc-metro/rg-024/581208/2020-03/581208-omaha-002/581208-omaha-002-210.JPG	 						225	241	3	30.14	69	60	60			ocm	cum	0				
1873-03-08	3	-33.02	-71.61			a		https://s3.amazonaws.com/NARAprodstorage/lz/dc-metro/rg-024/581208/2020-03/581208-omaha-002/581208-omaha-002-210.JPG	https://s3.amazonaws.com/NARAprodstorage/lz/dc-metro/rg-024/581208/2020-03/581208-omaha-002/581208-omaha-002-210.JPG	 						225	241	3	30.12	69	60	60			ocm	cum	0				
1873-03-08	4	-33.02	-71.61			a		https://s3.amazonaws.com/NARAprodstorage/lz/dc-metro/rg-024/581208/2020-03/581208-omaha-002/581208-omaha-002-210.JPG	https://s3.amazonaws.com/NARAprodstorage/lz/dc-metro/rg-024/581208/2020-03/581208-omaha-002/581208-omaha-002-210.JPG	 						225	241	5	30.11	69	60	60			ocm	cum	0				
1873-03-08	5	-33.02	-71.61			a		https://s3.amazonaws.com/NARAprodstorage/lz/dc-metro/rg-024/581208/2020-03/581208-omaha-002/581208-omaha-002-210.JPG	https://s3.amazonaws.com/NARAprodstorage/lz/dc-metro/rg-024/581208/2020-03/581208-omaha-002/581208-omaha-002-210.JPG	 						225	241	2	30.11	69	60	60			ocm	cir cum	0				
1873-03-08	6	-33.02	-71.61			a		https://s3.amazonaws.com/NARAprodstorage/lz/dc-metro/rg-024/581208/2020-03/581208-omaha-002/581208-omaha-002-210.JPG	https://s3.amazonaws.com/NARAprodstorage/lz/dc-metro/rg-024/581208/2020-03/581208-omaha-002/581208-omaha-002-210.JPG	 						225	241	2	30.16	69	61	61			ocm	cir cum	0				
1873-03-08	7	-33.02	-71.61			a		https://s3.amazonaws.com/NARAprodstorage/lz/dc-metro/rg-024/581208/2020-03/581208-omaha-002/581208-omaha-002-210.JPG	https://s3.amazonaws.com/NARAprodstorage/lz/dc-metro/rg-024/581208/2020-03/581208-omaha-002/581208-omaha-002-210.JPG	 						225	241	2	30.2	69	61	61			ocm	cir cum	0				
1873-03-08	8	-33.02	-71.61			a		https://s3.amazonaws.com/NARAprodstorage/lz/dc-metro/rg-024/581208/2020-03/581208-omaha-002/581208-omaha-002-210.JPG	https://s3.amazonaws.com/NARAprodstorage/lz/dc-metro/rg-024/581208/2020-03/581208-omaha-002/581208-omaha-002-210.JPG	 						225	241	5	30.2	69	61	61			ocm	cir cum	0				
1873-03-08	9	-33.02	-71.61			a		https://s3.amazonaws.com/NARAprodstorage/lz/dc-metro/rg-024/581208/2020-03/581208-omaha-002/581208-omaha-002-210.JPG	https://s3.amazonaws.com/NARAprodstorage/lz/dc-metro/rg-024/581208/2020-03/581208-omaha-002/581208-omaha-002-210.JPG	 						225	241	5	30.2	69	61	61			ocm	cir cum	0				
1873-03-08	10	-33.02	-71.61			a		https://s3.amazonaws.com/NARAprodstorage/lz/dc-metro/rg-024/581208/2020-03/581208-omaha-002/581208-omaha-002-210.JPG	https://s3.amazonaws.com/NARAprodstorage/lz/dc-metro/rg-024/581208/2020-03/581208-omaha-002/581208-omaha-002-210.JPG	 						225	241	5	30.2	69	61	61			ocm	cir cum	0				
1873-03-08	11	-33.02	-71.61			a		https://s3.amazonaws.com/NARAprodstorage/lz/dc-metro/rg-024/581208/2020-03/581208-omaha-002/581208-omaha-002-210.JPG	https://s3.amazonaws.com/NARAprodstorage/lz/dc-metro/rg-024/581208/2020-03/581208-omaha-002/581208-omaha-002-210.JPG	 						225	241	5	30.2	69	61	61			ocm	cir cum	0				
1873-03-08	12	-33.02	-71.61			a		https://s3.amazonaws.com/NARAprodstorage/lz/dc-metro/rg-024/581208/2020-03/581208-omaha-002/581208-omaha-002-210.JPG	https://s3.amazonaws.com/NARAprodstorage/lz/dc-metro/rg-024/581208/2020-03/581208-omaha-002/581208-omaha-002-210.JPG	Noon: Valparaiso						225	241	5	30.2	69	61	61			ocm	cir cum	0				
1873-03-08	13	-33.02	-71.61			a		https://s3.amazonaws.com/NARAprodstorage/lz/dc-metro/rg-024/581208/2020-03/581208-omaha-002/581208-omaha-002-210.JPG	https://s3.amazonaws.com/NARAprodstorage/lz/dc-metro/rg-024/581208/2020-03/581208-omaha-002/581208-omaha-002-210.JPG	 						225	241	2	30.22	64	62	62			bc	cir nim	8				
1873-03-08	14	-33.02	-71.61			a		https://s3.amazonaws.com/NARAprodstorage/lz/dc-metro/rg-024/581208/2020-03/581208-omaha-002/581208-omaha-002-210.JPG	https://s3.amazonaws.com/NARAprodstorage/lz/dc-metro/rg-024/581208/2020-03/581208-omaha-002/581208-omaha-002-210.JPG	 						225	241	5	30.22	64	62	62			bc	cir nim	8				
1873-03-08	15	-33.02	-71.61			a		https://s3.amazonaws.com/NARAprodstorage/lz/dc-metro/rg-024/581208/2020-03/581208-omaha-002/581208-omaha-002-210.JPG	https://s3.amazonaws.com/NARAprodstorage/lz/dc-metro/rg-024/581208/2020-03/581208-omaha-002/581208-omaha-002-210.JPG	 						225	241	5	30.22	64	62	62			b	none	10				
1873-03-08	16	-33.02	-71.61			a		https://s3.amazonaws.com/NARAprodstorage/lz/dc-metro/rg-024/581208/2020-03/581208-omaha-002/581208-omaha-002-210.JPG	https://s3.amazonaws.com/NARAprodstorage/lz/dc-metro/rg-024/581208/2020-03/581208-omaha-002/581208-omaha-002-210.JPG	 						225	241	8	30.22	64	62	62			b	none	10				
1873-03-08	17	-33.02	-71.61			a		https://s3.amazonaws.com/NARAprodstorage/lz/dc-metro/rg-024/581208/2020-03/581208-omaha-002/581208-omaha-002-210.JPG	https://s3.amazonaws.com/NARAprodstorage/lz/dc-metro/rg-024/581208/2020-03/581208-omaha-002/581208-omaha-002-210.JPG	 						225	241	5	30.22	64	62	62			b	none	10				
1873-03-08	18	-33.02	-71.61			a		https://s3.amazonaws.com/NARAprodstorage/lz/dc-metro/rg-024/581208/2020-03/581208-omaha-002/581208-omaha-002-210.JPG	https://s3.amazonaws.com/NARAprodstorage/lz/dc-metro/rg-024/581208/2020-03/581208-omaha-002/581208-omaha-002-210.JPG	 						225	241	5	30.22	64	62	62			b	none	10				
1873-03-08	19	-33.02	-71.61			a		https://s3.amazonaws.com/NARAprodstorage/lz/dc-metro/rg-024/581208/2020-03/581208-omaha-002/581208-omaha-002-210.JPG	https://s3.amazonaws.com/NARAprodstorage/lz/dc-metro/rg-024/581208/2020-03/581208-omaha-002/581208-omaha-002-210.JPG	 						0	0	0	30.22	64	62	62			b	none	10				
1873-03-08	20	-33.02	-71.61			a		https://s3.amazonaws.com/NARAprodstorage/lz/dc-metro/rg-024/581208/2020-03/581208-omaha-002/581208-omaha-002-210.JPG	https://s3.amazonaws.com/NARAprodstorage/lz/dc-metro/rg-024/581208/2020-03/581208-omaha-002/581208-omaha-002-210.JPG	 						0	0	0	30.22	64	62	62			b	none	10				
1873-03-08	21	-33.02	-71.61			a		https://s3.amazonaws.com/NARAprodstorage/lz/dc-metro/rg-024/581208/2020-03/581208-omaha-002/581208-omaha-002-210.JPG	https://s3.amazonaws.com/NARAprodstorage/lz/dc-metro/rg-024/581208/2020-03/581208-omaha-002/581208-omaha-002-210.JPG	 						0	0	0	30.16	63	62	62			b	none	10				
1873-03-08	22	-33.02	-71.61			a		https://s3.amazonaws.com/NARAprodstorage/lz/dc-metro/rg-024/581208/2020-03/581208-omaha-002/581208-omaha-002-210.JPG	https://s3.amazonaws.com/NARAprodstorage/lz/dc-metro/rg-024/581208/2020-03/581208-omaha-002/581208-omaha-002-210.JPG	 						0	0	0	30.14	63	62	62			b	none	10				
1873-03-08	23	-33.02	-71.61			a		https://s3.amazonaws.com/NARAprodstorage/lz/dc-metro/rg-024/581208/2020-03/581208-omaha-002/581208-omaha-002-210.JPG	https://s3.amazonaws.com/NARAprodstorage/lz/dc-metro/rg-024/581208/2020-03/581208-omaha-002/581208-omaha-002-210.JPG	 						0	0	0	30.12	63	62	62			b	none	10				
1873-03-08	24	-33.02	-71.61			a		https://s3.amazonaws.com/NARAprodstorage/lz/dc-metro/rg-024/581208/2020-03/581208-omaha-002/581208-omaha-002-210.JPG	https://s3.amazonaws.com/NARAprodstorage/lz/dc-metro/rg-024/581208/2020-03/581208-omaha-002/581208-omaha-002-210.JPG	 						0	0	0	30.12	63	62	62			b	none	10				
1873-03-09	1	-33.02	-71.61			a		https://s3.amazonaws.com/NARAprodstorage/lz/dc-metro/rg-024/581208/2020-03/581208-omaha-002/581208-omaha-002-211.JPG	https://s3.amazonaws.com/NARAprodstorage/lz/dc-metro/rg-024/581208/2020-03/581208-omaha-002/581208-omaha-002-211.JPG	 						0	0	0	30.16	60	59	59			b	none	10				
1873-03-09	2	-33.02	-71.61			a		https://s3.amazonaws.com/NARAprodstorage/lz/dc-metro/rg-024/581208/2020-03/581208-omaha-002/581208-omaha-002-211.JPG	https://s3.amazonaws.com/NARAprodstorage/lz/dc-metro/rg-024/581208/2020-03/581208-omaha-002/581208-omaha-002-211.JPG	 						0	0	0	30.16	60	59	59			b	none	10				
1873-03-09	3	-33.02	-71.61			a		https://s3.amazonaws.com/NARAprodstorage/lz/dc-metro/rg-024/581208/2020-03/581208-omaha-002/581208-omaha-002-211.JPG	https://s3.amazonaws.com/NARAprodstorage/lz/dc-metro/rg-024/581208/2020-03/581208-omaha-002/581208-omaha-002-211.JPG	 						0	0	0	30.16	60	59	59			b	none	10				
1873-03-09	4	-33.02	-71.61			a		https://s3.amazonaws.com/NARAprodstorage/lz/dc-metro/rg-024/581208/2020-03/581208-omaha-002/581208-omaha-002-211.JPG	https://s3.amazonaws.com/NARAprodstorage/lz/dc-metro/rg-024/581208/2020-03/581208-omaha-002/581208-omaha-002-211.JPG	 						0	0	0	30.16	60	59	59			b	none	10				
1873-03-09	5	-33.02	-71.61			a		https://s3.amazonaws.com/NARAprodstorage/lz/dc-metro/rg-024/581208/2020-03/581208-omaha-002/581208-omaha-002-211.JPG	https://s3.amazonaws.com/NARAprodstorage/lz/dc-metro/rg-024/581208/2020-03/581208-omaha-002/581208-omaha-002-211.JPG	 						0	0	0	30.16	60	59	59			b	none	10				
1873-03-09	6	-33.02	-71.61			a		https://s3.amazonaws.com/NARAprodstorage/lz/dc-metro/rg-024/581208/2020-03/581208-omaha-002/581208-omaha-002-211.JPG	https://s3.amazonaws.com/NARAprodstorage/lz/dc-metro/rg-024/581208/2020-03/581208-omaha-002/581208-omaha-002-211.JPG	 						0	0	0	30.16	60	59	59			b	none	10				
1873-03-09	7	-33.02	-71.61			a		https://s3.amazonaws.com/NARAprodstorage/lz/dc-metro/rg-024/581208/2020-03/581208-omaha-002/581208-omaha-002-211.JPG	https://s3.amazonaws.com/NARAprodstorage/lz/dc-metro/rg-024/581208/2020-03/581208-omaha-002/581208-omaha-002-211.JPG	 						0	0	0	30.16	60	59	59			b	none	10				
1873-03-09	8	-33.02	-71.61			a		https://s3.amazonaws.com/NARAprodstorage/lz/dc-metro/rg-024/581208/2020-03/581208-omaha-002/581208-omaha-002-211.JPG	https://s3.amazonaws.com/NARAprodstorage/lz/dc-metro/rg-024/581208/2020-03/581208-omaha-002/581208-omaha-002-211.JPG	 						0	0	0	30.16	60	59	59			b	none	10				
1873-03-09	9	-33.02	-71.61			a		https://s3.amazonaws.com/NARAprodstorage/lz/dc-metro/rg-024/581208/2020-03/581208-omaha-002/581208-omaha-002-211.JPG	https://s3.amazonaws.com/NARAprodstorage/lz/dc-metro/rg-024/581208/2020-03/581208-omaha-002/581208-omaha-002-211.JPG	 						0	0	0	30.12	62	64	64			b	none	10				
1873-03-09	10	-33.02	-71.61			a		https://s3.amazonaws.com/NARAprodstorage/lz/dc-metro/rg-024/581208/2020-03/581208-omaha-002/581208-omaha-002-211.JPG	https://s3.amazonaws.com/NARAprodstorage/lz/dc-metro/rg-024/581208/2020-03/581208-omaha-002/581208-omaha-002-211.JPG	 						0	0	0	30.1	63	64	64			b	none	10				
1873-03-09	11	-33.02	-71.61			a		https://s3.amazonaws.com/NARAprodstorage/lz/dc-metro/rg-024/581208/2020-03/581208-omaha-002/581208-omaha-002-211.JPG	https://s3.amazonaws.com/NARAprodstorage/lz/dc-metro/rg-024/581208/2020-03/581208-omaha-002/581208-omaha-002-211.JPG	 						225	241	0	30.08	63	63	63			b	none	10				
1873-03-09	12	-33.02	-71.61			a		https://s3.amazonaws.com/NARAprodstorage/lz/dc-metro/rg-024/581208/2020-03/581208-omaha-002/581208-omaha-002-211.JPG	https://s3.amazonaws.com/NARAprodstorage/lz/dc-metro/rg-024/581208/2020-03/581208-omaha-002/581208-omaha-002-211.JPG	Noon: Valparaiso						225	241	0	30.08	63	63	63			b	none	10				
1873-03-09	13	-33.02	-71.61			a		https://s3.amazonaws.com/NARAprodstorage/lz/dc-metro/rg-024/581208/2020-03/581208-omaha-002/581208-omaha-002-211.JPG	https://s3.amazonaws.com/NARAprodstorage/lz/dc-metro/rg-024/581208/2020-03/581208-omaha-002/581208-omaha-002-211.JPG	 						225	241	5	30.1	64	64	64			b	none	10				
1873-03-09	14	-33.02	-71.61			a		https://s3.amazonaws.com/NARAprodstorage/lz/dc-metro/rg-024/581208/2020-03/581208-omaha-002/581208-omaha-002-211.JPG	https://s3.amazonaws.com/NARAprodstorage/lz/dc-metro/rg-024/581208/2020-03/581208-omaha-002/581208-omaha-002-211.JPG	 						225	241	13	30.12	65	65	66			b	none	10				
1873-03-09	15	-33.02	-71.61			a		https://s3.amazonaws.com/NARAprodstorage/lz/dc-metro/rg-024/581208/2020-03/581208-omaha-002/581208-omaha-002-211.JPG	https://s3.amazonaws.com/NARAprodstorage/lz/dc-metro/rg-024/581208/2020-03/581208-omaha-002/581208-omaha-002-211.JPG	 						225	241	13	30.13	67	67	70			b	none	10				
1873-03-09	16	-33.02	-71.61			a		https://s3.amazonaws.com/NARAprodstorage/lz/dc-metro/rg-024/581208/2020-03/581208-omaha-002/581208-omaha-002-211.JPG	https://s3.amazonaws.com/NARAprodstorage/lz/dc-metro/rg-024/581208/2020-03/581208-omaha-002/581208-omaha-002-211.JPG	 						180	196	8	30.14	70	69	73			b	none	10				
1873-03-09	17	-33.02	-71.61			a		https://s3.amazonaws.com/NARAprodstorage/lz/dc-metro/rg-024/581208/2020-03/581208-omaha-002/581208-omaha-002-211.JPG	https://s3.amazonaws.com/NARAprodstorage/lz/dc-metro/rg-024/581208/2020-03/581208-omaha-002/581208-omaha-002-211.JPG	 						180	196	5	30.14	70	68	69			b	none	10				
1873-03-09	18	-33.02	-71.61			a		https://s3.amazonaws.com/NARAprodstorage/lz/dc-metro/rg-024/581208/2020-03/581208-omaha-002/581208-omaha-002-211.JPG	https://s3.amazonaws.com/NARAprodstorage/lz/dc-metro/rg-024/581208/2020-03/581208-omaha-002/581208-omaha-002-211.JPG	 						0	0	0	30.14	70	68	69			b	none	10				
1873-03-09	19	-33.02	-71.61			a		https://s3.amazonaws.com/NARAprodstorage/lz/dc-metro/rg-024/581208/2020-03/581208-omaha-002/581208-omaha-002-211.JPG	https://s3.amazonaws.com/NARAprodstorage/lz/dc-metro/rg-024/581208/2020-03/581208-omaha-002/581208-omaha-002-211.JPG	 						0	0	0	30.14	70	68	69			b	none	10				
1873-03-09	20	-33.02	-71.61			a		https://s3.amazonaws.com/NARAprodstorage/lz/dc-metro/rg-024/581208/2020-03/581208-omaha-002/581208-omaha-002-211.JPG	https://s3.amazonaws.com/NARAprodstorage/lz/dc-metro/rg-024/581208/2020-03/581208-omaha-002/581208-omaha-002-211.JPG	 						0	0	0	30.14	70	68	69			b	none	10				
1873-03-09	21	-33.02	-71.61			a		https://s3.amazonaws.com/NARAprodstorage/lz/dc-metro/rg-024/581208/2020-03/581208-omaha-002/581208-omaha-002-211.JPG	https://s3.amazonaws.com/NARAprodstorage/lz/dc-metro/rg-024/581208/2020-03/581208-omaha-002/581208-omaha-002-211.JPG	 						0	0	0	30.14	69	67	68			b	none	10				
1873-03-09	22	-33.02	-71.61			a		https://s3.amazonaws.com/NARAprodstorage/lz/dc-metro/rg-024/581208/2020-03/581208-omaha-002/581208-omaha-002-211.JPG	https://s3.amazonaws.com/NARAprodstorage/lz/dc-metro/rg-024/581208/2020-03/581208-omaha-002/581208-omaha-002-211.JPG	 						0	0	0	30.14	68	67	67			b	none	10				
1873-03-09	23	-33.02	-71.61			a		https://s3.amazonaws.com/NARAprodstorage/lz/dc-metro/rg-024/581208/2020-03/581208-omaha-002/581208-omaha-002-211.JPG	https://s3.amazonaws.com/NARAprodstorage/lz/dc-metro/rg-024/581208/2020-03/581208-omaha-002/581208-omaha-002-211.JPG	 						0	0	0	30.14	66	66	67			b	none	10				
1873-03-09	24	-33.02	-71.61			a		https://s3.amazonaws.com/NARAprodstorage/lz/dc-metro/rg-024/581208/2020-03/581208-omaha-002/581208-omaha-002-211.JPG	https://s3.amazonaws.com/NARAprodstorage/lz/dc-metro/rg-024/581208/2020-03/581208-omaha-002/581208-omaha-002-211.JPG	 						0	0	0	30.14	65	64	66			b	none	10				
1873-03-10	1	-33.02	-71.61			a		https://s3.amazonaws.com/NARAprodstorage/lz/dc-metro/rg-024/581208/2020-03/581208-omaha-002/581208-omaha-002-212.JPG	https://s3.amazonaws.com/NARAprodstorage/lz/dc-metro/rg-024/581208/2020-03/581208-omaha-002/581208-omaha-002-212.JPG	 						0	0	0	30.12	65	61	62	60		b	none	10				
1873-03-10	2	-33.02	-71.61			a		https://s3.amazonaws.com/NARAprodstorage/lz/dc-metro/rg-024/581208/2020-03/581208-omaha-002/581208-omaha-002-212.JPG	https://s3.amazonaws.com/NARAprodstorage/lz/dc-metro/rg-024/581208/2020-03/581208-omaha-002/581208-omaha-002-212.JPG	 						0	0	0	30.12	65	61	62	60		b	none	10				
1873-03-10	3	-33.02	-71.61			a		https://s3.amazonaws.com/NARAprodstorage/lz/dc-metro/rg-024/581208/2020-03/581208-omaha-002/581208-omaha-002-212.JPG	https://s3.amazonaws.com/NARAprodstorage/lz/dc-metro/rg-024/581208/2020-03/581208-omaha-002/581208-omaha-002-212.JPG	 						0	0	0	30.12	65	61	62	60		b	none	10				
1873-03-10	4	-33.02	-71.61			a		https://s3.amazonaws.com/NARAprodstorage/lz/dc-metro/rg-024/581208/2020-03/581208-omaha-002/581208-omaha-002-212.JPG	https://s3.amazonaws.com/NARAprodstorage/lz/dc-metro/rg-024/581208/2020-03/581208-omaha-002/581208-omaha-002-212.JPG	 						0	0	0	30.1	65	60	61	60		b	none	10				
1873-03-10	5	-33.02	-71.61			a		https://s3.amazonaws.com/NARAprodstorage/lz/dc-metro/rg-024/581208/2020-03/581208-omaha-002/581208-omaha-002-212.JPG	https://s3.amazonaws.com/NARAprodstorage/lz/dc-metro/rg-024/581208/2020-03/581208-omaha-002/581208-omaha-002-212.JPG	 						0	0	0	30.1	65	60	61	60		b	none	10				
1873-03-10	6	-33.02	-71.61			a		https://s3.amazonaws.com/NARAprodstorage/lz/dc-metro/rg-024/581208/2020-03/581208-omaha-002/581208-omaha-002-212.JPG	https://s3.amazonaws.com/NARAprodstorage/lz/dc-metro/rg-024/581208/2020-03/581208-omaha-002/581208-omaha-002-212.JPG	 						0	0	0	30.1	65	60	61	60		b	none	10				
1873-03-10	7	-33.02	-71.61			a		https://s3.amazonaws.com/NARAprodstorage/lz/dc-metro/rg-024/581208/2020-03/581208-omaha-002/581208-omaha-002-212.JPG	https://s3.amazonaws.com/NARAprodstorage/lz/dc-metro/rg-024/581208/2020-03/581208-omaha-002/581208-omaha-002-212.JPG	 						0	0	0	30.1	65	60	61	60		b	none	10				
1873-03-10	8	-33.02	-71.61			a		https://s3.amazonaws.com/NARAprodstorage/lz/dc-metro/rg-024/581208/2020-03/581208-omaha-002/581208-omaha-002-212.JPG	https://s3.amazonaws.com/NARAprodstorage/lz/dc-metro/rg-024/581208/2020-03/581208-omaha-002/581208-omaha-002-212.JPG	 						0	0	0	30.1	65	60	61	60		b	none	10				
1873-03-10	9	-33.02	-71.61			a		https://s3.amazonaws.com/NARAprodstorage/lz/dc-metro/rg-024/581208/2020-03/581208-omaha-002/581208-omaha-002-212.JPG	https://s3.amazonaws.com/NARAprodstorage/lz/dc-metro/rg-024/581208/2020-03/581208-omaha-002/581208-omaha-002-212.JPG	 						0	0	0	30.1	66	62	62	60		b	none	10				
1873-03-10	10	-33.02	-71.61			a		https://s3.amazonaws.com/NARAprodstorage/lz/dc-metro/rg-024/581208/2020-03/581208-omaha-002/581208-omaha-002-212.JPG	https://s3.amazonaws.com/NARAprodstorage/lz/dc-metro/rg-024/581208/2020-03/581208-omaha-002/581208-omaha-002-212.JPG	 						0	0	0	30.1	67	65	64	60		b	none	10				
1873-03-10	11	-33.02	-71.61			a		https://s3.amazonaws.com/NARAprodstorage/lz/dc-metro/rg-024/581208/2020-03/581208-omaha-002/581208-omaha-002-212.JPG	https://s3.amazonaws.com/NARAprodstorage/lz/dc-metro/rg-024/581208/2020-03/581208-omaha-002/581208-omaha-002-212.JPG	 						0	0	0	30.1	67	67	67	60		b	none	10				
1873-03-10	12	-33.02	-71.61			a		https://s3.amazonaws.com/NARAprodstorage/lz/dc-metro/rg-024/581208/2020-03/581208-omaha-002/581208-omaha-002-212.JPG	https://s3.amazonaws.com/NARAprodstorage/lz/dc-metro/rg-024/581208/2020-03/581208-omaha-002/581208-omaha-002-212.JPG	Noon: Valparaiso						0	0	0	30.1	67	68	67	60		b	none	10				
1873-03-10	13	-33.02	-71.61			a		https://s3.amazonaws.com/NARAprodstorage/lz/dc-metro/rg-024/581208/2020-03/581208-omaha-002/581208-omaha-002-212.JPG	https://s3.amazonaws.com/NARAprodstorage/lz/dc-metro/rg-024/581208/2020-03/581208-omaha-002/581208-omaha-002-212.JPG	 						0	0	0	30.1	70	74	74	60		b	none	10				
1873-03-10	14	-33.02	-71.61			a		https://s3.amazonaws.com/NARAprodstorage/lz/dc-metro/rg-024/581208/2020-03/581208-omaha-002/581208-omaha-002-212.JPG	https://s3.amazonaws.com/NARAprodstorage/lz/dc-metro/rg-024/581208/2020-03/581208-omaha-002/581208-omaha-002-212.JPG	 						0	0	0	30.1	70	74	74	60		b	none	10				
1873-03-10	15	-33.02	-71.61			a		https://s3.amazonaws.com/NARAprodstorage/lz/dc-metro/rg-024/581208/2020-03/581208-omaha-002/581208-omaha-002-212.JPG	https://s3.amazonaws.com/NARAprodstorage/lz/dc-metro/rg-024/581208/2020-03/581208-omaha-002/581208-omaha-002-212.JPG	 						225	241	13	30.1	70	74	74	60		b	none	10				
1873-03-10	16	-33.02	-71.61			a		https://s3.amazonaws.com/NARAprodstorage/lz/dc-metro/rg-024/581208/2020-03/581208-omaha-002/581208-omaha-002-212.JPG	https://s3.amazonaws.com/NARAprodstorage/lz/dc-metro/rg-024/581208/2020-03/581208-omaha-002/581208-omaha-002-212.JPG	 						225	241	8	30.09	70	74	74	60		b	none	10				
1873-03-10	17	-33.02	-71.61			a		https://s3.amazonaws.com/NARAprodstorage/lz/dc-metro/rg-024/581208/2020-03/581208-omaha-002/581208-omaha-002-212.JPG	https://s3.amazonaws.com/NARAprodstorage/lz/dc-metro/rg-024/581208/2020-03/581208-omaha-002/581208-omaha-002-212.JPG	 						225	241	8	30.09	69	72	72	60		b	none	10				
1873-03-10	18	-33.02	-71.61			a		https://s3.amazonaws.com/NARAprodstorage/lz/dc-metro/rg-024/581208/2020-03/581208-omaha-002/581208-omaha-002-212.JPG	https://s3.amazonaws.com/NARAprodstorage/lz/dc-metro/rg-024/581208/2020-03/581208-omaha-002/581208-omaha-002-212.JPG	 						225	241	5	30.09	69	72	72	60		b	none	10				
1873-03-10	19	-33.02	-71.61			a		https://s3.amazonaws.com/NARAprodstorage/lz/dc-metro/rg-024/581208/2020-03/581208-omaha-002/581208-omaha-002-212.JPG	https://s3.amazonaws.com/NARAprodstorage/lz/dc-metro/rg-024/581208/2020-03/581208-omaha-002/581208-omaha-002-212.JPG	 						225	241	5	30.09	69	71	71	60		b	none	10				
1873-03-10	20	-33.02	-71.61			a		https://s3.amazonaws.com/NARAprodstorage/lz/dc-metro/rg-024/581208/2020-03/581208-omaha-002/581208-omaha-002-212.JPG	https://s3.amazonaws.com/NARAprodstorage/lz/dc-metro/rg-024/581208/2020-03/581208-omaha-002/581208-omaha-002-212.JPG	 						225	241	2	30.08	69	71	71	60		b	none	10				
1873-03-10	21	-33.02	-71.61			a		https://s3.amazonaws.com/NARAprodstorage/lz/dc-metro/rg-024/581208/2020-03/581208-omaha-002/581208-omaha-002-212.JPG	https://s3.amazonaws.com/NARAprodstorage/lz/dc-metro/rg-024/581208/2020-03/581208-omaha-002/581208-omaha-002-212.JPG	 						225	241	2	30.08	67	69	69	60		b	none	10				
1873-03-10	22	-33.02	-71.61			a		https://s3.amazonaws.com/NARAprodstorage/lz/dc-metro/rg-024/581208/2020-03/581208-omaha-002/581208-omaha-002-212.JPG	https://s3.amazonaws.com/NARAprodstorage/lz/dc-metro/rg-024/581208/2020-03/581208-omaha-002/581208-omaha-002-212.JPG	 						135	151	2	30.08	65	67	67	60		b	none	10				
1873-03-10	23	-33.02	-71.61			a		https://s3.amazonaws.com/NARAprodstorage/lz/dc-metro/rg-024/581208/2020-03/581208-omaha-002/581208-omaha-002-212.JPG	https://s3.amazonaws.com/NARAprodstorage/lz/dc-metro/rg-024/581208/2020-03/581208-omaha-002/581208-omaha-002-212.JPG	 						135	151	2	30.08	65	64	64	60		b	none	10				
1873-03-10	24	-33.02	-71.61			a		https://s3.amazonaws.com/NARAprodstorage/lz/dc-metro/rg-024/581208/2020-03/581208-omaha-002/581208-omaha-002-212.JPG	https://s3.amazonaws.com/NARAprodstorage/lz/dc-metro/rg-024/581208/2020-03/581208-omaha-002/581208-omaha-002-212.JPG	 						135	151	2	30.08	65	64	64	60		b	none	10				
1873-03-11	1	-33.02	-71.61			a		https://s3.amazonaws.com/NARAprodstorage/lz/dc-metro/rg-024/581208/2020-03/581208-omaha-002/581208-omaha-002-213.JPG	https://s3.amazonaws.com/NARAprodstorage/lz/dc-metro/rg-024/581208/2020-03/581208-omaha-002/581208-omaha-002-213.JPG	 						0	0	0	30.1	59	60	60			b	none	10				
1873-03-11	2	-33.02	-71.61			a		https://s3.amazonaws.com/NARAprodstorage/lz/dc-metro/rg-024/581208/2020-03/581208-omaha-002/581208-omaha-002-213.JPG	https://s3.amazonaws.com/NARAprodstorage/lz/dc-metro/rg-024/581208/2020-03/581208-omaha-002/581208-omaha-002-213.JPG	 						0	0	0	30.1	59	60	59			b	none	10				
1873-03-11	3	-33.02	-71.61			a		https://s3.amazonaws.com/NARAprodstorage/lz/dc-metro/rg-024/581208/2020-03/581208-omaha-002/581208-omaha-002-213.JPG	https://s3.amazonaws.com/NARAprodstorage/lz/dc-metro/rg-024/581208/2020-03/581208-omaha-002/581208-omaha-002-213.JPG	 						0	0	0	30.1	59	60	59			b	none	10				
1873-03-11	4	-33.02	-71.61			a		https://s3.amazonaws.com/NARAprodstorage/lz/dc-metro/rg-024/581208/2020-03/581208-omaha-002/581208-omaha-002-213.JPG	https://s3.amazonaws.com/NARAprodstorage/lz/dc-metro/rg-024/581208/2020-03/581208-omaha-002/581208-omaha-002-213.JPG	 						0	0	0	30.1	59	60	59			b	none	10				
1873-03-11	5	-33.02	-71.61			a		https://s3.amazonaws.com/NARAprodstorage/lz/dc-metro/rg-024/581208/2020-03/581208-omaha-002/581208-omaha-002-213.JPG	https://s3.amazonaws.com/NARAprodstorage/lz/dc-metro/rg-024/581208/2020-03/581208-omaha-002/581208-omaha-002-213.JPG	 						0	0	0													
1873-03-11	6	-33.02	-71.61			a		https://s3.amazonaws.com/NARAprodstorage/lz/dc-metro/rg-024/581208/2020-03/581208-omaha-002/581208-omaha-002-213.JPG	https://s3.amazonaws.com/NARAprodstorage/lz/dc-metro/rg-024/581208/2020-03/581208-omaha-002/581208-omaha-002-213.JPG	 						0	0	0													
1873-03-11	7	-33.02	-71.61			a		https://s3.amazonaws.com/NARAprodstorage/lz/dc-metro/rg-024/581208/2020-03/581208-omaha-002/581208-omaha-002-213.JPG	https://s3.amazonaws.com/NARAprodstorage/lz/dc-metro/rg-024/581208/2020-03/581208-omaha-002/581208-omaha-002-213.JPG	 						0	0	0													
1873-03-11	8	-33.02	-71.61			a		https://s3.amazonaws.com/NARAprodstorage/lz/dc-metro/rg-024/581208/2020-03/581208-omaha-002/581208-omaha-002-213.JPG	https://s3.amazonaws.com/NARAprodstorage/lz/dc-metro/rg-024/581208/2020-03/581208-omaha-002/581208-omaha-002-213.JPG	 						0	0	0	30.14	64	61	61			b	None	10				
1873-03-11	9	-33.02	-71.61			a		https://s3.amazonaws.com/NARAprodstorage/lz/dc-metro/rg-024/581208/2020-03/581208-omaha-002/581208-omaha-002-213.JPG	https://s3.amazonaws.com/NARAprodstorage/lz/dc-metro/rg-024/581208/2020-03/581208-omaha-002/581208-omaha-002-213.JPG	 						0	0	0							b	None	10				
1873-03-11	10	-33.02	-71.61			a		https://s3.amazonaws.com/NARAprodstorage/lz/dc-metro/rg-024/581208/2020-03/581208-omaha-002/581208-omaha-002-213.JPG	https://s3.amazonaws.com/NARAprodstorage/lz/dc-metro/rg-024/581208/2020-03/581208-omaha-002/581208-omaha-002-213.JPG	 						0	0	0							b	None	10				
1873-03-11	11	-33.02	-71.61			a		https://s3.amazonaws.com/NARAprodstorage/lz/dc-metro/rg-024/581208/2020-03/581208-omaha-002/581208-omaha-002-213.JPG	https://s3.amazonaws.com/NARAprodstorage/lz/dc-metro/rg-024/581208/2020-03/581208-omaha-002/581208-omaha-002-213.JPG	 						0	0	0							b	None	10				
1873-03-11	12	-33.02	-71.61			a		https://s3.amazonaws.com/NARAprodstorage/lz/dc-metro/rg-024/581208/2020-03/581208-omaha-002/581208-omaha-002-213.JPG	https://s3.amazonaws.com/NARAprodstorage/lz/dc-metro/rg-024/581208/2020-03/581208-omaha-002/581208-omaha-002-213.JPG	Noon: Valparaiso						0	0	0	30.14	64	61	61			b	None	10				
1873-03-11	13	-33.02	-71.61			a		https://s3.amazonaws.com/NARAprodstorage/lz/dc-metro/rg-024/581208/2020-03/581208-omaha-002/581208-omaha-002-213.JPG	https://s3.amazonaws.com/NARAprodstorage/lz/dc-metro/rg-024/581208/2020-03/581208-omaha-002/581208-omaha-002-213.JPG	 						0	0	0	30.16	64	62	62			bc	cum	9				
1873-03-11	14	-33.02	-71.61			a		https://s3.amazonaws.com/NARAprodstorage/lz/dc-metro/rg-024/581208/2020-03/581208-omaha-002/581208-omaha-002-213.JPG	https://s3.amazonaws.com/NARAprodstorage/lz/dc-metro/rg-024/581208/2020-03/581208-omaha-002/581208-omaha-002-213.JPG	 						0	0	0	30.16	64	62	62			bc	cum	9				
1873-03-11	15	-33.02	-71.61			a		https://s3.amazonaws.com/NARAprodstorage/lz/dc-metro/rg-024/581208/2020-03/581208-omaha-002/581208-omaha-002-213.JPG	https://s3.amazonaws.com/NARAprodstorage/lz/dc-metro/rg-024/581208/2020-03/581208-omaha-002/581208-omaha-002-213.JPG	 						270	286	2	30.16	64	62	62			bcm	cum	2				
1873-03-11	16	-33.02	-71.61			a		https://s3.amazonaws.com/NARAprodstorage/lz/dc-metro/rg-024/581208/2020-03/581208-omaha-002/581208-omaha-002-213.JPG	https://s3.amazonaws.com/NARAprodstorage/lz/dc-metro/rg-024/581208/2020-03/581208-omaha-002/581208-omaha-002-213.JPG	 						270	286	2	30.16	64	62	62			bcm	cum	2				
1873-03-11	17	-33.02	-71.61			a		https://s3.amazonaws.com/NARAprodstorage/lz/dc-metro/rg-024/581208/2020-03/581208-omaha-002/581208-omaha-002-213.JPG	https://s3.amazonaws.com/NARAprodstorage/lz/dc-metro/rg-024/581208/2020-03/581208-omaha-002/581208-omaha-002-213.JPG	 						0	0	0	30.16	64	62	62			bcm	cum	4				
1873-03-11	18	-33.02	-71.61			a		https://s3.amazonaws.com/NARAprodstorage/lz/dc-metro/rg-024/581208/2020-03/581208-omaha-002/581208-omaha-002-213.JPG	https://s3.amazonaws.com/NARAprodstorage/lz/dc-metro/rg-024/581208/2020-03/581208-omaha-002/581208-omaha-002-213.JPG	 						0	0	0	30.16	64	62	62			bc	cum	8				
1873-03-11	19	-33.02	-71.61			a		https://s3.amazonaws.com/NARAprodstorage/lz/dc-metro/rg-024/581208/2020-03/581208-omaha-002/581208-omaha-002-213.JPG	https://s3.amazonaws.com/NARAprodstorage/lz/dc-metro/rg-024/581208/2020-03/581208-omaha-002/581208-omaha-002-213.JPG	 						0	0	0	30.16	62	63	62			bc	cum	6				
1873-03-11	20	-33.02	-71.61			a		https://s3.amazonaws.com/NARAprodstorage/lz/dc-metro/rg-024/581208/2020-03/581208-omaha-002/581208-omaha-002-213.JPG	https://s3.amazonaws.com/NARAprodstorage/lz/dc-metro/rg-024/581208/2020-03/581208-omaha-002/581208-omaha-002-213.JPG	 						0	0	0	30.16	61	62	62			bcf	cum	6				
1873-03-11	21	-33.02	-71.61			a		https://s3.amazonaws.com/NARAprodstorage/lz/dc-metro/rg-024/581208/2020-03/581208-omaha-002/581208-omaha-002-213.JPG	https://s3.amazonaws.com/NARAprodstorage/lz/dc-metro/rg-024/581208/2020-03/581208-omaha-002/581208-omaha-002-213.JPG	 																					
1873-03-11	22	-33.02	-71.61			a		https://s3.amazonaws.com/NARAprodstorage/lz/dc-metro/rg-024/581208/2020-03/581208-omaha-002/581208-omaha-002-213.JPG	https://s3.amazonaws.com/NARAprodstorage/lz/dc-metro/rg-024/581208/2020-03/581208-omaha-002/581208-omaha-002-213.JPG	 																					
1873-03-11	23	-33.02	-71.61			a		https://s3.amazonaws.com/NARAprodstorage/lz/dc-metro/rg-024/581208/2020-03/581208-omaha-002/581208-omaha-002-213.JPG	https://s3.amazonaws.com/NARAprodstorage/lz/dc-metro/rg-024/581208/2020-03/581208-omaha-002/581208-omaha-002-213.JPG	 																					
1873-03-11	24	-33.02	-71.61			a		https://s3.amazonaws.com/NARAprodstorage/lz/dc-metro/rg-024/581208/2020-03/581208-omaha-002/581208-omaha-002-213.JPG	https://s3.amazonaws.com/NARAprodstorage/lz/dc-metro/rg-024/581208/2020-03/581208-omaha-002/581208-omaha-002-213.JPG	 																					
1873-03-12	1	-33.02	-71.61			a		https://s3.amazonaws.com/NARAprodstorage/lz/dc-metro/rg-024/581208/2020-03/581208-omaha-002/581208-omaha-002-214.JPG	https://s3.amazonaws.com/NARAprodstorage/lz/dc-metro/rg-024/581208/2020-03/581208-omaha-002/581208-omaha-002-214.JPG	 						0	0	0	30.12	62	59	59			bc	cum	7				
1873-03-12	2	-33.02	-71.61			a		https://s3.amazonaws.com/NARAprodstorage/lz/dc-metro/rg-024/581208/2020-03/581208-omaha-002/581208-omaha-002-214.JPG	https://s3.amazonaws.com/NARAprodstorage/lz/dc-metro/rg-024/581208/2020-03/581208-omaha-002/581208-omaha-002-214.JPG	 						0	0	0	30.1	62	59	59			bc	cum	8				
1873-03-12	3	-33.02	-71.61			a		https://s3.amazonaws.com/NARAprodstorage/lz/dc-metro/rg-024/581208/2020-03/581208-omaha-002/581208-omaha-002-214.JPG	https://s3.amazonaws.com/NARAprodstorage/lz/dc-metro/rg-024/581208/2020-03/581208-omaha-002/581208-omaha-002-214.JPG	 						225	241	2	30.08	62	59	59			bc	cum	8				
1873-03-12	4	-33.02	-71.61			a		https://s3.amazonaws.com/NARAprodstorage/lz/dc-metro/rg-024/581208/2020-03/581208-omaha-002/581208-omaha-002-214.JPG	https://s3.amazonaws.com/NARAprodstorage/lz/dc-metro/rg-024/581208/2020-03/581208-omaha-002/581208-omaha-002-214.JPG	 						0	0	0	30.08	62	59	59			bc	cum	9				
1873-03-12	5	-33.02	-71.61			a		https://s3.amazonaws.com/NARAprodstorage/lz/dc-metro/rg-024/581208/2020-03/581208-omaha-002/581208-omaha-002-214.JPG	https://s3.amazonaws.com/NARAprodstorage/lz/dc-metro/rg-024/581208/2020-03/581208-omaha-002/581208-omaha-002-214.JPG	 						45	61	2	30.09	62	63	63			b	none	10				
1873-03-12	6	-33.02	-71.61			a		https://s3.amazonaws.com/NARAprodstorage/lz/dc-metro/rg-024/581208/2020-03/581208-omaha-002/581208-omaha-002-214.JPG	https://s3.amazonaws.com/NARAprodstorage/lz/dc-metro/rg-024/581208/2020-03/581208-omaha-002/581208-omaha-002-214.JPG	 						45	61	2	30.11	62	63	63			b	none	10				
1873-03-12	7	-33.02	-71.61			a		https://s3.amazonaws.com/NARAprodstorage/lz/dc-metro/rg-024/581208/2020-03/581208-omaha-002/581208-omaha-002-214.JPG	https://s3.amazonaws.com/NARAprodstorage/lz/dc-metro/rg-024/581208/2020-03/581208-omaha-002/581208-omaha-002-214.JPG	 						45	61	2	30.11	62	63	63			b	none	10				
1873-03-12	8	-33.02	-71.61			a		https://s3.amazonaws.com/NARAprodstorage/lz/dc-metro/rg-024/581208/2020-03/581208-omaha-002/581208-omaha-002-214.JPG	https://s3.amazonaws.com/NARAprodstorage/lz/dc-metro/rg-024/581208/2020-03/581208-omaha-002/581208-omaha-002-214.JPG	 						45	61	2	30.11	62	63	63			b	none	10				
1873-03-12	9	-33.02	-71.61			a		https://s3.amazonaws.com/NARAprodstorage/lz/dc-metro/rg-024/581208/2020-03/581208-omaha-002/581208-omaha-002-214.JPG	https://s3.amazonaws.com/NARAprodstorage/lz/dc-metro/rg-024/581208/2020-03/581208-omaha-002/581208-omaha-002-214.JPG	 						90	106	5	30.11	62	63	63			b	none	10				
1873-03-12	10	-33.02	-71.61			a		https://s3.amazonaws.com/NARAprodstorage/lz/dc-metro/rg-024/581208/2020-03/581208-omaha-002/581208-omaha-002-214.JPG	https://s3.amazonaws.com/NARAprodstorage/lz/dc-metro/rg-024/581208/2020-03/581208-omaha-002/581208-omaha-002-214.JPG	 						90	106	5	30.11	62	63	63			b	none	10				
1873-03-12	11	-33.02	-71.61			a		https://s3.amazonaws.com/NARAprodstorage/lz/dc-metro/rg-024/581208/2020-03/581208-omaha-002/581208-omaha-002-214.JPG	https://s3.amazonaws.com/NARAprodstorage/lz/dc-metro/rg-024/581208/2020-03/581208-omaha-002/581208-omaha-002-214.JPG	 						90	106	5	30.11	62	63	63			b	none	10				
1873-03-12	12	-33.02	-71.61			a		https://s3.amazonaws.com/NARAprodstorage/lz/dc-metro/rg-024/581208/2020-03/581208-omaha-002/581208-omaha-002-214.JPG	https://s3.amazonaws.com/NARAprodstorage/lz/dc-metro/rg-024/581208/2020-03/581208-omaha-002/581208-omaha-002-214.JPG	Noon: Valparaiso						90	106	5	30.11	62	63	63			b	none	10				
1873-03-12	13	-33.02	-71.61			a		https://s3.amazonaws.com/NARAprodstorage/lz/dc-metro/rg-024/581208/2020-03/581208-omaha-002/581208-omaha-002-214.JPG	https://s3.amazonaws.com/NARAprodstorage/lz/dc-metro/rg-024/581208/2020-03/581208-omaha-002/581208-omaha-002-214.JPG	 						90	106	2	30.12	63	64	63			b	none	10				
1873-03-12	14	-33.02	-71.61			a		https://s3.amazonaws.com/NARAprodstorage/lz/dc-metro/rg-024/581208/2020-03/581208-omaha-002/581208-omaha-002-214.JPG	https://s3.amazonaws.com/NARAprodstorage/lz/dc-metro/rg-024/581208/2020-03/581208-omaha-002/581208-omaha-002-214.JPG	 						90	106	5	30.14	63	65	64			b	none	10				
1873-03-12	15	-33.02	-71.61			a		https://s3.amazonaws.com/NARAprodstorage/lz/dc-metro/rg-024/581208/2020-03/581208-omaha-002/581208-omaha-002-214.JPG	https://s3.amazonaws.com/NARAprodstorage/lz/dc-metro/rg-024/581208/2020-03/581208-omaha-002/581208-omaha-002-214.JPG	 						0	0	0	30.14	63	65	64			b	none	10				
1873-03-12	16	-33.02	-71.61			a		https://s3.amazonaws.com/NARAprodstorage/lz/dc-metro/rg-024/581208/2020-03/581208-omaha-002/581208-omaha-002-214.JPG	https://s3.amazonaws.com/NARAprodstorage/lz/dc-metro/rg-024/581208/2020-03/581208-omaha-002/581208-omaha-002-214.JPG	 						0	0	0	30.14	63	65	64			b	none	10				
1873-03-12	17	-33.02	-71.61			a		https://s3.amazonaws.com/NARAprodstorage/lz/dc-metro/rg-024/581208/2020-03/581208-omaha-002/581208-omaha-002-214.JPG	https://s3.amazonaws.com/NARAprodstorage/lz/dc-metro/rg-024/581208/2020-03/581208-omaha-002/581208-omaha-002-214.JPG	 						0	0	0	30.14	63	65	64			b	none	10				
1873-03-12	18	-33.02	-71.61			a		https://s3.amazonaws.com/NARAprodstorage/lz/dc-metro/rg-024/581208/2020-03/581208-omaha-002/581208-omaha-002-214.JPG	https://s3.amazonaws.com/NARAprodstorage/lz/dc-metro/rg-024/581208/2020-03/581208-omaha-002/581208-omaha-002-214.JPG	 						0	0	0	30.14	63	65	64			b	none	10				
1873-03-12	19	-33.02	-71.61			a		https://s3.amazonaws.com/NARAprodstorage/lz/dc-metro/rg-024/581208/2020-03/581208-omaha-002/581208-omaha-002-214.JPG	https://s3.amazonaws.com/NARAprodstorage/lz/dc-metro/rg-024/581208/2020-03/581208-omaha-002/581208-omaha-002-214.JPG	 						0	0	0	30.14	63	65	64			b	none	10				
1873-03-12	20	-33.02	-71.61			a		https://s3.amazonaws.com/NARAprodstorage/lz/dc-metro/rg-024/581208/2020-03/581208-omaha-002/581208-omaha-002-214.JPG	https://s3.amazonaws.com/NARAprodstorage/lz/dc-metro/rg-024/581208/2020-03/581208-omaha-002/581208-omaha-002-214.JPG	 						0	0	0	30.14	63	65	64			b	none	10				
1873-03-12	21	-33.02	-71.61			a		https://s3.amazonaws.com/NARAprodstorage/lz/dc-metro/rg-024/581208/2020-03/581208-omaha-002/581208-omaha-002-214.JPG	https://s3.amazonaws.com/NARAprodstorage/lz/dc-metro/rg-024/581208/2020-03/581208-omaha-002/581208-omaha-002-214.JPG	 						0	0	0	30.14	62	62	63			b	none	10				
1873-03-12	22	-33.02	-71.61			a		https://s3.amazonaws.com/NARAprodstorage/lz/dc-metro/rg-024/581208/2020-03/581208-omaha-002/581208-omaha-002-214.JPG	https://s3.amazonaws.com/NARAprodstorage/lz/dc-metro/rg-024/581208/2020-03/581208-omaha-002/581208-omaha-002-214.JPG	 						0	0	0	30.12	62	62	63			b	none	10				
1873-03-12	23	-33.02	-71.61			a		https://s3.amazonaws.com/NARAprodstorage/lz/dc-metro/rg-024/581208/2020-03/581208-omaha-002/581208-omaha-002-214.JPG	https://s3.amazonaws.com/NARAprodstorage/lz/dc-metro/rg-024/581208/2020-03/581208-omaha-002/581208-omaha-002-214.JPG	 						0	0	0	30.12	62	62	63			b	none	10				
1873-03-12	24	-33.02	-71.61			a		https://s3.amazonaws.com/NARAprodstorage/lz/dc-metro/rg-024/581208/2020-03/581208-omaha-002/581208-omaha-002-214.JPG	https://s3.amazonaws.com/NARAprodstorage/lz/dc-metro/rg-024/581208/2020-03/581208-omaha-002/581208-omaha-002-214.JPG	 						0	0	0	30.12	62	62	63			b	none	10		0000: John O'Connell (Lds) and Hugh W. Fall (Lds) attempted to desert from the ship by swimming.		
1873-03-13	1	-33.02	-71.61			a		https://s3.amazonaws.com/NARAprodstorage/lz/dc-metro/rg-024/581208/2020-03/581208-omaha-002/581208-omaha-002-215.JPG	https://s3.amazonaws.com/NARAprodstorage/lz/dc-metro/rg-024/581208/2020-03/581208-omaha-002/581208-omaha-002-215.JPG	 						0	0	0	30.08	60	57	58			b	none	0				
1873-03-13	2	-33.02	-71.61			a		https://s3.amazonaws.com/NARAprodstorage/lz/dc-metro/rg-024/581208/2020-03/581208-omaha-002/581208-omaha-002-215.JPG	https://s3.amazonaws.com/NARAprodstorage/lz/dc-metro/rg-024/581208/2020-03/581208-omaha-002/581208-omaha-002-215.JPG	 						0	0	0	30.08	60	57	58			b	none	0				
1873-03-13	3	-33.02	-71.61			a		https://s3.amazonaws.com/NARAprodstorage/lz/dc-metro/rg-024/581208/2020-03/581208-omaha-002/581208-omaha-002-215.JPG	https://s3.amazonaws.com/NARAprodstorage/lz/dc-metro/rg-024/581208/2020-03/581208-omaha-002/581208-omaha-002-215.JPG	 						0	0	0	30.08	60	57	58			b	none	0				
1873-03-13	4	-33.02	-71.61			a		https://s3.amazonaws.com/NARAprodstorage/lz/dc-metro/rg-024/581208/2020-03/581208-omaha-002/581208-omaha-002-215.JPG	https://s3.amazonaws.com/NARAprodstorage/lz/dc-metro/rg-024/581208/2020-03/581208-omaha-002/581208-omaha-002-215.JPG	 						0	0	0	30.08	60	57	58			b	none	0				
1873-03-13	5	-33.02	-71.61			a		https://s3.amazonaws.com/NARAprodstorage/lz/dc-metro/rg-024/581208/2020-03/581208-omaha-002/581208-omaha-002-215.JPG	https://s3.amazonaws.com/NARAprodstorage/lz/dc-metro/rg-024/581208/2020-03/581208-omaha-002/581208-omaha-002-215.JPG	 						0	0	0	30.08	60	57	58			ocf	nimb	0				
1873-03-13	6	-33.02	-71.61			a		https://s3.amazonaws.com/NARAprodstorage/lz/dc-metro/rg-024/581208/2020-03/581208-omaha-002/581208-omaha-002-215.JPG	https://s3.amazonaws.com/NARAprodstorage/lz/dc-metro/rg-024/581208/2020-03/581208-omaha-002/581208-omaha-002-215.JPG	 						0	0	0	30.08	60	57	58			ocf	nimb	0				
1873-03-13	7	-33.02	-71.61			a		https://s3.amazonaws.com/NARAprodstorage/lz/dc-metro/rg-024/581208/2020-03/581208-omaha-002/581208-omaha-002-215.JPG	https://s3.amazonaws.com/NARAprodstorage/lz/dc-metro/rg-024/581208/2020-03/581208-omaha-002/581208-omaha-002-215.JPG	 						0	0	0	30.08	60	57	58			ocf	nimb	0				
1873-03-13	8	-33.02	-71.61			a		https://s3.amazonaws.com/NARAprodstorage/lz/dc-metro/rg-024/581208/2020-03/581208-omaha-002/581208-omaha-002-215.JPG	https://s3.amazonaws.com/NARAprodstorage/lz/dc-metro/rg-024/581208/2020-03/581208-omaha-002/581208-omaha-002-215.JPG	 						0	0	0	30.08	60	57	58			ocf	nimb	0				
1873-03-13	9	-33.02	-71.61			a		https://s3.amazonaws.com/NARAprodstorage/lz/dc-metro/rg-024/581208/2020-03/581208-omaha-002/581208-omaha-002-215.JPG	https://s3.amazonaws.com/NARAprodstorage/lz/dc-metro/rg-024/581208/2020-03/581208-omaha-002/581208-omaha-002-215.JPG	 						0	0	0	30.08	60	60	60			ocf	cum nimb 	0				
1873-03-13	10	-33.02	-71.61			a		https://s3.amazonaws.com/NARAprodstorage/lz/dc-metro/rg-024/581208/2020-03/581208-omaha-002/581208-omaha-002-215.JPG	https://s3.amazonaws.com/NARAprodstorage/lz/dc-metro/rg-024/581208/2020-03/581208-omaha-002/581208-omaha-002-215.JPG	 						45	61	3	30.09	60	62	62			ocf	cum nimb 	0				
1873-03-13	11	-33.02	-71.61			a		https://s3.amazonaws.com/NARAprodstorage/lz/dc-metro/rg-024/581208/2020-03/581208-omaha-002/581208-omaha-002-215.JPG	https://s3.amazonaws.com/NARAprodstorage/lz/dc-metro/rg-024/581208/2020-03/581208-omaha-002/581208-omaha-002-215.JPG	 						45	61	3	30.1	60	62	62			ocf	cum nimb 	0				
1873-03-13	12	-33.02	-71.61			a		https://s3.amazonaws.com/NARAprodstorage/lz/dc-metro/rg-024/581208/2020-03/581208-omaha-002/581208-omaha-002-215.JPG	https://s3.amazonaws.com/NARAprodstorage/lz/dc-metro/rg-024/581208/2020-03/581208-omaha-002/581208-omaha-002-215.JPG	Noon: Valparaiso						0	0	0	30.1	60	62	62			bc	cum nimb 	5				
1873-03-13	13	-33.02	-71.61			a		https://s3.amazonaws.com/NARAprodstorage/lz/dc-metro/rg-024/581208/2020-03/581208-omaha-002/581208-omaha-002-215.JPG	https://s3.amazonaws.com/NARAprodstorage/lz/dc-metro/rg-024/581208/2020-03/581208-omaha-002/581208-omaha-002-215.JPG	 						0	0	0	30.1	62	62	62			b	none	10				
1873-03-13	14	-33.02	-71.61			a		https://s3.amazonaws.com/NARAprodstorage/lz/dc-metro/rg-024/581208/2020-03/581208-omaha-002/581208-omaha-002-215.JPG	https://s3.amazonaws.com/NARAprodstorage/lz/dc-metro/rg-024/581208/2020-03/581208-omaha-002/581208-omaha-002-215.JPG	 						0	0	0	30.1	62	62	62			b	none	10				
1873-03-13	15	-33.02	-71.61			a		https://s3.amazonaws.com/NARAprodstorage/lz/dc-metro/rg-024/581208/2020-03/581208-omaha-002/581208-omaha-002-215.JPG	https://s3.amazonaws.com/NARAprodstorage/lz/dc-metro/rg-024/581208/2020-03/581208-omaha-002/581208-omaha-002-215.JPG	 						0	0	0	30.1	62	62	62			b	none	10				
1873-03-13	16	-33.02	-71.61			a		https://s3.amazonaws.com/NARAprodstorage/lz/dc-metro/rg-024/581208/2020-03/581208-omaha-002/581208-omaha-002-215.JPG	https://s3.amazonaws.com/NARAprodstorage/lz/dc-metro/rg-024/581208/2020-03/581208-omaha-002/581208-omaha-002-215.JPG	 						0	0	0	30.1	62	62	62			b	none	10				
1873-03-13	17	-33.02	-71.61			a		https://s3.amazonaws.com/NARAprodstorage/lz/dc-metro/rg-024/581208/2020-03/581208-omaha-002/581208-omaha-002-215.JPG	https://s3.amazonaws.com/NARAprodstorage/lz/dc-metro/rg-024/581208/2020-03/581208-omaha-002/581208-omaha-002-215.JPG	 						0	0	0	30.1	62	60	60			b	none	10				
1873-03-13	18	-33.02	-71.61			a		https://s3.amazonaws.com/NARAprodstorage/lz/dc-metro/rg-024/581208/2020-03/581208-omaha-002/581208-omaha-002-215.JPG	https://s3.amazonaws.com/NARAprodstorage/lz/dc-metro/rg-024/581208/2020-03/581208-omaha-002/581208-omaha-002-215.JPG	 						0	0	0	30.1	61	60	60			b	none	10				
1873-03-13	19	-33.02	-71.61			a		https://s3.amazonaws.com/NARAprodstorage/lz/dc-metro/rg-024/581208/2020-03/581208-omaha-002/581208-omaha-002-215.JPG	https://s3.amazonaws.com/NARAprodstorage/lz/dc-metro/rg-024/581208/2020-03/581208-omaha-002/581208-omaha-002-215.JPG	 						0	0	0	30.1	60	59	60			b	none	10				
1873-03-13	20	-33.02	-71.61			a		https://s3.amazonaws.com/NARAprodstorage/lz/dc-metro/rg-024/581208/2020-03/581208-omaha-002/581208-omaha-002-215.JPG	https://s3.amazonaws.com/NARAprodstorage/lz/dc-metro/rg-024/581208/2020-03/581208-omaha-002/581208-omaha-002-215.JPG	 						0	0	0	30.1	59	59	60			b	none	10				
1873-03-13	21	-33.02	-71.61			a		https://s3.amazonaws.com/NARAprodstorage/lz/dc-metro/rg-024/581208/2020-03/581208-omaha-002/581208-omaha-002-215.JPG	https://s3.amazonaws.com/NARAprodstorage/lz/dc-metro/rg-024/581208/2020-03/581208-omaha-002/581208-omaha-002-215.JPG	 						0	0	0	30.12	63	62	62			b	none	10				
1873-03-13	22	-33.02	-71.61			a		https://s3.amazonaws.com/NARAprodstorage/lz/dc-metro/rg-024/581208/2020-03/581208-omaha-002/581208-omaha-002-215.JPG	https://s3.amazonaws.com/NARAprodstorage/lz/dc-metro/rg-024/581208/2020-03/581208-omaha-002/581208-omaha-002-215.JPG	 						0	0	0	30.14	63	62	62			b	none	10				
1873-03-13	23	-33.02	-71.61			a		https://s3.amazonaws.com/NARAprodstorage/lz/dc-metro/rg-024/581208/2020-03/581208-omaha-002/581208-omaha-002-215.JPG	https://s3.amazonaws.com/NARAprodstorage/lz/dc-metro/rg-024/581208/2020-03/581208-omaha-002/581208-omaha-002-215.JPG	 						0	0	0	30.14	63	62	62			b	none	10				
1873-03-13	24	-33.02	-71.61			a		https://s3.amazonaws.com/NARAprodstorage/lz/dc-metro/rg-024/581208/2020-03/581208-omaha-002/581208-omaha-002-215.JPG	https://s3.amazonaws.com/NARAprodstorage/lz/dc-metro/rg-024/581208/2020-03/581208-omaha-002/581208-omaha-002-215.JPG	 						0	0	0	30.14	63	62	62			b	none	10				
1873-03-14	1	-33.02	-71.61			a		https://s3.amazonaws.com/NARAprodstorage/lz/dc-metro/rg-024/581208/2020-03/581208-omaha-002/581208-omaha-002-216.JPG	https://s3.amazonaws.com/NARAprodstorage/lz/dc-metro/rg-024/581208/2020-03/581208-omaha-002/581208-omaha-002-216.JPG	 						0	0	0	30.16	62	62	62			b	none	10				
1873-03-14	2	-33.02	-71.61			a		https://s3.amazonaws.com/NARAprodstorage/lz/dc-metro/rg-024/581208/2020-03/581208-omaha-002/581208-omaha-002-216.JPG	https://s3.amazonaws.com/NARAprodstorage/lz/dc-metro/rg-024/581208/2020-03/581208-omaha-002/581208-omaha-002-216.JPG	 						0	0	0	30.16	62	61	62			b	none	10				
1873-03-14	3	-33.02	-71.61			a		https://s3.amazonaws.com/NARAprodstorage/lz/dc-metro/rg-024/581208/2020-03/581208-omaha-002/581208-omaha-002-216.JPG	https://s3.amazonaws.com/NARAprodstorage/lz/dc-metro/rg-024/581208/2020-03/581208-omaha-002/581208-omaha-002-216.JPG	 						0	0	0	30.14	61	61	64			b	none	10				
1873-03-14	4	-33.02	-71.61			a		https://s3.amazonaws.com/NARAprodstorage/lz/dc-metro/rg-024/581208/2020-03/581208-omaha-002/581208-omaha-002-216.JPG	https://s3.amazonaws.com/NARAprodstorage/lz/dc-metro/rg-024/581208/2020-03/581208-omaha-002/581208-omaha-002-216.JPG	 						0	0	0	30.14	61	60	64			b	none	10				
1873-03-14	5	-33.02	-71.61			a		https://s3.amazonaws.com/NARAprodstorage/lz/dc-metro/rg-024/581208/2020-03/581208-omaha-002/581208-omaha-002-216.JPG	https://s3.amazonaws.com/NARAprodstorage/lz/dc-metro/rg-024/581208/2020-03/581208-omaha-002/581208-omaha-002-216.JPG	 						0	0	0	30.14	61	60	60			b	none	10				
1873-03-14	6	-33.02	-71.61			a		https://s3.amazonaws.com/NARAprodstorage/lz/dc-metro/rg-024/581208/2020-03/581208-omaha-002/581208-omaha-002-216.JPG	https://s3.amazonaws.com/NARAprodstorage/lz/dc-metro/rg-024/581208/2020-03/581208-omaha-002/581208-omaha-002-216.JPG	 						0	0	0	30.14	61	60	60			b	none	10				
1873-03-14	7	-33.02	-71.61			a		https://s3.amazonaws.com/NARAprodstorage/lz/dc-metro/rg-024/581208/2020-03/581208-omaha-002/581208-omaha-002-216.JPG	https://s3.amazonaws.com/NARAprodstorage/lz/dc-metro/rg-024/581208/2020-03/581208-omaha-002/581208-omaha-002-216.JPG	 						0	0	0	30.14	61	60	60			b	none	10				
1873-03-14	8	-33.02	-71.61			a		https://s3.amazonaws.com/NARAprodstorage/lz/dc-metro/rg-024/581208/2020-03/581208-omaha-002/581208-omaha-002-216.JPG	https://s3.amazonaws.com/NARAprodstorage/lz/dc-metro/rg-024/581208/2020-03/581208-omaha-002/581208-omaha-002-216.JPG	 						0	0	0	30.14	61	60	60			b	none	10				
1873-03-14	9	-33.02	-71.61			a		https://s3.amazonaws.com/NARAprodstorage/lz/dc-metro/rg-024/581208/2020-03/581208-omaha-002/581208-omaha-002-216.JPG	https://s3.amazonaws.com/NARAprodstorage/lz/dc-metro/rg-024/581208/2020-03/581208-omaha-002/581208-omaha-002-216.JPG	 						225	241	2	30.14	63	63	63			b	none	10				
1873-03-14	10	-33.02	-71.61			a		https://s3.amazonaws.com/NARAprodstorage/lz/dc-metro/rg-024/581208/2020-03/581208-omaha-002/581208-omaha-002-216.JPG	https://s3.amazonaws.com/NARAprodstorage/lz/dc-metro/rg-024/581208/2020-03/581208-omaha-002/581208-omaha-002-216.JPG	 						225	241	5	30.14	64	64	64			b	none	10				
1873-03-14	11	-33.02	-71.61			a		https://s3.amazonaws.com/NARAprodstorage/lz/dc-metro/rg-024/581208/2020-03/581208-omaha-002/581208-omaha-002-216.JPG	https://s3.amazonaws.com/NARAprodstorage/lz/dc-metro/rg-024/581208/2020-03/581208-omaha-002/581208-omaha-002-216.JPG	 						225	241	8	30.14	67	68	66			b	none	10				
1873-03-14	12	-33.02	-71.61			a		https://s3.amazonaws.com/NARAprodstorage/lz/dc-metro/rg-024/581208/2020-03/581208-omaha-002/581208-omaha-002-216.JPG	https://s3.amazonaws.com/NARAprodstorage/lz/dc-metro/rg-024/581208/2020-03/581208-omaha-002/581208-omaha-002-216.JPG	Noon: Valparaiso						225	241	13	30.14	69	69	66			b	none	10				
1873-03-14	13	-33.02	-71.61			a		https://s3.amazonaws.com/NARAprodstorage/lz/dc-metro/rg-024/581208/2020-03/581208-omaha-002/581208-omaha-002-216.JPG	https://s3.amazonaws.com/NARAprodstorage/lz/dc-metro/rg-024/581208/2020-03/581208-omaha-002/581208-omaha-002-216.JPG	 						225	241	13	30.14	69	69	66			b	none	10				
1873-03-14	14	-33.02	-71.61			a		https://s3.amazonaws.com/NARAprodstorage/lz/dc-metro/rg-024/581208/2020-03/581208-omaha-002/581208-omaha-002-216.JPG	https://s3.amazonaws.com/NARAprodstorage/lz/dc-metro/rg-024/581208/2020-03/581208-omaha-002/581208-omaha-002-216.JPG	 						225	241	8	30.14	69	69	66			b	none	10				
1873-03-14	15	-33.02	-71.61			a		https://s3.amazonaws.com/NARAprodstorage/lz/dc-metro/rg-024/581208/2020-03/581208-omaha-002/581208-omaha-002-216.JPG	https://s3.amazonaws.com/NARAprodstorage/lz/dc-metro/rg-024/581208/2020-03/581208-omaha-002/581208-omaha-002-216.JPG	 						225	241	8	30.14	69	69	66			b	none	10				
1873-03-14	16	-33.02	-71.61			a		https://s3.amazonaws.com/NARAprodstorage/lz/dc-metro/rg-024/581208/2020-03/581208-omaha-002/581208-omaha-002-216.JPG	https://s3.amazonaws.com/NARAprodstorage/lz/dc-metro/rg-024/581208/2020-03/581208-omaha-002/581208-omaha-002-216.JPG	 						225	241	5	30.14	69	69	66			b	none	10				
1873-03-14	17	-33.02	-71.61			a		https://s3.amazonaws.com/NARAprodstorage/lz/dc-metro/rg-024/581208/2020-03/581208-omaha-002/581208-omaha-002-216.JPG	https://s3.amazonaws.com/NARAprodstorage/lz/dc-metro/rg-024/581208/2020-03/581208-omaha-002/581208-omaha-002-216.JPG	 						225	241	5	30.13	69	69	66			b	none	10				
1873-03-14	18	-33.02	-71.61			a		https://s3.amazonaws.com/NARAprodstorage/lz/dc-metro/rg-024/581208/2020-03/581208-omaha-002/581208-omaha-002-216.JPG	https://s3.amazonaws.com/NARAprodstorage/lz/dc-metro/rg-024/581208/2020-03/581208-omaha-002/581208-omaha-002-216.JPG	 						225	241	5	30.13	69	69	66			b	none	10				
1873-03-14	19	-33.02	-71.61			a		https://s3.amazonaws.com/NARAprodstorage/lz/dc-metro/rg-024/581208/2020-03/581208-omaha-002/581208-omaha-002-216.JPG	https://s3.amazonaws.com/NARAprodstorage/lz/dc-metro/rg-024/581208/2020-03/581208-omaha-002/581208-omaha-002-216.JPG	 						0	0	0	30.13	69	69	66			b	none	10				
1873-03-14	20	-33.02	-71.61			a		https://s3.amazonaws.com/NARAprodstorage/lz/dc-metro/rg-024/581208/2020-03/581208-omaha-002/581208-omaha-002-216.JPG	https://s3.amazonaws.com/NARAprodstorage/lz/dc-metro/rg-024/581208/2020-03/581208-omaha-002/581208-omaha-002-216.JPG	 						0	0	0	30.13	69	69	66			b	none	10				
1873-03-14	21	-33.02	-71.61			a		https://s3.amazonaws.com/NARAprodstorage/lz/dc-metro/rg-024/581208/2020-03/581208-omaha-002/581208-omaha-002-216.JPG	https://s3.amazonaws.com/NARAprodstorage/lz/dc-metro/rg-024/581208/2020-03/581208-omaha-002/581208-omaha-002-216.JPG	 						0	0	0	30.13	69	69	66			b	none	10				
1873-03-14	22	-33.02	-71.61			a		https://s3.amazonaws.com/NARAprodstorage/lz/dc-metro/rg-024/581208/2020-03/581208-omaha-002/581208-omaha-002-216.JPG	https://s3.amazonaws.com/NARAprodstorage/lz/dc-metro/rg-024/581208/2020-03/581208-omaha-002/581208-omaha-002-216.JPG	 						0	0	0	30.13	69	69	66			b	none	10				
1873-03-14	23	-33.02	-71.61			a		https://s3.amazonaws.com/NARAprodstorage/lz/dc-metro/rg-024/581208/2020-03/581208-omaha-002/581208-omaha-002-216.JPG	https://s3.amazonaws.com/NARAprodstorage/lz/dc-metro/rg-024/581208/2020-03/581208-omaha-002/581208-omaha-002-216.JPG	 						0	0	0	30.13	69	69	66			b	none	10				
1873-03-14	24	-33.02	-71.61			a		https://s3.amazonaws.com/NARAprodstorage/lz/dc-metro/rg-024/581208/2020-03/581208-omaha-002/581208-omaha-002-216.JPG	https://s3.amazonaws.com/NARAprodstorage/lz/dc-metro/rg-024/581208/2020-03/581208-omaha-002/581208-omaha-002-216.JPG	 						0	0	0	30.13	69	69	66			b	none	10				
1873-03-15	1	-33.02	-71.61			a		https://s3.amazonaws.com/NARAprodstorage/lz/dc-metro/rg-024/581208/2020-03/581208-omaha-002/581208-omaha-002-217.JPG	https://s3.amazonaws.com/NARAprodstorage/lz/dc-metro/rg-024/581208/2020-03/581208-omaha-002/581208-omaha-002-217.JPG	 						0	0	0	30.12	63	62	62			bc	nim cum	5				
1873-03-15	2	-33.02	-71.61			a		https://s3.amazonaws.com/NARAprodstorage/lz/dc-metro/rg-024/581208/2020-03/581208-omaha-002/581208-omaha-002-217.JPG	https://s3.amazonaws.com/NARAprodstorage/lz/dc-metro/rg-024/581208/2020-03/581208-omaha-002/581208-omaha-002-217.JPG	 						0	0	0	30.12	63	62	62			bc	nim cum	5				
1873-03-15	3	-33.02	-71.61			a		https://s3.amazonaws.com/NARAprodstorage/lz/dc-metro/rg-024/581208/2020-03/581208-omaha-002/581208-omaha-002-217.JPG	https://s3.amazonaws.com/NARAprodstorage/lz/dc-metro/rg-024/581208/2020-03/581208-omaha-002/581208-omaha-002-217.JPG	 						0	0	0	30.12	63	62	62			oc	nimb	0				
1873-03-15	4	-33.02	-71.61			a		https://s3.amazonaws.com/NARAprodstorage/lz/dc-metro/rg-024/581208/2020-03/581208-omaha-002/581208-omaha-002-217.JPG	https://s3.amazonaws.com/NARAprodstorage/lz/dc-metro/rg-024/581208/2020-03/581208-omaha-002/581208-omaha-002-217.JPG	 						0	0	0	30.12	64	64	65			bc	nim cum	7				
1873-03-15	5	-33.02	-71.61			a		https://s3.amazonaws.com/NARAprodstorage/lz/dc-metro/rg-024/581208/2020-03/581208-omaha-002/581208-omaha-002-217.JPG	https://s3.amazonaws.com/NARAprodstorage/lz/dc-metro/rg-024/581208/2020-03/581208-omaha-002/581208-omaha-002-217.JPG	 						0	0	0	30.12	64	64	65			bc	nim cum	7				
1873-03-15	6	-33.02	-71.61			a		https://s3.amazonaws.com/NARAprodstorage/lz/dc-metro/rg-024/581208/2020-03/581208-omaha-002/581208-omaha-002-217.JPG	https://s3.amazonaws.com/NARAprodstorage/lz/dc-metro/rg-024/581208/2020-03/581208-omaha-002/581208-omaha-002-217.JPG	 						0	0	0	30.12	64	64	65			bc	nim cum	7				
1873-03-15	7	-33.02	-71.61			a		https://s3.amazonaws.com/NARAprodstorage/lz/dc-metro/rg-024/581208/2020-03/581208-omaha-002/581208-omaha-002-217.JPG	https://s3.amazonaws.com/NARAprodstorage/lz/dc-metro/rg-024/581208/2020-03/581208-omaha-002/581208-omaha-002-217.JPG	 						0	0	0	30.12	64	64	65			bc	nim cum	7				
1873-03-15	8	-33.02	-71.61			a		https://s3.amazonaws.com/NARAprodstorage/lz/dc-metro/rg-024/581208/2020-03/581208-omaha-002/581208-omaha-002-217.JPG	https://s3.amazonaws.com/NARAprodstorage/lz/dc-metro/rg-024/581208/2020-03/581208-omaha-002/581208-omaha-002-217.JPG	 						0	0	0	30.12	64	64	65			bc	nim cum	7				
1873-03-15	9	-33.02	-71.61			a		https://s3.amazonaws.com/NARAprodstorage/lz/dc-metro/rg-024/581208/2020-03/581208-omaha-002/581208-omaha-002-217.JPG	https://s3.amazonaws.com/NARAprodstorage/lz/dc-metro/rg-024/581208/2020-03/581208-omaha-002/581208-omaha-002-217.JPG	 						0	0	0	30.12	64	64	65			bc	nim cum	7				
1873-03-15	10	-33.02	-71.61			a		https://s3.amazonaws.com/NARAprodstorage/lz/dc-metro/rg-024/581208/2020-03/581208-omaha-002/581208-omaha-002-217.JPG	https://s3.amazonaws.com/NARAprodstorage/lz/dc-metro/rg-024/581208/2020-03/581208-omaha-002/581208-omaha-002-217.JPG	 						0	0	0	30.12	64	64	65			bc	nim cum	7				
1873-03-15	11	-33.02	-71.61			a		https://s3.amazonaws.com/NARAprodstorage/lz/dc-metro/rg-024/581208/2020-03/581208-omaha-002/581208-omaha-002-217.JPG	https://s3.amazonaws.com/NARAprodstorage/lz/dc-metro/rg-024/581208/2020-03/581208-omaha-002/581208-omaha-002-217.JPG	 						0	0	0	30.12	64	64	65			bc	nim cum	7				
1873-03-15	12	-33.02	-71.61			a		https://s3.amazonaws.com/NARAprodstorage/lz/dc-metro/rg-024/581208/2020-03/581208-omaha-002/581208-omaha-002-217.JPG	https://s3.amazonaws.com/NARAprodstorage/lz/dc-metro/rg-024/581208/2020-03/581208-omaha-002/581208-omaha-002-217.JPG	Noon: Valparaiso						0	0	0	30.12	64	64	65			bc	nim cum	7				
1873-03-15	13	-33.02	-71.61			a		https://s3.amazonaws.com/NARAprodstorage/lz/dc-metro/rg-024/581208/2020-03/581208-omaha-002/581208-omaha-002-217.JPG	https://s3.amazonaws.com/NARAprodstorage/lz/dc-metro/rg-024/581208/2020-03/581208-omaha-002/581208-omaha-002-217.JPG	 						315	331	2	30.23	63	63	63			bc	cum	8				
1873-03-15	14	-33.02	-71.61			a		https://s3.amazonaws.com/NARAprodstorage/lz/dc-metro/rg-024/581208/2020-03/581208-omaha-002/581208-omaha-002-217.JPG	https://s3.amazonaws.com/NARAprodstorage/lz/dc-metro/rg-024/581208/2020-03/581208-omaha-002/581208-omaha-002-217.JPG	 						360	16	2	30.23	63	63	63			bc	cum	5				
1873-03-15	15	-33.02	-71.61			a		https://s3.amazonaws.com/NARAprodstorage/lz/dc-metro/rg-024/581208/2020-03/581208-omaha-002/581208-omaha-002-217.JPG	https://s3.amazonaws.com/NARAprodstorage/lz/dc-metro/rg-024/581208/2020-03/581208-omaha-002/581208-omaha-002-217.JPG	 						45	61	2	30.23	63	63	63			bcm	cum	3				
1873-03-15	16	-33.02	-71.61			a		https://s3.amazonaws.com/NARAprodstorage/lz/dc-metro/rg-024/581208/2020-03/581208-omaha-002/581208-omaha-002-217.JPG	https://s3.amazonaws.com/NARAprodstorage/lz/dc-metro/rg-024/581208/2020-03/581208-omaha-002/581208-omaha-002-217.JPG	 						45	61	2	30.23	63	63	63			bcm	cum	3				
1873-03-15	17	-33.02	-71.61			a		https://s3.amazonaws.com/NARAprodstorage/lz/dc-metro/rg-024/581208/2020-03/581208-omaha-002/581208-omaha-002-217.JPG	https://s3.amazonaws.com/NARAprodstorage/lz/dc-metro/rg-024/581208/2020-03/581208-omaha-002/581208-omaha-002-217.JPG	 						45	61	2	30.23	63	63	63			bcm	cum	3				
1873-03-15	18	-33.02	-71.61			a		https://s3.amazonaws.com/NARAprodstorage/lz/dc-metro/rg-024/581208/2020-03/581208-omaha-002/581208-omaha-002-217.JPG	https://s3.amazonaws.com/NARAprodstorage/lz/dc-metro/rg-024/581208/2020-03/581208-omaha-002/581208-omaha-002-217.JPG	 						45	61	2	30.23	63	63	63			bcm	cum	3				
1873-03-15	19	-33.02	-71.61			a		https://s3.amazonaws.com/NARAprodstorage/lz/dc-metro/rg-024/581208/2020-03/581208-omaha-002/581208-omaha-002-217.JPG	https://s3.amazonaws.com/NARAprodstorage/lz/dc-metro/rg-024/581208/2020-03/581208-omaha-002/581208-omaha-002-217.JPG	 						45	61	2	30.23	63	63	63			bcm	cum	3				
1873-03-15	20	-33.02	-71.61			a		https://s3.amazonaws.com/NARAprodstorage/lz/dc-metro/rg-024/581208/2020-03/581208-omaha-002/581208-omaha-002-217.JPG	https://s3.amazonaws.com/NARAprodstorage/lz/dc-metro/rg-024/581208/2020-03/581208-omaha-002/581208-omaha-002-217.JPG	 						45	61	2	30.23	63	63	63			bcm	cum	3				
1873-03-15	21	-33.02	-71.61			a		https://s3.amazonaws.com/NARAprodstorage/lz/dc-metro/rg-024/581208/2020-03/581208-omaha-002/581208-omaha-002-217.JPG	https://s3.amazonaws.com/NARAprodstorage/lz/dc-metro/rg-024/581208/2020-03/581208-omaha-002/581208-omaha-002-217.JPG	 						0	0	0	30.24	61	60	60			bc	cum nim	5				
1873-03-15	22	-33.02	-71.61			a		https://s3.amazonaws.com/NARAprodstorage/lz/dc-metro/rg-024/581208/2020-03/581208-omaha-002/581208-omaha-002-217.JPG	https://s3.amazonaws.com/NARAprodstorage/lz/dc-metro/rg-024/581208/2020-03/581208-omaha-002/581208-omaha-002-217.JPG	 						0	0	0	30.24	61	60	60			bc	cum nim	5				
1873-03-15	23	-33.02	-71.61			a		https://s3.amazonaws.com/NARAprodstorage/lz/dc-metro/rg-024/581208/2020-03/581208-omaha-002/581208-omaha-002-217.JPG	https://s3.amazonaws.com/NARAprodstorage/lz/dc-metro/rg-024/581208/2020-03/581208-omaha-002/581208-omaha-002-217.JPG	 						0	0	0	30.24	60	58	58			bc	cum nim	5				
1873-03-15	24	-33.02	-71.61			a		https://s3.amazonaws.com/NARAprodstorage/lz/dc-metro/rg-024/581208/2020-03/581208-omaha-002/581208-omaha-002-217.JPG	https://s3.amazonaws.com/NARAprodstorage/lz/dc-metro/rg-024/581208/2020-03/581208-omaha-002/581208-omaha-002-217.JPG	 						0	0	0	30.24	60	58	58			bc	cum nim	5				
1873-03-16	1	-33.02	-71.61			a		https://s3.amazonaws.com/NARAprodstorage/lz/dc-metro/rg-024/581208/2020-03/581208-omaha-002/581208-omaha-002-218.JPG	https://s3.amazonaws.com/NARAprodstorage/lz/dc-metro/rg-024/581208/2020-03/581208-omaha-002/581208-omaha-002-218.JPG	 						0	0	0	30.12	60	57	57			b	none					
1873-03-16	2	-33.02	-71.61			a		https://s3.amazonaws.com/NARAprodstorage/lz/dc-metro/rg-024/581208/2020-03/581208-omaha-002/581208-omaha-002-218.JPG	https://s3.amazonaws.com/NARAprodstorage/lz/dc-metro/rg-024/581208/2020-03/581208-omaha-002/581208-omaha-002-218.JPG	 						0	0	0	30.14	60	57	56			b	none					
1873-03-16	3	-33.02	-71.61			a		https://s3.amazonaws.com/NARAprodstorage/lz/dc-metro/rg-024/581208/2020-03/581208-omaha-002/581208-omaha-002-218.JPG	https://s3.amazonaws.com/NARAprodstorage/lz/dc-metro/rg-024/581208/2020-03/581208-omaha-002/581208-omaha-002-218.JPG	 						0	0	0	30.14	60	57	56			bc	cum					
1873-03-16	4	-33.02	-71.61			a		https://s3.amazonaws.com/NARAprodstorage/lz/dc-metro/rg-024/581208/2020-03/581208-omaha-002/581208-omaha-002-218.JPG	https://s3.amazonaws.com/NARAprodstorage/lz/dc-metro/rg-024/581208/2020-03/581208-omaha-002/581208-omaha-002-218.JPG	 						0	0	0	30.14	60	57	56			bc	cum					
1873-03-16	5	-33.02	-71.61			a		https://s3.amazonaws.com/NARAprodstorage/lz/dc-metro/rg-024/581208/2020-03/581208-omaha-002/581208-omaha-002-218.JPG	https://s3.amazonaws.com/NARAprodstorage/lz/dc-metro/rg-024/581208/2020-03/581208-omaha-002/581208-omaha-002-218.JPG	 						0	0	0	30.16	60	57	57			bc	cum					
1873-03-16	6	-33.02	-71.61			a		https://s3.amazonaws.com/NARAprodstorage/lz/dc-metro/rg-024/581208/2020-03/581208-omaha-002/581208-omaha-002-218.JPG	https://s3.amazonaws.com/NARAprodstorage/lz/dc-metro/rg-024/581208/2020-03/581208-omaha-002/581208-omaha-002-218.JPG	 						0	0	0	30.17	60	58	58			bc	cum					
1873-03-16	7	-33.02	-71.61			a		https://s3.amazonaws.com/NARAprodstorage/lz/dc-metro/rg-024/581208/2020-03/581208-omaha-002/581208-omaha-002-218.JPG	https://s3.amazonaws.com/NARAprodstorage/lz/dc-metro/rg-024/581208/2020-03/581208-omaha-002/581208-omaha-002-218.JPG	 						0	0	0	30.18	60	59	69			ocm	nim cum					
1873-03-16	8	-33.02	-71.61			a		https://s3.amazonaws.com/NARAprodstorage/lz/dc-metro/rg-024/581208/2020-03/581208-omaha-002/581208-omaha-002-218.JPG	https://s3.amazonaws.com/NARAprodstorage/lz/dc-metro/rg-024/581208/2020-03/581208-omaha-002/581208-omaha-002-218.JPG	 						0	0	0	30.2	60	60	69			ocm	nim cum					
1873-03-16	9	-33.02	-71.61			a		https://s3.amazonaws.com/NARAprodstorage/lz/dc-metro/rg-024/581208/2020-03/581208-omaha-002/581208-omaha-002-218.JPG	https://s3.amazonaws.com/NARAprodstorage/lz/dc-metro/rg-024/581208/2020-03/581208-omaha-002/581208-omaha-002-218.JPG	 						0	0	0	30.18	60	59	69			ff	nim					
1873-03-16	10	-33.02	-71.61			a		https://s3.amazonaws.com/NARAprodstorage/lz/dc-metro/rg-024/581208/2020-03/581208-omaha-002/581208-omaha-002-218.JPG	https://s3.amazonaws.com/NARAprodstorage/lz/dc-metro/rg-024/581208/2020-03/581208-omaha-002/581208-omaha-002-218.JPG	 						0	0	0	30.18	60	59	69			ff	nim					
1873-03-16	11	-33.02	-71.61			a		https://s3.amazonaws.com/NARAprodstorage/lz/dc-metro/rg-024/581208/2020-03/581208-omaha-002/581208-omaha-002-218.JPG	https://s3.amazonaws.com/NARAprodstorage/lz/dc-metro/rg-024/581208/2020-03/581208-omaha-002/581208-omaha-002-218.JPG	 						0	0	0	30.16	60	59	69			ff	nim					
1873-03-16	12	-33.02	-71.61			a		https://s3.amazonaws.com/NARAprodstorage/lz/dc-metro/rg-024/581208/2020-03/581208-omaha-002/581208-omaha-002-218.JPG	https://s3.amazonaws.com/NARAprodstorage/lz/dc-metro/rg-024/581208/2020-03/581208-omaha-002/581208-omaha-002-218.JPG	Noon: Valparaiso						0	0	0	30.16	60	59	69			ff	nim					
1873-03-16	13	-33.02	-71.61			a		https://s3.amazonaws.com/NARAprodstorage/lz/dc-metro/rg-024/581208/2020-03/581208-omaha-002/581208-omaha-002-218.JPG	https://s3.amazonaws.com/NARAprodstorage/lz/dc-metro/rg-024/581208/2020-03/581208-omaha-002/581208-omaha-002-218.JPG	 						0	0	0	30.14	62	68	68			bc	cum	9				
1873-03-16	14	-33.02	-71.61			a		https://s3.amazonaws.com/NARAprodstorage/lz/dc-metro/rg-024/581208/2020-03/581208-omaha-002/581208-omaha-002-218.JPG	https://s3.amazonaws.com/NARAprodstorage/lz/dc-metro/rg-024/581208/2020-03/581208-omaha-002/581208-omaha-002-218.JPG	 						0	0	0	30.12	62	70	70			bc	cum	9				
1873-03-16	15	-33.02	-71.61			a		https://s3.amazonaws.com/NARAprodstorage/lz/dc-metro/rg-024/581208/2020-03/581208-omaha-002/581208-omaha-002-218.JPG	https://s3.amazonaws.com/NARAprodstorage/lz/dc-metro/rg-024/581208/2020-03/581208-omaha-002/581208-omaha-002-218.JPG	 						180	196	18	30.1	62	70	70			bcq	cum	9				
1873-03-16	16	-33.02	-71.61			a		https://s3.amazonaws.com/NARAprodstorage/lz/dc-metro/rg-024/581208/2020-03/581208-omaha-002/581208-omaha-002-218.JPG	https://s3.amazonaws.com/NARAprodstorage/lz/dc-metro/rg-024/581208/2020-03/581208-omaha-002/581208-omaha-002-218.JPG	 						180	196	18	30.08	62	70	70			bcq	cum	9				
1873-03-16	17	-33.02	-71.61			a		https://s3.amazonaws.com/NARAprodstorage/lz/dc-metro/rg-024/581208/2020-03/581208-omaha-002/581208-omaha-002-218.JPG	https://s3.amazonaws.com/NARAprodstorage/lz/dc-metro/rg-024/581208/2020-03/581208-omaha-002/581208-omaha-002-218.JPG	 						180	196	18	30.08	62	70	70			bcq	cum	9				
1873-03-16	18	-33.02	-71.61			a		https://s3.amazonaws.com/NARAprodstorage/lz/dc-metro/rg-024/581208/2020-03/581208-omaha-002/581208-omaha-002-218.JPG	https://s3.amazonaws.com/NARAprodstorage/lz/dc-metro/rg-024/581208/2020-03/581208-omaha-002/581208-omaha-002-218.JPG	 						180	196	18	30.08	62	70	70			bcq	cum	9				
1873-03-16	19	-33.02	-71.61			a		https://s3.amazonaws.com/NARAprodstorage/lz/dc-metro/rg-024/581208/2020-03/581208-omaha-002/581208-omaha-002-218.JPG	https://s3.amazonaws.com/NARAprodstorage/lz/dc-metro/rg-024/581208/2020-03/581208-omaha-002/581208-omaha-002-218.JPG	 						180	196	18	30.08	62	70	70			bcq	cum	9				
1873-03-16	20	-33.02	-71.61			a		https://s3.amazonaws.com/NARAprodstorage/lz/dc-metro/rg-024/581208/2020-03/581208-omaha-002/581208-omaha-002-218.JPG	https://s3.amazonaws.com/NARAprodstorage/lz/dc-metro/rg-024/581208/2020-03/581208-omaha-002/581208-omaha-002-218.JPG	 						180	196	18	30.08	62	70	70			bcq	cum	9				
1873-03-16	21	-33.02	-71.61			a		https://s3.amazonaws.com/NARAprodstorage/lz/dc-metro/rg-024/581208/2020-03/581208-omaha-002/581208-omaha-002-218.JPG	https://s3.amazonaws.com/NARAprodstorage/lz/dc-metro/rg-024/581208/2020-03/581208-omaha-002/581208-omaha-002-218.JPG	 						888	888	3	30.08	64	64	64			b	none	10				
1873-03-16	22	-33.02	-71.61			a		https://s3.amazonaws.com/NARAprodstorage/lz/dc-metro/rg-024/581208/2020-03/581208-omaha-002/581208-omaha-002-218.JPG	https://s3.amazonaws.com/NARAprodstorage/lz/dc-metro/rg-024/581208/2020-03/581208-omaha-002/581208-omaha-002-218.JPG	 						888	888	3	30.08	64	64	64			b	none	10				
1873-03-16	23	-33.02	-71.61			a		https://s3.amazonaws.com/NARAprodstorage/lz/dc-metro/rg-024/581208/2020-03/581208-omaha-002/581208-omaha-002-218.JPG	https://s3.amazonaws.com/NARAprodstorage/lz/dc-metro/rg-024/581208/2020-03/581208-omaha-002/581208-omaha-002-218.JPG	 						360	16	2	30.06	64	64	64			b	none	10				
1873-03-16	24	-33.02	-71.61			a		https://s3.amazonaws.com/NARAprodstorage/lz/dc-metro/rg-024/581208/2020-03/581208-omaha-002/581208-omaha-002-218.JPG	https://s3.amazonaws.com/NARAprodstorage/lz/dc-metro/rg-024/581208/2020-03/581208-omaha-002/581208-omaha-002-218.JPG	 						0	0	0	30.06	64	64	64			b	none	10				
1873-03-17	1	-33.02	-71.61			a		https://s3.amazonaws.com/NARAprodstorage/lz/dc-metro/rg-024/581208/2020-03/581208-omaha-002/581208-omaha-002-219.JPG	https://s3.amazonaws.com/NARAprodstorage/lz/dc-metro/rg-024/581208/2020-03/581208-omaha-002/581208-omaha-002-219.JPG	 						0	0	0	30.08	63	63	63			b	none	10				
1873-03-17	2	-33.02	-71.61			a		https://s3.amazonaws.com/NARAprodstorage/lz/dc-metro/rg-024/581208/2020-03/581208-omaha-002/581208-omaha-002-219.JPG	https://s3.amazonaws.com/NARAprodstorage/lz/dc-metro/rg-024/581208/2020-03/581208-omaha-002/581208-omaha-002-219.JPG	 						0	0	0	30.14	62	62	62			b	none	10				
1873-03-17	3	-33.02	-71.61			a		https://s3.amazonaws.com/NARAprodstorage/lz/dc-metro/rg-024/581208/2020-03/581208-omaha-002/581208-omaha-002-219.JPG	https://s3.amazonaws.com/NARAprodstorage/lz/dc-metro/rg-024/581208/2020-03/581208-omaha-002/581208-omaha-002-219.JPG	 						0	0	0	30.16	61	61	61			b	none	10				
1873-03-17	4	-33.02	-71.61			a		https://s3.amazonaws.com/NARAprodstorage/lz/dc-metro/rg-024/581208/2020-03/581208-omaha-002/581208-omaha-002-219.JPG	https://s3.amazonaws.com/NARAprodstorage/lz/dc-metro/rg-024/581208/2020-03/581208-omaha-002/581208-omaha-002-219.JPG	 						0	0	0	30.18	61	60	60			b	none	10				
1873-03-17	5	-33.02	-71.61			a		https://s3.amazonaws.com/NARAprodstorage/lz/dc-metro/rg-024/581208/2020-03/581208-omaha-002/581208-omaha-002-219.JPG	https://s3.amazonaws.com/NARAprodstorage/lz/dc-metro/rg-024/581208/2020-03/581208-omaha-002/581208-omaha-002-219.JPG	 						0	0	0	30.2	61	59	59			ocm	none	10				
1873-03-17	6	-33.02	-71.61			a		https://s3.amazonaws.com/NARAprodstorage/lz/dc-metro/rg-024/581208/2020-03/581208-omaha-002/581208-omaha-002-219.JPG	https://s3.amazonaws.com/NARAprodstorage/lz/dc-metro/rg-024/581208/2020-03/581208-omaha-002/581208-omaha-002-219.JPG	 						0	0	0	30.2	61	59	59			ff	none	10				
1873-03-17	7	-33.02	-71.61			a		https://s3.amazonaws.com/NARAprodstorage/lz/dc-metro/rg-024/581208/2020-03/581208-omaha-002/581208-omaha-002-219.JPG	https://s3.amazonaws.com/NARAprodstorage/lz/dc-metro/rg-024/581208/2020-03/581208-omaha-002/581208-omaha-002-219.JPG	 						0	0	0	30.2	61	60	60			ff	none	10				
1873-03-17	8	-33.02	-71.61			a		https://s3.amazonaws.com/NARAprodstorage/lz/dc-metro/rg-024/581208/2020-03/581208-omaha-002/581208-omaha-002-219.JPG	https://s3.amazonaws.com/NARAprodstorage/lz/dc-metro/rg-024/581208/2020-03/581208-omaha-002/581208-omaha-002-219.JPG	 						0	0	0	30.2	61	60	60			ff	none	10				
1873-03-17	9	-33.02	-71.61			a		https://s3.amazonaws.com/NARAprodstorage/lz/dc-metro/rg-024/581208/2020-03/581208-omaha-002/581208-omaha-002-219.JPG	https://s3.amazonaws.com/NARAprodstorage/lz/dc-metro/rg-024/581208/2020-03/581208-omaha-002/581208-omaha-002-219.JPG	 						0	0	0	30.18	62	63	63			ff	none	10				
1873-03-17	10	-33.02	-71.61			a		https://s3.amazonaws.com/NARAprodstorage/lz/dc-metro/rg-024/581208/2020-03/581208-omaha-002/581208-omaha-002-219.JPG	https://s3.amazonaws.com/NARAprodstorage/lz/dc-metro/rg-024/581208/2020-03/581208-omaha-002/581208-omaha-002-219.JPG	 						0	0	0	30.14	62	64	64			ff	none	10				
1873-03-17	11	-33.02	-71.61			a		https://s3.amazonaws.com/NARAprodstorage/lz/dc-metro/rg-024/581208/2020-03/581208-omaha-002/581208-omaha-002-219.JPG	https://s3.amazonaws.com/NARAprodstorage/lz/dc-metro/rg-024/581208/2020-03/581208-omaha-002/581208-omaha-002-219.JPG	 						0	0	0	30.12	62	64	64			ff	none	10				
1873-03-17	12	-33.02	-71.61			a		https://s3.amazonaws.com/NARAprodstorage/lz/dc-metro/rg-024/581208/2020-03/581208-omaha-002/581208-omaha-002-219.JPG	https://s3.amazonaws.com/NARAprodstorage/lz/dc-metro/rg-024/581208/2020-03/581208-omaha-002/581208-omaha-002-219.JPG	Noon: Valparaiso						45	61	2	30.1	62	64	64			ff	none	10				
1873-03-17	13	-33.02	-71.61			a		https://s3.amazonaws.com/NARAprodstorage/lz/dc-metro/rg-024/581208/2020-03/581208-omaha-002/581208-omaha-002-219.JPG	https://s3.amazonaws.com/NARAprodstorage/lz/dc-metro/rg-024/581208/2020-03/581208-omaha-002/581208-omaha-002-219.JPG	 						0	0	0	30.1	65	65	65			b	none	10				
1873-03-17	14	-33.02	-71.61			a		https://s3.amazonaws.com/NARAprodstorage/lz/dc-metro/rg-024/581208/2020-03/581208-omaha-002/581208-omaha-002-219.JPG	https://s3.amazonaws.com/NARAprodstorage/lz/dc-metro/rg-024/581208/2020-03/581208-omaha-002/581208-omaha-002-219.JPG	 						225	241	9	30.08	66	66	66			b	none	10				
1873-03-17	15	-33.02	-71.61			a		https://s3.amazonaws.com/NARAprodstorage/lz/dc-metro/rg-024/581208/2020-03/581208-omaha-002/581208-omaha-002-219.JPG	https://s3.amazonaws.com/NARAprodstorage/lz/dc-metro/rg-024/581208/2020-03/581208-omaha-002/581208-omaha-002-219.JPG	 						225	241	8	30.12	67	68	68			bc	cir cum	7				
1873-03-17	16	-33.02	-71.61			a		https://s3.amazonaws.com/NARAprodstorage/lz/dc-metro/rg-024/581208/2020-03/581208-omaha-002/581208-omaha-002-219.JPG	https://s3.amazonaws.com/NARAprodstorage/lz/dc-metro/rg-024/581208/2020-03/581208-omaha-002/581208-omaha-002-219.JPG	 						225	241	5	30.13	69	68	70			bc	cir cum	5				
1873-03-17	17	-33.02	-71.61			a		https://s3.amazonaws.com/NARAprodstorage/lz/dc-metro/rg-024/581208/2020-03/581208-omaha-002/581208-omaha-002-219.JPG	https://s3.amazonaws.com/NARAprodstorage/lz/dc-metro/rg-024/581208/2020-03/581208-omaha-002/581208-omaha-002-219.JPG	 						180	196	13	30.15	69	68	68			bc	cir cum	5				
1873-03-17	18	-33.02	-71.61			a		https://s3.amazonaws.com/NARAprodstorage/lz/dc-metro/rg-024/581208/2020-03/581208-omaha-002/581208-omaha-002-219.JPG	https://s3.amazonaws.com/NARAprodstorage/lz/dc-metro/rg-024/581208/2020-03/581208-omaha-002/581208-omaha-002-219.JPG	 						180	196	8	30.17	68	68	67			bc	cir cum	7				
1873-03-17	19	-33.02	-71.61			a		https://s3.amazonaws.com/NARAprodstorage/lz/dc-metro/rg-024/581208/2020-03/581208-omaha-002/581208-omaha-002-219.JPG	https://s3.amazonaws.com/NARAprodstorage/lz/dc-metro/rg-024/581208/2020-03/581208-omaha-002/581208-omaha-002-219.JPG	 						180	196	8	30.19	68	68	67			bc	cir cum	9				
1873-03-17	20	-33.02	-71.61			a		https://s3.amazonaws.com/NARAprodstorage/lz/dc-metro/rg-024/581208/2020-03/581208-omaha-002/581208-omaha-002-219.JPG	https://s3.amazonaws.com/NARAprodstorage/lz/dc-metro/rg-024/581208/2020-03/581208-omaha-002/581208-omaha-002-219.JPG	 						180	196	5	30.2	68	67	67			bc	cir cum	9				
1873-03-17	21	-33.02	-71.61			a		https://s3.amazonaws.com/NARAprodstorage/lz/dc-metro/rg-024/581208/2020-03/581208-omaha-002/581208-omaha-002-219.JPG	https://s3.amazonaws.com/NARAprodstorage/lz/dc-metro/rg-024/581208/2020-03/581208-omaha-002/581208-omaha-002-219.JPG	 						0	0	0	30.2	66	66	67			bc	none	10				
1873-03-17	22	-33.02	-71.61			a		https://s3.amazonaws.com/NARAprodstorage/lz/dc-metro/rg-024/581208/2020-03/581208-omaha-002/581208-omaha-002-219.JPG	https://s3.amazonaws.com/NARAprodstorage/lz/dc-metro/rg-024/581208/2020-03/581208-omaha-002/581208-omaha-002-219.JPG	 						0	0	0	30.2	65	65	67			bc	none	10				
1873-03-17	23	-33.02	-71.61			a		https://s3.amazonaws.com/NARAprodstorage/lz/dc-metro/rg-024/581208/2020-03/581208-omaha-002/581208-omaha-002-219.JPG	https://s3.amazonaws.com/NARAprodstorage/lz/dc-metro/rg-024/581208/2020-03/581208-omaha-002/581208-omaha-002-219.JPG	 						0	0	0	30.21	65	65	67			bc	none	10				
1873-03-17	24	-33.02	-71.61			a		https://s3.amazonaws.com/NARAprodstorage/lz/dc-metro/rg-024/581208/2020-03/581208-omaha-002/581208-omaha-002-219.JPG	https://s3.amazonaws.com/NARAprodstorage/lz/dc-metro/rg-024/581208/2020-03/581208-omaha-002/581208-omaha-002-219.JPG	 						0	0	0	30.22	64	64	64			bc	none	10				
1873-03-18	1	-33.02	-71.61			a		https://s3.amazonaws.com/NARAprodstorage/lz/dc-metro/rg-024/581208/2020-03/581208-omaha-002/581208-omaha-002-220.JPG	https://s3.amazonaws.com/NARAprodstorage/lz/dc-metro/rg-024/581208/2020-03/581208-omaha-002/581208-omaha-002-220.JPG	 						0	0	0	30.2	63	59	59			bc	cir	8				
1873-03-18	2	-33.02	-71.61			a		https://s3.amazonaws.com/NARAprodstorage/lz/dc-metro/rg-024/581208/2020-03/581208-omaha-002/581208-omaha-002-220.JPG	https://s3.amazonaws.com/NARAprodstorage/lz/dc-metro/rg-024/581208/2020-03/581208-omaha-002/581208-omaha-002-220.JPG	 						0	0	0	30.2	63	59	59			bc	cir	6				
1873-03-18	3	-33.02	-71.61			a		https://s3.amazonaws.com/NARAprodstorage/lz/dc-metro/rg-024/581208/2020-03/581208-omaha-002/581208-omaha-002-220.JPG	https://s3.amazonaws.com/NARAprodstorage/lz/dc-metro/rg-024/581208/2020-03/581208-omaha-002/581208-omaha-002-220.JPG	 						0	0	0	30.2	63	59	59			bc	cir	6				
1873-03-18	4	-33.02	-71.61			a		https://s3.amazonaws.com/NARAprodstorage/lz/dc-metro/rg-024/581208/2020-03/581208-omaha-002/581208-omaha-002-220.JPG	https://s3.amazonaws.com/NARAprodstorage/lz/dc-metro/rg-024/581208/2020-03/581208-omaha-002/581208-omaha-002-220.JPG	 						0	0	0	30.18	63	59	59			bc	cir	6				
1873-03-18	5	-33.02	-71.61			a		https://s3.amazonaws.com/NARAprodstorage/lz/dc-metro/rg-024/581208/2020-03/581208-omaha-002/581208-omaha-002-220.JPG	https://s3.amazonaws.com/NARAprodstorage/lz/dc-metro/rg-024/581208/2020-03/581208-omaha-002/581208-omaha-002-220.JPG	 						0	0	0	30.16	62	59	60			bc	cir cum	6				
1873-03-18	6	-33.02	-71.61			a		https://s3.amazonaws.com/NARAprodstorage/lz/dc-metro/rg-024/581208/2020-03/581208-omaha-002/581208-omaha-002-220.JPG	https://s3.amazonaws.com/NARAprodstorage/lz/dc-metro/rg-024/581208/2020-03/581208-omaha-002/581208-omaha-002-220.JPG	 						0	0	0	30.14	62	59	60			bc	cir cum	5				
1873-03-18	7	-33.02	-71.61			a		https://s3.amazonaws.com/NARAprodstorage/lz/dc-metro/rg-024/581208/2020-03/581208-omaha-002/581208-omaha-002-220.JPG	https://s3.amazonaws.com/NARAprodstorage/lz/dc-metro/rg-024/581208/2020-03/581208-omaha-002/581208-omaha-002-220.JPG	 						0	0	0	30.12	62	60	62			bc	cir cum	5				
1873-03-18	8	-33.02	-71.61			a		https://s3.amazonaws.com/NARAprodstorage/lz/dc-metro/rg-024/581208/2020-03/581208-omaha-002/581208-omaha-002-220.JPG	https://s3.amazonaws.com/NARAprodstorage/lz/dc-metro/rg-024/581208/2020-03/581208-omaha-002/581208-omaha-002-220.JPG	 						0	0	0	30.12	62	60	62			bc	cir cum	4				
1873-03-18	9	-33.02	-71.61			a		https://s3.amazonaws.com/NARAprodstorage/lz/dc-metro/rg-024/581208/2020-03/581208-omaha-002/581208-omaha-002-220.JPG	https://s3.amazonaws.com/NARAprodstorage/lz/dc-metro/rg-024/581208/2020-03/581208-omaha-002/581208-omaha-002-220.JPG	 						360	16	2	30.12	62	61	62			oc	cum nimb	0				
1873-03-18	10	-33.02	-71.61			a		https://s3.amazonaws.com/NARAprodstorage/lz/dc-metro/rg-024/581208/2020-03/581208-omaha-002/581208-omaha-002-220.JPG	https://s3.amazonaws.com/NARAprodstorage/lz/dc-metro/rg-024/581208/2020-03/581208-omaha-002/581208-omaha-002-220.JPG	 						360	16	2	30.12	62	61	62			oc	cum nimb	0				
1873-03-18	11	-33.02	-71.61			a		https://s3.amazonaws.com/NARAprodstorage/lz/dc-metro/rg-024/581208/2020-03/581208-omaha-002/581208-omaha-002-220.JPG	https://s3.amazonaws.com/NARAprodstorage/lz/dc-metro/rg-024/581208/2020-03/581208-omaha-002/581208-omaha-002-220.JPG	 						360	16	2	30.12	62	61	62			oc	cum nimb	0				
1873-03-18	12	-33.02	-71.61			a		https://s3.amazonaws.com/NARAprodstorage/lz/dc-metro/rg-024/581208/2020-03/581208-omaha-002/581208-omaha-002-220.JPG	https://s3.amazonaws.com/NARAprodstorage/lz/dc-metro/rg-024/581208/2020-03/581208-omaha-002/581208-omaha-002-220.JPG	Noon: Valparaiso						360	16	2	30.12	62	61	62			oc	cum nimb	0				
1873-03-18	13	-33.02	-71.61			a		https://s3.amazonaws.com/NARAprodstorage/lz/dc-metro/rg-024/581208/2020-03/581208-omaha-002/581208-omaha-002-220.JPG	https://s3.amazonaws.com/NARAprodstorage/lz/dc-metro/rg-024/581208/2020-03/581208-omaha-002/581208-omaha-002-220.JPG	 						349	5	2	30.12	63	62	63			bc	cir cum	4				
1873-03-18	14	-33.02	-71.61			a		https://s3.amazonaws.com/NARAprodstorage/lz/dc-metro/rg-024/581208/2020-03/581208-omaha-002/581208-omaha-002-220.JPG	https://s3.amazonaws.com/NARAprodstorage/lz/dc-metro/rg-024/581208/2020-03/581208-omaha-002/581208-omaha-002-220.JPG	 						349	5	5	30.12	64	63	64			bc	cir cum	4				
1873-03-18	15	-33.02	-71.61			a		https://s3.amazonaws.com/NARAprodstorage/lz/dc-metro/rg-024/581208/2020-03/581208-omaha-002/581208-omaha-002-220.JPG	https://s3.amazonaws.com/NARAprodstorage/lz/dc-metro/rg-024/581208/2020-03/581208-omaha-002/581208-omaha-002-220.JPG	 						349	5	5	30.12	65	64	65			bc	cir cum	4				
1873-03-18	16	-33.02	-71.61			a		https://s3.amazonaws.com/NARAprodstorage/lz/dc-metro/rg-024/581208/2020-03/581208-omaha-002/581208-omaha-002-220.JPG	https://s3.amazonaws.com/NARAprodstorage/lz/dc-metro/rg-024/581208/2020-03/581208-omaha-002/581208-omaha-002-220.JPG	 						349	5	5	30.12	65	64	65			bc	cir cum	5				
1873-03-18	17	-33.02	-71.61			a		https://s3.amazonaws.com/NARAprodstorage/lz/dc-metro/rg-024/581208/2020-03/581208-omaha-002/581208-omaha-002-220.JPG	https://s3.amazonaws.com/NARAprodstorage/lz/dc-metro/rg-024/581208/2020-03/581208-omaha-002/581208-omaha-002-220.JPG	 						349	5	5	30.12	64	63	64			bc	cir cum	5				
1873-03-18	18	-33.02	-71.61			a		https://s3.amazonaws.com/NARAprodstorage/lz/dc-metro/rg-024/581208/2020-03/581208-omaha-002/581208-omaha-002-220.JPG	https://s3.amazonaws.com/NARAprodstorage/lz/dc-metro/rg-024/581208/2020-03/581208-omaha-002/581208-omaha-002-220.JPG	 						0	0	0	30.12	64	63	63			bc	cir cum	6				
1873-03-18	19	-33.02	-71.61			a		https://s3.amazonaws.com/NARAprodstorage/lz/dc-metro/rg-024/581208/2020-03/581208-omaha-002/581208-omaha-002-220.JPG	https://s3.amazonaws.com/NARAprodstorage/lz/dc-metro/rg-024/581208/2020-03/581208-omaha-002/581208-omaha-002-220.JPG	 						0	0	0	30.12	64	62	63			bc	cir cum	8				
1873-03-18	20	-33.02	-71.61			a		https://s3.amazonaws.com/NARAprodstorage/lz/dc-metro/rg-024/581208/2020-03/581208-omaha-002/581208-omaha-002-220.JPG	https://s3.amazonaws.com/NARAprodstorage/lz/dc-metro/rg-024/581208/2020-03/581208-omaha-002/581208-omaha-002-220.JPG	 						0	0	0	30.12	63	62	63			b	none	10				
1873-03-18	21	-33.02	-71.61			a		https://s3.amazonaws.com/NARAprodstorage/lz/dc-metro/rg-024/581208/2020-03/581208-omaha-002/581208-omaha-002-220.JPG	https://s3.amazonaws.com/NARAprodstorage/lz/dc-metro/rg-024/581208/2020-03/581208-omaha-002/581208-omaha-002-220.JPG	 						0	0	0	30.12	60	61	62			b	none	10				
1873-03-18	22	-33.02	-71.61			a		https://s3.amazonaws.com/NARAprodstorage/lz/dc-metro/rg-024/581208/2020-03/581208-omaha-002/581208-omaha-002-220.JPG	https://s3.amazonaws.com/NARAprodstorage/lz/dc-metro/rg-024/581208/2020-03/581208-omaha-002/581208-omaha-002-220.JPG	 						0	0	0	30.12	62	61	62			b	none	10				
1873-03-18	23	-33.02	-71.61			a		https://s3.amazonaws.com/NARAprodstorage/lz/dc-metro/rg-024/581208/2020-03/581208-omaha-002/581208-omaha-002-220.JPG	https://s3.amazonaws.com/NARAprodstorage/lz/dc-metro/rg-024/581208/2020-03/581208-omaha-002/581208-omaha-002-220.JPG	 						0	0	0	30.12	62	61	62			b	cir str	9				
1873-03-18	24	-33.02	-71.61			a		https://s3.amazonaws.com/NARAprodstorage/lz/dc-metro/rg-024/581208/2020-03/581208-omaha-002/581208-omaha-002-220.JPG	https://s3.amazonaws.com/NARAprodstorage/lz/dc-metro/rg-024/581208/2020-03/581208-omaha-002/581208-omaha-002-220.JPG	 						0	0	0	30.12	60	60	60			b	cir str	9				
1873-03-19	1	-33.02	-71.61			a		https://s3.amazonaws.com/NARAprodstorage/lz/dc-metro/rg-024/581208/2020-03/581208-omaha-002/581208-omaha-002-221.JPG	https://s3.amazonaws.com/NARAprodstorage/lz/dc-metro/rg-024/581208/2020-03/581208-omaha-002/581208-omaha-002-221.JPG	 						0	0	0	30.14	60	60	60			b	None	10				
1873-03-19	2	-33.02	-71.61			a		https://s3.amazonaws.com/NARAprodstorage/lz/dc-metro/rg-024/581208/2020-03/581208-omaha-002/581208-omaha-002-221.JPG	https://s3.amazonaws.com/NARAprodstorage/lz/dc-metro/rg-024/581208/2020-03/581208-omaha-002/581208-omaha-002-221.JPG	 						0	0	0	30.14	60	60	60			b	None	10				
1873-03-19	3	-33.02	-71.61			a		https://s3.amazonaws.com/NARAprodstorage/lz/dc-metro/rg-024/581208/2020-03/581208-omaha-002/581208-omaha-002-221.JPG	https://s3.amazonaws.com/NARAprodstorage/lz/dc-metro/rg-024/581208/2020-03/581208-omaha-002/581208-omaha-002-221.JPG	 						0	0	0	30.14	60	60	60			b	None	10				
1873-03-19	4	-33.02	-71.61			a		https://s3.amazonaws.com/NARAprodstorage/lz/dc-metro/rg-024/581208/2020-03/581208-omaha-002/581208-omaha-002-221.JPG	https://s3.amazonaws.com/NARAprodstorage/lz/dc-metro/rg-024/581208/2020-03/581208-omaha-002/581208-omaha-002-221.JPG	 						0	0	0	30.16	60	60	60			b	None	10				
1873-03-19	5	-33.02	-71.61			a		https://s3.amazonaws.com/NARAprodstorage/lz/dc-metro/rg-024/581208/2020-03/581208-omaha-002/581208-omaha-002-221.JPG	https://s3.amazonaws.com/NARAprodstorage/lz/dc-metro/rg-024/581208/2020-03/581208-omaha-002/581208-omaha-002-221.JPG	 						0	0	0	30.16	61	60	60			b	None	10				
1873-03-19	6	-33.02	-71.61			a		https://s3.amazonaws.com/NARAprodstorage/lz/dc-metro/rg-024/581208/2020-03/581208-omaha-002/581208-omaha-002-221.JPG	https://s3.amazonaws.com/NARAprodstorage/lz/dc-metro/rg-024/581208/2020-03/581208-omaha-002/581208-omaha-002-221.JPG	 						0	0	0	30.16	61	60	60			b	None	10				
1873-03-19	7	-33.02	-71.61			a		https://s3.amazonaws.com/NARAprodstorage/lz/dc-metro/rg-024/581208/2020-03/581208-omaha-002/581208-omaha-002-221.JPG	https://s3.amazonaws.com/NARAprodstorage/lz/dc-metro/rg-024/581208/2020-03/581208-omaha-002/581208-omaha-002-221.JPG	 						0	0	0	30.16	62	61	60			b	None	10				
1873-03-19	8	-33.02	-71.61			a		https://s3.amazonaws.com/NARAprodstorage/lz/dc-metro/rg-024/581208/2020-03/581208-omaha-002/581208-omaha-002-221.JPG	https://s3.amazonaws.com/NARAprodstorage/lz/dc-metro/rg-024/581208/2020-03/581208-omaha-002/581208-omaha-002-221.JPG	 						0	0	0	30.2	62	61	60			b	None	10				
1873-03-19	9	-33.02	-71.61			a		https://s3.amazonaws.com/NARAprodstorage/lz/dc-metro/rg-024/581208/2020-03/581208-omaha-002/581208-omaha-002-221.JPG	https://s3.amazonaws.com/NARAprodstorage/lz/dc-metro/rg-024/581208/2020-03/581208-omaha-002/581208-omaha-002-221.JPG	 						0	0	0	30.2	62	66	62			bc	cir	8				
1873-03-19	10	-33.02	-71.61			a		https://s3.amazonaws.com/NARAprodstorage/lz/dc-metro/rg-024/581208/2020-03/581208-omaha-002/581208-omaha-002-221.JPG	https://s3.amazonaws.com/NARAprodstorage/lz/dc-metro/rg-024/581208/2020-03/581208-omaha-002/581208-omaha-002-221.JPG	 						0	0	0	30.22	62	66	62			bcq	cir	8				
1873-03-19	11	-33.02	-71.61			a		https://s3.amazonaws.com/NARAprodstorage/lz/dc-metro/rg-024/581208/2020-03/581208-omaha-002/581208-omaha-002-221.JPG	https://s3.amazonaws.com/NARAprodstorage/lz/dc-metro/rg-024/581208/2020-03/581208-omaha-002/581208-omaha-002-221.JPG	 						0	0	0	30.22	62	66	62			bcq	cir	8				
1873-03-19	12	-33.02	-71.61			a		https://s3.amazonaws.com/NARAprodstorage/lz/dc-metro/rg-024/581208/2020-03/581208-omaha-002/581208-omaha-002-221.JPG	https://s3.amazonaws.com/NARAprodstorage/lz/dc-metro/rg-024/581208/2020-03/581208-omaha-002/581208-omaha-002-221.JPG	Noon: Valparaiso						0	0	0	30.22	62	66	62			bc	cir	8				
1873-03-19	13	-33.02	-71.61			a		https://s3.amazonaws.com/NARAprodstorage/lz/dc-metro/rg-024/581208/2020-03/581208-omaha-002/581208-omaha-002-221.JPG	https://s3.amazonaws.com/NARAprodstorage/lz/dc-metro/rg-024/581208/2020-03/581208-omaha-002/581208-omaha-002-221.JPG	 						180	196	13	30.22	62	62		64		bc	cir	9				
1873-03-19	14	-33.02	-71.61			a		https://s3.amazonaws.com/NARAprodstorage/lz/dc-metro/rg-024/581208/2020-03/581208-omaha-002/581208-omaha-002-221.JPG	https://s3.amazonaws.com/NARAprodstorage/lz/dc-metro/rg-024/581208/2020-03/581208-omaha-002/581208-omaha-002-221.JPG	1420: Got Underway. 						180	196	13	30.19	62	62		64		bc	cir	9				
1873-03-19	15	-32.95	-71.62	888		4		https://s3.amazonaws.com/NARAprodstorage/lz/dc-metro/rg-024/581208/2020-03/581208-omaha-002/581208-omaha-002-221.JPG	https://s3.amazonaws.com/NARAprodstorage/lz/dc-metro/rg-024/581208/2020-03/581208-omaha-002/581208-omaha-002-221.JPG	1510: Punta Cardones (?) ENE1/2E and LighthouseS1/2E.						191	207	13	30.19	62	62		64		bc	cir	9				
1873-03-19	16	-32.82	-71.63	343.12		7.4		https://s3.amazonaws.com/NARAprodstorage/lz/dc-metro/rg-024/581208/2020-03/581208-omaha-002/581208-omaha-002-221.JPG	https://s3.amazonaws.com/NARAprodstorage/lz/dc-metro/rg-024/581208/2020-03/581208-omaha-002/581208-omaha-002-221.JPG	 					nxw1/2w	191	207	13	30.19	63	62		64		bc	cir	9				
1873-03-19	17	-32.71	-71.63	351.56		6		https://s3.amazonaws.com/NARAprodstorage/lz/dc-metro/rg-024/581208/2020-03/581208-omaha-002/581208-omaha-002-221.JPG	https://s3.amazonaws.com/NARAprodstorage/lz/dc-metro/rg-024/581208/2020-03/581208-omaha-002/581208-omaha-002-221.JPG	 					nxw1/4n	191	207	13	30.19	64	62		62		bc	cir	9				
1873-03-19	18	-32.6	-71.63	345.94		6		https://s3.amazonaws.com/NARAprodstorage/lz/dc-metro/rg-024/581208/2020-03/581208-omaha-002/581208-omaha-002-221.JPG	https://s3.amazonaws.com/NARAprodstorage/lz/dc-metro/rg-024/581208/2020-03/581208-omaha-002/581208-omaha-002-221.JPG	 					nxw1/4w	191	207	8	30.2	64	62		62		b	none	10				
1873-03-19	19	-32.51	-71.64	348.75		5		https://s3.amazonaws.com/NARAprodstorage/lz/dc-metro/rg-024/581208/2020-03/581208-omaha-002/581208-omaha-002-221.JPG	https://s3.amazonaws.com/NARAprodstorage/lz/dc-metro/rg-024/581208/2020-03/581208-omaha-002/581208-omaha-002-221.JPG	 					nxw	191	207	13	30.2	64	61		61		b	none	10				
1873-03-19	20	-32.41	-71.64	348.75		5.2		https://s3.amazonaws.com/NARAprodstorage/lz/dc-metro/rg-024/581208/2020-03/581208-omaha-002/581208-omaha-002-221.JPG	https://s3.amazonaws.com/NARAprodstorage/lz/dc-metro/rg-024/581208/2020-03/581208-omaha-002/581208-omaha-002-221.JPG	 					nxw	191	207	8	30.2	64	60		61		b	none	10				
1873-03-19	21	-32.33	-71.64	348.75		4.4		https://s3.amazonaws.com/NARAprodstorage/lz/dc-metro/rg-024/581208/2020-03/581208-omaha-002/581208-omaha-002-221.JPG	https://s3.amazonaws.com/NARAprodstorage/lz/dc-metro/rg-024/581208/2020-03/581208-omaha-002/581208-omaha-002-221.JPG	 					nxw	191	207	5	30.2	64	60		61		bc	none	10				
1873-03-19	22	-32.25	-71.64	348.75		4.4		https://s3.amazonaws.com/NARAprodstorage/lz/dc-metro/rg-024/581208/2020-03/581208-omaha-002/581208-omaha-002-221.JPG	https://s3.amazonaws.com/NARAprodstorage/lz/dc-metro/rg-024/581208/2020-03/581208-omaha-002/581208-omaha-002-221.JPG	 					nxw	169	185	5	30.2	64	60		61		b	none	10				
1873-03-19	23	-32.16	-71.65	345.94		5		https://s3.amazonaws.com/NARAprodstorage/lz/dc-metro/rg-024/581208/2020-03/581208-omaha-002/581208-omaha-002-221.JPG	https://s3.amazonaws.com/NARAprodstorage/lz/dc-metro/rg-024/581208/2020-03/581208-omaha-002/581208-omaha-002-221.JPG	 					nxw1/4w	169	185	5	30.2	64	60		61		b	none	10				
1873-03-19	24	-32.08	-71.66	345.94		4.4		https://s3.amazonaws.com/NARAprodstorage/lz/dc-metro/rg-024/581208/2020-03/581208-omaha-002/581208-omaha-002-221.JPG	https://s3.amazonaws.com/NARAprodstorage/lz/dc-metro/rg-024/581208/2020-03/581208-omaha-002/581208-omaha-002-221.JPG	 					nxw1/4w	169	185	5	30.18	64	60		61		b	none	10				
1873-03-20	1	-32	-71.66	345.94		4.2		https://s3.amazonaws.com/NARAprodstorage/lz/dc-metro/rg-024/581208/2020-03/581208-omaha-002/581208-omaha-002-222.JPG	https://s3.amazonaws.com/NARAprodstorage/lz/dc-metro/rg-024/581208/2020-03/581208-omaha-002/581208-omaha-002-223.JPG	 						191	207	5	30.17	64	61	62	60		bc	cum	7				
1873-03-20	2	-31.92	-71.67	345.94		4		https://s3.amazonaws.com/NARAprodstorage/lz/dc-metro/rg-024/581208/2020-03/581208-omaha-002/581208-omaha-002-222.JPG	https://s3.amazonaws.com/NARAprodstorage/lz/dc-metro/rg-024/581208/2020-03/581208-omaha-002/581208-omaha-002-222.JPG	 						191	207	5	30.16	64	61	62	60		bc	cum	3				
1873-03-20	3	-31.84	-71.68	343.12		4.4		https://s3.amazonaws.com/NARAprodstorage/lz/dc-metro/rg-024/581208/2020-03/581208-omaha-002/581208-omaha-002-222.JPG	https://s3.amazonaws.com/NARAprodstorage/lz/dc-metro/rg-024/581208/2020-03/581208-omaha-002/581208-omaha-002-222.JPG	 						191	207	5	30.16	64	61	62	60		bc	cum	1				
1873-03-20	4	-31.76	-71.69	343.12		4.2		https://s3.amazonaws.com/NARAprodstorage/lz/dc-metro/rg-024/581208/2020-03/581208-omaha-002/581208-omaha-002-222.JPG	https://s3.amazonaws.com/NARAprodstorage/lz/dc-metro/rg-024/581208/2020-03/581208-omaha-002/581208-omaha-002-222.JPG	 						191	207	5	30.16	64	61	62	60		bc	cum	1				
1873-03-20	5	-31.69	-71.7	345.94		3.6		https://s3.amazonaws.com/NARAprodstorage/lz/dc-metro/rg-024/581208/2020-03/581208-omaha-002/581208-omaha-002-222.JPG	https://s3.amazonaws.com/NARAprodstorage/lz/dc-metro/rg-024/581208/2020-03/581208-omaha-002/581208-omaha-002-222.JPG	 						191	207	5	30.16	64	61	62	60		bc	cum	2				
1873-03-20	6	-31.63	-71.7	345.94		3		https://s3.amazonaws.com/NARAprodstorage/lz/dc-metro/rg-024/581208/2020-03/581208-omaha-002/581208-omaha-002-222.JPG	https://s3.amazonaws.com/NARAprodstorage/lz/dc-metro/rg-024/581208/2020-03/581208-omaha-002/581208-omaha-002-222.JPG	 						191	207	2	30.16	64	61	62	60		c	cum	0				
1873-03-20	7	-31.59	-71.71	343.12		2		https://s3.amazonaws.com/NARAprodstorage/lz/dc-metro/rg-024/581208/2020-03/581208-omaha-002/581208-omaha-002-222.JPG	https://s3.amazonaws.com/NARAprodstorage/lz/dc-metro/rg-024/581208/2020-03/581208-omaha-002/581208-omaha-002-222.JPG	 						169	185	2	30.16	64	61	62	60		c	cum	1				
1873-03-20	8	-31.55	-71.72	345.94		2		https://s3.amazonaws.com/NARAprodstorage/lz/dc-metro/rg-024/581208/2020-03/581208-omaha-002/581208-omaha-002-222.JPG	https://s3.amazonaws.com/NARAprodstorage/lz/dc-metro/rg-024/581208/2020-03/581208-omaha-002/581208-omaha-002-222.JPG	 						169	185	2	30.16	64	62	63	60		bc	cir cum	3				
1873-03-20	9	-31.51	-71.73	343.12		2		https://s3.amazonaws.com/NARAprodstorage/lz/dc-metro/rg-024/581208/2020-03/581208-omaha-002/581208-omaha-002-222.JPG	https://s3.amazonaws.com/NARAprodstorage/lz/dc-metro/rg-024/581208/2020-03/581208-omaha-002/581208-omaha-002-222.JPG	0930: Engaged in target practice. Steamed around target last two hours of watch.						135	151	2	30.18	64	62	63	60		bc	cir cum	5				
1873-03-20	10	-31.48	-71.75	888		1		https://s3.amazonaws.com/NARAprodstorage/lz/dc-metro/rg-024/581208/2020-03/581208-omaha-002/581208-omaha-002-222.JPG	https://s3.amazonaws.com/NARAprodstorage/lz/dc-metro/rg-024/581208/2020-03/581208-omaha-002/581208-omaha-002-222.JPG	 					v	888	888	5	30.18	64	63	64	60		bc	cir cum	5				
1873-03-20	11	-31.48	-71.76			0		https://s3.amazonaws.com/NARAprodstorage/lz/dc-metro/rg-024/581208/2020-03/581208-omaha-002/581208-omaha-002-222.JPG	https://s3.amazonaws.com/NARAprodstorage/lz/dc-metro/rg-024/581208/2020-03/581208-omaha-002/581208-omaha-002-222.JPG	 					v	888	888	5	30.18	64	64	64	60		bc	cir cum	5				
1873-03-20	12	-31.47	-71.77			0		https://s3.amazonaws.com/NARAprodstorage/lz/dc-metro/rg-024/581208/2020-03/581208-omaha-002/581208-omaha-002-222.JPG	https://s3.amazonaws.com/NARAprodstorage/lz/dc-metro/rg-024/581208/2020-03/581208-omaha-002/581208-omaha-002-222.JPG	 			31 28S	71 46W	v	888	888	5	30.18	65	65	63	60		oc	cir cum	3				
1873-03-20	13	-31.43	-71.77	343.12		1		https://s3.amazonaws.com/NARAprodstorage/lz/dc-metro/rg-024/581208/2020-03/581208-omaha-002/581208-omaha-002-222.JPG	https://s3.amazonaws.com/NARAprodstorage/lz/dc-metro/rg-024/581208/2020-03/581208-omaha-002/581208-omaha-002-222.JPG	 					nxw1/2w	180	196	1	30.2	65	65	65	60		bc	cir	3				
1873-03-20	14	-31.4	-71.78	343.12		1		https://s3.amazonaws.com/NARAprodstorage/lz/dc-metro/rg-024/581208/2020-03/581208-omaha-002/581208-omaha-002-222.JPG	https://s3.amazonaws.com/NARAprodstorage/lz/dc-metro/rg-024/581208/2020-03/581208-omaha-002/581208-omaha-002-222.JPG	 					nxw1/2w	180	196	1	30.2	65	65	65	60		bc	cir	4				
1873-03-20	15	-31.33	-71.79	343.12		3		https://s3.amazonaws.com/NARAprodstorage/lz/dc-metro/rg-024/581208/2020-03/581208-omaha-002/581208-omaha-002-222.JPG	https://s3.amazonaws.com/NARAprodstorage/lz/dc-metro/rg-024/581208/2020-03/581208-omaha-002/581208-omaha-002-222.JPG	 					nxw1/2w	180	196	5	30.18	65	65	65	60		bc	cir	4				
1873-03-20	16	-31.24	-71.8	337.5		4.4		https://s3.amazonaws.com/NARAprodstorage/lz/dc-metro/rg-024/581208/2020-03/581208-omaha-002/581208-omaha-002-222.JPG	https://s3.amazonaws.com/NARAprodstorage/lz/dc-metro/rg-024/581208/2020-03/581208-omaha-002/581208-omaha-002-222.JPG	 					nnw	180	196	5	30.18	66	65	65	60		bc	cir	4				
1873-03-20	17	-31.15	-71.82	337.5		4.6		https://s3.amazonaws.com/NARAprodstorage/lz/dc-metro/rg-024/581208/2020-03/581208-omaha-002/581208-omaha-002-222.JPG	https://s3.amazonaws.com/NARAprodstorage/lz/dc-metro/rg-024/581208/2020-03/581208-omaha-002/581208-omaha-002-222.JPG	 					nnw	180	196	5	30.18	66	65	65	60		bc	cir cum	3				
1873-03-20	18	-31.04	-71.84	337.5		5.4		https://s3.amazonaws.com/NARAprodstorage/lz/dc-metro/rg-024/581208/2020-03/581208-omaha-002/581208-omaha-002-222.JPG	https://s3.amazonaws.com/NARAprodstorage/lz/dc-metro/rg-024/581208/2020-03/581208-omaha-002/581208-omaha-002-222.JPG	 					nnw	180	196	8	30.19	66	63	63	60		bc	cir cum	3				
1873-03-20	19	-30.92	-71.86	337.5		6.2		https://s3.amazonaws.com/NARAprodstorage/lz/dc-metro/rg-024/581208/2020-03/581208-omaha-002/581208-omaha-002-222.JPG	https://s3.amazonaws.com/NARAprodstorage/lz/dc-metro/rg-024/581208/2020-03/581208-omaha-002/581208-omaha-002-222.JPG	 					nnw	191	207	8	30.19	66	61	61	60		bc	cir cum	6				
1873-03-20	20	-30.82	-71.87	343.12		5		https://s3.amazonaws.com/NARAprodstorage/lz/dc-metro/rg-024/581208/2020-03/581208-omaha-002/581208-omaha-002-222.JPG	https://s3.amazonaws.com/NARAprodstorage/lz/dc-metro/rg-024/581208/2020-03/581208-omaha-002/581208-omaha-002-222.JPG	 					nxw1/2w	191	207	8	30.19	64	61	61	60		bc	cir cum	8				
1873-03-20	21	-30.72	-71.87	343.12		5.2		https://s3.amazonaws.com/NARAprodstorage/lz/dc-metro/rg-024/581208/2020-03/581208-omaha-002/581208-omaha-002-222.JPG	https://s3.amazonaws.com/NARAprodstorage/lz/dc-metro/rg-024/581208/2020-03/581208-omaha-002/581208-omaha-002-222.JPG	 					nxw1/2w	191	207	8	30.19	64	61	61	60		bc	cir cum	8				
1873-03-20	22	-30.61	-71.88	343.12		5		https://s3.amazonaws.com/NARAprodstorage/lz/dc-metro/rg-024/581208/2020-03/581208-omaha-002/581208-omaha-002-222.JPG	https://s3.amazonaws.com/NARAprodstorage/lz/dc-metro/rg-024/581208/2020-03/581208-omaha-002/581208-omaha-002-222.JPG	 					nxw1/2w	191	207	8	30.19	64	61	61	60		b	none	10				
1873-03-20	23	-30.51	-71.89	343.12		5		https://s3.amazonaws.com/NARAprodstorage/lz/dc-metro/rg-024/581208/2020-03/581208-omaha-002/581208-omaha-002-222.JPG	https://s3.amazonaws.com/NARAprodstorage/lz/dc-metro/rg-024/581208/2020-03/581208-omaha-002/581208-omaha-002-222.JPG	 					nxw1/2w	191	207	8	30.19	64	61	61	60		b	none	10				
1873-03-20	24	-30.41	-71.9	343.12		5		https://s3.amazonaws.com/NARAprodstorage/lz/dc-metro/rg-024/581208/2020-03/581208-omaha-002/581208-omaha-002-222.JPG	https://s3.amazonaws.com/NARAprodstorage/lz/dc-metro/rg-024/581208/2020-03/581208-omaha-002/581208-omaha-002-222.JPG	 					nxw1/2w	191	207	8	30.18	63	60	62	60		b	none	10				
1873-03-21	1	-30.31	-71.88	360		5		https://s3.amazonaws.com/NARAprodstorage/lz/dc-metro/rg-024/581208/2020-03/581208-omaha-002/581208-omaha-002-224.JPG	https://s3.amazonaws.com/NARAprodstorage/lz/dc-metro/rg-024/581208/2020-03/581208-omaha-002/581208-omaha-002-224.JPG	 					n	180	196	8	30.19	63	61	63	60		bc	cir cum	9				
1873-03-21	2	-30.22	-71.86	360		5		https://s3.amazonaws.com/NARAprodstorage/lz/dc-metro/rg-024/581208/2020-03/581208-omaha-002/581208-omaha-002-224.JPG	https://s3.amazonaws.com/NARAprodstorage/lz/dc-metro/rg-024/581208/2020-03/581208-omaha-002/581208-omaha-002-224.JPG	 					n	180	196	8	30.17	63	61	63	60		b	none	10				
1873-03-21	3	-30.1	-71.83	360		6		https://s3.amazonaws.com/NARAprodstorage/lz/dc-metro/rg-024/581208/2020-03/581208-omaha-002/581208-omaha-002-224.JPG	https://s3.amazonaws.com/NARAprodstorage/lz/dc-metro/rg-024/581208/2020-03/581208-omaha-002/581208-omaha-002-224.JPG	 					n	180	196	8	30.17	63	60	61	60		bc	cum	9				
1873-03-21	4	-30.02	-71.75	33.75		6		https://s3.amazonaws.com/NARAprodstorage/lz/dc-metro/rg-024/581208/2020-03/581208-omaha-002/581208-omaha-002-224.JPG	https://s3.amazonaws.com/NARAprodstorage/lz/dc-metro/rg-024/581208/2020-03/581208-omaha-002/581208-omaha-002-224.JPG	0425: cc NE1/2N.					nexn	180	196	8	30.17	63	60	61	60		bc	cum	8				
1873-03-21	5	-29.97	-71.71	33.75		3		https://s3.amazonaws.com/NARAprodstorage/lz/dc-metro/rg-024/581208/2020-03/581208-omaha-002/581208-omaha-002-224.JPG	https://s3.amazonaws.com/NARAprodstorage/lz/dc-metro/rg-024/581208/2020-03/581208-omaha-002/581208-omaha-002-224.JPG	 					nexn	180	196	8	30.17	63	60	61	60		bc	cum	8				
1873-03-21	6	-29.89	-71.63	33.75		6		https://s3.amazonaws.com/NARAprodstorage/lz/dc-metro/rg-024/581208/2020-03/581208-omaha-002/581208-omaha-002-224.JPG	https://s3.amazonaws.com/NARAprodstorage/lz/dc-metro/rg-024/581208/2020-03/581208-omaha-002/581208-omaha-002-224.JPG	 					nexn	180	194	8	30.17	63	60	61	60		bc	cum	9				
1873-03-21	7	-29.83	-71.59	33.75		3.2		https://s3.amazonaws.com/NARAprodstorage/lz/dc-metro/rg-024/581208/2020-03/581208-omaha-002/581208-omaha-002-224.JPG	https://s3.amazonaws.com/NARAprodstorage/lz/dc-metro/rg-024/581208/2020-03/581208-omaha-002/581208-omaha-002-224.JPG	 					nexn	180	194	8	30.17	63	60	61	60		bc	cum	9				
1873-03-21	8	-29.78	-71.56	32		2.8		https://s3.amazonaws.com/NARAprodstorage/lz/dc-metro/rg-024/581208/2020-03/581208-omaha-002/581208-omaha-002-224.JPG	https://s3.amazonaws.com/NARAprodstorage/lz/dc-metro/rg-024/581208/2020-03/581208-omaha-002/581208-omaha-002-224.JPG	 					nne	180	194	8	30.17	63	60	61	60		bc	cum	9				
1873-03-21	9	-29.72	-71.55	360		3		https://s3.amazonaws.com/NARAprodstorage/lz/dc-metro/rg-024/581208/2020-03/581208-omaha-002/581208-omaha-002-224.JPG	https://s3.amazonaws.com/NARAprodstorage/lz/dc-metro/rg-024/581208/2020-03/581208-omaha-002/581208-omaha-002-224.JPG	 					n	180	194	8	30.17	63	60	61	60		bc	cum	9				
1873-03-21	10	-29.7	-71.59	250.31		2		https://s3.amazonaws.com/NARAprodstorage/lz/dc-metro/rg-024/581208/2020-03/581208-omaha-002/581208-omaha-002-224.JPG	https://s3.amazonaws.com/NARAprodstorage/lz/dc-metro/rg-024/581208/2020-03/581208-omaha-002/581208-omaha-002-224.JPG	 					wsw1/4w	180	194	8	30.17	63	60	61	60		bc	cum	9				
1873-03-21	11	-29.68	-71.6			0		https://s3.amazonaws.com/NARAprodstorage/lz/dc-metro/rg-024/581208/2020-03/581208-omaha-002/581208-omaha-002-224.JPG	https://s3.amazonaws.com/NARAprodstorage/lz/dc-metro/rg-024/581208/2020-03/581208-omaha-002/581208-omaha-002-224.JPG	 						180	194	8	30.17	63	60	61	60		bc	cum	9				
1873-03-21	12	-29.67	-71.6			0		https://s3.amazonaws.com/NARAprodstorage/lz/dc-metro/rg-024/581208/2020-03/581208-omaha-002/581208-omaha-002-224.JPG	https://s3.amazonaws.com/NARAprodstorage/lz/dc-metro/rg-024/581208/2020-03/581208-omaha-002/581208-omaha-002-224.JPG	 			29 40S	71 36W	v	180	194	8	30.17	63	60	61	60		bc	cum	9				
1873-03-21	13	-29.76	-71.54	137.81		6		https://s3.amazonaws.com/NARAprodstorage/lz/dc-metro/rg-024/581208/2020-03/581208-omaha-002/581208-omaha-002-224.JPG	https://s3.amazonaws.com/NARAprodstorage/lz/dc-metro/rg-024/581208/2020-03/581208-omaha-002/581208-omaha-002-224.JPG	 					se1/4s	180	194	8	30.21	63	61	62	60		bc	cir cum	9				
1873-03-21	14	-29.82	-71.45	888		6		https://s3.amazonaws.com/NARAprodstorage/lz/dc-metro/rg-024/581208/2020-03/581208-omaha-002/581208-omaha-002-224.JPG	https://s3.amazonaws.com/NARAprodstorage/lz/dc-metro/rg-024/581208/2020-03/581208-omaha-002/581208-omaha-002-224.JPG	 					v	180	194	8	30.21	63	61	62	60		bc	cir cum	9				
1873-03-21	15	-29.9	-71.34	888		7		https://s3.amazonaws.com/NARAprodstorage/lz/dc-metro/rg-024/581208/2020-03/581208-omaha-002/581208-omaha-002-224.JPG	https://s3.amazonaws.com/NARAprodstorage/lz/dc-metro/rg-024/581208/2020-03/581208-omaha-002/581208-omaha-002-224.JPG	1530: Anchored. Coquimbo. Brgs 2nd anchorage Pelican Rock NNW1/2W. Plaza Grotto S3/4W.					v	180	194	8	30.21	63	61	62	60		bc	cir cum	9				
1873-03-21	16	-29.95	-71.33	888		3		https://s3.amazonaws.com/NARAprodstorage/lz/dc-metro/rg-024/581208/2020-03/581208-omaha-002/581208-omaha-002-224.JPG	https://s3.amazonaws.com/NARAprodstorage/lz/dc-metro/rg-024/581208/2020-03/581208-omaha-002/581208-omaha-002-224.JPG	1600: Got Underway. Shifted anchorge.						0	0	0	30.21	63	63	62	60		bc	cir cum	9				
1873-03-21	17	-29.95	-71.33			a		https://s3.amazonaws.com/NARAprodstorage/lz/dc-metro/rg-024/581208/2020-03/581208-omaha-002/581208-omaha-002-224.JPG	https://s3.amazonaws.com/NARAprodstorage/lz/dc-metro/rg-024/581208/2020-03/581208-omaha-002/581208-omaha-002-224.JPG	 						0	0	0	30.21	63	62	61	60		bc	cir cum	8				
1873-03-21	18	-29.95	-71.33			a		https://s3.amazonaws.com/NARAprodstorage/lz/dc-metro/rg-024/581208/2020-03/581208-omaha-002/581208-omaha-002-224.JPG	https://s3.amazonaws.com/NARAprodstorage/lz/dc-metro/rg-024/581208/2020-03/581208-omaha-002/581208-omaha-002-224.JPG	 						11	25	1	30.21	63	62	61	60		bc	cir cum	7				
1873-03-21	19	-29.95	-71.33			a		https://s3.amazonaws.com/NARAprodstorage/lz/dc-metro/rg-024/581208/2020-03/581208-omaha-002/581208-omaha-002-224.JPG	https://s3.amazonaws.com/NARAprodstorage/lz/dc-metro/rg-024/581208/2020-03/581208-omaha-002/581208-omaha-002-224.JPG	 						0	0	0	30.21	63	61	60	60		bc	cir cum	8				
1873-03-21	20	-29.95	-71.33			a		https://s3.amazonaws.com/NARAprodstorage/lz/dc-metro/rg-024/581208/2020-03/581208-omaha-002/581208-omaha-002-224.JPG	https://s3.amazonaws.com/NARAprodstorage/lz/dc-metro/rg-024/581208/2020-03/581208-omaha-002/581208-omaha-002-224.JPG	 						0	0	0	30.21	63	61	60	60		bc	cir cum	8				
1873-03-21	21	-29.95	-71.33			a		https://s3.amazonaws.com/NARAprodstorage/lz/dc-metro/rg-024/581208/2020-03/581208-omaha-002/581208-omaha-002-224.JPG	https://s3.amazonaws.com/NARAprodstorage/lz/dc-metro/rg-024/581208/2020-03/581208-omaha-002/581208-omaha-002-224.JPG	 						0	0	0	30.21	63	61	60	60		bc	cir cum	8				
1873-03-21	22	-29.95	-71.33			a		https://s3.amazonaws.com/NARAprodstorage/lz/dc-metro/rg-024/581208/2020-03/581208-omaha-002/581208-omaha-002-224.JPG	https://s3.amazonaws.com/NARAprodstorage/lz/dc-metro/rg-024/581208/2020-03/581208-omaha-002/581208-omaha-002-224.JPG	 						0	0	0	30.2	63	60	60	60		b	none	10				
1873-03-21	23	-29.95	-71.33			a		https://s3.amazonaws.com/NARAprodstorage/lz/dc-metro/rg-024/581208/2020-03/581208-omaha-002/581208-omaha-002-224.JPG	https://s3.amazonaws.com/NARAprodstorage/lz/dc-metro/rg-024/581208/2020-03/581208-omaha-002/581208-omaha-002-224.JPG	 						0	0	0	30.2	63	60	60	60		b	none	10				
1873-03-21	24	-29.95	-71.33			a		https://s3.amazonaws.com/NARAprodstorage/lz/dc-metro/rg-024/581208/2020-03/581208-omaha-002/581208-omaha-002-224.JPG	https://s3.amazonaws.com/NARAprodstorage/lz/dc-metro/rg-024/581208/2020-03/581208-omaha-002/581208-omaha-002-224.JPG	 						0	0	0	30.2	63	60	60	60		b	none	10				
1873-03-22	1	-29.95	-71.33			a		https://s3.amazonaws.com/NARAprodstorage/lz/dc-metro/rg-024/581208/2020-03/581208-omaha-002/581208-omaha-002-225.JPG	https://s3.amazonaws.com/NARAprodstorage/lz/dc-metro/rg-024/581208/2020-03/581208-omaha-002/581208-omaha-002-225.JPG	 						0	0	0	30.18	63	62	60			bc	cir	9				
1873-03-22	2	-29.95	-71.33			a		https://s3.amazonaws.com/NARAprodstorage/lz/dc-metro/rg-024/581208/2020-03/581208-omaha-002/581208-omaha-002-225.JPG	https://s3.amazonaws.com/NARAprodstorage/lz/dc-metro/rg-024/581208/2020-03/581208-omaha-002/581208-omaha-002-225.JPG	 						0	0	0	30.18	63	62	60			bc	cir	9				
1873-03-22	3	-29.95	-71.33			a		https://s3.amazonaws.com/NARAprodstorage/lz/dc-metro/rg-024/581208/2020-03/581208-omaha-002/581208-omaha-002-225.JPG	https://s3.amazonaws.com/NARAprodstorage/lz/dc-metro/rg-024/581208/2020-03/581208-omaha-002/581208-omaha-002-225.JPG	 						0	0	0	30.18	63	62	60			bc	cir	9				
1873-03-22	4	-29.95	-71.33			a		https://s3.amazonaws.com/NARAprodstorage/lz/dc-metro/rg-024/581208/2020-03/581208-omaha-002/581208-omaha-002-225.JPG	https://s3.amazonaws.com/NARAprodstorage/lz/dc-metro/rg-024/581208/2020-03/581208-omaha-002/581208-omaha-002-225.JPG	 						0	0	0	30.17	63	62	60			bc	cir cum	8				
1873-03-22	5	-29.95	-71.33			a		https://s3.amazonaws.com/NARAprodstorage/lz/dc-metro/rg-024/581208/2020-03/581208-omaha-002/581208-omaha-002-225.JPG	https://s3.amazonaws.com/NARAprodstorage/lz/dc-metro/rg-024/581208/2020-03/581208-omaha-002/581208-omaha-002-225.JPG	 						0	0	0	30.17	63	62	60			bc	cir cum	8				
1873-03-22	6	-29.95	-71.33			a		https://s3.amazonaws.com/NARAprodstorage/lz/dc-metro/rg-024/581208/2020-03/581208-omaha-002/581208-omaha-002-225.JPG	https://s3.amazonaws.com/NARAprodstorage/lz/dc-metro/rg-024/581208/2020-03/581208-omaha-002/581208-omaha-002-225.JPG	 						0	0	0	30.18	63	62	60			bc	cir cum	9				
1873-03-22	7	-29.95	-71.33			a		https://s3.amazonaws.com/NARAprodstorage/lz/dc-metro/rg-024/581208/2020-03/581208-omaha-002/581208-omaha-002-225.JPG	https://s3.amazonaws.com/NARAprodstorage/lz/dc-metro/rg-024/581208/2020-03/581208-omaha-002/581208-omaha-002-225.JPG	 						0	0	0	30.18	63	62	60			bc	cir cum	9				
1873-03-22	8	-29.95	-71.33			a		https://s3.amazonaws.com/NARAprodstorage/lz/dc-metro/rg-024/581208/2020-03/581208-omaha-002/581208-omaha-002-225.JPG	https://s3.amazonaws.com/NARAprodstorage/lz/dc-metro/rg-024/581208/2020-03/581208-omaha-002/581208-omaha-002-225.JPG	 						0	0	0	30.19	63	62	61			bc	cir cum	9				
1873-03-22	9	-29.95	-71.33			a		https://s3.amazonaws.com/NARAprodstorage/lz/dc-metro/rg-024/581208/2020-03/581208-omaha-002/581208-omaha-002-225.JPG	https://s3.amazonaws.com/NARAprodstorage/lz/dc-metro/rg-024/581208/2020-03/581208-omaha-002/581208-omaha-002-225.JPG	 						0	0	0	30.19	63	62	61			bc	cir cum	8				
1873-03-22	10	-29.95	-71.33			a		https://s3.amazonaws.com/NARAprodstorage/lz/dc-metro/rg-024/581208/2020-03/581208-omaha-002/581208-omaha-002-225.JPG	https://s3.amazonaws.com/NARAprodstorage/lz/dc-metro/rg-024/581208/2020-03/581208-omaha-002/581208-omaha-002-225.JPG	 						0	0	0	30.19	63	63	62			bc	cir cum	8				
1873-03-22	11	-29.95	-71.33			a		https://s3.amazonaws.com/NARAprodstorage/lz/dc-metro/rg-024/581208/2020-03/581208-omaha-002/581208-omaha-002-225.JPG	https://s3.amazonaws.com/NARAprodstorage/lz/dc-metro/rg-024/581208/2020-03/581208-omaha-002/581208-omaha-002-225.JPG	 						0	0	0	30.19	63	63	62			bc	cir cum	8				
1873-03-22	12	-29.95	-71.33			a		https://s3.amazonaws.com/NARAprodstorage/lz/dc-metro/rg-024/581208/2020-03/581208-omaha-002/581208-omaha-002-225.JPG	https://s3.amazonaws.com/NARAprodstorage/lz/dc-metro/rg-024/581208/2020-03/581208-omaha-002/581208-omaha-002-225.JPG	Noon: Coquimbo						0	0	0	30.19	63	63	62			bc	cir cum	8				
1873-03-22	13	-29.95	-71.33			a		https://s3.amazonaws.com/NARAprodstorage/lz/dc-metro/rg-024/581208/2020-03/581208-omaha-002/581208-omaha-002-225.JPG	https://s3.amazonaws.com/NARAprodstorage/lz/dc-metro/rg-024/581208/2020-03/581208-omaha-002/581208-omaha-002-225.JPG	 						0	0	0	30.19	62	63	63			bc	cum	9				
1873-03-22	14	-29.95	-71.33			a		https://s3.amazonaws.com/NARAprodstorage/lz/dc-metro/rg-024/581208/2020-03/581208-omaha-002/581208-omaha-002-225.JPG	https://s3.amazonaws.com/NARAprodstorage/lz/dc-metro/rg-024/581208/2020-03/581208-omaha-002/581208-omaha-002-225.JPG	 						349	3	0	30.2	62	63	63			bc	cum	9				
1873-03-22	15	-29.95	-71.33			a		https://s3.amazonaws.com/NARAprodstorage/lz/dc-metro/rg-024/581208/2020-03/581208-omaha-002/581208-omaha-002-225.JPG	https://s3.amazonaws.com/NARAprodstorage/lz/dc-metro/rg-024/581208/2020-03/581208-omaha-002/581208-omaha-002-225.JPG	 						349	3	0	30.2	62	63	63			bc	cum	9				
1873-03-22	16	-29.95	-71.33			a		https://s3.amazonaws.com/NARAprodstorage/lz/dc-metro/rg-024/581208/2020-03/581208-omaha-002/581208-omaha-002-225.JPG	https://s3.amazonaws.com/NARAprodstorage/lz/dc-metro/rg-024/581208/2020-03/581208-omaha-002/581208-omaha-002-225.JPG	 						349	3	0	30.2	63	63	63			bc	cum	9				
1873-03-22	17	-29.95	-71.33			a		https://s3.amazonaws.com/NARAprodstorage/lz/dc-metro/rg-024/581208/2020-03/581208-omaha-002/581208-omaha-002-225.JPG	https://s3.amazonaws.com/NARAprodstorage/lz/dc-metro/rg-024/581208/2020-03/581208-omaha-002/581208-omaha-002-225.JPG	 						349	3	0	30.2						bc	cum	9				
1873-03-22	18	-29.95	-71.33			a		https://s3.amazonaws.com/NARAprodstorage/lz/dc-metro/rg-024/581208/2020-03/581208-omaha-002/581208-omaha-002-225.JPG	https://s3.amazonaws.com/NARAprodstorage/lz/dc-metro/rg-024/581208/2020-03/581208-omaha-002/581208-omaha-002-225.JPG	 						349	3	0	30.2						bc	cum	9				
1873-03-22	19	-29.95	-71.33			a		https://s3.amazonaws.com/NARAprodstorage/lz/dc-metro/rg-024/581208/2020-03/581208-omaha-002/581208-omaha-002-225.JPG	https://s3.amazonaws.com/NARAprodstorage/lz/dc-metro/rg-024/581208/2020-03/581208-omaha-002/581208-omaha-002-225.JPG	 						0	0	0	30.2	62	60	59			bc	cir um	9				
1873-03-22	20	-29.95	-71.33			a		https://s3.amazonaws.com/NARAprodstorage/lz/dc-metro/rg-024/581208/2020-03/581208-omaha-002/581208-omaha-002-225.JPG	https://s3.amazonaws.com/NARAprodstorage/lz/dc-metro/rg-024/581208/2020-03/581208-omaha-002/581208-omaha-002-225.JPG	 						0	0	0	30.2						bc	cir um	9				
1873-03-22	21	-29.95	-71.33			a		https://s3.amazonaws.com/NARAprodstorage/lz/dc-metro/rg-024/581208/2020-03/581208-omaha-002/581208-omaha-002-225.JPG	https://s3.amazonaws.com/NARAprodstorage/lz/dc-metro/rg-024/581208/2020-03/581208-omaha-002/581208-omaha-002-225.JPG	 						0	0	0	30.2						bc	cir um	9				
1873-03-22	22	-29.95	-71.33			a		https://s3.amazonaws.com/NARAprodstorage/lz/dc-metro/rg-024/581208/2020-03/581208-omaha-002/581208-omaha-002-225.JPG	https://s3.amazonaws.com/NARAprodstorage/lz/dc-metro/rg-024/581208/2020-03/581208-omaha-002/581208-omaha-002-225.JPG	 						0	0	0	30.2	62	60	59			bc	cir um	8				
1873-03-22	23	-29.95	-71.33			a		https://s3.amazonaws.com/NARAprodstorage/lz/dc-metro/rg-024/581208/2020-03/581208-omaha-002/581208-omaha-002-225.JPG	https://s3.amazonaws.com/NARAprodstorage/lz/dc-metro/rg-024/581208/2020-03/581208-omaha-002/581208-omaha-002-225.JPG	 						0	0	0	30.2						bc	cir um	9				
1873-03-22	24	-29.95	-71.33			a		https://s3.amazonaws.com/NARAprodstorage/lz/dc-metro/rg-024/581208/2020-03/581208-omaha-002/581208-omaha-002-225.JPG	https://s3.amazonaws.com/NARAprodstorage/lz/dc-metro/rg-024/581208/2020-03/581208-omaha-002/581208-omaha-002-225.JPG	 						0	0	0	30.2	62	60	59			bc	cir um	9				
1873-03-23	1	-29.95	-71.33			a		https://s3.amazonaws.com/NARAprodstorage/lz/dc-metro/rg-024/581208/2020-03/581208-omaha-002/581208-omaha-002-226.JPG	https://s3.amazonaws.com/NARAprodstorage/lz/dc-metro/rg-024/581208/2020-03/581208-omaha-002/581208-omaha-002-226.JPG	 						360	14	2	30.18	62	61	61			b	none	10				
1873-03-23	2	-29.95	-71.33			a		https://s3.amazonaws.com/NARAprodstorage/lz/dc-metro/rg-024/581208/2020-03/581208-omaha-002/581208-omaha-002-226.JPG	https://s3.amazonaws.com/NARAprodstorage/lz/dc-metro/rg-024/581208/2020-03/581208-omaha-002/581208-omaha-002-226.JPG	 						360	14	2	30.16	62	61	61			b	none	10				
1873-03-23	3	-29.95	-71.33			a		https://s3.amazonaws.com/NARAprodstorage/lz/dc-metro/rg-024/581208/2020-03/581208-omaha-002/581208-omaha-002-226.JPG	https://s3.amazonaws.com/NARAprodstorage/lz/dc-metro/rg-024/581208/2020-03/581208-omaha-002/581208-omaha-002-226.JPG	 						0	0	0	30.14	62	61	61			b	none	10				
1873-03-23	4	-29.95	-71.33			a		https://s3.amazonaws.com/NARAprodstorage/lz/dc-metro/rg-024/581208/2020-03/581208-omaha-002/581208-omaha-002-226.JPG	https://s3.amazonaws.com/NARAprodstorage/lz/dc-metro/rg-024/581208/2020-03/581208-omaha-002/581208-omaha-002-226.JPG	 						0	0	0	30.14	62	61	61			b	none	10				
1873-03-23	5	-29.95	-71.33			a		https://s3.amazonaws.com/NARAprodstorage/lz/dc-metro/rg-024/581208/2020-03/581208-omaha-002/581208-omaha-002-226.JPG	https://s3.amazonaws.com/NARAprodstorage/lz/dc-metro/rg-024/581208/2020-03/581208-omaha-002/581208-omaha-002-226.JPG	 						0	0	0	30.14	62	61	61			b	none	10				
1873-03-23	6	-29.95	-71.33			a		https://s3.amazonaws.com/NARAprodstorage/lz/dc-metro/rg-024/581208/2020-03/581208-omaha-002/581208-omaha-002-226.JPG	https://s3.amazonaws.com/NARAprodstorage/lz/dc-metro/rg-024/581208/2020-03/581208-omaha-002/581208-omaha-002-226.JPG	 						0	0	0	30.14	62	61	61			b	none	10				
1873-03-23	7	-29.95	-71.33			a		https://s3.amazonaws.com/NARAprodstorage/lz/dc-metro/rg-024/581208/2020-03/581208-omaha-002/581208-omaha-002-226.JPG	https://s3.amazonaws.com/NARAprodstorage/lz/dc-metro/rg-024/581208/2020-03/581208-omaha-002/581208-omaha-002-226.JPG	 						0	0	0	30.14	63	62	62			b	none	10				
1873-03-23	8	-29.95	-71.33			a		https://s3.amazonaws.com/NARAprodstorage/lz/dc-metro/rg-024/581208/2020-03/581208-omaha-002/581208-omaha-002-226.JPG	https://s3.amazonaws.com/NARAprodstorage/lz/dc-metro/rg-024/581208/2020-03/581208-omaha-002/581208-omaha-002-226.JPG	 						0	0	0	30.14	63	62	62			b	none	10				
1873-03-23	9	-29.95	-71.33			a		https://s3.amazonaws.com/NARAprodstorage/lz/dc-metro/rg-024/581208/2020-03/581208-omaha-002/581208-omaha-002-226.JPG	https://s3.amazonaws.com/NARAprodstorage/lz/dc-metro/rg-024/581208/2020-03/581208-omaha-002/581208-omaha-002-226.JPG	 						315	329	0	30.18	64	63	63			b	none	10				
1873-03-23	10	-29.95	-71.33			a		https://s3.amazonaws.com/NARAprodstorage/lz/dc-metro/rg-024/581208/2020-03/581208-omaha-002/581208-omaha-002-226.JPG	https://s3.amazonaws.com/NARAprodstorage/lz/dc-metro/rg-024/581208/2020-03/581208-omaha-002/581208-omaha-002-226.JPG	 						315	329	0	30.2	65	64	64			b	none	10				
1873-03-23	11	-29.95	-71.33			a		https://s3.amazonaws.com/NARAprodstorage/lz/dc-metro/rg-024/581208/2020-03/581208-omaha-002/581208-omaha-002-226.JPG	https://s3.amazonaws.com/NARAprodstorage/lz/dc-metro/rg-024/581208/2020-03/581208-omaha-002/581208-omaha-002-226.JPG	 						315	329	0	30.21	66	66	66			b	none	10				
1873-03-23	12	-29.95	-71.33			a		https://s3.amazonaws.com/NARAprodstorage/lz/dc-metro/rg-024/581208/2020-03/581208-omaha-002/581208-omaha-002-226.JPG	https://s3.amazonaws.com/NARAprodstorage/lz/dc-metro/rg-024/581208/2020-03/581208-omaha-002/581208-omaha-002-226.JPG	Noon: Coquimbo						315	329	0	30.23	66	66	66			b	none	10				
1873-03-23	13	-29.95	-71.33			a		https://s3.amazonaws.com/NARAprodstorage/lz/dc-metro/rg-024/581208/2020-03/581208-omaha-002/581208-omaha-002-226.JPG	https://s3.amazonaws.com/NARAprodstorage/lz/dc-metro/rg-024/581208/2020-03/581208-omaha-002/581208-omaha-002-226.JPG	 						315	329	5	30.22	68	67	67			b	none	10				
1873-03-23	14	-29.95	-71.33			a		https://s3.amazonaws.com/NARAprodstorage/lz/dc-metro/rg-024/581208/2020-03/581208-omaha-002/581208-omaha-002-226.JPG	https://s3.amazonaws.com/NARAprodstorage/lz/dc-metro/rg-024/581208/2020-03/581208-omaha-002/581208-omaha-002-226.JPG	 						315	329	5	30.22	68	67	67			b	none	10				
1873-03-23	15	-29.95	-71.33			a		https://s3.amazonaws.com/NARAprodstorage/lz/dc-metro/rg-024/581208/2020-03/581208-omaha-002/581208-omaha-002-226.JPG	https://s3.amazonaws.com/NARAprodstorage/lz/dc-metro/rg-024/581208/2020-03/581208-omaha-002/581208-omaha-002-226.JPG	 						315	329	5	30.22	68	67	68			b	none	10				
1873-03-23	16	-29.95	-71.33			a		https://s3.amazonaws.com/NARAprodstorage/lz/dc-metro/rg-024/581208/2020-03/581208-omaha-002/581208-omaha-002-226.JPG	https://s3.amazonaws.com/NARAprodstorage/lz/dc-metro/rg-024/581208/2020-03/581208-omaha-002/581208-omaha-002-226.JPG	 						315	329	5	30.22	68	67	68			b	none	10				
1873-03-23	17	-29.95	-71.33			a		https://s3.amazonaws.com/NARAprodstorage/lz/dc-metro/rg-024/581208/2020-03/581208-omaha-002/581208-omaha-002-226.JPG	https://s3.amazonaws.com/NARAprodstorage/lz/dc-metro/rg-024/581208/2020-03/581208-omaha-002/581208-omaha-002-226.JPG	 						315	329	2	30.18	68	65	65			b	none	10				
1873-03-23	18	-29.95	-71.33			a		https://s3.amazonaws.com/NARAprodstorage/lz/dc-metro/rg-024/581208/2020-03/581208-omaha-002/581208-omaha-002-226.JPG	https://s3.amazonaws.com/NARAprodstorage/lz/dc-metro/rg-024/581208/2020-03/581208-omaha-002/581208-omaha-002-226.JPG	 						315	329	2	30.16	66	65	65			b	none	10				
1873-03-23	19	-29.95	-71.33			a		https://s3.amazonaws.com/NARAprodstorage/lz/dc-metro/rg-024/581208/2020-03/581208-omaha-002/581208-omaha-002-226.JPG	https://s3.amazonaws.com/NARAprodstorage/lz/dc-metro/rg-024/581208/2020-03/581208-omaha-002/581208-omaha-002-226.JPG	 						315	329	2	30.14	66	65	65			b	none	10				
1873-03-23	20	-29.95	-71.33			a		https://s3.amazonaws.com/NARAprodstorage/lz/dc-metro/rg-024/581208/2020-03/581208-omaha-002/581208-omaha-002-226.JPG	https://s3.amazonaws.com/NARAprodstorage/lz/dc-metro/rg-024/581208/2020-03/581208-omaha-002/581208-omaha-002-226.JPG	 						0	0	0	30.1	66	65	65			b	none	10				
1873-03-23	21	-29.95	-71.33			a		https://s3.amazonaws.com/NARAprodstorage/lz/dc-metro/rg-024/581208/2020-03/581208-omaha-002/581208-omaha-002-226.JPG	https://s3.amazonaws.com/NARAprodstorage/lz/dc-metro/rg-024/581208/2020-03/581208-omaha-002/581208-omaha-002-226.JPG	 						0	0	0	30.1	65	64	64			b	none	10				
1873-03-23	22	-29.95	-71.33			a		https://s3.amazonaws.com/NARAprodstorage/lz/dc-metro/rg-024/581208/2020-03/581208-omaha-002/581208-omaha-002-226.JPG	https://s3.amazonaws.com/NARAprodstorage/lz/dc-metro/rg-024/581208/2020-03/581208-omaha-002/581208-omaha-002-226.JPG	 						0	0	0	30.1	62	62	63			b	none	10				
1873-03-23	23	-29.95	-71.33			a		https://s3.amazonaws.com/NARAprodstorage/lz/dc-metro/rg-024/581208/2020-03/581208-omaha-002/581208-omaha-002-226.JPG	https://s3.amazonaws.com/NARAprodstorage/lz/dc-metro/rg-024/581208/2020-03/581208-omaha-002/581208-omaha-002-226.JPG	 						0	0	0	30.08	62	61	63			b	none	10				
1873-03-23	24	-29.95	-71.33			a		https://s3.amazonaws.com/NARAprodstorage/lz/dc-metro/rg-024/581208/2020-03/581208-omaha-002/581208-omaha-002-226.JPG	https://s3.amazonaws.com/NARAprodstorage/lz/dc-metro/rg-024/581208/2020-03/581208-omaha-002/581208-omaha-002-226.JPG	 						0	0	0	30.08	62	61	63			b	none	10				
1873-03-24	1	-29.95	-71.33			a		https://s3.amazonaws.com/NARAprodstorage/lz/dc-metro/rg-024/581208/2020-03/581208-omaha-002/581208-omaha-002-227.JPG	https://s3.amazonaws.com/NARAprodstorage/lz/dc-metro/rg-024/581208/2020-03/581208-omaha-002/581208-omaha-002-228.JPG	 						0	0	0	30.16	64	63	62			bcm	nim	8				
1873-03-24	2	-29.95	-71.33			a		https://s3.amazonaws.com/NARAprodstorage/lz/dc-metro/rg-024/581208/2020-03/581208-omaha-002/581208-omaha-002-227.JPG	https://s3.amazonaws.com/NARAprodstorage/lz/dc-metro/rg-024/581208/2020-03/581208-omaha-002/581208-omaha-002-227.JPG	 						0	0	0	30.16	64	63	62			bcm	nim	8				
1873-03-24	3	-29.95	-71.33			a		https://s3.amazonaws.com/NARAprodstorage/lz/dc-metro/rg-024/581208/2020-03/581208-omaha-002/581208-omaha-002-227.JPG	https://s3.amazonaws.com/NARAprodstorage/lz/dc-metro/rg-024/581208/2020-03/581208-omaha-002/581208-omaha-002-227.JPG	 						0	0	0	30.16	64	63	62			bcm	nim	8				
1873-03-24	4	-29.95	-71.33			a		https://s3.amazonaws.com/NARAprodstorage/lz/dc-metro/rg-024/581208/2020-03/581208-omaha-002/581208-omaha-002-227.JPG	https://s3.amazonaws.com/NARAprodstorage/lz/dc-metro/rg-024/581208/2020-03/581208-omaha-002/581208-omaha-002-227.JPG	 						0	0	0	30.16	64	63	62			bcm	nim	8				
1873-03-24	5	-29.95	-71.33			a		https://s3.amazonaws.com/NARAprodstorage/lz/dc-metro/rg-024/581208/2020-03/581208-omaha-002/581208-omaha-002-227.JPG	https://s3.amazonaws.com/NARAprodstorage/lz/dc-metro/rg-024/581208/2020-03/581208-omaha-002/581208-omaha-002-227.JPG	 						0	0	0	30.1	63	62	61			bcm	cum nim	6				
1873-03-24	6	-29.95	-71.33			a		https://s3.amazonaws.com/NARAprodstorage/lz/dc-metro/rg-024/581208/2020-03/581208-omaha-002/581208-omaha-002-227.JPG	https://s3.amazonaws.com/NARAprodstorage/lz/dc-metro/rg-024/581208/2020-03/581208-omaha-002/581208-omaha-002-227.JPG	 						0	0	0	30.12	62	62	61			bcm	cum nim	4				
1873-03-24	7	-29.95	-71.33			a		https://s3.amazonaws.com/NARAprodstorage/lz/dc-metro/rg-024/581208/2020-03/581208-omaha-002/581208-omaha-002-227.JPG	https://s3.amazonaws.com/NARAprodstorage/lz/dc-metro/rg-024/581208/2020-03/581208-omaha-002/581208-omaha-002-227.JPG	 						315	329	2	30.12	62	62	61			bcm	cum nim	6				
1873-03-24	8	-29.95	-71.33			a		https://s3.amazonaws.com/NARAprodstorage/lz/dc-metro/rg-024/581208/2020-03/581208-omaha-002/581208-omaha-002-227.JPG	https://s3.amazonaws.com/NARAprodstorage/lz/dc-metro/rg-024/581208/2020-03/581208-omaha-002/581208-omaha-002-227.JPG	 						315	329	2	30.12	62	62	61			ocm	cum nim	0				
1873-03-24	9	-29.95	-71.33			a		https://s3.amazonaws.com/NARAprodstorage/lz/dc-metro/rg-024/581208/2020-03/581208-omaha-002/581208-omaha-002-227.JPG	https://s3.amazonaws.com/NARAprodstorage/lz/dc-metro/rg-024/581208/2020-03/581208-omaha-002/581208-omaha-002-227.JPG	 						0	0	0	30.12	62	62	61			ocm	cum nim	0				
1873-03-24	10	-29.95	-71.33			a		https://s3.amazonaws.com/NARAprodstorage/lz/dc-metro/rg-024/581208/2020-03/581208-omaha-002/581208-omaha-002-227.JPG	https://s3.amazonaws.com/NARAprodstorage/lz/dc-metro/rg-024/581208/2020-03/581208-omaha-002/581208-omaha-002-227.JPG	 						0	0	0	30.12	62	65	61			bc	cir	9				
1873-03-24	11	-29.95	-71.33			a		https://s3.amazonaws.com/NARAprodstorage/lz/dc-metro/rg-024/581208/2020-03/581208-omaha-002/581208-omaha-002-227.JPG	https://s3.amazonaws.com/NARAprodstorage/lz/dc-metro/rg-024/581208/2020-03/581208-omaha-002/581208-omaha-002-227.JPG	 						0	0	0	30.12	65	65	61			bc	cir	9				
1873-03-24	12	-29.95	-71.33			a		https://s3.amazonaws.com/NARAprodstorage/lz/dc-metro/rg-024/581208/2020-03/581208-omaha-002/581208-omaha-002-227.JPG	https://s3.amazonaws.com/NARAprodstorage/lz/dc-metro/rg-024/581208/2020-03/581208-omaha-002/581208-omaha-002-227.JPG	 						0	0	0	30.12	65	65	61			bc	cir	9				
1873-03-24	13	-29.95	-71.33			a		https://s3.amazonaws.com/NARAprodstorage/lz/dc-metro/rg-024/581208/2020-03/581208-omaha-002/581208-omaha-002-227.JPG	https://s3.amazonaws.com/NARAprodstorage/lz/dc-metro/rg-024/581208/2020-03/581208-omaha-002/581208-omaha-002-227.JPG	 						191	205	2	30.12	66	66	66	65		bc	cum	8				
1873-03-24	14	-29.95	-71.33			a		https://s3.amazonaws.com/NARAprodstorage/lz/dc-metro/rg-024/581208/2020-03/581208-omaha-002/581208-omaha-002-227.JPG	https://s3.amazonaws.com/NARAprodstorage/lz/dc-metro/rg-024/581208/2020-03/581208-omaha-002/581208-omaha-002-227.JPG	 						191	205	2	30.12	66	66	66	65		bc	cum	9				
1873-03-24	15	-29.95	-71.33			a		https://s3.amazonaws.com/NARAprodstorage/lz/dc-metro/rg-024/581208/2020-03/581208-omaha-002/581208-omaha-002-227.JPG	https://s3.amazonaws.com/NARAprodstorage/lz/dc-metro/rg-024/581208/2020-03/581208-omaha-002/581208-omaha-002-227.JPG	 						191	205	5	30.12	66	66	66	65		bc	cum	9				
1873-03-24	16	-29.95	-71.33			a		https://s3.amazonaws.com/NARAprodstorage/lz/dc-metro/rg-024/581208/2020-03/581208-omaha-002/581208-omaha-002-227.JPG	https://s3.amazonaws.com/NARAprodstorage/lz/dc-metro/rg-024/581208/2020-03/581208-omaha-002/581208-omaha-002-227.JPG	 						191	205	5	30.12	66	66	66	65		bc	cum	9				
1873-03-24	17	-29.95	-71.33			a		https://s3.amazonaws.com/NARAprodstorage/lz/dc-metro/rg-024/581208/2020-03/581208-omaha-002/581208-omaha-002-227.JPG	https://s3.amazonaws.com/NARAprodstorage/lz/dc-metro/rg-024/581208/2020-03/581208-omaha-002/581208-omaha-002-227.JPG	 						0	0	0	30.15	67	67	66	65		bc	cir cum	8				
1873-03-24	18	-29.95	-71.33			a		https://s3.amazonaws.com/NARAprodstorage/lz/dc-metro/rg-024/581208/2020-03/581208-omaha-002/581208-omaha-002-227.JPG	https://s3.amazonaws.com/NARAprodstorage/lz/dc-metro/rg-024/581208/2020-03/581208-omaha-002/581208-omaha-002-227.JPG	 						0	0	0	30.15	67	67	66	65		bc	cir cum	8				
1873-03-24	19	-29.95	-71.33			a		https://s3.amazonaws.com/NARAprodstorage/lz/dc-metro/rg-024/581208/2020-03/581208-omaha-002/581208-omaha-002-227.JPG	https://s3.amazonaws.com/NARAprodstorage/lz/dc-metro/rg-024/581208/2020-03/581208-omaha-002/581208-omaha-002-227.JPG	 						360	14	2	30.16	66	65	66	65		bc	none	10				
1873-03-24	20	-29.95	-71.33			a		https://s3.amazonaws.com/NARAprodstorage/lz/dc-metro/rg-024/581208/2020-03/581208-omaha-002/581208-omaha-002-227.JPG	https://s3.amazonaws.com/NARAprodstorage/lz/dc-metro/rg-024/581208/2020-03/581208-omaha-002/581208-omaha-002-227.JPG	 						360	14	2	30.16	64	62	66	65		bc	none	10				
1873-03-24	21	-29.95	-71.33			a		https://s3.amazonaws.com/NARAprodstorage/lz/dc-metro/rg-024/581208/2020-03/581208-omaha-002/581208-omaha-002-227.JPG	https://s3.amazonaws.com/NARAprodstorage/lz/dc-metro/rg-024/581208/2020-03/581208-omaha-002/581208-omaha-002-227.JPG	 						0	0	0	30.16	62	62	63	65		bc	none	10				
1873-03-24	22	-29.95	-71.33			a		https://s3.amazonaws.com/NARAprodstorage/lz/dc-metro/rg-024/581208/2020-03/581208-omaha-002/581208-omaha-002-227.JPG	https://s3.amazonaws.com/NARAprodstorage/lz/dc-metro/rg-024/581208/2020-03/581208-omaha-002/581208-omaha-002-227.JPG	 						0	0	0	30.16	62	62	63	65		b	none	10				
1873-03-24	23	-29.95	-71.33			a		https://s3.amazonaws.com/NARAprodstorage/lz/dc-metro/rg-024/581208/2020-03/581208-omaha-002/581208-omaha-002-227.JPG	https://s3.amazonaws.com/NARAprodstorage/lz/dc-metro/rg-024/581208/2020-03/581208-omaha-002/581208-omaha-002-227.JPG	 						0	0	0	30.16	62	62	63	65		b	none	10				
1873-03-24	24	-29.95	-71.33			a		https://s3.amazonaws.com/NARAprodstorage/lz/dc-metro/rg-024/581208/2020-03/581208-omaha-002/581208-omaha-002-227.JPG	https://s3.amazonaws.com/NARAprodstorage/lz/dc-metro/rg-024/581208/2020-03/581208-omaha-002/581208-omaha-002-227.JPG	 						0	0	0	30.16	62	62	63	65		b	none	10				
1873-03-25	1	-29.95	-71.33			a		https://s3.amazonaws.com/NARAprodstorage/lz/dc-metro/rg-024/581208/2020-03/581208-omaha-002/581208-omaha-002-229.JPG	https://s3.amazonaws.com/NARAprodstorage/lz/dc-metro/rg-024/581208/2020-03/581208-omaha-002/581208-omaha-002-229.JPG	 																					
1873-03-25	2	-29.95	-71.33			a		https://s3.amazonaws.com/NARAprodstorage/lz/dc-metro/rg-024/581208/2020-03/581208-omaha-002/581208-omaha-002-229.JPG	https://s3.amazonaws.com/NARAprodstorage/lz/dc-metro/rg-024/581208/2020-03/581208-omaha-002/581208-omaha-002-229.JPG	 																					
1873-03-25	3	-29.95	-71.33			a		https://s3.amazonaws.com/NARAprodstorage/lz/dc-metro/rg-024/581208/2020-03/581208-omaha-002/581208-omaha-002-229.JPG	https://s3.amazonaws.com/NARAprodstorage/lz/dc-metro/rg-024/581208/2020-03/581208-omaha-002/581208-omaha-002-229.JPG	 																					
1873-03-25	4	-29.95	-71.33			a		https://s3.amazonaws.com/NARAprodstorage/lz/dc-metro/rg-024/581208/2020-03/581208-omaha-002/581208-omaha-002-229.JPG	https://s3.amazonaws.com/NARAprodstorage/lz/dc-metro/rg-024/581208/2020-03/581208-omaha-002/581208-omaha-002-229.JPG	 																					
1873-03-25	5	-29.95	-71.33			a		https://s3.amazonaws.com/NARAprodstorage/lz/dc-metro/rg-024/581208/2020-03/581208-omaha-002/581208-omaha-002-229.JPG	https://s3.amazonaws.com/NARAprodstorage/lz/dc-metro/rg-024/581208/2020-03/581208-omaha-002/581208-omaha-002-229.JPG	 																					
1873-03-25	6	-29.95	-71.33			a		https://s3.amazonaws.com/NARAprodstorage/lz/dc-metro/rg-024/581208/2020-03/581208-omaha-002/581208-omaha-002-229.JPG	https://s3.amazonaws.com/NARAprodstorage/lz/dc-metro/rg-024/581208/2020-03/581208-omaha-002/581208-omaha-002-229.JPG	 																					
1873-03-25	7	-29.95	-71.33			a		https://s3.amazonaws.com/NARAprodstorage/lz/dc-metro/rg-024/581208/2020-03/581208-omaha-002/581208-omaha-002-229.JPG	https://s3.amazonaws.com/NARAprodstorage/lz/dc-metro/rg-024/581208/2020-03/581208-omaha-002/581208-omaha-002-229.JPG	 																					
1873-03-25	8	-29.95	-71.33			a		https://s3.amazonaws.com/NARAprodstorage/lz/dc-metro/rg-024/581208/2020-03/581208-omaha-002/581208-omaha-002-229.JPG	https://s3.amazonaws.com/NARAprodstorage/lz/dc-metro/rg-024/581208/2020-03/581208-omaha-002/581208-omaha-002-229.JPG	 																					
1873-03-25	9	-29.95	-71.33			a		https://s3.amazonaws.com/NARAprodstorage/lz/dc-metro/rg-024/581208/2020-03/581208-omaha-002/581208-omaha-002-229.JPG	https://s3.amazonaws.com/NARAprodstorage/lz/dc-metro/rg-024/581208/2020-03/581208-omaha-002/581208-omaha-002-229.JPG	 						315	329	5	30.1	62	65	64			bc	cum	9				
1873-03-25	10	-29.95	-71.33			a		https://s3.amazonaws.com/NARAprodstorage/lz/dc-metro/rg-024/581208/2020-03/581208-omaha-002/581208-omaha-002-229.JPG	https://s3.amazonaws.com/NARAprodstorage/lz/dc-metro/rg-024/581208/2020-03/581208-omaha-002/581208-omaha-002-229.JPG	 						315	329	5	30.1	62	65	64			bc	cum	9				
1873-03-25	11	-29.95	-71.33			a		https://s3.amazonaws.com/NARAprodstorage/lz/dc-metro/rg-024/581208/2020-03/581208-omaha-002/581208-omaha-002-229.JPG	https://s3.amazonaws.com/NARAprodstorage/lz/dc-metro/rg-024/581208/2020-03/581208-omaha-002/581208-omaha-002-229.JPG	 						315	329	5	30.1	62	65	64			bc	cum	8				
1873-03-25	12	-29.95	-71.33			a		https://s3.amazonaws.com/NARAprodstorage/lz/dc-metro/rg-024/581208/2020-03/581208-omaha-002/581208-omaha-002-229.JPG	https://s3.amazonaws.com/NARAprodstorage/lz/dc-metro/rg-024/581208/2020-03/581208-omaha-002/581208-omaha-002-229.JPG	Noon: Coquimbo						315	329	5	30.1	62	65	64			bc	cum	8				
1873-03-25	13	-29.95	-71.33			a		https://s3.amazonaws.com/NARAprodstorage/lz/dc-metro/rg-024/581208/2020-03/581208-omaha-002/581208-omaha-002-229.JPG	https://s3.amazonaws.com/NARAprodstorage/lz/dc-metro/rg-024/581208/2020-03/581208-omaha-002/581208-omaha-002-229.JPG	 						191	205	5	30.12	63	65	64			bc	cum	8				
1873-03-25	14	-29.95	-71.33			a		https://s3.amazonaws.com/NARAprodstorage/lz/dc-metro/rg-024/581208/2020-03/581208-omaha-002/581208-omaha-002-229.JPG	https://s3.amazonaws.com/NARAprodstorage/lz/dc-metro/rg-024/581208/2020-03/581208-omaha-002/581208-omaha-002-229.JPG	 						191	205	5	30.12	63	65	64			bc	cum	8				
1873-03-25	15	-29.95	-71.33			a		https://s3.amazonaws.com/NARAprodstorage/lz/dc-metro/rg-024/581208/2020-03/581208-omaha-002/581208-omaha-002-229.JPG	https://s3.amazonaws.com/NARAprodstorage/lz/dc-metro/rg-024/581208/2020-03/581208-omaha-002/581208-omaha-002-229.JPG	 						191	205	5	30.14	63	65	64			bc	cum	8				
1873-03-25	16	-29.95	-71.33			a		https://s3.amazonaws.com/NARAprodstorage/lz/dc-metro/rg-024/581208/2020-03/581208-omaha-002/581208-omaha-002-229.JPG	https://s3.amazonaws.com/NARAprodstorage/lz/dc-metro/rg-024/581208/2020-03/581208-omaha-002/581208-omaha-002-229.JPG	 						191	205	5	30.14	63	65	64			bc	cum	8				
1873-03-25	17	-29.95	-71.33			a		https://s3.amazonaws.com/NARAprodstorage/lz/dc-metro/rg-024/581208/2020-03/581208-omaha-002/581208-omaha-002-229.JPG	https://s3.amazonaws.com/NARAprodstorage/lz/dc-metro/rg-024/581208/2020-03/581208-omaha-002/581208-omaha-002-229.JPG	 						191	205	5	30.15	63	61	67	65		bc	cum	9				
1873-03-25	18	-29.95	-71.33			a		https://s3.amazonaws.com/NARAprodstorage/lz/dc-metro/rg-024/581208/2020-03/581208-omaha-002/581208-omaha-002-229.JPG	https://s3.amazonaws.com/NARAprodstorage/lz/dc-metro/rg-024/581208/2020-03/581208-omaha-002/581208-omaha-002-229.JPG	 						191	205	5	30.15	63	61	67	65		bc	cum	9				
1873-03-25	19	-29.95	-71.33			a		https://s3.amazonaws.com/NARAprodstorage/lz/dc-metro/rg-024/581208/2020-03/581208-omaha-002/581208-omaha-002-229.JPG	https://s3.amazonaws.com/NARAprodstorage/lz/dc-metro/rg-024/581208/2020-03/581208-omaha-002/581208-omaha-002-229.JPG	 						191	205	5	30.15	63	61	67	65		bc	cum	9				
1873-03-25	20	-29.95	-71.33			a		https://s3.amazonaws.com/NARAprodstorage/lz/dc-metro/rg-024/581208/2020-03/581208-omaha-002/581208-omaha-002-229.JPG	https://s3.amazonaws.com/NARAprodstorage/lz/dc-metro/rg-024/581208/2020-03/581208-omaha-002/581208-omaha-002-229.JPG	 						191	205	5	30.15	63	61	61	65		bc	cum	9				
1873-03-25	21	-29.95	-71.33			a		https://s3.amazonaws.com/NARAprodstorage/lz/dc-metro/rg-024/581208/2020-03/581208-omaha-002/581208-omaha-002-229.JPG	https://s3.amazonaws.com/NARAprodstorage/lz/dc-metro/rg-024/581208/2020-03/581208-omaha-002/581208-omaha-002-229.JPG	 						0	0	0	30.12	62	63	64			bc	none	10				
1873-03-25	22	-29.95	-71.33			a		https://s3.amazonaws.com/NARAprodstorage/lz/dc-metro/rg-024/581208/2020-03/581208-omaha-002/581208-omaha-002-229.JPG	https://s3.amazonaws.com/NARAprodstorage/lz/dc-metro/rg-024/581208/2020-03/581208-omaha-002/581208-omaha-002-229.JPG	 						0	0	0	30.1	62	63	64			bc	cum nim	8				
1873-03-25	23	-29.95	-71.33			a		https://s3.amazonaws.com/NARAprodstorage/lz/dc-metro/rg-024/581208/2020-03/581208-omaha-002/581208-omaha-002-229.JPG	https://s3.amazonaws.com/NARAprodstorage/lz/dc-metro/rg-024/581208/2020-03/581208-omaha-002/581208-omaha-002-229.JPG	 						0	0	0	30.08	62	63	64			oc	cum nim	0				
1873-03-25	24	-29.95	-71.33			a		https://s3.amazonaws.com/NARAprodstorage/lz/dc-metro/rg-024/581208/2020-03/581208-omaha-002/581208-omaha-002-229.JPG	https://s3.amazonaws.com/NARAprodstorage/lz/dc-metro/rg-024/581208/2020-03/581208-omaha-002/581208-omaha-002-229.JPG	 						0	0	0	30.08	62	63	64			oc	cum nim	0				
1873-03-26	1	-29.95	-71.33			a		https://s3.amazonaws.com/NARAprodstorage/lz/dc-metro/rg-024/581208/2020-03/581208-omaha-002/581208-omaha-002-230.JPG	https://s3.amazonaws.com/NARAprodstorage/lz/dc-metro/rg-024/581208/2020-03/581208-omaha-002/581208-omaha-002-230.JPG	 						0	0	0	30.16	61	62	61			b	none	10				
1873-03-26	2	-29.95	-71.33			a		https://s3.amazonaws.com/NARAprodstorage/lz/dc-metro/rg-024/581208/2020-03/581208-omaha-002/581208-omaha-002-230.JPG	https://s3.amazonaws.com/NARAprodstorage/lz/dc-metro/rg-024/581208/2020-03/581208-omaha-002/581208-omaha-002-230.JPG	 						0	0	0	30.16	61	62	61			b	none	10				
1873-03-26	3	-29.95	-71.33			a		https://s3.amazonaws.com/NARAprodstorage/lz/dc-metro/rg-024/581208/2020-03/581208-omaha-002/581208-omaha-002-230.JPG	https://s3.amazonaws.com/NARAprodstorage/lz/dc-metro/rg-024/581208/2020-03/581208-omaha-002/581208-omaha-002-230.JPG	 						0	0	0	30.16	61	62	61			b	none	10				
1873-03-26	4	-29.95	-71.33			a		https://s3.amazonaws.com/NARAprodstorage/lz/dc-metro/rg-024/581208/2020-03/581208-omaha-002/581208-omaha-002-230.JPG	https://s3.amazonaws.com/NARAprodstorage/lz/dc-metro/rg-024/581208/2020-03/581208-omaha-002/581208-omaha-002-230.JPG	 						0	0	0	30.16	61	62	61			b	none	10				
1873-03-26	5	-29.95	-71.33			a		https://s3.amazonaws.com/NARAprodstorage/lz/dc-metro/rg-024/581208/2020-03/581208-omaha-002/581208-omaha-002-230.JPG	https://s3.amazonaws.com/NARAprodstorage/lz/dc-metro/rg-024/581208/2020-03/581208-omaha-002/581208-omaha-002-230.JPG	 						338	352	0	30.16	62	61	61	62		om		0				
1873-03-26	6	-29.95	-71.33			a		https://s3.amazonaws.com/NARAprodstorage/lz/dc-metro/rg-024/581208/2020-03/581208-omaha-002/581208-omaha-002-230.JPG	https://s3.amazonaws.com/NARAprodstorage/lz/dc-metro/rg-024/581208/2020-03/581208-omaha-002/581208-omaha-002-230.JPG	 						338	352	0	30.18	62	61	61	62		om		0				
1873-03-26	7	-29.95	-71.33			a		https://s3.amazonaws.com/NARAprodstorage/lz/dc-metro/rg-024/581208/2020-03/581208-omaha-002/581208-omaha-002-230.JPG	https://s3.amazonaws.com/NARAprodstorage/lz/dc-metro/rg-024/581208/2020-03/581208-omaha-002/581208-omaha-002-230.JPG	 						360	14	0	30.18	62	61	61	62		om		0				
1873-03-26	8	-29.95	-71.33			a		https://s3.amazonaws.com/NARAprodstorage/lz/dc-metro/rg-024/581208/2020-03/581208-omaha-002/581208-omaha-002-230.JPG	https://s3.amazonaws.com/NARAprodstorage/lz/dc-metro/rg-024/581208/2020-03/581208-omaha-002/581208-omaha-002-230.JPG	 						22	36	0	30.21	62	61	61	62		om		0				
1873-03-26	9	-29.95	-71.33			a		https://s3.amazonaws.com/NARAprodstorage/lz/dc-metro/rg-024/581208/2020-03/581208-omaha-002/581208-omaha-002-230.JPG	https://s3.amazonaws.com/NARAprodstorage/lz/dc-metro/rg-024/581208/2020-03/581208-omaha-002/581208-omaha-002-230.JPG	 						0	0	0	30.21	64	65	64	62		oc	cum	0				
1873-03-26	10	-29.95	-71.33			a		https://s3.amazonaws.com/NARAprodstorage/lz/dc-metro/rg-024/581208/2020-03/581208-omaha-002/581208-omaha-002-230.JPG	https://s3.amazonaws.com/NARAprodstorage/lz/dc-metro/rg-024/581208/2020-03/581208-omaha-002/581208-omaha-002-230.JPG	 						0	0	0	30.21	64	65	64	62		oc	cum	0				
1873-03-26	11	-29.95	-71.33			a		https://s3.amazonaws.com/NARAprodstorage/lz/dc-metro/rg-024/581208/2020-03/581208-omaha-002/581208-omaha-002-230.JPG	https://s3.amazonaws.com/NARAprodstorage/lz/dc-metro/rg-024/581208/2020-03/581208-omaha-002/581208-omaha-002-230.JPG	 						0	0	0	30.21	64	65	64	62		oc	cum	0				
1873-03-26	12	-29.95	-71.33			a		https://s3.amazonaws.com/NARAprodstorage/lz/dc-metro/rg-024/581208/2020-03/581208-omaha-002/581208-omaha-002-230.JPG	https://s3.amazonaws.com/NARAprodstorage/lz/dc-metro/rg-024/581208/2020-03/581208-omaha-002/581208-omaha-002-230.JPG	Noon: Coquimbo						0	0	0	30.21	64	65	64	62		oc	cum	0				
1873-03-26	13	-29.95	-71.33			a		https://s3.amazonaws.com/NARAprodstorage/lz/dc-metro/rg-024/581208/2020-03/581208-omaha-002/581208-omaha-002-230.JPG	https://s3.amazonaws.com/NARAprodstorage/lz/dc-metro/rg-024/581208/2020-03/581208-omaha-002/581208-omaha-002-230.JPG	 						0	0	0	30.2	64	65	61	60		oc		0				
1873-03-26	14	-29.95	-71.33			a		https://s3.amazonaws.com/NARAprodstorage/lz/dc-metro/rg-024/581208/2020-03/581208-omaha-002/581208-omaha-002-230.JPG	https://s3.amazonaws.com/NARAprodstorage/lz/dc-metro/rg-024/581208/2020-03/581208-omaha-002/581208-omaha-002-230.JPG	 						0	0	0	30.21	65	65	61	60		oc		0				
1873-03-26	15	-29.95	-71.33			a		https://s3.amazonaws.com/NARAprodstorage/lz/dc-metro/rg-024/581208/2020-03/581208-omaha-002/581208-omaha-002-230.JPG	https://s3.amazonaws.com/NARAprodstorage/lz/dc-metro/rg-024/581208/2020-03/581208-omaha-002/581208-omaha-002-230.JPG	 						0	0	0	30.22	64	65	61	60		oc		0				
1873-03-26	16	-29.95	-71.33			a		https://s3.amazonaws.com/NARAprodstorage/lz/dc-metro/rg-024/581208/2020-03/581208-omaha-002/581208-omaha-002-230.JPG	https://s3.amazonaws.com/NARAprodstorage/lz/dc-metro/rg-024/581208/2020-03/581208-omaha-002/581208-omaha-002-230.JPG	 						0	0	0	30.21	65	65	61	60		oc		0				
1873-03-26	17	-29.95	-71.33			a		https://s3.amazonaws.com/NARAprodstorage/lz/dc-metro/rg-024/581208/2020-03/581208-omaha-002/581208-omaha-002-230.JPG	https://s3.amazonaws.com/NARAprodstorage/lz/dc-metro/rg-024/581208/2020-03/581208-omaha-002/581208-omaha-002-230.JPG	 						0	0	0	30.21	65	65	61	60		oc		0				
1873-03-26	18	-29.95	-71.33			a		https://s3.amazonaws.com/NARAprodstorage/lz/dc-metro/rg-024/581208/2020-03/581208-omaha-002/581208-omaha-002-230.JPG	https://s3.amazonaws.com/NARAprodstorage/lz/dc-metro/rg-024/581208/2020-03/581208-omaha-002/581208-omaha-002-230.JPG	 						0	0	0	30.21	65	65	61	60		oc		0				
1873-03-26	19	-29.95	-71.33			a		https://s3.amazonaws.com/NARAprodstorage/lz/dc-metro/rg-024/581208/2020-03/581208-omaha-002/581208-omaha-002-230.JPG	https://s3.amazonaws.com/NARAprodstorage/lz/dc-metro/rg-024/581208/2020-03/581208-omaha-002/581208-omaha-002-230.JPG	 						0	0	0	30.21	65	65	61	60		oc		0				
1873-03-26	20	-29.95	-71.33			a		https://s3.amazonaws.com/NARAprodstorage/lz/dc-metro/rg-024/581208/2020-03/581208-omaha-002/581208-omaha-002-230.JPG	https://s3.amazonaws.com/NARAprodstorage/lz/dc-metro/rg-024/581208/2020-03/581208-omaha-002/581208-omaha-002-230.JPG	 						0	0	0	30.21	65	65	61	60		oc		0				
1873-03-26	21	-29.95	-71.33			a		https://s3.amazonaws.com/NARAprodstorage/lz/dc-metro/rg-024/581208/2020-03/581208-omaha-002/581208-omaha-002-230.JPG	https://s3.amazonaws.com/NARAprodstorage/lz/dc-metro/rg-024/581208/2020-03/581208-omaha-002/581208-omaha-002-230.JPG	 						0	0	0	30.23	63	62	61	60		oc	cum	0				
1873-03-26	22	-29.95	-71.33			a		https://s3.amazonaws.com/NARAprodstorage/lz/dc-metro/rg-024/581208/2020-03/581208-omaha-002/581208-omaha-002-230.JPG	https://s3.amazonaws.com/NARAprodstorage/lz/dc-metro/rg-024/581208/2020-03/581208-omaha-002/581208-omaha-002-230.JPG	 						0	0	0	30.23	62	62	61	60		oc	cum	0				
1873-03-26	23	-29.95	-71.33			a		https://s3.amazonaws.com/NARAprodstorage/lz/dc-metro/rg-024/581208/2020-03/581208-omaha-002/581208-omaha-002-230.JPG	https://s3.amazonaws.com/NARAprodstorage/lz/dc-metro/rg-024/581208/2020-03/581208-omaha-002/581208-omaha-002-230.JPG	 						0	0	0	30.24	62	61	61	60		oc	cum	0				
1873-03-26	24	-29.95	-71.33			a		https://s3.amazonaws.com/NARAprodstorage/lz/dc-metro/rg-024/581208/2020-03/581208-omaha-002/581208-omaha-002-230.JPG	https://s3.amazonaws.com/NARAprodstorage/lz/dc-metro/rg-024/581208/2020-03/581208-omaha-002/581208-omaha-002-230.JPG	 						0	0	0	30.25		61	61	60		oc	cum	0				
1873-03-27	1	-29.95	-71.33			a		https://s3.amazonaws.com/NARAprodstorage/lz/dc-metro/rg-024/581208/2020-03/581208-omaha-002/581208-omaha-002-231.JPG	https://s3.amazonaws.com/NARAprodstorage/lz/dc-metro/rg-024/581208/2020-03/581208-omaha-002/581208-omaha-002-231.JPG	 						0	0	0	30.24	63	62	60	61		b	none	10				
1873-03-27	2	-29.95	-71.33			a		https://s3.amazonaws.com/NARAprodstorage/lz/dc-metro/rg-024/581208/2020-03/581208-omaha-002/581208-omaha-002-231.JPG	https://s3.amazonaws.com/NARAprodstorage/lz/dc-metro/rg-024/581208/2020-03/581208-omaha-002/581208-omaha-002-231.JPG	 						0	0	0	30.22	63	62	60	61		b	none	10				
1873-03-27	3	-29.95	-71.33			a		https://s3.amazonaws.com/NARAprodstorage/lz/dc-metro/rg-024/581208/2020-03/581208-omaha-002/581208-omaha-002-231.JPG	https://s3.amazonaws.com/NARAprodstorage/lz/dc-metro/rg-024/581208/2020-03/581208-omaha-002/581208-omaha-002-231.JPG	 						0	0	0	30.18	63	62	60	61		b	none	10				
1873-03-27	4	-29.95	-71.33			a		https://s3.amazonaws.com/NARAprodstorage/lz/dc-metro/rg-024/581208/2020-03/581208-omaha-002/581208-omaha-002-231.JPG	https://s3.amazonaws.com/NARAprodstorage/lz/dc-metro/rg-024/581208/2020-03/581208-omaha-002/581208-omaha-002-231.JPG	 						0	0	0	30.2	64	62	60	61		b	none	10				
1873-03-27	5	-29.95	-71.33			a		https://s3.amazonaws.com/NARAprodstorage/lz/dc-metro/rg-024/581208/2020-03/581208-omaha-002/581208-omaha-002-231.JPG	https://s3.amazonaws.com/NARAprodstorage/lz/dc-metro/rg-024/581208/2020-03/581208-omaha-002/581208-omaha-002-231.JPG	 						0	0	0	30.15	64	62	60	61		b	none	10				
1873-03-27	6	-29.95	-71.33			a		https://s3.amazonaws.com/NARAprodstorage/lz/dc-metro/rg-024/581208/2020-03/581208-omaha-002/581208-omaha-002-231.JPG	https://s3.amazonaws.com/NARAprodstorage/lz/dc-metro/rg-024/581208/2020-03/581208-omaha-002/581208-omaha-002-231.JPG	 						0	0	0	30.15	64	62	60	61		b	none	10				
1873-03-27	7	-29.95	-71.33			a		https://s3.amazonaws.com/NARAprodstorage/lz/dc-metro/rg-024/581208/2020-03/581208-omaha-002/581208-omaha-002-231.JPG	https://s3.amazonaws.com/NARAprodstorage/lz/dc-metro/rg-024/581208/2020-03/581208-omaha-002/581208-omaha-002-231.JPG	 						0	0	0	30.15	64	64	64	64		b	none	10				
1873-03-27	8	-29.95	-71.33			a		https://s3.amazonaws.com/NARAprodstorage/lz/dc-metro/rg-024/581208/2020-03/581208-omaha-002/581208-omaha-002-231.JPG	https://s3.amazonaws.com/NARAprodstorage/lz/dc-metro/rg-024/581208/2020-03/581208-omaha-002/581208-omaha-002-231.JPG	 						0	0	0	30.15	64	64	64	64		b	none	10				
1873-03-27	9	-29.95	-71.33			a		https://s3.amazonaws.com/NARAprodstorage/lz/dc-metro/rg-024/581208/2020-03/581208-omaha-002/581208-omaha-002-231.JPG	https://s3.amazonaws.com/NARAprodstorage/lz/dc-metro/rg-024/581208/2020-03/581208-omaha-002/581208-omaha-002-231.JPG	 						191	205	2	30.2	62	62	62	62			none	10				
1873-03-27	10	-29.95	-71.33			a		https://s3.amazonaws.com/NARAprodstorage/lz/dc-metro/rg-024/581208/2020-03/581208-omaha-002/581208-omaha-002-231.JPG	https://s3.amazonaws.com/NARAprodstorage/lz/dc-metro/rg-024/581208/2020-03/581208-omaha-002/581208-omaha-002-231.JPG	 						191	205	2	30.2	62	62	62	62			none	10				
1873-03-27	11	-29.95	-71.33			a		https://s3.amazonaws.com/NARAprodstorage/lz/dc-metro/rg-024/581208/2020-03/581208-omaha-002/581208-omaha-002-231.JPG	https://s3.amazonaws.com/NARAprodstorage/lz/dc-metro/rg-024/581208/2020-03/581208-omaha-002/581208-omaha-002-231.JPG	 						191	205	5	30.2	64	64	64	62			none	10				
1873-03-27	12	-29.95	-71.33			a		https://s3.amazonaws.com/NARAprodstorage/lz/dc-metro/rg-024/581208/2020-03/581208-omaha-002/581208-omaha-002-231.JPG	https://s3.amazonaws.com/NARAprodstorage/lz/dc-metro/rg-024/581208/2020-03/581208-omaha-002/581208-omaha-002-231.JPG	Noon: Coquimbo						191	205	5	30.2	64	66	65	62			none	10				
1873-03-27	13	-29.95	-71.33			a		https://s3.amazonaws.com/NARAprodstorage/lz/dc-metro/rg-024/581208/2020-03/581208-omaha-002/581208-omaha-002-231.JPG	https://s3.amazonaws.com/NARAprodstorage/lz/dc-metro/rg-024/581208/2020-03/581208-omaha-002/581208-omaha-002-231.JPG	 						191	205	5	30.24	66	67	68			b	None	10				
1873-03-27	14	-29.95	-71.33			a		https://s3.amazonaws.com/NARAprodstorage/lz/dc-metro/rg-024/581208/2020-03/581208-omaha-002/581208-omaha-002-231.JPG	https://s3.amazonaws.com/NARAprodstorage/lz/dc-metro/rg-024/581208/2020-03/581208-omaha-002/581208-omaha-002-231.JPG	 						191	205	5	30.24	66	67	68			b	None	10				
1873-03-27	15	-29.95	-71.33			a		https://s3.amazonaws.com/NARAprodstorage/lz/dc-metro/rg-024/581208/2020-03/581208-omaha-002/581208-omaha-002-231.JPG	https://s3.amazonaws.com/NARAprodstorage/lz/dc-metro/rg-024/581208/2020-03/581208-omaha-002/581208-omaha-002-231.JPG	 						191	205	5	30.24	66	67	68			b	None	10				
1873-03-27	16	-29.95	-71.33			a		https://s3.amazonaws.com/NARAprodstorage/lz/dc-metro/rg-024/581208/2020-03/581208-omaha-002/581208-omaha-002-231.JPG	https://s3.amazonaws.com/NARAprodstorage/lz/dc-metro/rg-024/581208/2020-03/581208-omaha-002/581208-omaha-002-231.JPG	 						191	205	5	30.24	66	67	68			b	None	10				
1873-03-27	17	-29.95	-71.33			a		https://s3.amazonaws.com/NARAprodstorage/lz/dc-metro/rg-024/581208/2020-03/581208-omaha-002/581208-omaha-002-231.JPG	https://s3.amazonaws.com/NARAprodstorage/lz/dc-metro/rg-024/581208/2020-03/581208-omaha-002/581208-omaha-002-231.JPG	 						270	284	5	30.2	64	64	65			b	None	10				
1873-03-27	18	-29.95	-71.33			a		https://s3.amazonaws.com/NARAprodstorage/lz/dc-metro/rg-024/581208/2020-03/581208-omaha-002/581208-omaha-002-231.JPG	https://s3.amazonaws.com/NARAprodstorage/lz/dc-metro/rg-024/581208/2020-03/581208-omaha-002/581208-omaha-002-231.JPG	 						349	3	5	30.18	64	64	65			b	None	10				
1873-03-27	19	-29.95	-71.33			a		https://s3.amazonaws.com/NARAprodstorage/lz/dc-metro/rg-024/581208/2020-03/581208-omaha-002/581208-omaha-002-231.JPG	https://s3.amazonaws.com/NARAprodstorage/lz/dc-metro/rg-024/581208/2020-03/581208-omaha-002/581208-omaha-002-231.JPG	 						888	888	5	30.16	64	64	65			b	None	10				
1873-03-27	20	-29.95	-71.33			a		https://s3.amazonaws.com/NARAprodstorage/lz/dc-metro/rg-024/581208/2020-03/581208-omaha-002/581208-omaha-002-231.JPG	https://s3.amazonaws.com/NARAprodstorage/lz/dc-metro/rg-024/581208/2020-03/581208-omaha-002/581208-omaha-002-231.JPG	 						888	888	5	30.14	64	64	65			b	None	10				
1873-03-27	21	-29.95	-71.33			a		https://s3.amazonaws.com/NARAprodstorage/lz/dc-metro/rg-024/581208/2020-03/581208-omaha-002/581208-omaha-002-231.JPG	https://s3.amazonaws.com/NARAprodstorage/lz/dc-metro/rg-024/581208/2020-03/581208-omaha-002/581208-omaha-002-231.JPG	 						0	0	0	30.18	65	63	65			b	None	10				
1873-03-27	22	-29.95	-71.33			a		https://s3.amazonaws.com/NARAprodstorage/lz/dc-metro/rg-024/581208/2020-03/581208-omaha-002/581208-omaha-002-231.JPG	https://s3.amazonaws.com/NARAprodstorage/lz/dc-metro/rg-024/581208/2020-03/581208-omaha-002/581208-omaha-002-231.JPG	 						0	0	0	30.18	65	63	62	62		b	None	10				
1873-03-27	23	-29.95	-71.33			a		https://s3.amazonaws.com/NARAprodstorage/lz/dc-metro/rg-024/581208/2020-03/581208-omaha-002/581208-omaha-002-231.JPG	https://s3.amazonaws.com/NARAprodstorage/lz/dc-metro/rg-024/581208/2020-03/581208-omaha-002/581208-omaha-002-231.JPG	 						0	0	0	30.2	65	63	62	62		b	None	10				
1873-03-27	24	-29.95	-71.33			a		https://s3.amazonaws.com/NARAprodstorage/lz/dc-metro/rg-024/581208/2020-03/581208-omaha-002/581208-omaha-002-231.JPG	https://s3.amazonaws.com/NARAprodstorage/lz/dc-metro/rg-024/581208/2020-03/581208-omaha-002/581208-omaha-002-231.JPG	 						0	0	0	30.22	65	63	62	62		b	None	10				
1873-03-28	1	-29.95	-71.33			a		https://s3.amazonaws.com/NARAprodstorage/lz/dc-metro/rg-024/581208/2020-03/581208-omaha-002/581208-omaha-002-232.JPG	https://s3.amazonaws.com/NARAprodstorage/lz/dc-metro/rg-024/581208/2020-03/581208-omaha-002/581208-omaha-002-232.JPG	 						0	0	0	30.16	59	60	59			b	none	10				
1873-03-28	2	-29.95	-71.33			a		https://s3.amazonaws.com/NARAprodstorage/lz/dc-metro/rg-024/581208/2020-03/581208-omaha-002/581208-omaha-002-232.JPG	https://s3.amazonaws.com/NARAprodstorage/lz/dc-metro/rg-024/581208/2020-03/581208-omaha-002/581208-omaha-002-232.JPG	 						0	0	0	30.15	59	60	60			b	none	10				
1873-03-28	3	-29.95	-71.33			a		https://s3.amazonaws.com/NARAprodstorage/lz/dc-metro/rg-024/581208/2020-03/581208-omaha-002/581208-omaha-002-232.JPG	https://s3.amazonaws.com/NARAprodstorage/lz/dc-metro/rg-024/581208/2020-03/581208-omaha-002/581208-omaha-002-232.JPG	 						0	0	0	30.15	59	60	59			b	none	10				
1873-03-28	4	-29.95	-71.33			a		https://s3.amazonaws.com/NARAprodstorage/lz/dc-metro/rg-024/581208/2020-03/581208-omaha-002/581208-omaha-002-232.JPG	https://s3.amazonaws.com/NARAprodstorage/lz/dc-metro/rg-024/581208/2020-03/581208-omaha-002/581208-omaha-002-232.JPG	 						0	0	0	30.18	59	59	60			b	none	10				
1873-03-28	5	-29.95	-71.33			a		https://s3.amazonaws.com/NARAprodstorage/lz/dc-metro/rg-024/581208/2020-03/581208-omaha-002/581208-omaha-002-232.JPG	https://s3.amazonaws.com/NARAprodstorage/lz/dc-metro/rg-024/581208/2020-03/581208-omaha-002/581208-omaha-002-232.JPG	 						0	0	0	30.16	60	60	62			bcm	cum	6				
1873-03-28	6	-29.95	-71.33			a		https://s3.amazonaws.com/NARAprodstorage/lz/dc-metro/rg-024/581208/2020-03/581208-omaha-002/581208-omaha-002-232.JPG	https://s3.amazonaws.com/NARAprodstorage/lz/dc-metro/rg-024/581208/2020-03/581208-omaha-002/581208-omaha-002-232.JPG	 						0	0	0	30.14	62	61	62			bcm	cum	8				
1873-03-28	7	-29.95	-71.33			a		https://s3.amazonaws.com/NARAprodstorage/lz/dc-metro/rg-024/581208/2020-03/581208-omaha-002/581208-omaha-002-232.JPG	https://s3.amazonaws.com/NARAprodstorage/lz/dc-metro/rg-024/581208/2020-03/581208-omaha-002/581208-omaha-002-232.JPG	 						0	0	0	30.12	62	61	62			b	none	10				
1873-03-28	8	-29.95	-71.33			a		https://s3.amazonaws.com/NARAprodstorage/lz/dc-metro/rg-024/581208/2020-03/581208-omaha-002/581208-omaha-002-232.JPG	https://s3.amazonaws.com/NARAprodstorage/lz/dc-metro/rg-024/581208/2020-03/581208-omaha-002/581208-omaha-002-232.JPG	 						0	0	0	30.12	62	61	62			b	none	10				
1873-03-28	9	-29.95	-71.33			a		https://s3.amazonaws.com/NARAprodstorage/lz/dc-metro/rg-024/581208/2020-03/581208-omaha-002/581208-omaha-002-232.JPG	https://s3.amazonaws.com/NARAprodstorage/lz/dc-metro/rg-024/581208/2020-03/581208-omaha-002/581208-omaha-002-232.JPG	 						0	0	0	30.12	63	62	62			b	none	10				
1873-03-28	10	-29.95	-71.33			a		https://s3.amazonaws.com/NARAprodstorage/lz/dc-metro/rg-024/581208/2020-03/581208-omaha-002/581208-omaha-002-232.JPG	https://s3.amazonaws.com/NARAprodstorage/lz/dc-metro/rg-024/581208/2020-03/581208-omaha-002/581208-omaha-002-232.JPG	 						338	352	0	30.11	64	64	62			b	none	10				
1873-03-28	11	-29.95	-71.33			a		https://s3.amazonaws.com/NARAprodstorage/lz/dc-metro/rg-024/581208/2020-03/581208-omaha-002/581208-omaha-002-232.JPG	https://s3.amazonaws.com/NARAprodstorage/lz/dc-metro/rg-024/581208/2020-03/581208-omaha-002/581208-omaha-002-232.JPG	 						292	306	0	30.11	65	65	62			b	none	10				
1873-03-28	12	-29.95	-71.33			a		https://s3.amazonaws.com/NARAprodstorage/lz/dc-metro/rg-024/581208/2020-03/581208-omaha-002/581208-omaha-002-232.JPG	https://s3.amazonaws.com/NARAprodstorage/lz/dc-metro/rg-024/581208/2020-03/581208-omaha-002/581208-omaha-002-232.JPG	Noon: Coquimbo						292	306	0	30.12	65	65	62			b	none	10				
1873-03-28	13	-29.95	-71.33			a		https://s3.amazonaws.com/NARAprodstorage/lz/dc-metro/rg-024/581208/2020-03/581208-omaha-002/581208-omaha-002-232.JPG	https://s3.amazonaws.com/NARAprodstorage/lz/dc-metro/rg-024/581208/2020-03/581208-omaha-002/581208-omaha-002-232.JPG	 						225	239	5	30.18	65	66	66	63		b	cum	9				
1873-03-28	14	-29.95	-71.33			a		https://s3.amazonaws.com/NARAprodstorage/lz/dc-metro/rg-024/581208/2020-03/581208-omaha-002/581208-omaha-002-232.JPG	https://s3.amazonaws.com/NARAprodstorage/lz/dc-metro/rg-024/581208/2020-03/581208-omaha-002/581208-omaha-002-232.JPG	 						225	239	5	30.18	65	66	66	63		b	cum	9				
1873-03-28	15	-29.95	-71.33			a		https://s3.amazonaws.com/NARAprodstorage/lz/dc-metro/rg-024/581208/2020-03/581208-omaha-002/581208-omaha-002-232.JPG	https://s3.amazonaws.com/NARAprodstorage/lz/dc-metro/rg-024/581208/2020-03/581208-omaha-002/581208-omaha-002-232.JPG	 						248	262	5	30.22	65	66	66	63		b	cum	9				
1873-03-28	16	-29.95	-71.33			a		https://s3.amazonaws.com/NARAprodstorage/lz/dc-metro/rg-024/581208/2020-03/581208-omaha-002/581208-omaha-002-232.JPG	https://s3.amazonaws.com/NARAprodstorage/lz/dc-metro/rg-024/581208/2020-03/581208-omaha-002/581208-omaha-002-232.JPG	 						248	262	5	30.22	65	66	66	63		b	cum	9				
1873-03-28	17	-29.95	-71.33			a		https://s3.amazonaws.com/NARAprodstorage/lz/dc-metro/rg-024/581208/2020-03/581208-omaha-002/581208-omaha-002-232.JPG	https://s3.amazonaws.com/NARAprodstorage/lz/dc-metro/rg-024/581208/2020-03/581208-omaha-002/581208-omaha-002-232.JPG	 						248	262	8	30.22	64	65	64	63		oc	cum nim	9				
1873-03-28	18	-29.95	-71.33			a		https://s3.amazonaws.com/NARAprodstorage/lz/dc-metro/rg-024/581208/2020-03/581208-omaha-002/581208-omaha-002-232.JPG	https://s3.amazonaws.com/NARAprodstorage/lz/dc-metro/rg-024/581208/2020-03/581208-omaha-002/581208-omaha-002-232.JPG	 						248	262	8	30.22	64	65	64	63		oc	cum nim	9				
1873-03-28	19	-29.95	-71.33			a		https://s3.amazonaws.com/NARAprodstorage/lz/dc-metro/rg-024/581208/2020-03/581208-omaha-002/581208-omaha-002-232.JPG	https://s3.amazonaws.com/NARAprodstorage/lz/dc-metro/rg-024/581208/2020-03/581208-omaha-002/581208-omaha-002-232.JPG	 						248	262	5	30.22	62	63	62	63		oc	cum nim	9				
1873-03-28	20	-29.95	-71.33			a		https://s3.amazonaws.com/NARAprodstorage/lz/dc-metro/rg-024/581208/2020-03/581208-omaha-002/581208-omaha-002-232.JPG	https://s3.amazonaws.com/NARAprodstorage/lz/dc-metro/rg-024/581208/2020-03/581208-omaha-002/581208-omaha-002-232.JPG	 						248	262	6	30.22	62	63	62	63		oc	cum nim	9				
1873-03-28	21	-29.95	-71.33			a		https://s3.amazonaws.com/NARAprodstorage/lz/dc-metro/rg-024/581208/2020-03/581208-omaha-002/581208-omaha-002-232.JPG	https://s3.amazonaws.com/NARAprodstorage/lz/dc-metro/rg-024/581208/2020-03/581208-omaha-002/581208-omaha-002-232.JPG	 						0	0	0	30.22	62	63	62	63		oc	cum nim	9				
1873-03-28	22	-29.95	-71.33			a		https://s3.amazonaws.com/NARAprodstorage/lz/dc-metro/rg-024/581208/2020-03/581208-omaha-002/581208-omaha-002-232.JPG	https://s3.amazonaws.com/NARAprodstorage/lz/dc-metro/rg-024/581208/2020-03/581208-omaha-002/581208-omaha-002-232.JPG	 						0	0	0	30.22	62	63	62	63		oc	cum nim	9				
1873-03-28	23	-29.95	-71.33			a		https://s3.amazonaws.com/NARAprodstorage/lz/dc-metro/rg-024/581208/2020-03/581208-omaha-002/581208-omaha-002-232.JPG	https://s3.amazonaws.com/NARAprodstorage/lz/dc-metro/rg-024/581208/2020-03/581208-omaha-002/581208-omaha-002-232.JPG	 						0	0	0	30.22	62	63	62	63		oc	cum nim	9				
1873-03-28	24	-29.95	-71.33			a		https://s3.amazonaws.com/NARAprodstorage/lz/dc-metro/rg-024/581208/2020-03/581208-omaha-002/581208-omaha-002-232.JPG	https://s3.amazonaws.com/NARAprodstorage/lz/dc-metro/rg-024/581208/2020-03/581208-omaha-002/581208-omaha-002-232.JPG	 						0	0	0	30.22	62	63	62	63		oc	cum nim	9				
1873-03-29	1	-29.95	-71.33			a		https://s3.amazonaws.com/NARAprodstorage/lz/dc-metro/rg-024/581208/2020-03/581208-omaha-002/581208-omaha-002-233.JPG	https://s3.amazonaws.com/NARAprodstorage/lz/dc-metro/rg-024/581208/2020-03/581208-omaha-002/581208-omaha-002-234.JPG	 						225	239	2	30.2	63	62	62	61		o	nimb	0				
1873-03-29	2	-29.95	-71.33			a		https://s3.amazonaws.com/NARAprodstorage/lz/dc-metro/rg-024/581208/2020-03/581208-omaha-002/581208-omaha-002-233.JPG	https://s3.amazonaws.com/NARAprodstorage/lz/dc-metro/rg-024/581208/2020-03/581208-omaha-002/581208-omaha-002-233.JPG	 						225	239	2	30.2	63	62	62	61		o	nimb	0				
1873-03-29	3	-29.95	-71.33			a		https://s3.amazonaws.com/NARAprodstorage/lz/dc-metro/rg-024/581208/2020-03/581208-omaha-002/581208-omaha-002-233.JPG	https://s3.amazonaws.com/NARAprodstorage/lz/dc-metro/rg-024/581208/2020-03/581208-omaha-002/581208-omaha-002-233.JPG	 						225	239	2	30.2	63	62	62	61		o	nimb	0				
1873-03-29	4	-29.95	-71.33			a		https://s3.amazonaws.com/NARAprodstorage/lz/dc-metro/rg-024/581208/2020-03/581208-omaha-002/581208-omaha-002-233.JPG	https://s3.amazonaws.com/NARAprodstorage/lz/dc-metro/rg-024/581208/2020-03/581208-omaha-002/581208-omaha-002-233.JPG	 						225	239	2	30.2	63	62	62	61		o	nimb	0				
1873-03-29	5	-29.95	-71.33			a		https://s3.amazonaws.com/NARAprodstorage/lz/dc-metro/rg-024/581208/2020-03/581208-omaha-002/581208-omaha-002-233.JPG	https://s3.amazonaws.com/NARAprodstorage/lz/dc-metro/rg-024/581208/2020-03/581208-omaha-002/581208-omaha-002-233.JPG	 						225	239		30.2	63	62	62	61		o	nimb	0				
1873-03-29	6	-29.95	-71.33			a		https://s3.amazonaws.com/NARAprodstorage/lz/dc-metro/rg-024/581208/2020-03/581208-omaha-002/581208-omaha-002-233.JPG	https://s3.amazonaws.com/NARAprodstorage/lz/dc-metro/rg-024/581208/2020-03/581208-omaha-002/581208-omaha-002-233.JPG	 						225	239		30.2	63	62	62	61		o	nimb	0				
1873-03-29	7	-29.95	-71.33			a		https://s3.amazonaws.com/NARAprodstorage/lz/dc-metro/rg-024/581208/2020-03/581208-omaha-002/581208-omaha-002-233.JPG	https://s3.amazonaws.com/NARAprodstorage/lz/dc-metro/rg-024/581208/2020-03/581208-omaha-002/581208-omaha-002-233.JPG	 						225	239		30.2	63	62	62	61		o	nimb	0				
1873-03-29	8	-29.95	-71.33			a		https://s3.amazonaws.com/NARAprodstorage/lz/dc-metro/rg-024/581208/2020-03/581208-omaha-002/581208-omaha-002-233.JPG	https://s3.amazonaws.com/NARAprodstorage/lz/dc-metro/rg-024/581208/2020-03/581208-omaha-002/581208-omaha-002-233.JPG	 						225	239		30.2	63	62	62	61		o	nimb	0				
1873-03-29	9	-29.95	-71.33			a		https://s3.amazonaws.com/NARAprodstorage/lz/dc-metro/rg-024/581208/2020-03/581208-omaha-002/581208-omaha-002-233.JPG	https://s3.amazonaws.com/NARAprodstorage/lz/dc-metro/rg-024/581208/2020-03/581208-omaha-002/581208-omaha-002-233.JPG	 						315	329	2	30.18	62	61	61	61		oc	nimb	0				
1873-03-29	10	-29.95	-71.33			a		https://s3.amazonaws.com/NARAprodstorage/lz/dc-metro/rg-024/581208/2020-03/581208-omaha-002/581208-omaha-002-233.JPG	https://s3.amazonaws.com/NARAprodstorage/lz/dc-metro/rg-024/581208/2020-03/581208-omaha-002/581208-omaha-002-233.JPG	 						315	329	2	30.16	62	61	61	61		oc	nimb	0				
1873-03-29	11	-29.95	-71.33			a		https://s3.amazonaws.com/NARAprodstorage/lz/dc-metro/rg-024/581208/2020-03/581208-omaha-002/581208-omaha-002-233.JPG	https://s3.amazonaws.com/NARAprodstorage/lz/dc-metro/rg-024/581208/2020-03/581208-omaha-002/581208-omaha-002-233.JPG	 						315	329	2	30.14	62	61	61	61		oc	nimb	0				
1873-03-29	12	-29.95	-71.33			a		https://s3.amazonaws.com/NARAprodstorage/lz/dc-metro/rg-024/581208/2020-03/581208-omaha-002/581208-omaha-002-233.JPG	https://s3.amazonaws.com/NARAprodstorage/lz/dc-metro/rg-024/581208/2020-03/581208-omaha-002/581208-omaha-002-233.JPG	 						315	329	2	30.14	62	61	61	61		oc	nimb	0				
1873-03-29	13	-29.95	-71.33			a		https://s3.amazonaws.com/NARAprodstorage/lz/dc-metro/rg-024/581208/2020-03/581208-omaha-002/581208-omaha-002-233.JPG	https://s3.amazonaws.com/NARAprodstorage/lz/dc-metro/rg-024/581208/2020-03/581208-omaha-002/581208-omaha-002-233.JPG	 						888	888		30.14	62	61	62			oc	nimb	0				
1873-03-29	14	-29.95	-71.33			a		https://s3.amazonaws.com/NARAprodstorage/lz/dc-metro/rg-024/581208/2020-03/581208-omaha-002/581208-omaha-002-233.JPG	https://s3.amazonaws.com/NARAprodstorage/lz/dc-metro/rg-024/581208/2020-03/581208-omaha-002/581208-omaha-002-233.JPG	 						888	888		30.14	62	61	62			oc	nimb	0				
1873-03-29	15	-29.95	-71.33			a		https://s3.amazonaws.com/NARAprodstorage/lz/dc-metro/rg-024/581208/2020-03/581208-omaha-002/581208-omaha-002-233.JPG	https://s3.amazonaws.com/NARAprodstorage/lz/dc-metro/rg-024/581208/2020-03/581208-omaha-002/581208-omaha-002-233.JPG	 						888	888		30.14	62	61	62			oc	nimb	0				
1873-03-29	16	-29.95	-71.33			a		https://s3.amazonaws.com/NARAprodstorage/lz/dc-metro/rg-024/581208/2020-03/581208-omaha-002/581208-omaha-002-233.JPG	https://s3.amazonaws.com/NARAprodstorage/lz/dc-metro/rg-024/581208/2020-03/581208-omaha-002/581208-omaha-002-233.JPG	 						888	888		30.14	62	61	62			oc	nimb	0				
1873-03-29	17	-29.95	-71.33			a		https://s3.amazonaws.com/NARAprodstorage/lz/dc-metro/rg-024/581208/2020-03/581208-omaha-002/581208-omaha-002-233.JPG	https://s3.amazonaws.com/NARAprodstorage/lz/dc-metro/rg-024/581208/2020-03/581208-omaha-002/581208-omaha-002-233.JPG	 						888	888		30.14	62	61	62			oc	nimb	0				
1873-03-29	18	-29.95	-71.33			a		https://s3.amazonaws.com/NARAprodstorage/lz/dc-metro/rg-024/581208/2020-03/581208-omaha-002/581208-omaha-002-233.JPG	https://s3.amazonaws.com/NARAprodstorage/lz/dc-metro/rg-024/581208/2020-03/581208-omaha-002/581208-omaha-002-233.JPG	 						888	888		30.14	62	61	62			oc	nimb	0				
1873-03-29	19	-29.95	-71.33			a		https://s3.amazonaws.com/NARAprodstorage/lz/dc-metro/rg-024/581208/2020-03/581208-omaha-002/581208-omaha-002-233.JPG	https://s3.amazonaws.com/NARAprodstorage/lz/dc-metro/rg-024/581208/2020-03/581208-omaha-002/581208-omaha-002-233.JPG	 						888	888		30.14	62	61	62			oc	nimb	0				
1873-03-29	20	-29.95	-71.33			a		https://s3.amazonaws.com/NARAprodstorage/lz/dc-metro/rg-024/581208/2020-03/581208-omaha-002/581208-omaha-002-233.JPG	https://s3.amazonaws.com/NARAprodstorage/lz/dc-metro/rg-024/581208/2020-03/581208-omaha-002/581208-omaha-002-233.JPG	 						888	888		30.14	62	61	62			oc	nimb	0				
1873-03-29	21	-29.95	-71.33			a		https://s3.amazonaws.com/NARAprodstorage/lz/dc-metro/rg-024/581208/2020-03/581208-omaha-002/581208-omaha-002-233.JPG	https://s3.amazonaws.com/NARAprodstorage/lz/dc-metro/rg-024/581208/2020-03/581208-omaha-002/581208-omaha-002-233.JPG	 						0	0	0	30.12	63	62	62			oc	nimb	0				
1873-03-29	22	-29.95	-71.33			a		https://s3.amazonaws.com/NARAprodstorage/lz/dc-metro/rg-024/581208/2020-03/581208-omaha-002/581208-omaha-002-233.JPG	https://s3.amazonaws.com/NARAprodstorage/lz/dc-metro/rg-024/581208/2020-03/581208-omaha-002/581208-omaha-002-233.JPG	 						0	0	0	30.12	63	61	62			oc	nimb	0				
1873-03-29	23	-29.95	-71.33			a		https://s3.amazonaws.com/NARAprodstorage/lz/dc-metro/rg-024/581208/2020-03/581208-omaha-002/581208-omaha-002-233.JPG	https://s3.amazonaws.com/NARAprodstorage/lz/dc-metro/rg-024/581208/2020-03/581208-omaha-002/581208-omaha-002-233.JPG	 						0	0	0	30.12	63	62	62			oc	nimb	0				
1873-03-29	24	-29.95	-71.33			a		https://s3.amazonaws.com/NARAprodstorage/lz/dc-metro/rg-024/581208/2020-03/581208-omaha-002/581208-omaha-002-233.JPG	https://s3.amazonaws.com/NARAprodstorage/lz/dc-metro/rg-024/581208/2020-03/581208-omaha-002/581208-omaha-002-233.JPG	 						0	0	0	30.12	63	61	62			oc	nimb	0				
1873-03-30	1	-29.95	-71.33			a		https://s3.amazonaws.com/NARAprodstorage/lz/dc-metro/rg-024/581208/2020-03/581208-omaha-004/581208-omaha-004-010.JPG	https://s3.amazonaws.com/NARAprodstorage/lz/dc-metro/rg-024/581208/2020-03/581208-omaha-004/581208-omaha-004-010.JPG	 						0	0	0	30.18	62	62	61			ocf	nimb	0				
1873-03-30	2	-29.95	-71.33			a		https://s3.amazonaws.com/NARAprodstorage/lz/dc-metro/rg-024/581208/2020-03/581208-omaha-004/581208-omaha-004-010.JPG	https://s3.amazonaws.com/NARAprodstorage/lz/dc-metro/rg-024/581208/2020-03/581208-omaha-004/581208-omaha-004-010.JPG	 						888	888	2	30.18	62	62	61			ocf	nimb	0				
1873-03-30	3	-29.95	-71.33			a		https://s3.amazonaws.com/NARAprodstorage/lz/dc-metro/rg-024/581208/2020-03/581208-omaha-004/581208-omaha-004-010.JPG	https://s3.amazonaws.com/NARAprodstorage/lz/dc-metro/rg-024/581208/2020-03/581208-omaha-004/581208-omaha-004-010.JPG	 						888	888	2	30.18	62	62	61			ocf	nimb	0				
1873-03-30	4	-29.95	-71.33			a		https://s3.amazonaws.com/NARAprodstorage/lz/dc-metro/rg-024/581208/2020-03/581208-omaha-004/581208-omaha-004-010.JPG	https://s3.amazonaws.com/NARAprodstorage/lz/dc-metro/rg-024/581208/2020-03/581208-omaha-004/581208-omaha-004-010.JPG	 						888	888	2	30.18	62	62	61			ocf	nimb	0				
1873-03-30	5	-29.95	-71.33			a		https://s3.amazonaws.com/NARAprodstorage/lz/dc-metro/rg-024/581208/2020-03/581208-omaha-004/581208-omaha-004-010.JPG	https://s3.amazonaws.com/NARAprodstorage/lz/dc-metro/rg-024/581208/2020-03/581208-omaha-004/581208-omaha-004-010.JPG	 						0	0	0	30.18	62	62	61			ocf	nimb	0				
1873-03-30	6	-29.95	-71.33			a		https://s3.amazonaws.com/NARAprodstorage/lz/dc-metro/rg-024/581208/2020-03/581208-omaha-004/581208-omaha-004-010.JPG	https://s3.amazonaws.com/NARAprodstorage/lz/dc-metro/rg-024/581208/2020-03/581208-omaha-004/581208-omaha-004-010.JPG	 						0	0	0	30.18	62	62	61			ocf	nimb	0				
1873-03-30	7	-29.95	-71.33			a		https://s3.amazonaws.com/NARAprodstorage/lz/dc-metro/rg-024/581208/2020-03/581208-omaha-004/581208-omaha-004-010.JPG	https://s3.amazonaws.com/NARAprodstorage/lz/dc-metro/rg-024/581208/2020-03/581208-omaha-004/581208-omaha-004-010.JPG	 						0	0	0	30.18	62	63	61			ocf	nimb	0				
1873-03-30	8	-29.95	-71.33			a		https://s3.amazonaws.com/NARAprodstorage/lz/dc-metro/rg-024/581208/2020-03/581208-omaha-004/581208-omaha-004-010.JPG	https://s3.amazonaws.com/NARAprodstorage/lz/dc-metro/rg-024/581208/2020-03/581208-omaha-004/581208-omaha-004-010.JPG	 						0	0	0	30.18	62	63	61			ocf	nimb	0				
1873-03-30	9	-29.95	-71.33			a		https://s3.amazonaws.com/NARAprodstorage/lz/dc-metro/rg-024/581208/2020-03/581208-omaha-004/581208-omaha-004-010.JPG	https://s3.amazonaws.com/NARAprodstorage/lz/dc-metro/rg-024/581208/2020-03/581208-omaha-004/581208-omaha-004-010.JPG	 						0	0	0	30.18	63	62	61			ocf	nimb	0				
1873-03-30	10	-29.95	-71.33			a		https://s3.amazonaws.com/NARAprodstorage/lz/dc-metro/rg-024/581208/2020-03/581208-omaha-004/581208-omaha-004-010.JPG	https://s3.amazonaws.com/NARAprodstorage/lz/dc-metro/rg-024/581208/2020-03/581208-omaha-004/581208-omaha-004-010.JPG	 						0	0	0	30.18	63	62	61			ocf	nimb	0				
1873-03-30	11	-29.95	-71.33			a		https://s3.amazonaws.com/NARAprodstorage/lz/dc-metro/rg-024/581208/2020-03/581208-omaha-004/581208-omaha-004-010.JPG	https://s3.amazonaws.com/NARAprodstorage/lz/dc-metro/rg-024/581208/2020-03/581208-omaha-004/581208-omaha-004-010.JPG	 						0	0	0	30.18	63	62	61			ocf	nimb	0				
1873-03-30	12	-29.95	-71.33			a		https://s3.amazonaws.com/NARAprodstorage/lz/dc-metro/rg-024/581208/2020-03/581208-omaha-004/581208-omaha-004-010.JPG	https://s3.amazonaws.com/NARAprodstorage/lz/dc-metro/rg-024/581208/2020-03/581208-omaha-004/581208-omaha-004-010.JPG	Noon: Coquimbo						0	0	0	30.18	63	62	61			ocf	nimb	0				
1873-03-30	13	-29.95	-71.33			a		https://s3.amazonaws.com/NARAprodstorage/lz/dc-metro/rg-024/581208/2020-03/581208-omaha-004/581208-omaha-004-010.JPG	https://s3.amazonaws.com/NARAprodstorage/lz/dc-metro/rg-024/581208/2020-03/581208-omaha-004/581208-omaha-004-010.JPG	 						315	329	2	30.16	62	63	64			oc	cum nim					
1873-03-30	14	-29.95	-71.33			a		https://s3.amazonaws.com/NARAprodstorage/lz/dc-metro/rg-024/581208/2020-03/581208-omaha-004/581208-omaha-004-010.JPG	https://s3.amazonaws.com/NARAprodstorage/lz/dc-metro/rg-024/581208/2020-03/581208-omaha-004/581208-omaha-004-010.JPG	 						315	329	2	30.14	62	63	64			oc	cum nim					
1873-03-30	15	-29.95	-71.33			a		https://s3.amazonaws.com/NARAprodstorage/lz/dc-metro/rg-024/581208/2020-03/581208-omaha-004/581208-omaha-004-010.JPG	https://s3.amazonaws.com/NARAprodstorage/lz/dc-metro/rg-024/581208/2020-03/581208-omaha-004/581208-omaha-004-010.JPG	 						315	329	2	30.12	62	63	64			oc	cum nim					
1873-03-30	16	-29.95	-71.33			a		https://s3.amazonaws.com/NARAprodstorage/lz/dc-metro/rg-024/581208/2020-03/581208-omaha-004/581208-omaha-004-010.JPG	https://s3.amazonaws.com/NARAprodstorage/lz/dc-metro/rg-024/581208/2020-03/581208-omaha-004/581208-omaha-004-010.JPG	 						270	284	5	30.12	62	63	64			oc	cum nim					
1873-03-30	17	-29.95	-71.33			a		https://s3.amazonaws.com/NARAprodstorage/lz/dc-metro/rg-024/581208/2020-03/581208-omaha-004/581208-omaha-004-010.JPG	https://s3.amazonaws.com/NARAprodstorage/lz/dc-metro/rg-024/581208/2020-03/581208-omaha-004/581208-omaha-004-010.JPG	 						270	284	5	30.12	62	63	64			oc	cum nim					
1873-03-30	18	-29.95	-71.33			a		https://s3.amazonaws.com/NARAprodstorage/lz/dc-metro/rg-024/581208/2020-03/581208-omaha-004/581208-omaha-004-010.JPG	https://s3.amazonaws.com/NARAprodstorage/lz/dc-metro/rg-024/581208/2020-03/581208-omaha-004/581208-omaha-004-010.JPG	 						270	284	5	30.12	62	63	64			oc	cum nim					
1873-03-30	19	-29.95	-71.33			a		https://s3.amazonaws.com/NARAprodstorage/lz/dc-metro/rg-024/581208/2020-03/581208-omaha-004/581208-omaha-004-010.JPG	https://s3.amazonaws.com/NARAprodstorage/lz/dc-metro/rg-024/581208/2020-03/581208-omaha-004/581208-omaha-004-010.JPG	 						270	284	5	30.12	62	63	64			oc	cum nim					
1873-03-30	20	-29.95	-71.33			a		https://s3.amazonaws.com/NARAprodstorage/lz/dc-metro/rg-024/581208/2020-03/581208-omaha-004/581208-omaha-004-010.JPG	https://s3.amazonaws.com/NARAprodstorage/lz/dc-metro/rg-024/581208/2020-03/581208-omaha-004/581208-omaha-004-010.JPG	 						270	284	5	30.12	62	63	64			oc	cum nim					
1873-03-30	21	-29.95	-71.33			a		https://s3.amazonaws.com/NARAprodstorage/lz/dc-metro/rg-024/581208/2020-03/581208-omaha-004/581208-omaha-004-010.JPG	https://s3.amazonaws.com/NARAprodstorage/lz/dc-metro/rg-024/581208/2020-03/581208-omaha-004/581208-omaha-004-010.JPG	 						888	888	2	30.16	61	62	62			bc	cum					
1873-03-30	22	-29.95	-71.33			a		https://s3.amazonaws.com/NARAprodstorage/lz/dc-metro/rg-024/581208/2020-03/581208-omaha-004/581208-omaha-004-010.JPG	https://s3.amazonaws.com/NARAprodstorage/lz/dc-metro/rg-024/581208/2020-03/581208-omaha-004/581208-omaha-004-010.JPG	 						888	888	2	30.16	61	62	62			bc	cum					
1873-03-30	23	-29.95	-71.33			a		https://s3.amazonaws.com/NARAprodstorage/lz/dc-metro/rg-024/581208/2020-03/581208-omaha-004/581208-omaha-004-010.JPG	https://s3.amazonaws.com/NARAprodstorage/lz/dc-metro/rg-024/581208/2020-03/581208-omaha-004/581208-omaha-004-010.JPG	 						888	888	2	30.16	61	62	62			bc	cum					
1873-03-30	24	-29.95	-71.33			a		https://s3.amazonaws.com/NARAprodstorage/lz/dc-metro/rg-024/581208/2020-03/581208-omaha-004/581208-omaha-004-010.JPG	https://s3.amazonaws.com/NARAprodstorage/lz/dc-metro/rg-024/581208/2020-03/581208-omaha-004/581208-omaha-004-010.JPG	 						888	888	2	30.16	61	62	62			bc	cum					
1873-03-31	1	-29.95	-71.33			a		https://s3.amazonaws.com/NARAprodstorage/lz/dc-metro/rg-024/581208/2020-03/581208-omaha-004/581208-omaha-004-011.JPG	https://s3.amazonaws.com/NARAprodstorage/lz/dc-metro/rg-024/581208/2020-03/581208-omaha-004/581208-omaha-004-011.JPG	 						0	0	0	30.12	62	59	60			bc	cum	8				
1873-03-31	2	-29.95	-71.33			a		https://s3.amazonaws.com/NARAprodstorage/lz/dc-metro/rg-024/581208/2020-03/581208-omaha-004/581208-omaha-004-011.JPG	https://s3.amazonaws.com/NARAprodstorage/lz/dc-metro/rg-024/581208/2020-03/581208-omaha-004/581208-omaha-004-011.JPG	 						315	329	2	30.12	62	59	60			bc	cum	6				
1873-03-31	3	-29.95	-71.33			a		https://s3.amazonaws.com/NARAprodstorage/lz/dc-metro/rg-024/581208/2020-03/581208-omaha-004/581208-omaha-004-011.JPG	https://s3.amazonaws.com/NARAprodstorage/lz/dc-metro/rg-024/581208/2020-03/581208-omaha-004/581208-omaha-004-011.JPG	 						0	0	0	30.12	62	59	60			oc	cum nim	0				
1873-03-31	4	-29.95	-71.33			a		https://s3.amazonaws.com/NARAprodstorage/lz/dc-metro/rg-024/581208/2020-03/581208-omaha-004/581208-omaha-004-011.JPG	https://s3.amazonaws.com/NARAprodstorage/lz/dc-metro/rg-024/581208/2020-03/581208-omaha-004/581208-omaha-004-011.JPG	 						0	0	0	30.12	62	59	60			oc	cum nim	0				
1873-03-31	5	-29.95	-71.33			a		https://s3.amazonaws.com/NARAprodstorage/lz/dc-metro/rg-024/581208/2020-03/581208-omaha-004/581208-omaha-004-011.JPG	https://s3.amazonaws.com/NARAprodstorage/lz/dc-metro/rg-024/581208/2020-03/581208-omaha-004/581208-omaha-004-011.JPG	 						0	0	0	30.12	62	59	60			oc	cum nim	0				
1873-03-31	6	-29.95	-71.33			a		https://s3.amazonaws.com/NARAprodstorage/lz/dc-metro/rg-024/581208/2020-03/581208-omaha-004/581208-omaha-004-011.JPG	https://s3.amazonaws.com/NARAprodstorage/lz/dc-metro/rg-024/581208/2020-03/581208-omaha-004/581208-omaha-004-011.JPG	 						0	0	0	30.14	61	60	61			oc	cum nim	0				
1873-03-31	7	-29.95	-71.33			a		https://s3.amazonaws.com/NARAprodstorage/lz/dc-metro/rg-024/581208/2020-03/581208-omaha-004/581208-omaha-004-011.JPG	https://s3.amazonaws.com/NARAprodstorage/lz/dc-metro/rg-024/581208/2020-03/581208-omaha-004/581208-omaha-004-011.JPG	 						0	0	0	30.16	61	60	62			oc	cum nim	0				
1873-03-31	8	-29.95	-71.33			a		https://s3.amazonaws.com/NARAprodstorage/lz/dc-metro/rg-024/581208/2020-03/581208-omaha-004/581208-omaha-004-011.JPG	https://s3.amazonaws.com/NARAprodstorage/lz/dc-metro/rg-024/581208/2020-03/581208-omaha-004/581208-omaha-004-011.JPG	 						0	0	0	30.17	60	61	62			oc	cum nim	0				
1873-03-31	9	-29.95	-71.33			a		https://s3.amazonaws.com/NARAprodstorage/lz/dc-metro/rg-024/581208/2020-03/581208-omaha-004/581208-omaha-004-011.JPG	https://s3.amazonaws.com/NARAprodstorage/lz/dc-metro/rg-024/581208/2020-03/581208-omaha-004/581208-omaha-004-011.JPG	 						270	284	2	30.18	60	61	62			bc	cir	6				
1873-03-31	10	-29.95	-71.33			a		https://s3.amazonaws.com/NARAprodstorage/lz/dc-metro/rg-024/581208/2020-03/581208-omaha-004/581208-omaha-004-011.JPG	https://s3.amazonaws.com/NARAprodstorage/lz/dc-metro/rg-024/581208/2020-03/581208-omaha-004/581208-omaha-004-011.JPG	 						270	284	2	30.19	61	60	62			bc	cir	6				
1873-03-31	11	-29.95	-71.33			a		https://s3.amazonaws.com/NARAprodstorage/lz/dc-metro/rg-024/581208/2020-03/581208-omaha-004/581208-omaha-004-011.JPG	https://s3.amazonaws.com/NARAprodstorage/lz/dc-metro/rg-024/581208/2020-03/581208-omaha-004/581208-omaha-004-011.JPG	 						270	284	2	30.19	61	60	62			bc	cir	6				
1873-03-31	12	-29.95	-71.33			a		https://s3.amazonaws.com/NARAprodstorage/lz/dc-metro/rg-024/581208/2020-03/581208-omaha-004/581208-omaha-004-011.JPG	https://s3.amazonaws.com/NARAprodstorage/lz/dc-metro/rg-024/581208/2020-03/581208-omaha-004/581208-omaha-004-011.JPG	Noon: Coquimbo						270	284	2	30.19	61	60	62			bc	cir	6				
1873-03-31	13	-29.95	-71.33			a		https://s3.amazonaws.com/NARAprodstorage/lz/dc-metro/rg-024/581208/2020-03/581208-omaha-004/581208-omaha-004-011.JPG	https://s3.amazonaws.com/NARAprodstorage/lz/dc-metro/rg-024/581208/2020-03/581208-omaha-004/581208-omaha-004-011.JPG	 						888	888	2	30.18	62	62	61			bc	nim	0				
1873-03-31	14	-29.95	-71.33			a		https://s3.amazonaws.com/NARAprodstorage/lz/dc-metro/rg-024/581208/2020-03/581208-omaha-004/581208-omaha-004-011.JPG	https://s3.amazonaws.com/NARAprodstorage/lz/dc-metro/rg-024/581208/2020-03/581208-omaha-004/581208-omaha-004-011.JPG	 						888	888	2	30.18	62	62	61			bc	nim	0				
1873-03-31	15	-29.95	-71.33			a		https://s3.amazonaws.com/NARAprodstorage/lz/dc-metro/rg-024/581208/2020-03/581208-omaha-004/581208-omaha-004-011.JPG	https://s3.amazonaws.com/NARAprodstorage/lz/dc-metro/rg-024/581208/2020-03/581208-omaha-004/581208-omaha-004-011.JPG	 						888	888	2	30.18	62	62	61			bc	nim	0				
1873-03-31	16	-29.95	-71.33			a		https://s3.amazonaws.com/NARAprodstorage/lz/dc-metro/rg-024/581208/2020-03/581208-omaha-004/581208-omaha-004-011.JPG	https://s3.amazonaws.com/NARAprodstorage/lz/dc-metro/rg-024/581208/2020-03/581208-omaha-004/581208-omaha-004-011.JPG	 						888	888	2	30.18	62	62	61			bc	nim	0				
1873-03-31	17	-29.95	-71.33			a		https://s3.amazonaws.com/NARAprodstorage/lz/dc-metro/rg-024/581208/2020-03/581208-omaha-004/581208-omaha-004-011.JPG	https://s3.amazonaws.com/NARAprodstorage/lz/dc-metro/rg-024/581208/2020-03/581208-omaha-004/581208-omaha-004-011.JPG	 						0	0	0	30.16	62	63	61			oc	cirro cum	0				
1873-03-31	18	-29.95	-71.33			a		https://s3.amazonaws.com/NARAprodstorage/lz/dc-metro/rg-024/581208/2020-03/581208-omaha-004/581208-omaha-004-011.JPG	https://s3.amazonaws.com/NARAprodstorage/lz/dc-metro/rg-024/581208/2020-03/581208-omaha-004/581208-omaha-004-011.JPG	 						0	0	0	30.14	62	63	61			bc	cirro cum	0				
1873-03-31	19	-29.95	-71.33			a		https://s3.amazonaws.com/NARAprodstorage/lz/dc-metro/rg-024/581208/2020-03/581208-omaha-004/581208-omaha-004-011.JPG	https://s3.amazonaws.com/NARAprodstorage/lz/dc-metro/rg-024/581208/2020-03/581208-omaha-004/581208-omaha-004-011.JPG	 						0	0	0	30.12	62	63	61			bc	cirro cum	5				
1873-03-31	20	-29.95	-71.33			a		https://s3.amazonaws.com/NARAprodstorage/lz/dc-metro/rg-024/581208/2020-03/581208-omaha-004/581208-omaha-004-011.JPG	https://s3.amazonaws.com/NARAprodstorage/lz/dc-metro/rg-024/581208/2020-03/581208-omaha-004/581208-omaha-004-011.JPG	 						0	0	0	30.12	62	63	61			bc	cirro cum	6				
1873-03-31	21	-29.95	-71.33			a		https://s3.amazonaws.com/NARAprodstorage/lz/dc-metro/rg-024/581208/2020-03/581208-omaha-004/581208-omaha-004-011.JPG	https://s3.amazonaws.com/NARAprodstorage/lz/dc-metro/rg-024/581208/2020-03/581208-omaha-004/581208-omaha-004-011.JPG	 						0	0	0	30.11	60	60	60			b	none	10				
1873-03-31	22	-29.95	-71.33			a		https://s3.amazonaws.com/NARAprodstorage/lz/dc-metro/rg-024/581208/2020-03/581208-omaha-004/581208-omaha-004-011.JPG	https://s3.amazonaws.com/NARAprodstorage/lz/dc-metro/rg-024/581208/2020-03/581208-omaha-004/581208-omaha-004-011.JPG	 						0	0	0	30.11	60	60	60			b	none	10				
1873-03-31	23	-29.95	-71.33			a		https://s3.amazonaws.com/NARAprodstorage/lz/dc-metro/rg-024/581208/2020-03/581208-omaha-004/581208-omaha-004-011.JPG	https://s3.amazonaws.com/NARAprodstorage/lz/dc-metro/rg-024/581208/2020-03/581208-omaha-004/581208-omaha-004-011.JPG	 						0	0	0	30.11	60	60	60			b	none	10				
1873-03-31	24	-29.95	-71.33			a		https://s3.amazonaws.com/NARAprodstorage/lz/dc-metro/rg-024/581208/2020-03/581208-omaha-004/581208-omaha-004-011.JPG	https://s3.amazonaws.com/NARAprodstorage/lz/dc-metro/rg-024/581208/2020-03/581208-omaha-004/581208-omaha-004-011.JPG	 						0	0	0	30.11	60	60	60			b	none	10				
1873-04-01	1	-29.95	-71.33			a		https://s3.amazonaws.com/NARAprodstorage/lz/dc-metro/rg-024/581208/2020-03/581208-omaha-004/581208-omaha-004-012.JPG	https://s3.amazonaws.com/NARAprodstorage/lz/dc-metro/rg-024/581208/2020-03/581208-omaha-004/581208-omaha-004-012.JPG	 						0	0	0	30.12	63	62	62			ocf	nim					
1873-04-01	2	-29.95	-71.33			a		https://s3.amazonaws.com/NARAprodstorage/lz/dc-metro/rg-024/581208/2020-03/581208-omaha-004/581208-omaha-004-012.JPG	https://s3.amazonaws.com/NARAprodstorage/lz/dc-metro/rg-024/581208/2020-03/581208-omaha-004/581208-omaha-004-012.JPG	 						0	0	0	30.12	63	62	62			ocf	nim					
1873-04-01	3	-29.95	-71.33			a		https://s3.amazonaws.com/NARAprodstorage/lz/dc-metro/rg-024/581208/2020-03/581208-omaha-004/581208-omaha-004-012.JPG	https://s3.amazonaws.com/NARAprodstorage/lz/dc-metro/rg-024/581208/2020-03/581208-omaha-004/581208-omaha-004-012.JPG	 						0	0	0	30.12	63	62	62			ocf	nim					
1873-04-01	4	-29.95	-71.33			a		https://s3.amazonaws.com/NARAprodstorage/lz/dc-metro/rg-024/581208/2020-03/581208-omaha-004/581208-omaha-004-012.JPG	https://s3.amazonaws.com/NARAprodstorage/lz/dc-metro/rg-024/581208/2020-03/581208-omaha-004/581208-omaha-004-012.JPG	 						0	0	0	30.12	63	62	62			ocf	nim					
1873-04-01	5	-29.95	-71.33			a		https://s3.amazonaws.com/NARAprodstorage/lz/dc-metro/rg-024/581208/2020-03/581208-omaha-004/581208-omaha-004-012.JPG	https://s3.amazonaws.com/NARAprodstorage/lz/dc-metro/rg-024/581208/2020-03/581208-omaha-004/581208-omaha-004-012.JPG	 						0	0	0	30.15	62	62	62			oc	cum nim					
1873-04-01	6	-29.95	-71.33			a		https://s3.amazonaws.com/NARAprodstorage/lz/dc-metro/rg-024/581208/2020-03/581208-omaha-004/581208-omaha-004-012.JPG	https://s3.amazonaws.com/NARAprodstorage/lz/dc-metro/rg-024/581208/2020-03/581208-omaha-004/581208-omaha-004-012.JPG	 						0	0	0	30.15	62	62	62			oc	cum nim					
1873-04-01	7	-29.95	-71.33			a		https://s3.amazonaws.com/NARAprodstorage/lz/dc-metro/rg-024/581208/2020-03/581208-omaha-004/581208-omaha-004-012.JPG	https://s3.amazonaws.com/NARAprodstorage/lz/dc-metro/rg-024/581208/2020-03/581208-omaha-004/581208-omaha-004-012.JPG	 						0	0	0	30.15	62	62	62			oc	cum nim					
1873-04-01	8	-29.95	-71.33			a		https://s3.amazonaws.com/NARAprodstorage/lz/dc-metro/rg-024/581208/2020-03/581208-omaha-004/581208-omaha-004-012.JPG	https://s3.amazonaws.com/NARAprodstorage/lz/dc-metro/rg-024/581208/2020-03/581208-omaha-004/581208-omaha-004-012.JPG	 						0	0	0	30.15	62	62	62			oc	cum nim					
1873-04-01	9	-29.95	-71.33			a		https://s3.amazonaws.com/NARAprodstorage/lz/dc-metro/rg-024/581208/2020-03/581208-omaha-004/581208-omaha-004-012.JPG	https://s3.amazonaws.com/NARAprodstorage/lz/dc-metro/rg-024/581208/2020-03/581208-omaha-004/581208-omaha-004-012.JPG	 						270	284	2	30.16	63	62	62			oc	nim					
1873-04-01	10	-29.95	-71.33			a		https://s3.amazonaws.com/NARAprodstorage/lz/dc-metro/rg-024/581208/2020-03/581208-omaha-004/581208-omaha-004-012.JPG	https://s3.amazonaws.com/NARAprodstorage/lz/dc-metro/rg-024/581208/2020-03/581208-omaha-004/581208-omaha-004-012.JPG	 						270	284	2	30.16	63	62	62			oc	nim					
1873-04-01	11	-29.95	-71.33			a		https://s3.amazonaws.com/NARAprodstorage/lz/dc-metro/rg-024/581208/2020-03/581208-omaha-004/581208-omaha-004-012.JPG	https://s3.amazonaws.com/NARAprodstorage/lz/dc-metro/rg-024/581208/2020-03/581208-omaha-004/581208-omaha-004-012.JPG	 						270	284	2	30.16	63	62	62			oc	nim					
1873-04-01	12	-29.95	-71.33			a		https://s3.amazonaws.com/NARAprodstorage/lz/dc-metro/rg-024/581208/2020-03/581208-omaha-004/581208-omaha-004-012.JPG	https://s3.amazonaws.com/NARAprodstorage/lz/dc-metro/rg-024/581208/2020-03/581208-omaha-004/581208-omaha-004-012.JPG	Noon: Coquimbo						270	284	2	30.16	63	62	62			oc	nim					
1873-04-01	13	-29.95	-71.33			a		https://s3.amazonaws.com/NARAprodstorage/lz/dc-metro/rg-024/581208/2020-03/581208-omaha-004/581208-omaha-004-012.JPG	https://s3.amazonaws.com/NARAprodstorage/lz/dc-metro/rg-024/581208/2020-03/581208-omaha-004/581208-omaha-004-012.JPG	 						248	262	5	30.27	62	62	62			bc	cir	7				
1873-04-01	14	-29.95	-71.33			a		https://s3.amazonaws.com/NARAprodstorage/lz/dc-metro/rg-024/581208/2020-03/581208-omaha-004/581208-omaha-004-012.JPG	https://s3.amazonaws.com/NARAprodstorage/lz/dc-metro/rg-024/581208/2020-03/581208-omaha-004/581208-omaha-004-012.JPG	 						248	262	2	30.27	62	62	62			bc	cir	7				
1873-04-01	15	-29.95	-71.33			a		https://s3.amazonaws.com/NARAprodstorage/lz/dc-metro/rg-024/581208/2020-03/581208-omaha-004/581208-omaha-004-012.JPG	https://s3.amazonaws.com/NARAprodstorage/lz/dc-metro/rg-024/581208/2020-03/581208-omaha-004/581208-omaha-004-012.JPG	 						248	262	2	30.27	62	62	62			bc	cir	7				
1873-04-01	16	-29.95	-71.33			a		https://s3.amazonaws.com/NARAprodstorage/lz/dc-metro/rg-024/581208/2020-03/581208-omaha-004/581208-omaha-004-012.JPG	https://s3.amazonaws.com/NARAprodstorage/lz/dc-metro/rg-024/581208/2020-03/581208-omaha-004/581208-omaha-004-012.JPG	 						248	262	2	30.27	62	62	62			bc	cir	8				
1873-04-01	17	-29.95	-71.33			a		https://s3.amazonaws.com/NARAprodstorage/lz/dc-metro/rg-024/581208/2020-03/581208-omaha-004/581208-omaha-004-012.JPG	https://s3.amazonaws.com/NARAprodstorage/lz/dc-metro/rg-024/581208/2020-03/581208-omaha-004/581208-omaha-004-012.JPG	 						248	262	2	30.25	62	62	62			bc	cum	9				
1873-04-01	18	-29.95	-71.33			a		https://s3.amazonaws.com/NARAprodstorage/lz/dc-metro/rg-024/581208/2020-03/581208-omaha-004/581208-omaha-004-012.JPG	https://s3.amazonaws.com/NARAprodstorage/lz/dc-metro/rg-024/581208/2020-03/581208-omaha-004/581208-omaha-004-012.JPG	 						248	262	10	30.25	62	62	62			bcq	cum	9				
1873-04-01	19	-29.95	-71.33			a		https://s3.amazonaws.com/NARAprodstorage/lz/dc-metro/rg-024/581208/2020-03/581208-omaha-004/581208-omaha-004-012.JPG	https://s3.amazonaws.com/NARAprodstorage/lz/dc-metro/rg-024/581208/2020-03/581208-omaha-004/581208-omaha-004-012.JPG	 						248	262	10	30.25	62	62	62			bc	cum	9				
1873-04-01	20	-29.95	-71.33			a		https://s3.amazonaws.com/NARAprodstorage/lz/dc-metro/rg-024/581208/2020-03/581208-omaha-004/581208-omaha-004-012.JPG	https://s3.amazonaws.com/NARAprodstorage/lz/dc-metro/rg-024/581208/2020-03/581208-omaha-004/581208-omaha-004-012.JPG	 						248	262	10	30.25	62	62	62			bc	cum	9				
1873-04-01	21	-29.95	-71.33			a		https://s3.amazonaws.com/NARAprodstorage/lz/dc-metro/rg-024/581208/2020-03/581208-omaha-004/581208-omaha-004-012.JPG	https://s3.amazonaws.com/NARAprodstorage/lz/dc-metro/rg-024/581208/2020-03/581208-omaha-004/581208-omaha-004-012.JPG	 						248	262	10	30.25	62	62	62			bc	cum	9				
1873-04-01	22	-29.95	-71.33			a		https://s3.amazonaws.com/NARAprodstorage/lz/dc-metro/rg-024/581208/2020-03/581208-omaha-004/581208-omaha-004-012.JPG	https://s3.amazonaws.com/NARAprodstorage/lz/dc-metro/rg-024/581208/2020-03/581208-omaha-004/581208-omaha-004-012.JPG	 						248	262	10	30.25	62	62	62			bc	cum	9				
1873-04-01	23	-29.95	-71.33			a		https://s3.amazonaws.com/NARAprodstorage/lz/dc-metro/rg-024/581208/2020-03/581208-omaha-004/581208-omaha-004-012.JPG	https://s3.amazonaws.com/NARAprodstorage/lz/dc-metro/rg-024/581208/2020-03/581208-omaha-004/581208-omaha-004-012.JPG	 						248	262	10	30.25	62	62	62			bc	cum	9				
1873-04-01	24	-29.95	-71.33			a		https://s3.amazonaws.com/NARAprodstorage/lz/dc-metro/rg-024/581208/2020-03/581208-omaha-004/581208-omaha-004-012.JPG	https://s3.amazonaws.com/NARAprodstorage/lz/dc-metro/rg-024/581208/2020-03/581208-omaha-004/581208-omaha-004-012.JPG	 						248	262	10	30.25	62	62	62			bc	cum	9				
1873-04-02	1	-29.95	-71.33			a		https://s3.amazonaws.com/NARAprodstorage/lz/dc-metro/rg-024/581208/2020-03/581208-omaha-004/581208-omaha-004-013.JPG	https://s3.amazonaws.com/NARAprodstorage/lz/dc-metro/rg-024/581208/2020-03/581208-omaha-004/581208-omaha-004-013.JPG	 						0	0	0	30.24	62	60	60	61		b	none	10				
1873-04-02	2	-29.95	-71.33			a		https://s3.amazonaws.com/NARAprodstorage/lz/dc-metro/rg-024/581208/2020-03/581208-omaha-004/581208-omaha-004-013.JPG	https://s3.amazonaws.com/NARAprodstorage/lz/dc-metro/rg-024/581208/2020-03/581208-omaha-004/581208-omaha-004-013.JPG	 						0	0	0	30.24	62	60	60	61		b	none	10				
1873-04-02	3	-29.95	-71.33			a		https://s3.amazonaws.com/NARAprodstorage/lz/dc-metro/rg-024/581208/2020-03/581208-omaha-004/581208-omaha-004-013.JPG	https://s3.amazonaws.com/NARAprodstorage/lz/dc-metro/rg-024/581208/2020-03/581208-omaha-004/581208-omaha-004-013.JPG	 						0	0	0	30.24	62	60	60	61		b	none	10				
1873-04-02	4	-29.95	-71.33			a		https://s3.amazonaws.com/NARAprodstorage/lz/dc-metro/rg-024/581208/2020-03/581208-omaha-004/581208-omaha-004-013.JPG	https://s3.amazonaws.com/NARAprodstorage/lz/dc-metro/rg-024/581208/2020-03/581208-omaha-004/581208-omaha-004-013.JPG	 						0	0	0	30.22	62	60	60	61		b	none	10				
1873-04-02	5	-29.95	-71.33			a		https://s3.amazonaws.com/NARAprodstorage/lz/dc-metro/rg-024/581208/2020-03/581208-omaha-004/581208-omaha-004-013.JPG	https://s3.amazonaws.com/NARAprodstorage/lz/dc-metro/rg-024/581208/2020-03/581208-omaha-004/581208-omaha-004-013.JPG	 						0	0	0	30.15	62	60	59	61		bc	nimb	8				
1873-04-02	6	-29.95	-71.33			a		https://s3.amazonaws.com/NARAprodstorage/lz/dc-metro/rg-024/581208/2020-03/581208-omaha-004/581208-omaha-004-013.JPG	https://s3.amazonaws.com/NARAprodstorage/lz/dc-metro/rg-024/581208/2020-03/581208-omaha-004/581208-omaha-004-013.JPG	 						0	0	0	30.15	62	60	59	61		bc	nimb	8				
1873-04-02	7	-29.95	-71.33			a		https://s3.amazonaws.com/NARAprodstorage/lz/dc-metro/rg-024/581208/2020-03/581208-omaha-004/581208-omaha-004-013.JPG	https://s3.amazonaws.com/NARAprodstorage/lz/dc-metro/rg-024/581208/2020-03/581208-omaha-004/581208-omaha-004-013.JPG	 						0	0	0	30.15	62	60	59	61		oc	nimb	8				
1873-04-02	8	-29.95	-71.33			a		https://s3.amazonaws.com/NARAprodstorage/lz/dc-metro/rg-024/581208/2020-03/581208-omaha-004/581208-omaha-004-013.JPG	https://s3.amazonaws.com/NARAprodstorage/lz/dc-metro/rg-024/581208/2020-03/581208-omaha-004/581208-omaha-004-013.JPG	 						0	0	0	30.15	62	60	59	61		oc	nimb	8				
1873-04-02	9	-29.95	-71.33			a		https://s3.amazonaws.com/NARAprodstorage/lz/dc-metro/rg-024/581208/2020-03/581208-omaha-004/581208-omaha-004-013.JPG	https://s3.amazonaws.com/NARAprodstorage/lz/dc-metro/rg-024/581208/2020-03/581208-omaha-004/581208-omaha-004-013.JPG	 						0	0	0	30.16	64	63	64	61		bcm	cum	9				
1873-04-02	10	-29.95	-71.33			a		https://s3.amazonaws.com/NARAprodstorage/lz/dc-metro/rg-024/581208/2020-03/581208-omaha-004/581208-omaha-004-013.JPG	https://s3.amazonaws.com/NARAprodstorage/lz/dc-metro/rg-024/581208/2020-03/581208-omaha-004/581208-omaha-004-013.JPG	 						0	0	0	30.16	64	63	64	61		bcm	cum	9				
1873-04-02	11	-29.95	-71.33			a		https://s3.amazonaws.com/NARAprodstorage/lz/dc-metro/rg-024/581208/2020-03/581208-omaha-004/581208-omaha-004-013.JPG	https://s3.amazonaws.com/NARAprodstorage/lz/dc-metro/rg-024/581208/2020-03/581208-omaha-004/581208-omaha-004-013.JPG	 						270	284	5	30.16	64	67	67	61		bcm	cum	9				
1873-04-02	12	-29.95	-71.33			a		https://s3.amazonaws.com/NARAprodstorage/lz/dc-metro/rg-024/581208/2020-03/581208-omaha-004/581208-omaha-004-013.JPG	https://s3.amazonaws.com/NARAprodstorage/lz/dc-metro/rg-024/581208/2020-03/581208-omaha-004/581208-omaha-004-013.JPG	Noon: Coquimbo						270	284	5	30.16	64	67	67	61		bcm	cum	9				
1873-04-02	13	-29.95	-71.33			a		https://s3.amazonaws.com/NARAprodstorage/lz/dc-metro/rg-024/581208/2020-03/581208-omaha-004/581208-omaha-004-013.JPG	https://s3.amazonaws.com/NARAprodstorage/lz/dc-metro/rg-024/581208/2020-03/581208-omaha-004/581208-omaha-004-013.JPG	 						270	284	5	30.16	64	67	67			bcn	cum	9				
1873-04-02	14	-29.95	-71.33			a		https://s3.amazonaws.com/NARAprodstorage/lz/dc-metro/rg-024/581208/2020-03/581208-omaha-004/581208-omaha-004-013.JPG	https://s3.amazonaws.com/NARAprodstorage/lz/dc-metro/rg-024/581208/2020-03/581208-omaha-004/581208-omaha-004-013.JPG	 						270	284	5	30.16	64	67	67			bcn	cum	9				
1873-04-02	15	-29.95	-71.33			a		https://s3.amazonaws.com/NARAprodstorage/lz/dc-metro/rg-024/581208/2020-03/581208-omaha-004/581208-omaha-004-013.JPG	https://s3.amazonaws.com/NARAprodstorage/lz/dc-metro/rg-024/581208/2020-03/581208-omaha-004/581208-omaha-004-013.JPG	 						270	284	5	30.16	64	67	67			bcn	cum	9				
1873-04-02	16	-29.95	-71.33			a		https://s3.amazonaws.com/NARAprodstorage/lz/dc-metro/rg-024/581208/2020-03/581208-omaha-004/581208-omaha-004-013.JPG	https://s3.amazonaws.com/NARAprodstorage/lz/dc-metro/rg-024/581208/2020-03/581208-omaha-004/581208-omaha-004-013.JPG	 						270	284	5	30.16	64	67	67			bcn	cum	9				
1873-04-02	17	-29.95	-71.33			a		https://s3.amazonaws.com/NARAprodstorage/lz/dc-metro/rg-024/581208/2020-03/581208-omaha-004/581208-omaha-004-013.JPG	https://s3.amazonaws.com/NARAprodstorage/lz/dc-metro/rg-024/581208/2020-03/581208-omaha-004/581208-omaha-004-013.JPG	 						270	284	8	30.18	63	66	66			bcn	cum	8				
1873-04-02	18	-29.95	-71.33			a		https://s3.amazonaws.com/NARAprodstorage/lz/dc-metro/rg-024/581208/2020-03/581208-omaha-004/581208-omaha-004-013.JPG	https://s3.amazonaws.com/NARAprodstorage/lz/dc-metro/rg-024/581208/2020-03/581208-omaha-004/581208-omaha-004-013.JPG	 						270	284	8	30.18	63	66	66			bcn	cum	8				
1873-04-02	19	-29.95	-71.33			a		https://s3.amazonaws.com/NARAprodstorage/lz/dc-metro/rg-024/581208/2020-03/581208-omaha-004/581208-omaha-004-013.JPG	https://s3.amazonaws.com/NARAprodstorage/lz/dc-metro/rg-024/581208/2020-03/581208-omaha-004/581208-omaha-004-013.JPG	 						225	239	5	30.2	67	64	64			bcn	cum	8				
1873-04-02	20	-29.95	-71.33			a		https://s3.amazonaws.com/NARAprodstorage/lz/dc-metro/rg-024/581208/2020-03/581208-omaha-004/581208-omaha-004-013.JPG	https://s3.amazonaws.com/NARAprodstorage/lz/dc-metro/rg-024/581208/2020-03/581208-omaha-004/581208-omaha-004-013.JPG	 						270	284	2	30.2	67	62	62			bcn	cum	8				
1873-04-02	21	-29.95	-71.33			a		https://s3.amazonaws.com/NARAprodstorage/lz/dc-metro/rg-024/581208/2020-03/581208-omaha-004/581208-omaha-004-013.JPG	https://s3.amazonaws.com/NARAprodstorage/lz/dc-metro/rg-024/581208/2020-03/581208-omaha-004/581208-omaha-004-013.JPG	 						0	0	0	30.2	64	62	62			b	none	10				
1873-04-02	22	-29.95	-71.33			a		https://s3.amazonaws.com/NARAprodstorage/lz/dc-metro/rg-024/581208/2020-03/581208-omaha-004/581208-omaha-004-013.JPG	https://s3.amazonaws.com/NARAprodstorage/lz/dc-metro/rg-024/581208/2020-03/581208-omaha-004/581208-omaha-004-013.JPG	 						0	0	0	30.2	63	62	62			b	none	10				
1873-04-02	23	-29.95	-71.33			a		https://s3.amazonaws.com/NARAprodstorage/lz/dc-metro/rg-024/581208/2020-03/581208-omaha-004/581208-omaha-004-013.JPG	https://s3.amazonaws.com/NARAprodstorage/lz/dc-metro/rg-024/581208/2020-03/581208-omaha-004/581208-omaha-004-013.JPG	 						0	0	0	30.2	63	62	62			b	none	10				
1873-04-02	24	-29.95	-71.33			a		https://s3.amazonaws.com/NARAprodstorage/lz/dc-metro/rg-024/581208/2020-03/581208-omaha-004/581208-omaha-004-013.JPG	https://s3.amazonaws.com/NARAprodstorage/lz/dc-metro/rg-024/581208/2020-03/581208-omaha-004/581208-omaha-004-013.JPG	 						0	0	0	30.2	63	62	62			b	none	10				
1873-04-03	1	-29.95	-71.33			a		https://s3.amazonaws.com/NARAprodstorage/lz/dc-metro/rg-024/581208/2020-03/581208-omaha-004/581208-omaha-004-014.JPG	https://s3.amazonaws.com/NARAprodstorage/lz/dc-metro/rg-024/581208/2020-03/581208-omaha-004/581208-omaha-004-014.JPG	 						0	0	0	30.22	64	57	57	59		b	none	10				
1873-04-03	2	-29.95	-71.33			a		https://s3.amazonaws.com/NARAprodstorage/lz/dc-metro/rg-024/581208/2020-03/581208-omaha-004/581208-omaha-004-014.JPG	https://s3.amazonaws.com/NARAprodstorage/lz/dc-metro/rg-024/581208/2020-03/581208-omaha-004/581208-omaha-004-014.JPG	 						0	0	0	30.22	64	57	57	59		b	none	10				
1873-04-03	3	-29.95	-71.33			a		https://s3.amazonaws.com/NARAprodstorage/lz/dc-metro/rg-024/581208/2020-03/581208-omaha-004/581208-omaha-004-014.JPG	https://s3.amazonaws.com/NARAprodstorage/lz/dc-metro/rg-024/581208/2020-03/581208-omaha-004/581208-omaha-004-014.JPG	 						0	0	0	30.22	64	57	57	59		b	none	10				
1873-04-03	4	-29.95	-71.33			a		https://s3.amazonaws.com/NARAprodstorage/lz/dc-metro/rg-024/581208/2020-03/581208-omaha-004/581208-omaha-004-014.JPG	https://s3.amazonaws.com/NARAprodstorage/lz/dc-metro/rg-024/581208/2020-03/581208-omaha-004/581208-omaha-004-014.JPG	 						0	0	0	30.22	64	57	57	59		b	none	10				
1873-04-03	5	-29.95	-71.33			a		https://s3.amazonaws.com/NARAprodstorage/lz/dc-metro/rg-024/581208/2020-03/581208-omaha-004/581208-omaha-004-014.JPG	https://s3.amazonaws.com/NARAprodstorage/lz/dc-metro/rg-024/581208/2020-03/581208-omaha-004/581208-omaha-004-014.JPG	 						0	0	0	30.19	65	58	58	60		f	nim	0				
1873-04-03	6	-29.95	-71.33			a		https://s3.amazonaws.com/NARAprodstorage/lz/dc-metro/rg-024/581208/2020-03/581208-omaha-004/581208-omaha-004-014.JPG	https://s3.amazonaws.com/NARAprodstorage/lz/dc-metro/rg-024/581208/2020-03/581208-omaha-004/581208-omaha-004-014.JPG	 						0	0	0	30.19	65	58	58	60		f	nim	0				
1873-04-03	7	-29.95	-71.33			a		https://s3.amazonaws.com/NARAprodstorage/lz/dc-metro/rg-024/581208/2020-03/581208-omaha-004/581208-omaha-004-014.JPG	https://s3.amazonaws.com/NARAprodstorage/lz/dc-metro/rg-024/581208/2020-03/581208-omaha-004/581208-omaha-004-014.JPG	 						0	0	0	30.19	63	58	58	60		f	nim	0				
1873-04-03	8	-29.95	-71.33			a		https://s3.amazonaws.com/NARAprodstorage/lz/dc-metro/rg-024/581208/2020-03/581208-omaha-004/581208-omaha-004-014.JPG	https://s3.amazonaws.com/NARAprodstorage/lz/dc-metro/rg-024/581208/2020-03/581208-omaha-004/581208-omaha-004-014.JPG	 						0	0	0	30.18	63	58	58	60		f	nim	0				
1873-04-03	9	-29.95	-71.33			a		https://s3.amazonaws.com/NARAprodstorage/lz/dc-metro/rg-024/581208/2020-03/581208-omaha-004/581208-omaha-004-014.JPG	https://s3.amazonaws.com/NARAprodstorage/lz/dc-metro/rg-024/581208/2020-03/581208-omaha-004/581208-omaha-004-014.JPG	 						0	0	0	30.18	64	62	62	60		bc	cum nim	4				
1873-04-03	10	-29.95	-71.33			a		https://s3.amazonaws.com/NARAprodstorage/lz/dc-metro/rg-024/581208/2020-03/581208-omaha-004/581208-omaha-004-014.JPG	https://s3.amazonaws.com/NARAprodstorage/lz/dc-metro/rg-024/581208/2020-03/581208-omaha-004/581208-omaha-004-014.JPG	 						0	0	0	30.16	64	63	63	60		bc	cum nim	9				
1873-04-03	11	-29.95	-71.33			a		https://s3.amazonaws.com/NARAprodstorage/lz/dc-metro/rg-024/581208/2020-03/581208-omaha-004/581208-omaha-004-014.JPG	https://s3.amazonaws.com/NARAprodstorage/lz/dc-metro/rg-024/581208/2020-03/581208-omaha-004/581208-omaha-004-014.JPG	 						0	0	0	30.15	64	61	64	60		bc	cum	9				
1873-04-03	12	-29.95	-71.33			a		https://s3.amazonaws.com/NARAprodstorage/lz/dc-metro/rg-024/581208/2020-03/581208-omaha-004/581208-omaha-004-014.JPG	https://s3.amazonaws.com/NARAprodstorage/lz/dc-metro/rg-024/581208/2020-03/581208-omaha-004/581208-omaha-004-014.JPG	Noon: Coquimbo						0	0	0	30.15	64	61	64	60		bc	cum	9				
1873-04-03	13	-29.95	-71.33			a		https://s3.amazonaws.com/NARAprodstorage/lz/dc-metro/rg-024/581208/2020-03/581208-omaha-004/581208-omaha-004-014.JPG	https://s3.amazonaws.com/NARAprodstorage/lz/dc-metro/rg-024/581208/2020-03/581208-omaha-004/581208-omaha-004-014.JPG	 						360	14	5	30.13	64	63	64			b	none	10				
1873-04-03	14	-29.95	-71.33			a		https://s3.amazonaws.com/NARAprodstorage/lz/dc-metro/rg-024/581208/2020-03/581208-omaha-004/581208-omaha-004-014.JPG	https://s3.amazonaws.com/NARAprodstorage/lz/dc-metro/rg-024/581208/2020-03/581208-omaha-004/581208-omaha-004-014.JPG	 						360	14	5	30.08	64	63	64			b	none	10				
1873-04-03	15	-29.95	-71.33			a		https://s3.amazonaws.com/NARAprodstorage/lz/dc-metro/rg-024/581208/2020-03/581208-omaha-004/581208-omaha-004-014.JPG	https://s3.amazonaws.com/NARAprodstorage/lz/dc-metro/rg-024/581208/2020-03/581208-omaha-004/581208-omaha-004-014.JPG	 						360	14	5	30.04	64	63	64			b	none	10				
1873-04-03	16	-29.95	-71.33			a		https://s3.amazonaws.com/NARAprodstorage/lz/dc-metro/rg-024/581208/2020-03/581208-omaha-004/581208-omaha-004-014.JPG	https://s3.amazonaws.com/NARAprodstorage/lz/dc-metro/rg-024/581208/2020-03/581208-omaha-004/581208-omaha-004-014.JPG	 						360	14	3	30	64	63	64			b	none	10				
1873-04-03	17	-29.95	-71.33			a		https://s3.amazonaws.com/NARAprodstorage/lz/dc-metro/rg-024/581208/2020-03/581208-omaha-004/581208-omaha-004-014.JPG	https://s3.amazonaws.com/NARAprodstorage/lz/dc-metro/rg-024/581208/2020-03/581208-omaha-004/581208-omaha-004-014.JPG	 						888	888	3	30	64	63	64			b	none	10				
1873-04-03	18	-29.95	-71.33			a		https://s3.amazonaws.com/NARAprodstorage/lz/dc-metro/rg-024/581208/2020-03/581208-omaha-004/581208-omaha-004-014.JPG	https://s3.amazonaws.com/NARAprodstorage/lz/dc-metro/rg-024/581208/2020-03/581208-omaha-004/581208-omaha-004-014.JPG	 						888	888	3	30	64	63	64			b	none	10				
1873-04-03	19	-29.95	-71.33			a		https://s3.amazonaws.com/NARAprodstorage/lz/dc-metro/rg-024/581208/2020-03/581208-omaha-004/581208-omaha-004-014.JPG	https://s3.amazonaws.com/NARAprodstorage/lz/dc-metro/rg-024/581208/2020-03/581208-omaha-004/581208-omaha-004-014.JPG	 						888	888	3	30	64	63	64			b	none	10				
1873-04-03	20	-29.95	-71.33			a		https://s3.amazonaws.com/NARAprodstorage/lz/dc-metro/rg-024/581208/2020-03/581208-omaha-004/581208-omaha-004-014.JPG	https://s3.amazonaws.com/NARAprodstorage/lz/dc-metro/rg-024/581208/2020-03/581208-omaha-004/581208-omaha-004-014.JPG	 						888	888	3	30	64	63	64			b	none	10				
1873-04-03	21	-29.95	-71.33			a		https://s3.amazonaws.com/NARAprodstorage/lz/dc-metro/rg-024/581208/2020-03/581208-omaha-004/581208-omaha-004-014.JPG	https://s3.amazonaws.com/NARAprodstorage/lz/dc-metro/rg-024/581208/2020-03/581208-omaha-004/581208-omaha-004-014.JPG	 						888	888	5	30.1	62	61	61			bc	none	10				
1873-04-03	22	-29.95	-71.33			a		https://s3.amazonaws.com/NARAprodstorage/lz/dc-metro/rg-024/581208/2020-03/581208-omaha-004/581208-omaha-004-014.JPG	https://s3.amazonaws.com/NARAprodstorage/lz/dc-metro/rg-024/581208/2020-03/581208-omaha-004/581208-omaha-004-014.JPG	 						888	888	5	30.1	62	61				bc	none	10				
1873-04-03	23	-29.95	-71.33			a		https://s3.amazonaws.com/NARAprodstorage/lz/dc-metro/rg-024/581208/2020-03/581208-omaha-004/581208-omaha-004-014.JPG	https://s3.amazonaws.com/NARAprodstorage/lz/dc-metro/rg-024/581208/2020-03/581208-omaha-004/581208-omaha-004-014.JPG	 						888	888	5	30.1	61	60	60			bc	none	10				
1873-04-03	24	-29.95	-71.33			a		https://s3.amazonaws.com/NARAprodstorage/lz/dc-metro/rg-024/581208/2020-03/581208-omaha-004/581208-omaha-004-014.JPG	https://s3.amazonaws.com/NARAprodstorage/lz/dc-metro/rg-024/581208/2020-03/581208-omaha-004/581208-omaha-004-014.JPG	 						888	888	5	30.1	61	60	60			bc	none	10				
1873-04-04	1	-29.95	-71.33			a		https://s3.amazonaws.com/NARAprodstorage/lz/dc-metro/rg-024/581208/2020-03/581208-omaha-004/581208-omaha-004-015.JPG	https://s3.amazonaws.com/NARAprodstorage/lz/dc-metro/rg-024/581208/2020-03/581208-omaha-004/581208-omaha-004-015.JPG	 						0	0	0	30.08	61	58	57			b	none	10				
1873-04-04	2	-29.95	-71.33			a		https://s3.amazonaws.com/NARAprodstorage/lz/dc-metro/rg-024/581208/2020-03/581208-omaha-004/581208-omaha-004-015.JPG	https://s3.amazonaws.com/NARAprodstorage/lz/dc-metro/rg-024/581208/2020-03/581208-omaha-004/581208-omaha-004-015.JPG	 						0	0	0	30.06	61	58	57			b	none	10				
1873-04-04	3	-29.95	-71.33			a		https://s3.amazonaws.com/NARAprodstorage/lz/dc-metro/rg-024/581208/2020-03/581208-omaha-004/581208-omaha-004-015.JPG	https://s3.amazonaws.com/NARAprodstorage/lz/dc-metro/rg-024/581208/2020-03/581208-omaha-004/581208-omaha-004-015.JPG	 						0	0	0	30.04	61	58	57			b	none	10				
1873-04-04	4	-29.95	-71.33			a		https://s3.amazonaws.com/NARAprodstorage/lz/dc-metro/rg-024/581208/2020-03/581208-omaha-004/581208-omaha-004-015.JPG	https://s3.amazonaws.com/NARAprodstorage/lz/dc-metro/rg-024/581208/2020-03/581208-omaha-004/581208-omaha-004-015.JPG	 						0	0	0	30.04	61	58	57			b	none	10				
1873-04-04	5	-29.95	-71.33			a		https://s3.amazonaws.com/NARAprodstorage/lz/dc-metro/rg-024/581208/2020-03/581208-omaha-004/581208-omaha-004-015.JPG	https://s3.amazonaws.com/NARAprodstorage/lz/dc-metro/rg-024/581208/2020-03/581208-omaha-004/581208-omaha-004-015.JPG	 						270	284	2	30.04	61	58	57			b	none	10				
1873-04-04	6	-29.95	-71.33			a		https://s3.amazonaws.com/NARAprodstorage/lz/dc-metro/rg-024/581208/2020-03/581208-omaha-004/581208-omaha-004-015.JPG	https://s3.amazonaws.com/NARAprodstorage/lz/dc-metro/rg-024/581208/2020-03/581208-omaha-004/581208-omaha-004-015.JPG	 						270	284	2	30.04	61	58	57			b	none	10				
1873-04-04	7	-29.95	-71.33			a		https://s3.amazonaws.com/NARAprodstorage/lz/dc-metro/rg-024/581208/2020-03/581208-omaha-004/581208-omaha-004-015.JPG	https://s3.amazonaws.com/NARAprodstorage/lz/dc-metro/rg-024/581208/2020-03/581208-omaha-004/581208-omaha-004-015.JPG	 						0	0	0	30.04	61	58	57			b	none	10				
1873-04-04	8	-29.95	-71.33			a		https://s3.amazonaws.com/NARAprodstorage/lz/dc-metro/rg-024/581208/2020-03/581208-omaha-004/581208-omaha-004-015.JPG	https://s3.amazonaws.com/NARAprodstorage/lz/dc-metro/rg-024/581208/2020-03/581208-omaha-004/581208-omaha-004-015.JPG	 						0	0	0	30.04	61	58	57			b	none	10				
1873-04-04	9	-29.95	-71.33			a		https://s3.amazonaws.com/NARAprodstorage/lz/dc-metro/rg-024/581208/2020-03/581208-omaha-004/581208-omaha-004-015.JPG	https://s3.amazonaws.com/NARAprodstorage/lz/dc-metro/rg-024/581208/2020-03/581208-omaha-004/581208-omaha-004-015.JPG	 						315	329	5	30.1	64	63	63			m	nim	10				
1873-04-04	10	-29.95	-71.33			a		https://s3.amazonaws.com/NARAprodstorage/lz/dc-metro/rg-024/581208/2020-03/581208-omaha-004/581208-omaha-004-015.JPG	https://s3.amazonaws.com/NARAprodstorage/lz/dc-metro/rg-024/581208/2020-03/581208-omaha-004/581208-omaha-004-015.JPG	 						315	329	13	30.12	64	63	63			m	nim	10				
1873-04-04	11	-29.95	-71.33			a		https://s3.amazonaws.com/NARAprodstorage/lz/dc-metro/rg-024/581208/2020-03/581208-omaha-004/581208-omaha-004-015.JPG	https://s3.amazonaws.com/NARAprodstorage/lz/dc-metro/rg-024/581208/2020-03/581208-omaha-004/581208-omaha-004-015.JPG	 						315	329	19	30.18	64	63	63			m	nim	10				
1873-04-04	12	-29.95	-71.33			a		https://s3.amazonaws.com/NARAprodstorage/lz/dc-metro/rg-024/581208/2020-03/581208-omaha-004/581208-omaha-004-015.JPG	https://s3.amazonaws.com/NARAprodstorage/lz/dc-metro/rg-024/581208/2020-03/581208-omaha-004/581208-omaha-004-015.JPG	Noon: Coquimbo						315	329	24	30.18	64	63	63			m	nim	10				
1873-04-04	13	-29.95	-71.33			a		https://s3.amazonaws.com/NARAprodstorage/lz/dc-metro/rg-024/581208/2020-03/581208-omaha-004/581208-omaha-004-015.JPG	https://s3.amazonaws.com/NARAprodstorage/lz/dc-metro/rg-024/581208/2020-03/581208-omaha-004/581208-omaha-004-015.JPG	 						315	329	5	30.08	64	63	63			bcm	cum nim	8				
1873-04-04	14	-29.95	-71.33			a		https://s3.amazonaws.com/NARAprodstorage/lz/dc-metro/rg-024/581208/2020-03/581208-omaha-004/581208-omaha-004-015.JPG	https://s3.amazonaws.com/NARAprodstorage/lz/dc-metro/rg-024/581208/2020-03/581208-omaha-004/581208-omaha-004-015.JPG	 						315	329	5	30.08	64	63	63			bcm	cum nim	8				
1873-04-04	15	-29.95	-71.33			a		https://s3.amazonaws.com/NARAprodstorage/lz/dc-metro/rg-024/581208/2020-03/581208-omaha-004/581208-omaha-004-015.JPG	https://s3.amazonaws.com/NARAprodstorage/lz/dc-metro/rg-024/581208/2020-03/581208-omaha-004/581208-omaha-004-015.JPG	 						315	329	5	30.08	64	63	63			bcm	cum nim	8				
1873-04-04	16	-29.95	-71.33			a		https://s3.amazonaws.com/NARAprodstorage/lz/dc-metro/rg-024/581208/2020-03/581208-omaha-004/581208-omaha-004-015.JPG	https://s3.amazonaws.com/NARAprodstorage/lz/dc-metro/rg-024/581208/2020-03/581208-omaha-004/581208-omaha-004-015.JPG	 						315	329	5	30.08	64	63	63			bcm	cum nim	8				
1873-04-04	17	-29.95	-71.33			a		https://s3.amazonaws.com/NARAprodstorage/lz/dc-metro/rg-024/581208/2020-03/581208-omaha-004/581208-omaha-004-015.JPG	https://s3.amazonaws.com/NARAprodstorage/lz/dc-metro/rg-024/581208/2020-03/581208-omaha-004/581208-omaha-004-015.JPG	 						315	329	2	30.08	64	63	63			b	none	10				
1873-04-04	18	-29.95	-71.33			a		https://s3.amazonaws.com/NARAprodstorage/lz/dc-metro/rg-024/581208/2020-03/581208-omaha-004/581208-omaha-004-015.JPG	https://s3.amazonaws.com/NARAprodstorage/lz/dc-metro/rg-024/581208/2020-03/581208-omaha-004/581208-omaha-004-015.JPG	 						0	0	0	30.06	64	63	63			b	none	10				
1873-04-04	19	-29.95	-71.33			a		https://s3.amazonaws.com/NARAprodstorage/lz/dc-metro/rg-024/581208/2020-03/581208-omaha-004/581208-omaha-004-015.JPG	https://s3.amazonaws.com/NARAprodstorage/lz/dc-metro/rg-024/581208/2020-03/581208-omaha-004/581208-omaha-004-015.JPG	 						0	0	0	30.06	64	63	63			b	none	10				
1873-04-04	20	-29.95	-71.33			a		https://s3.amazonaws.com/NARAprodstorage/lz/dc-metro/rg-024/581208/2020-03/581208-omaha-004/581208-omaha-004-015.JPG	https://s3.amazonaws.com/NARAprodstorage/lz/dc-metro/rg-024/581208/2020-03/581208-omaha-004/581208-omaha-004-015.JPG	 						0	0	0	30.06	64	63	63			b	none	10				
1873-04-04	21	-29.95	-71.33			a		https://s3.amazonaws.com/NARAprodstorage/lz/dc-metro/rg-024/581208/2020-03/581208-omaha-004/581208-omaha-004-015.JPG	https://s3.amazonaws.com/NARAprodstorage/lz/dc-metro/rg-024/581208/2020-03/581208-omaha-004/581208-omaha-004-015.JPG	 						0	0	0	30.06	64	63	63			b	none	10				
1873-04-04	22	-29.95	-71.33			a		https://s3.amazonaws.com/NARAprodstorage/lz/dc-metro/rg-024/581208/2020-03/581208-omaha-004/581208-omaha-004-015.JPG	https://s3.amazonaws.com/NARAprodstorage/lz/dc-metro/rg-024/581208/2020-03/581208-omaha-004/581208-omaha-004-015.JPG	 						0	0	0	30.06	64	63	63			b	none	10				
1873-04-04	23	-29.95	-71.33			a		https://s3.amazonaws.com/NARAprodstorage/lz/dc-metro/rg-024/581208/2020-03/581208-omaha-004/581208-omaha-004-015.JPG	https://s3.amazonaws.com/NARAprodstorage/lz/dc-metro/rg-024/581208/2020-03/581208-omaha-004/581208-omaha-004-015.JPG	 						0	0	0	30.06	63	61	61			b	none	10				
1873-04-04	24	-29.95	-71.33			a		https://s3.amazonaws.com/NARAprodstorage/lz/dc-metro/rg-024/581208/2020-03/581208-omaha-004/581208-omaha-004-015.JPG	https://s3.amazonaws.com/NARAprodstorage/lz/dc-metro/rg-024/581208/2020-03/581208-omaha-004/581208-omaha-004-015.JPG	 						0	0	0	30.06	63	61	61			b	none	10				
1873-04-05	1	-29.95	-71.33			a		https://s3.amazonaws.com/NARAprodstorage/lz/dc-metro/rg-024/581208/2020-03/581208-omaha-004/581208-omaha-004-016.JPG	https://s3.amazonaws.com/NARAprodstorage/lz/dc-metro/rg-024/581208/2020-03/581208-omaha-004/581208-omaha-004-016.JPG	 						0	0	0	30.1	60	59	59			ocm	nim	0				
1873-04-05	2	-29.95	-71.33			a		https://s3.amazonaws.com/NARAprodstorage/lz/dc-metro/rg-024/581208/2020-03/581208-omaha-004/581208-omaha-004-016.JPG	https://s3.amazonaws.com/NARAprodstorage/lz/dc-metro/rg-024/581208/2020-03/581208-omaha-004/581208-omaha-004-016.JPG	 						0	0	0	30.1	60	59	59			ocm	nim	0				
1873-04-05	3	-29.95	-71.33			a		https://s3.amazonaws.com/NARAprodstorage/lz/dc-metro/rg-024/581208/2020-03/581208-omaha-004/581208-omaha-004-016.JPG	https://s3.amazonaws.com/NARAprodstorage/lz/dc-metro/rg-024/581208/2020-03/581208-omaha-004/581208-omaha-004-016.JPG	 						0	0	0	30.1	60	59	59			ocm	nim	0				
1873-04-05	4	-29.95	-71.33			a		https://s3.amazonaws.com/NARAprodstorage/lz/dc-metro/rg-024/581208/2020-03/581208-omaha-004/581208-omaha-004-016.JPG	https://s3.amazonaws.com/NARAprodstorage/lz/dc-metro/rg-024/581208/2020-03/581208-omaha-004/581208-omaha-004-016.JPG	 						0	0	0	30.1	60	59	59			ocm	nim	0				
1873-04-05	5	-29.95	-71.33			a		https://s3.amazonaws.com/NARAprodstorage/lz/dc-metro/rg-024/581208/2020-03/581208-omaha-004/581208-omaha-004-016.JPG	https://s3.amazonaws.com/NARAprodstorage/lz/dc-metro/rg-024/581208/2020-03/581208-omaha-004/581208-omaha-004-016.JPG	 						0	0	0	30.15	59	59	59			ocm	cum nim	0				
1873-04-05	6	-29.95	-71.33			a		https://s3.amazonaws.com/NARAprodstorage/lz/dc-metro/rg-024/581208/2020-03/581208-omaha-004/581208-omaha-004-016.JPG	https://s3.amazonaws.com/NARAprodstorage/lz/dc-metro/rg-024/581208/2020-03/581208-omaha-004/581208-omaha-004-016.JPG	 						0	0	0	30.15	60	59	59			ocm	cum nim	0				
1873-04-05	7	-29.95	-71.33			a		https://s3.amazonaws.com/NARAprodstorage/lz/dc-metro/rg-024/581208/2020-03/581208-omaha-004/581208-omaha-004-016.JPG	https://s3.amazonaws.com/NARAprodstorage/lz/dc-metro/rg-024/581208/2020-03/581208-omaha-004/581208-omaha-004-016.JPG	 						45	59	2	30.15	60	59	58			ocm	cum nim	0				
1873-04-05	8	-29.95	-71.33			a		https://s3.amazonaws.com/NARAprodstorage/lz/dc-metro/rg-024/581208/2020-03/581208-omaha-004/581208-omaha-004-016.JPG	https://s3.amazonaws.com/NARAprodstorage/lz/dc-metro/rg-024/581208/2020-03/581208-omaha-004/581208-omaha-004-016.JPG	 						45	59	2	30.15	59	59	58			ocm	cum nim	0				
1873-04-05	9	-29.95	-71.33			a		https://s3.amazonaws.com/NARAprodstorage/lz/dc-metro/rg-024/581208/2020-03/581208-omaha-004/581208-omaha-004-016.JPG	https://s3.amazonaws.com/NARAprodstorage/lz/dc-metro/rg-024/581208/2020-03/581208-omaha-004/581208-omaha-004-016.JPG	 						360	14	2	30.14	60	60	59			ocm	cum nim	0				
1873-04-05	10	-29.95	-71.33			a		https://s3.amazonaws.com/NARAprodstorage/lz/dc-metro/rg-024/581208/2020-03/581208-omaha-004/581208-omaha-004-016.JPG	https://s3.amazonaws.com/NARAprodstorage/lz/dc-metro/rg-024/581208/2020-03/581208-omaha-004/581208-omaha-004-016.JPG	 						360	14	2	30.14	61	60	60			ocm	cum nim	0				
1873-04-05	11	-29.95	-71.33			a		https://s3.amazonaws.com/NARAprodstorage/lz/dc-metro/rg-024/581208/2020-03/581208-omaha-004/581208-omaha-004-016.JPG	https://s3.amazonaws.com/NARAprodstorage/lz/dc-metro/rg-024/581208/2020-03/581208-omaha-004/581208-omaha-004-016.JPG	 						360	14	2	30.13	62	61	61			ocm	cum nim	0				
1873-04-05	12	-29.95	-71.33			a		https://s3.amazonaws.com/NARAprodstorage/lz/dc-metro/rg-024/581208/2020-03/581208-omaha-004/581208-omaha-004-016.JPG	https://s3.amazonaws.com/NARAprodstorage/lz/dc-metro/rg-024/581208/2020-03/581208-omaha-004/581208-omaha-004-016.JPG	Noon: Coquimbo						360	14	2	30.13	63	61	61			ocm	cum nim	0				
1873-04-05	13	-29.95	-71.33			a		https://s3.amazonaws.com/NARAprodstorage/lz/dc-metro/rg-024/581208/2020-03/581208-omaha-004/581208-omaha-004-016.JPG	https://s3.amazonaws.com/NARAprodstorage/lz/dc-metro/rg-024/581208/2020-03/581208-omaha-004/581208-omaha-004-016.JPG	 						315	329	8	30.14	63	61	60			ocm	nim	0				
1873-04-05	14	-29.95	-71.33			a		https://s3.amazonaws.com/NARAprodstorage/lz/dc-metro/rg-024/581208/2020-03/581208-omaha-004/581208-omaha-004-016.JPG	https://s3.amazonaws.com/NARAprodstorage/lz/dc-metro/rg-024/581208/2020-03/581208-omaha-004/581208-omaha-004-016.JPG	 						315	329	8	30.14	63	61	60			ocm	nim	0				
1873-04-05	15	-29.95	-71.33			a		https://s3.amazonaws.com/NARAprodstorage/lz/dc-metro/rg-024/581208/2020-03/581208-omaha-004/581208-omaha-004-016.JPG	https://s3.amazonaws.com/NARAprodstorage/lz/dc-metro/rg-024/581208/2020-03/581208-omaha-004/581208-omaha-004-016.JPG	 						315	329	8	30.14	63	61	60			ocm	nim	0				
1873-04-05	16	-29.95	-71.33			a		https://s3.amazonaws.com/NARAprodstorage/lz/dc-metro/rg-024/581208/2020-03/581208-omaha-004/581208-omaha-004-016.JPG	https://s3.amazonaws.com/NARAprodstorage/lz/dc-metro/rg-024/581208/2020-03/581208-omaha-004/581208-omaha-004-016.JPG	 						315	329	5	30.14	63	61	60			ocm	nim	0				
1873-04-05	17	-29.95	-71.33			a		https://s3.amazonaws.com/NARAprodstorage/lz/dc-metro/rg-024/581208/2020-03/581208-omaha-004/581208-omaha-004-016.JPG	https://s3.amazonaws.com/NARAprodstorage/lz/dc-metro/rg-024/581208/2020-03/581208-omaha-004/581208-omaha-004-016.JPG	 						888	888	2	30.06	62	60	60			ocf	nim	0				
1873-04-05	18	-29.95	-71.33			a		https://s3.amazonaws.com/NARAprodstorage/lz/dc-metro/rg-024/581208/2020-03/581208-omaha-004/581208-omaha-004-016.JPG	https://s3.amazonaws.com/NARAprodstorage/lz/dc-metro/rg-024/581208/2020-03/581208-omaha-004/581208-omaha-004-016.JPG	 						888	888	2	30.06	62	60	60			ocf	nim	0				
1873-04-05	19	-29.95	-71.33			a		https://s3.amazonaws.com/NARAprodstorage/lz/dc-metro/rg-024/581208/2020-03/581208-omaha-004/581208-omaha-004-016.JPG	https://s3.amazonaws.com/NARAprodstorage/lz/dc-metro/rg-024/581208/2020-03/581208-omaha-004/581208-omaha-004-016.JPG	 						888	888	2	30.06	62	60	60			ocf	nim	0				
1873-04-05	20	-29.95	-71.33			a		https://s3.amazonaws.com/NARAprodstorage/lz/dc-metro/rg-024/581208/2020-03/581208-omaha-004/581208-omaha-004-016.JPG	https://s3.amazonaws.com/NARAprodstorage/lz/dc-metro/rg-024/581208/2020-03/581208-omaha-004/581208-omaha-004-016.JPG	 						888	888	2	30.06	62	60	60			ocf	nim	0				
1873-04-05	21	-29.95	-71.33			a		https://s3.amazonaws.com/NARAprodstorage/lz/dc-metro/rg-024/581208/2020-03/581208-omaha-004/581208-omaha-004-016.JPG	https://s3.amazonaws.com/NARAprodstorage/lz/dc-metro/rg-024/581208/2020-03/581208-omaha-004/581208-omaha-004-016.JPG	 						360	14	2	30.06	62	60	60			ocf	nim	0				
1873-04-05	22	-29.95	-71.33			a		https://s3.amazonaws.com/NARAprodstorage/lz/dc-metro/rg-024/581208/2020-03/581208-omaha-004/581208-omaha-004-016.JPG	https://s3.amazonaws.com/NARAprodstorage/lz/dc-metro/rg-024/581208/2020-03/581208-omaha-004/581208-omaha-004-016.JPG	 						360	14	2	30.06	62	60	60			ocf	nim	0				
1873-04-05	23	-29.95	-71.33			a		https://s3.amazonaws.com/NARAprodstorage/lz/dc-metro/rg-024/581208/2020-03/581208-omaha-004/581208-omaha-004-016.JPG	https://s3.amazonaws.com/NARAprodstorage/lz/dc-metro/rg-024/581208/2020-03/581208-omaha-004/581208-omaha-004-016.JPG	 						360	14	2	30.06	62	60	60			ocf	nim	0				
1873-04-05	24	-29.95	-71.33			a		https://s3.amazonaws.com/NARAprodstorage/lz/dc-metro/rg-024/581208/2020-03/581208-omaha-004/581208-omaha-004-016.JPG	https://s3.amazonaws.com/NARAprodstorage/lz/dc-metro/rg-024/581208/2020-03/581208-omaha-004/581208-omaha-004-016.JPG	 						360	14	2	30.06	62	60	60			ocf	nim	0				
1873-04-06	1	-29.95	-71.33			a		https://s3.amazonaws.com/NARAprodstorage/lz/dc-metro/rg-024/581208/2020-03/581208-omaha-004/581208-omaha-004-017.JPG	https://s3.amazonaws.com/NARAprodstorage/lz/dc-metro/rg-024/581208/2020-03/581208-omaha-004/581208-omaha-004-017.JPG	 						0	0	0	30.14	62	61	61			om	nim	0				
1873-04-06	2	-29.95	-71.33			a		https://s3.amazonaws.com/NARAprodstorage/lz/dc-metro/rg-024/581208/2020-03/581208-omaha-004/581208-omaha-004-017.JPG	https://s3.amazonaws.com/NARAprodstorage/lz/dc-metro/rg-024/581208/2020-03/581208-omaha-004/581208-omaha-004-017.JPG	 						0	0	0	30.14	62	61	61			om	nim	0				
1873-04-06	3	-29.95	-71.33			a		https://s3.amazonaws.com/NARAprodstorage/lz/dc-metro/rg-024/581208/2020-03/581208-omaha-004/581208-omaha-004-017.JPG	https://s3.amazonaws.com/NARAprodstorage/lz/dc-metro/rg-024/581208/2020-03/581208-omaha-004/581208-omaha-004-017.JPG	 						0	0	0	30.14	62	61	61			om	nim	0				
1873-04-06	4	-29.95	-71.33			a		https://s3.amazonaws.com/NARAprodstorage/lz/dc-metro/rg-024/581208/2020-03/581208-omaha-004/581208-omaha-004-017.JPG	https://s3.amazonaws.com/NARAprodstorage/lz/dc-metro/rg-024/581208/2020-03/581208-omaha-004/581208-omaha-004-017.JPG	 						0	0	0	30.12	61	60	60			om	nim	0				
1873-04-06	5	-29.95	-71.33			a		https://s3.amazonaws.com/NARAprodstorage/lz/dc-metro/rg-024/581208/2020-03/581208-omaha-004/581208-omaha-004-017.JPG	https://s3.amazonaws.com/NARAprodstorage/lz/dc-metro/rg-024/581208/2020-03/581208-omaha-004/581208-omaha-004-017.JPG	 						0	0	0	30.12	61	60	60			ocf	nim	0				
1873-04-06	6	-29.95	-71.33			a		https://s3.amazonaws.com/NARAprodstorage/lz/dc-metro/rg-024/581208/2020-03/581208-omaha-004/581208-omaha-004-017.JPG	https://s3.amazonaws.com/NARAprodstorage/lz/dc-metro/rg-024/581208/2020-03/581208-omaha-004/581208-omaha-004-017.JPG	 						0	0	0	30.12	61	60	60			ocf	nim	0				
1873-04-06	7	-29.95	-71.33			a		https://s3.amazonaws.com/NARAprodstorage/lz/dc-metro/rg-024/581208/2020-03/581208-omaha-004/581208-omaha-004-017.JPG	https://s3.amazonaws.com/NARAprodstorage/lz/dc-metro/rg-024/581208/2020-03/581208-omaha-004/581208-omaha-004-017.JPG	 						0	0	0	30.1	61	60	60			ocf	nim	0				
1873-04-06	8	-29.95	-71.33			a		https://s3.amazonaws.com/NARAprodstorage/lz/dc-metro/rg-024/581208/2020-03/581208-omaha-004/581208-omaha-004-017.JPG	https://s3.amazonaws.com/NARAprodstorage/lz/dc-metro/rg-024/581208/2020-03/581208-omaha-004/581208-omaha-004-017.JPG	 						0	0	0	30.13	62	61	60			ocf	nim	0				
1873-04-06	9	-29.95	-71.33			a		https://s3.amazonaws.com/NARAprodstorage/lz/dc-metro/rg-024/581208/2020-03/581208-omaha-004/581208-omaha-004-017.JPG	https://s3.amazonaws.com/NARAprodstorage/lz/dc-metro/rg-024/581208/2020-03/581208-omaha-004/581208-omaha-004-017.JPG	 						0	0	0	30.15	63	62	60			bc	cum nim	0				
1873-04-06	10	-29.95	-71.33			a		https://s3.amazonaws.com/NARAprodstorage/lz/dc-metro/rg-024/581208/2020-03/581208-omaha-004/581208-omaha-004-017.JPG	https://s3.amazonaws.com/NARAprodstorage/lz/dc-metro/rg-024/581208/2020-03/581208-omaha-004/581208-omaha-004-017.JPG	 						315	329	2	30.18	63	62				bc	cum nim	0				
1873-04-06	11	-29.95	-71.33			a		https://s3.amazonaws.com/NARAprodstorage/lz/dc-metro/rg-024/581208/2020-03/581208-omaha-004/581208-omaha-004-017.JPG	https://s3.amazonaws.com/NARAprodstorage/lz/dc-metro/rg-024/581208/2020-03/581208-omaha-004/581208-omaha-004-017.JPG	 						315	329	2	30.18	63	62				bc	cum nim	0				
1873-04-06	12	-29.95	-71.33			a		https://s3.amazonaws.com/NARAprodstorage/lz/dc-metro/rg-024/581208/2020-03/581208-omaha-004/581208-omaha-004-017.JPG	https://s3.amazonaws.com/NARAprodstorage/lz/dc-metro/rg-024/581208/2020-03/581208-omaha-004/581208-omaha-004-017.JPG	Noon: Coquimbo						315	329	2	30.2	63	62				bc	nim	6				
1873-04-06	13	-29.95	-71.33			a		https://s3.amazonaws.com/NARAprodstorage/lz/dc-metro/rg-024/581208/2020-03/581208-omaha-004/581208-omaha-004-017.JPG	https://s3.amazonaws.com/NARAprodstorage/lz/dc-metro/rg-024/581208/2020-03/581208-omaha-004/581208-omaha-004-017.JPG	 						315	329	2	30.2	63	62	60			bc	cum nim	6				
1873-04-06	14	-29.95	-71.33			a		https://s3.amazonaws.com/NARAprodstorage/lz/dc-metro/rg-024/581208/2020-03/581208-omaha-004/581208-omaha-004-017.JPG	https://s3.amazonaws.com/NARAprodstorage/lz/dc-metro/rg-024/581208/2020-03/581208-omaha-004/581208-omaha-004-017.JPG	 						315	329	2	30.2	63	62	60			bc	cum nim	6				
1873-04-06	15	-29.95	-71.33			a		https://s3.amazonaws.com/NARAprodstorage/lz/dc-metro/rg-024/581208/2020-03/581208-omaha-004/581208-omaha-004-017.JPG	https://s3.amazonaws.com/NARAprodstorage/lz/dc-metro/rg-024/581208/2020-03/581208-omaha-004/581208-omaha-004-017.JPG	 						0	0	0	30.2	63	62	60			bc	none	10				
1873-04-06	16	-29.95	-71.33			a		https://s3.amazonaws.com/NARAprodstorage/lz/dc-metro/rg-024/581208/2020-03/581208-omaha-004/581208-omaha-004-017.JPG	https://s3.amazonaws.com/NARAprodstorage/lz/dc-metro/rg-024/581208/2020-03/581208-omaha-004/581208-omaha-004-017.JPG	 						0	0	0	30.2	63	62	60			bc	none	10				
1873-04-06	17	-29.95	-71.33			a		https://s3.amazonaws.com/NARAprodstorage/lz/dc-metro/rg-024/581208/2020-03/581208-omaha-004/581208-omaha-004-017.JPG	https://s3.amazonaws.com/NARAprodstorage/lz/dc-metro/rg-024/581208/2020-03/581208-omaha-004/581208-omaha-004-017.JPG	 						0	0	0	30.2	63	62	60			b	none	10				
1873-04-06	18	-29.95	-71.33			a		https://s3.amazonaws.com/NARAprodstorage/lz/dc-metro/rg-024/581208/2020-03/581208-omaha-004/581208-omaha-004-017.JPG	https://s3.amazonaws.com/NARAprodstorage/lz/dc-metro/rg-024/581208/2020-03/581208-omaha-004/581208-omaha-004-017.JPG	 						0	0	0	30.2	63	62	60			b	none	10				
1873-04-06	19	-29.95	-71.33			a		https://s3.amazonaws.com/NARAprodstorage/lz/dc-metro/rg-024/581208/2020-03/581208-omaha-004/581208-omaha-004-017.JPG	https://s3.amazonaws.com/NARAprodstorage/lz/dc-metro/rg-024/581208/2020-03/581208-omaha-004/581208-omaha-004-017.JPG	 						0	0	0	30.2	63	62	60			b	none	10				
1873-04-06	20	-29.95	-71.33			a		https://s3.amazonaws.com/NARAprodstorage/lz/dc-metro/rg-024/581208/2020-03/581208-omaha-004/581208-omaha-004-017.JPG	https://s3.amazonaws.com/NARAprodstorage/lz/dc-metro/rg-024/581208/2020-03/581208-omaha-004/581208-omaha-004-017.JPG	 						0	0	0	30.2	63	62	60			b	none	10				
1873-04-06	21	-29.95	-71.33			a		https://s3.amazonaws.com/NARAprodstorage/lz/dc-metro/rg-024/581208/2020-03/581208-omaha-004/581208-omaha-004-017.JPG	https://s3.amazonaws.com/NARAprodstorage/lz/dc-metro/rg-024/581208/2020-03/581208-omaha-004/581208-omaha-004-017.JPG	 						0	0	0	30.18	62	61	61			bc	cum	6				
1873-04-06	22	-29.95	-71.33			a		https://s3.amazonaws.com/NARAprodstorage/lz/dc-metro/rg-024/581208/2020-03/581208-omaha-004/581208-omaha-004-017.JPG	https://s3.amazonaws.com/NARAprodstorage/lz/dc-metro/rg-024/581208/2020-03/581208-omaha-004/581208-omaha-004-017.JPG	 						0	0	0	30.16	62	61	61			bc	cum	5				
1873-04-06	23	-29.95	-71.33			a		https://s3.amazonaws.com/NARAprodstorage/lz/dc-metro/rg-024/581208/2020-03/581208-omaha-004/581208-omaha-004-017.JPG	https://s3.amazonaws.com/NARAprodstorage/lz/dc-metro/rg-024/581208/2020-03/581208-omaha-004/581208-omaha-004-017.JPG	 						0	0	0	30.14	62	61	61			b	none	10				
1873-04-06	24	-29.95	-71.33			a		https://s3.amazonaws.com/NARAprodstorage/lz/dc-metro/rg-024/581208/2020-03/581208-omaha-004/581208-omaha-004-017.JPG	https://s3.amazonaws.com/NARAprodstorage/lz/dc-metro/rg-024/581208/2020-03/581208-omaha-004/581208-omaha-004-017.JPG	 						0	0	0	30.12	62	61	61			b	none	10				
1873-04-07	1	-29.95	-71.33			a		https://s3.amazonaws.com/NARAprodstorage/lz/dc-metro/rg-024/581208/2020-03/581208-omaha-004/581208-omaha-004-018.JPG	https://s3.amazonaws.com/NARAprodstorage/lz/dc-metro/rg-024/581208/2020-03/581208-omaha-004/581208-omaha-004-018.JPG	 						0	0	0	30.2	61	61	61			oc	nim	0				
1873-04-07	2	-29.95	-71.33			a		https://s3.amazonaws.com/NARAprodstorage/lz/dc-metro/rg-024/581208/2020-03/581208-omaha-004/581208-omaha-004-018.JPG	https://s3.amazonaws.com/NARAprodstorage/lz/dc-metro/rg-024/581208/2020-03/581208-omaha-004/581208-omaha-004-018.JPG	 						0	0	0	30.22	61	61	61			oc	nim	0				
1873-04-07	3	-29.95	-71.33			a		https://s3.amazonaws.com/NARAprodstorage/lz/dc-metro/rg-024/581208/2020-03/581208-omaha-004/581208-omaha-004-018.JPG	https://s3.amazonaws.com/NARAprodstorage/lz/dc-metro/rg-024/581208/2020-03/581208-omaha-004/581208-omaha-004-018.JPG	 						0	0	0	30.24	61	61	61			oc	nim	0				
1873-04-07	4	-29.95	-71.33			a		https://s3.amazonaws.com/NARAprodstorage/lz/dc-metro/rg-024/581208/2020-03/581208-omaha-004/581208-omaha-004-018.JPG	https://s3.amazonaws.com/NARAprodstorage/lz/dc-metro/rg-024/581208/2020-03/581208-omaha-004/581208-omaha-004-018.JPG	 						0	0	0	30.24	61	61	61			oc	nim	0				
1873-04-07	5	-29.95	-71.33			a		https://s3.amazonaws.com/NARAprodstorage/lz/dc-metro/rg-024/581208/2020-03/581208-omaha-004/581208-omaha-004-018.JPG	https://s3.amazonaws.com/NARAprodstorage/lz/dc-metro/rg-024/581208/2020-03/581208-omaha-004/581208-omaha-004-018.JPG	 						0	0	0	30.24	61	61	61			oc	nim	0				
1873-04-07	6	-29.95	-71.33			a		https://s3.amazonaws.com/NARAprodstorage/lz/dc-metro/rg-024/581208/2020-03/581208-omaha-004/581208-omaha-004-018.JPG	https://s3.amazonaws.com/NARAprodstorage/lz/dc-metro/rg-024/581208/2020-03/581208-omaha-004/581208-omaha-004-018.JPG	 						0	0	0	30.24	61	61	61			oc	nim	0				
1873-04-07	7	-29.95	-71.33			a		https://s3.amazonaws.com/NARAprodstorage/lz/dc-metro/rg-024/581208/2020-03/581208-omaha-004/581208-omaha-004-018.JPG	https://s3.amazonaws.com/NARAprodstorage/lz/dc-metro/rg-024/581208/2020-03/581208-omaha-004/581208-omaha-004-018.JPG	 						0	0	0	30.24	61	61	61			oc	nim	0				
1873-04-07	8	-29.95	-71.33			a		https://s3.amazonaws.com/NARAprodstorage/lz/dc-metro/rg-024/581208/2020-03/581208-omaha-004/581208-omaha-004-018.JPG	https://s3.amazonaws.com/NARAprodstorage/lz/dc-metro/rg-024/581208/2020-03/581208-omaha-004/581208-omaha-004-018.JPG	 						0	0	0	30.24	61	61	61			oc	nim	0				
1873-04-07	9	-29.95	-71.33			a		https://s3.amazonaws.com/NARAprodstorage/lz/dc-metro/rg-024/581208/2020-03/581208-omaha-004/581208-omaha-004-018.JPG	https://s3.amazonaws.com/NARAprodstorage/lz/dc-metro/rg-024/581208/2020-03/581208-omaha-004/581208-omaha-004-018.JPG	 						0	0	0	30.24	61	61	61			bc	cum nm	1				
1873-04-07	10	-29.95	-71.33			a		https://s3.amazonaws.com/NARAprodstorage/lz/dc-metro/rg-024/581208/2020-03/581208-omaha-004/581208-omaha-004-018.JPG	https://s3.amazonaws.com/NARAprodstorage/lz/dc-metro/rg-024/581208/2020-03/581208-omaha-004/581208-omaha-004-018.JPG	 						0	0	0	30.24	61	61	61			bc	cum nm	3				
1873-04-07	11	-29.95	-71.33			a		https://s3.amazonaws.com/NARAprodstorage/lz/dc-metro/rg-024/581208/2020-03/581208-omaha-004/581208-omaha-004-018.JPG	https://s3.amazonaws.com/NARAprodstorage/lz/dc-metro/rg-024/581208/2020-03/581208-omaha-004/581208-omaha-004-018.JPG	 						270	284	2	30.24	61	61	61			bc	cum nm	5				
1873-04-07	12	-29.95	-71.33			a		https://s3.amazonaws.com/NARAprodstorage/lz/dc-metro/rg-024/581208/2020-03/581208-omaha-004/581208-omaha-004-018.JPG	https://s3.amazonaws.com/NARAprodstorage/lz/dc-metro/rg-024/581208/2020-03/581208-omaha-004/581208-omaha-004-018.JPG	Noon: Coquimbo						270	284	2	30.24	61	61	61			bc	cum	4				
1873-04-07	13	-29.95	-71.33			a		https://s3.amazonaws.com/NARAprodstorage/lz/dc-metro/rg-024/581208/2020-03/581208-omaha-004/581208-omaha-004-018.JPG	https://s3.amazonaws.com/NARAprodstorage/lz/dc-metro/rg-024/581208/2020-03/581208-omaha-004/581208-omaha-004-018.JPG	 						360	14	2	30.24	64	64	64			bc	cir cum	8				
1873-04-07	14	-29.95	-71.33			a		https://s3.amazonaws.com/NARAprodstorage/lz/dc-metro/rg-024/581208/2020-03/581208-omaha-004/581208-omaha-004-018.JPG	https://s3.amazonaws.com/NARAprodstorage/lz/dc-metro/rg-024/581208/2020-03/581208-omaha-004/581208-omaha-004-018.JPG	1435: Got Underway						360	14	2	30.24	64	64	64			bc	cir cum	8				
1873-04-07	15	-29.92	-71.33	888		2		https://s3.amazonaws.com/NARAprodstorage/lz/dc-metro/rg-024/581208/2020-03/581208-omaha-004/581208-omaha-004-018.JPG	https://s3.amazonaws.com/NARAprodstorage/lz/dc-metro/rg-024/581208/2020-03/581208-omaha-004/581208-omaha-004-018.JPG	1500: Islotes Pajaros Ninos  brg S dist 11/4 mi.						360	14	8	30.2	65	64	64	60		bc	cir cum	8				
1873-04-07	16	-29.85	-71.47	292.5		6		https://s3.amazonaws.com/NARAprodstorage/lz/dc-metro/rg-024/581208/2020-03/581208-omaha-004/581208-omaha-004-018.JPG	https://s3.amazonaws.com/NARAprodstorage/lz/dc-metro/rg-024/581208/2020-03/581208-omaha-004/581208-omaha-004-018.JPG	 					wnw	259	273	8	30.2	64	63	62			bc	cir str	8				
1873-04-07	17	-29.79	-71.59	292.5		5.4		https://s3.amazonaws.com/NARAprodstorage/lz/dc-metro/rg-024/581208/2020-03/581208-omaha-004/581208-omaha-004-018.JPG	https://s3.amazonaws.com/NARAprodstorage/lz/dc-metro/rg-024/581208/2020-03/581208-omaha-004/581208-omaha-004-018.JPG	1715: cc NW.					wnw	259	273	8	30.2	65	64	64			bc	cir cum	8				
1873-04-07	18	-29.72	-71.68	309		4		https://s3.amazonaws.com/NARAprodstorage/lz/dc-metro/rg-024/581208/2020-03/581208-omaha-004/581208-omaha-004-018.JPG	https://s3.amazonaws.com/NARAprodstorage/lz/dc-metro/rg-024/581208/2020-03/581208-omaha-004/581208-omaha-004-018.JPG	 					Wnw | nw	253	267	8	30.21	65	64	64	60		bc	cir cum	8				
1873-04-07	19	-29.66	-71.68	22.5		4		https://s3.amazonaws.com/NARAprodstorage/lz/dc-metro/rg-024/581208/2020-03/581208-omaha-004/581208-omaha-004-018.JPG	https://s3.amazonaws.com/NARAprodstorage/lz/dc-metro/rg-024/581208/2020-03/581208-omaha-004/581208-omaha-004-018.JPG	 					nne	225	239	5	30.22	65	63	63			bc	cir cum	8				
1873-04-07	20	-29.58	-71.66	22.5		5		https://s3.amazonaws.com/NARAprodstorage/lz/dc-metro/rg-024/581208/2020-03/581208-omaha-004/581208-omaha-004-018.JPG	https://s3.amazonaws.com/NARAprodstorage/lz/dc-metro/rg-024/581208/2020-03/581208-omaha-004/581208-omaha-004-018.JPG	 					nne	225	239	5	30.24	65	63	63			bm	none	9				
1873-04-07	21	-29.49	-71.76	315		5.6		https://s3.amazonaws.com/NARAprodstorage/lz/dc-metro/rg-024/581208/2020-03/581208-omaha-004/581208-omaha-004-018.JPG	https://s3.amazonaws.com/NARAprodstorage/lz/dc-metro/rg-024/581208/2020-03/581208-omaha-004/581208-omaha-004-018.JPG	 					nw	236	250	8	30.26	65	62	63	60		bc	cum str	9				
1873-04-07	22	-29.4	-71.81	337.5		4.6		https://s3.amazonaws.com/NARAprodstorage/lz/dc-metro/rg-024/581208/2020-03/581208-omaha-004/581208-omaha-004-018.JPG	https://s3.amazonaws.com/NARAprodstorage/lz/dc-metro/rg-024/581208/2020-03/581208-omaha-004/581208-omaha-004-018.JPG	 					nnw	236	250	5	30.26	65	62	63			bc	cum str	9				
1873-04-07	23	-29.33	-71.87	337.5		3.4		https://s3.amazonaws.com/NARAprodstorage/lz/dc-metro/rg-024/581208/2020-03/581208-omaha-004/581208-omaha-004-018.JPG	https://s3.amazonaws.com/NARAprodstorage/lz/dc-metro/rg-024/581208/2020-03/581208-omaha-004/581208-omaha-004-018.JPG	 					nnw	225	239	5	30.26	65	62	63			bc	cum str	9				
1873-04-07	24	-29.28	-71.92	337.5		2.6		https://s3.amazonaws.com/NARAprodstorage/lz/dc-metro/rg-024/581208/2020-03/581208-omaha-004/581208-omaha-004-018.JPG	https://s3.amazonaws.com/NARAprodstorage/lz/dc-metro/rg-024/581208/2020-03/581208-omaha-004/581208-omaha-004-018.JPG	 					nnw	225	239	2	30.26	65	62	63	60		bc	cum	9				
1873-04-08	1	-29.23	-71.92	22.5		3		https://s3.amazonaws.com/NARAprodstorage/lz/dc-metro/rg-024/581208/2020-03/581208-omaha-004/581208-omaha-004-019.JPG	https://s3.amazonaws.com/NARAprodstorage/lz/dc-metro/rg-024/581208/2020-03/581208-omaha-004/581208-omaha-004-020.JPG	 					nne	169	183	2	30.2	62	61	60	59		bc	cir str	9				
1873-04-08	2	-29.18	-71.93	22.5		3.2		https://s3.amazonaws.com/NARAprodstorage/lz/dc-metro/rg-024/581208/2020-03/581208-omaha-004/581208-omaha-004-019.JPG	https://s3.amazonaws.com/NARAprodstorage/lz/dc-metro/rg-024/581208/2020-03/581208-omaha-004/581208-omaha-004-019.JPG	 					nne	169	183	2	30.2	62	61	60	59		b	none	10				
1873-04-08	3	-29.12	-71.93	22.5		3.6		https://s3.amazonaws.com/NARAprodstorage/lz/dc-metro/rg-024/581208/2020-03/581208-omaha-004/581208-omaha-004-019.JPG	https://s3.amazonaws.com/NARAprodstorage/lz/dc-metro/rg-024/581208/2020-03/581208-omaha-004/581208-omaha-004-019.JPG	 					nne	169	183	2	30.2	62	61	60	59		b	none	10				
1873-04-08	4	-29.02	-71.9	22.5		6		https://s3.amazonaws.com/NARAprodstorage/lz/dc-metro/rg-024/581208/2020-03/581208-omaha-004/581208-omaha-004-019.JPG	https://s3.amazonaws.com/NARAprodstorage/lz/dc-metro/rg-024/581208/2020-03/581208-omaha-004/581208-omaha-004-019.JPG	 					nne	202	216	3	30.2	62	61	60	59		b	none	10				
1873-04-08	5	-28.92	-71.87	22.5		7		https://s3.amazonaws.com/NARAprodstorage/lz/dc-metro/rg-024/581208/2020-03/581208-omaha-004/581208-omaha-004-019.JPG	https://s3.amazonaws.com/NARAprodstorage/lz/dc-metro/rg-024/581208/2020-03/581208-omaha-004/581208-omaha-004-019.JPG	 					nne	202	216	6	30.2	62	61	60	59		b	none	10				
1873-04-08	6	-28.82	-71.83	22.5		7		https://s3.amazonaws.com/NARAprodstorage/lz/dc-metro/rg-024/581208/2020-03/581208-omaha-004/581208-omaha-004-019.JPG	https://s3.amazonaws.com/NARAprodstorage/lz/dc-metro/rg-024/581208/2020-03/581208-omaha-004/581208-omaha-004-019.JPG	 					nne	202	216	8	30.2	62	61	60	59		oc	nim	0				
1873-04-08	7	-28.7	-71.87	348.75		6		https://s3.amazonaws.com/NARAprodstorage/lz/dc-metro/rg-024/581208/2020-03/581208-omaha-004/581208-omaha-004-019.JPG	https://s3.amazonaws.com/NARAprodstorage/lz/dc-metro/rg-024/581208/2020-03/581208-omaha-004/581208-omaha-004-019.JPG	 					nxw	169	183	8	30.21	62	62	62	59		oc	nim	0				
1873-04-08	8	-28.61	-71.9	348.75		5		https://s3.amazonaws.com/NARAprodstorage/lz/dc-metro/rg-024/581208/2020-03/581208-omaha-004/581208-omaha-004-019.JPG	https://s3.amazonaws.com/NARAprodstorage/lz/dc-metro/rg-024/581208/2020-03/581208-omaha-004/581208-omaha-004-019.JPG	 					nxw	169	183	8	30.23	64	63	63	59		oc	nim	0				
1873-04-08	9	-28.49	-71.94	348.75		6.4		https://s3.amazonaws.com/NARAprodstorage/lz/dc-metro/rg-024/581208/2020-03/581208-omaha-004/581208-omaha-004-019.JPG	https://s3.amazonaws.com/NARAprodstorage/lz/dc-metro/rg-024/581208/2020-03/581208-omaha-004/581208-omaha-004-019.JPG	 					nxw	180	194	8	30.24	64	61	61	62		oc	nim	0				
1873-04-08	10	-28.38	-71.98	348.75		6		https://s3.amazonaws.com/NARAprodstorage/lz/dc-metro/rg-024/581208/2020-03/581208-omaha-004/581208-omaha-004-019.JPG	https://s3.amazonaws.com/NARAprodstorage/lz/dc-metro/rg-024/581208/2020-03/581208-omaha-004/581208-omaha-004-019.JPG	 					nxw	180	194	5	30.24	64	62	62	62		bc	nim	4				
1873-04-08	11	-28.28	-72.01	348.75		5.2		https://s3.amazonaws.com/NARAprodstorage/lz/dc-metro/rg-024/581208/2020-03/581208-omaha-004/581208-omaha-004-019.JPG	https://s3.amazonaws.com/NARAprodstorage/lz/dc-metro/rg-024/581208/2020-03/581208-omaha-004/581208-omaha-004-019.JPG	 					nxw	180	194	5	30.25	64	62	62	62		bc	cir	5				
1873-04-08	12	-28.18	-72.05	348.75		5.4		https://s3.amazonaws.com/NARAprodstorage/lz/dc-metro/rg-024/581208/2020-03/581208-omaha-004/581208-omaha-004-019.JPG	https://s3.amazonaws.com/NARAprodstorage/lz/dc-metro/rg-024/581208/2020-03/581208-omaha-004/581208-omaha-004-019.JPG	 			28 11S	72 3W	nxw	180	194	5	30.25	64	62	62	62		oc	nim	0				
1873-04-08	13	-28.08	-72.04	354.38		6		https://s3.amazonaws.com/NARAprodstorage/lz/dc-metro/rg-024/581208/2020-03/581208-omaha-004/581208-omaha-004-019.JPG	https://s3.amazonaws.com/NARAprodstorage/lz/dc-metro/rg-024/581208/2020-03/581208-omaha-004/581208-omaha-004-019.JPG	 					n1/2w	191	205	8	30.22	64	62	62	62		bc	cum nim	1				
1873-04-08	14	-27.98	-72.02	357.19		6		https://s3.amazonaws.com/NARAprodstorage/lz/dc-metro/rg-024/581208/2020-03/581208-omaha-004/581208-omaha-004-019.JPG	https://s3.amazonaws.com/NARAprodstorage/lz/dc-metro/rg-024/581208/2020-03/581208-omaha-004/581208-omaha-004-019.JPG	 					n1/4w	191	205	8	30.21	64	62	62	62		oc	cum nim	0				
1873-04-08	15	-27.86	-72	357.19		7.2		https://s3.amazonaws.com/NARAprodstorage/lz/dc-metro/rg-024/581208/2020-03/581208-omaha-004/581208-omaha-004-019.JPG	https://s3.amazonaws.com/NARAprodstorage/lz/dc-metro/rg-024/581208/2020-03/581208-omaha-004/581208-omaha-004-019.JPG	 					n1/4w	191	205	8	30.2	64	62	62	62		oc	cum nim	0				
1873-04-08	16	-27.74	-71.98	357.19		7.4		https://s3.amazonaws.com/NARAprodstorage/lz/dc-metro/rg-024/581208/2020-03/581208-omaha-004/581208-omaha-004-019.JPG	https://s3.amazonaws.com/NARAprodstorage/lz/dc-metro/rg-024/581208/2020-03/581208-omaha-004/581208-omaha-004-019.JPG	 					n1/4w	191	205	8	30.2	64	62	62	62		oc	cum nim	0				
1873-04-08	17	-27.61	-71.96	357.19		7.4		https://s3.amazonaws.com/NARAprodstorage/lz/dc-metro/rg-024/581208/2020-03/581208-omaha-004/581208-omaha-004-019.JPG	https://s3.amazonaws.com/NARAprodstorage/lz/dc-metro/rg-024/581208/2020-03/581208-omaha-004/581208-omaha-004-019.JPG	 					n1/4w	191	205	8	30.16	62	61	61	60		oc	cum nim	0				
1873-04-08	18	-27.5	-71.94	357.19		7		https://s3.amazonaws.com/NARAprodstorage/lz/dc-metro/rg-024/581208/2020-03/581208-omaha-004/581208-omaha-004-019.JPG	https://s3.amazonaws.com/NARAprodstorage/lz/dc-metro/rg-024/581208/2020-03/581208-omaha-004/581208-omaha-004-019.JPG	 					n1/4w	191	205	8	30.16	62	61	61	60		oc	cum nim	0				
1873-04-08	19	-27.39	-71.92	357.19		6		https://s3.amazonaws.com/NARAprodstorage/lz/dc-metro/rg-024/581208/2020-03/581208-omaha-004/581208-omaha-004-019.JPG	https://s3.amazonaws.com/NARAprodstorage/lz/dc-metro/rg-024/581208/2020-03/581208-omaha-004/581208-omaha-004-019.JPG	 					n1/4w	186	200	8	30.18	63	62	62	60		bc	cir cum	6				
1873-04-08	20	-27.29	-71.9	357.19		6		https://s3.amazonaws.com/NARAprodstorage/lz/dc-metro/rg-024/581208/2020-03/581208-omaha-004/581208-omaha-004-019.JPG	https://s3.amazonaws.com/NARAprodstorage/lz/dc-metro/rg-024/581208/2020-03/581208-omaha-004/581208-omaha-004-019.JPG	2000: cc N1/4W.					n1/4w	174	188	8	30.18	63	61	61	60		bc	cir cum	4				
1873-04-08	21	-27.19	-71.89	357.19		6.2		https://s3.amazonaws.com/NARAprodstorage/lz/dc-metro/rg-024/581208/2020-03/581208-omaha-004/581208-omaha-004-019.JPG	https://s3.amazonaws.com/NARAprodstorage/lz/dc-metro/rg-024/581208/2020-03/581208-omaha-004/581208-omaha-004-019.JPG	 					n1/4w	174	188	8	30.2	64	62	62	60		bc	cir cum	3				
1873-04-08	22	-27.09	-71.87	357.19		6		https://s3.amazonaws.com/NARAprodstorage/lz/dc-metro/rg-024/581208/2020-03/581208-omaha-004/581208-omaha-004-019.JPG	https://s3.amazonaws.com/NARAprodstorage/lz/dc-metro/rg-024/581208/2020-03/581208-omaha-004/581208-omaha-004-019.JPG	 					n1/4w	174	188	8	30.2	64	62	62	60		bc	cir cum	3				
1873-04-08	23	-26.99	-71.85	357.19		6		https://s3.amazonaws.com/NARAprodstorage/lz/dc-metro/rg-024/581208/2020-03/581208-omaha-004/581208-omaha-004-019.JPG	https://s3.amazonaws.com/NARAprodstorage/lz/dc-metro/rg-024/581208/2020-03/581208-omaha-004/581208-omaha-004-019.JPG	 					n1/4w	174	188	8	30.2	64	62	62	60		bc	cir cum	3				
1873-04-08	24	-26.9	-71.84	357.19		5.4		https://s3.amazonaws.com/NARAprodstorage/lz/dc-metro/rg-024/581208/2020-03/581208-omaha-004/581208-omaha-004-019.JPG	https://s3.amazonaws.com/NARAprodstorage/lz/dc-metro/rg-024/581208/2020-03/581208-omaha-004/581208-omaha-004-019.JPG	 					n1/4w	174	188	8	30.2	64	62	62	60		bc	cir cum	3				
1873-04-09	1	-26.8	-71.82	357.19		5.4		https://s3.amazonaws.com/NARAprodstorage/lz/dc-metro/rg-024/581208/2020-03/581208-omaha-004/581208-omaha-004-021.JPG	https://s3.amazonaws.com/NARAprodstorage/lz/dc-metro/rg-024/581208/2020-03/581208-omaha-004/581208-omaha-004-021.JPG	 					n1/4w	180	194	8	30.2	64	62	62	60		oc	cum nim	0				
1873-04-09	2	-26.71	-71.81	357.19		5.6		https://s3.amazonaws.com/NARAprodstorage/lz/dc-metro/rg-024/581208/2020-03/581208-omaha-004/581208-omaha-004-021.JPG	https://s3.amazonaws.com/NARAprodstorage/lz/dc-metro/rg-024/581208/2020-03/581208-omaha-004/581208-omaha-004-021.JPG	 					n1/4w	180	194	8	30.19	64	61	62	60		oc	cum nim	0				
1873-04-09	3	-26.62	-71.79	357.19		5.4		https://s3.amazonaws.com/NARAprodstorage/lz/dc-metro/rg-024/581208/2020-03/581208-omaha-004/581208-omaha-004-021.JPG	https://s3.amazonaws.com/NARAprodstorage/lz/dc-metro/rg-024/581208/2020-03/581208-omaha-004/581208-omaha-004-021.JPG	 					n1/4w	191	205	8	30.19	64	61	62	60		oc	cum nim	0				
1873-04-09	4	-26.53	-71.78	357.19		5.4		https://s3.amazonaws.com/NARAprodstorage/lz/dc-metro/rg-024/581208/2020-03/581208-omaha-004/581208-omaha-004-021.JPG	https://s3.amazonaws.com/NARAprodstorage/lz/dc-metro/rg-024/581208/2020-03/581208-omaha-004/581208-omaha-004-021.JPG	 					n1/4w	191	205	8	30.19	64	61	62	60		oc	cum nim	0				
1873-04-09	5	-26.44	-71.76	357.19		5		https://s3.amazonaws.com/NARAprodstorage/lz/dc-metro/rg-024/581208/2020-03/581208-omaha-004/581208-omaha-004-021.JPG	https://s3.amazonaws.com/NARAprodstorage/lz/dc-metro/rg-024/581208/2020-03/581208-omaha-004/581208-omaha-004-021.JPG	 					n1/4w	191	205	8	30.19	64	61	62	60		oc	cum nim	0				
1873-04-09	6	-26.36	-71.75	357.19		5		https://s3.amazonaws.com/NARAprodstorage/lz/dc-metro/rg-024/581208/2020-03/581208-omaha-004/581208-omaha-004-021.JPG	https://s3.amazonaws.com/NARAprodstorage/lz/dc-metro/rg-024/581208/2020-03/581208-omaha-004/581208-omaha-004-021.JPG	 					n1/4w	191	205	8	30.19	64	61	62	60		oc	cum nim	0				
1873-04-09	7	-26.29	-71.74	357.19		4		https://s3.amazonaws.com/NARAprodstorage/lz/dc-metro/rg-024/581208/2020-03/581208-omaha-004/581208-omaha-004-021.JPG	https://s3.amazonaws.com/NARAprodstorage/lz/dc-metro/rg-024/581208/2020-03/581208-omaha-004/581208-omaha-004-021.JPG	 					n1/4w	191	205	6	30.19	63	62	61	60		oc	cum nim	0				
1873-04-09	8	-26.22	-71.73	357.19		4		https://s3.amazonaws.com/NARAprodstorage/lz/dc-metro/rg-024/581208/2020-03/581208-omaha-004/581208-omaha-004-021.JPG	https://s3.amazonaws.com/NARAprodstorage/lz/dc-metro/rg-024/581208/2020-03/581208-omaha-004/581208-omaha-004-021.JPG	 					n1/4w	169	183	5	30.21	63	63	62	60		oc	cum nim	0				
1873-04-09	9	-26.14	-71.71	357.19		5		https://s3.amazonaws.com/NARAprodstorage/lz/dc-metro/rg-024/581208/2020-03/581208-omaha-004/581208-omaha-004-021.JPG	https://s3.amazonaws.com/NARAprodstorage/lz/dc-metro/rg-024/581208/2020-03/581208-omaha-004/581208-omaha-004-021.JPG	 					n1/4w	180	194	2	30.25	64	63	63	60		oc	cum nim	0	0900: Passed through a large shoal of Sperm whales.			
1873-04-09	10	-26.07	-71.7	357.19		4		https://s3.amazonaws.com/NARAprodstorage/lz/dc-metro/rg-024/581208/2020-03/581208-omaha-004/581208-omaha-004-021.JPG	https://s3.amazonaws.com/NARAprodstorage/lz/dc-metro/rg-024/581208/2020-03/581208-omaha-004/581208-omaha-004-021.JPG	 					n1/4w	180	194	2	30.24	64	63	63	60		oc	cum nim	0				
1873-04-09	11	-26	-71.69	357.19		4		https://s3.amazonaws.com/NARAprodstorage/lz/dc-metro/rg-024/581208/2020-03/581208-omaha-004/581208-omaha-004-021.JPG	https://s3.amazonaws.com/NARAprodstorage/lz/dc-metro/rg-024/581208/2020-03/581208-omaha-004/581208-omaha-004-021.JPG	 					n1/4w	180	194	2	30.22	64	63	63	60		oc	cum nim	0				
1873-04-09	12	-25.93	-71.68	357.19		4		https://s3.amazonaws.com/NARAprodstorage/lz/dc-metro/rg-024/581208/2020-03/581208-omaha-004/581208-omaha-004-021.JPG	https://s3.amazonaws.com/NARAprodstorage/lz/dc-metro/rg-024/581208/2020-03/581208-omaha-004/581208-omaha-004-021.JPG	 			25 56S	71 41W	n1/4w	191	205	5	30.22	64	63	63	60		oc	cum nim	0				
1873-04-09	13	-25.81	-71.67	357.19		7		https://s3.amazonaws.com/NARAprodstorage/lz/dc-metro/rg-024/581208/2020-03/581208-omaha-004/581208-omaha-004-021.JPG	https://s3.amazonaws.com/NARAprodstorage/lz/dc-metro/rg-024/581208/2020-03/581208-omaha-004/581208-omaha-004-021.JPG	 					n1/4w	214	228	13	30.19	66	64	64	60		oc	cum nim	0				
1873-04-09	14	-25.7	-71.65	357.19		6.6		https://s3.amazonaws.com/NARAprodstorage/lz/dc-metro/rg-024/581208/2020-03/581208-omaha-004/581208-omaha-004-021.JPG	https://s3.amazonaws.com/NARAprodstorage/lz/dc-metro/rg-024/581208/2020-03/581208-omaha-004/581208-omaha-004-021.JPG	 					n1/4w	214	228	13	30.18	66	64	64	60		oc	cum nim	0				
1873-04-09	15	-25.6	-71.64	357.19		5.6		https://s3.amazonaws.com/NARAprodstorage/lz/dc-metro/rg-024/581208/2020-03/581208-omaha-004/581208-omaha-004-021.JPG	https://s3.amazonaws.com/NARAprodstorage/lz/dc-metro/rg-024/581208/2020-03/581208-omaha-004/581208-omaha-004-021.JPG	 					n1/4w	191	205	8	30.16	66	64	64	60		oc	nim	0				
1873-04-09	16	-25.5	-71.63	357.19		5.4		https://s3.amazonaws.com/NARAprodstorage/lz/dc-metro/rg-024/581208/2020-03/581208-omaha-004/581208-omaha-004-021.JPG	https://s3.amazonaws.com/NARAprodstorage/lz/dc-metro/rg-024/581208/2020-03/581208-omaha-004/581208-omaha-004-021.JPG	 					n1/4w	191	205	8	30.16	66	64	64	60		oc	nim	0				
1873-04-09	17	-25.39	-71.61	357.19		6.4		https://s3.amazonaws.com/NARAprodstorage/lz/dc-metro/rg-024/581208/2020-03/581208-omaha-004/581208-omaha-004-021.JPG	https://s3.amazonaws.com/NARAprodstorage/lz/dc-metro/rg-024/581208/2020-03/581208-omaha-004/581208-omaha-004-021.JPG	 					n1/4w	158	172	13	30.18	66	64	64	60		oc	nim	0				
1873-04-09	18	-25.28	-71.6	357.19		6		https://s3.amazonaws.com/NARAprodstorage/lz/dc-metro/rg-024/581208/2020-03/581208-omaha-004/581208-omaha-004-021.JPG	https://s3.amazonaws.com/NARAprodstorage/lz/dc-metro/rg-024/581208/2020-03/581208-omaha-004/581208-omaha-004-021.JPG	 					n1/4w	158	172	10	30.18	66	64	64	60		oc	cum nimb	0				
1873-04-09	19	-25.19	-71.59	357.19		5		https://s3.amazonaws.com/NARAprodstorage/lz/dc-metro/rg-024/581208/2020-03/581208-omaha-004/581208-omaha-004-021.JPG	https://s3.amazonaws.com/NARAprodstorage/lz/dc-metro/rg-024/581208/2020-03/581208-omaha-004/581208-omaha-004-021.JPG	 					n1/4w	158	172	8	30.18	63	62	62	60		oc	cum nimb	2				
1873-04-09	20	-25.11	-71.58	357.19		4.4		https://s3.amazonaws.com/NARAprodstorage/lz/dc-metro/rg-024/581208/2020-03/581208-omaha-004/581208-omaha-004-021.JPG	https://s3.amazonaws.com/NARAprodstorage/lz/dc-metro/rg-024/581208/2020-03/581208-omaha-004/581208-omaha-004-021.JPG	 					n1/4w	158	172	8	30.18	63	62	62	60		oc	cum nimb	0				
1873-04-09	21	-25.02	-71.56	360		5		https://s3.amazonaws.com/NARAprodstorage/lz/dc-metro/rg-024/581208/2020-03/581208-omaha-004/581208-omaha-004-021.JPG	https://s3.amazonaws.com/NARAprodstorage/lz/dc-metro/rg-024/581208/2020-03/581208-omaha-004/581208-omaha-004-021.JPG	 					n	180	194	5	30.2	68	63	63	60		oc	cum nimb	0				
1873-04-09	22	-24.94	-71.55	360		4.6		https://s3.amazonaws.com/NARAprodstorage/lz/dc-metro/rg-024/581208/2020-03/581208-omaha-004/581208-omaha-004-021.JPG	https://s3.amazonaws.com/NARAprodstorage/lz/dc-metro/rg-024/581208/2020-03/581208-omaha-004/581208-omaha-004-021.JPG	 					n	180	194	2	30.2	68	63	63	60		oc	cum nimb	0				
1873-04-09	23	-24.84	-71.53	360		5.4		https://s3.amazonaws.com/NARAprodstorage/lz/dc-metro/rg-024/581208/2020-03/581208-omaha-004/581208-omaha-004-021.JPG	https://s3.amazonaws.com/NARAprodstorage/lz/dc-metro/rg-024/581208/2020-03/581208-omaha-004/581208-omaha-004-021.JPG	 					n	180	193	8	30.2	68	63	63	60		oc	cum nimb	0				
1873-04-09	24	-24.75	-71.51	360		5.4		https://s3.amazonaws.com/NARAprodstorage/lz/dc-metro/rg-024/581208/2020-03/581208-omaha-004/581208-omaha-004-021.JPG	https://s3.amazonaws.com/NARAprodstorage/lz/dc-metro/rg-024/581208/2020-03/581208-omaha-004/581208-omaha-004-021.JPG	 					n	180	193	8	30.2	65	63	63	60		oc	cum nimb	0				
1873-04-10	1	-24.66	-71.5	360		5.2		https://s3.amazonaws.com/NARAprodstorage/lz/dc-metro/rg-024/581208/2020-03/581208-omaha-004/581208-omaha-004-022.JPG	https://s3.amazonaws.com/NARAprodstorage/lz/dc-metro/rg-024/581208/2020-03/581208-omaha-004/581208-omaha-004-022.JPG	 					n	158	170	8	30.22	64	63	63	61		bc	cum nim	0				
1873-04-10	2	-24.57	-71.48	360		5		https://s3.amazonaws.com/NARAprodstorage/lz/dc-metro/rg-024/581208/2020-03/581208-omaha-004/581208-omaha-004-022.JPG	https://s3.amazonaws.com/NARAprodstorage/lz/dc-metro/rg-024/581208/2020-03/581208-omaha-004/581208-omaha-004-022.JPG	 					n	158	170	9	30.22	64	63	63	61		bc	cum nim	0				
1873-04-10	3	-24.51	-71.47	360		3.4		https://s3.amazonaws.com/NARAprodstorage/lz/dc-metro/rg-024/581208/2020-03/581208-omaha-004/581208-omaha-004-022.JPG	https://s3.amazonaws.com/NARAprodstorage/lz/dc-metro/rg-024/581208/2020-03/581208-omaha-004/581208-omaha-004-022.JPG	 					n	191	204	5	30.21	64	63	63	61		bc	cum nim	0				
1873-04-10	4	-24.43	-71.46	360		4		https://s3.amazonaws.com/NARAprodstorage/lz/dc-metro/rg-024/581208/2020-03/581208-omaha-004/581208-omaha-004-022.JPG	https://s3.amazonaws.com/NARAprodstorage/lz/dc-metro/rg-024/581208/2020-03/581208-omaha-004/581208-omaha-004-022.JPG	 					n	191	204	5	30.21	64	63	63	61		bc	cum nim	0				
1873-04-10	5	-24.35	-71.45	360		4.4		https://s3.amazonaws.com/NARAprodstorage/lz/dc-metro/rg-024/581208/2020-03/581208-omaha-004/581208-omaha-004-022.JPG	https://s3.amazonaws.com/NARAprodstorage/lz/dc-metro/rg-024/581208/2020-03/581208-omaha-004/581208-omaha-004-022.JPG	 					n	191	204	6	30.2	63	63	62	61		bc	cum nim	0				
1873-04-10	6	-24.26	-71.44	360		5		https://s3.amazonaws.com/NARAprodstorage/lz/dc-metro/rg-024/581208/2020-03/581208-omaha-004/581208-omaha-004-022.JPG	https://s3.amazonaws.com/NARAprodstorage/lz/dc-metro/rg-024/581208/2020-03/581208-omaha-004/581208-omaha-004-022.JPG	 					n	169	182	8	30.2	63	63	62	61		bc	cum nim	0				
1873-04-10	7	-24.18	-71.42	360		5		https://s3.amazonaws.com/NARAprodstorage/lz/dc-metro/rg-024/581208/2020-03/581208-omaha-004/581208-omaha-004-022.JPG	https://s3.amazonaws.com/NARAprodstorage/lz/dc-metro/rg-024/581208/2020-03/581208-omaha-004/581208-omaha-004-022.JPG	 					n	169	182	8	30.2	63	63	62	61		bc	cum nim	0				
1873-04-10	8	-24.08	-71.4	360		5.4		https://s3.amazonaws.com/NARAprodstorage/lz/dc-metro/rg-024/581208/2020-03/581208-omaha-004/581208-omaha-004-022.JPG	https://s3.amazonaws.com/NARAprodstorage/lz/dc-metro/rg-024/581208/2020-03/581208-omaha-004/581208-omaha-004-022.JPG	 					n	169	182	5	30.2	63	63	62	61		bc	cum nim	0				
1873-04-10	9	-23.99	-71.39	360		5		https://s3.amazonaws.com/NARAprodstorage/lz/dc-metro/rg-024/581208/2020-03/581208-omaha-004/581208-omaha-004-022.JPG	https://s3.amazonaws.com/NARAprodstorage/lz/dc-metro/rg-024/581208/2020-03/581208-omaha-004/581208-omaha-004-022.JPG	 					n	169	182	5	30.24	63	63	62	61		bc	cum nim	0				
1873-04-10	10	-23.92	-71.38	360		4.2		https://s3.amazonaws.com/NARAprodstorage/lz/dc-metro/rg-024/581208/2020-03/581208-omaha-004/581208-omaha-004-022.JPG	https://s3.amazonaws.com/NARAprodstorage/lz/dc-metro/rg-024/581208/2020-03/581208-omaha-004/581208-omaha-004-022.JPG	 					n	169	182	5	30.28	64	63	64	65		bc	cum nim	0				
1873-04-10	11	-23.83	-71.36	360		4.6		https://s3.amazonaws.com/NARAprodstorage/lz/dc-metro/rg-024/581208/2020-03/581208-omaha-004/581208-omaha-004-022.JPG	https://s3.amazonaws.com/NARAprodstorage/lz/dc-metro/rg-024/581208/2020-03/581208-omaha-004/581208-omaha-004-022.JPG	 					n	169	182	5	30.28	64	63	64	65		bc	cum nim	0				
1873-04-10	12	-23.75	-71.35	360		4.6		https://s3.amazonaws.com/NARAprodstorage/lz/dc-metro/rg-024/581208/2020-03/581208-omaha-004/581208-omaha-004-022.JPG	https://s3.amazonaws.com/NARAprodstorage/lz/dc-metro/rg-024/581208/2020-03/581208-omaha-004/581208-omaha-004-022.JPG	1220: cc N1/2E.			23 45S	71 21W	n	169	182	5	30.27	64	63	64	65		bc	cum nim	0				
1873-04-10	13	-23.67	-71.33	4		4.8		https://s3.amazonaws.com/NARAprodstorage/lz/dc-metro/rg-024/581208/2020-03/581208-omaha-004/581208-omaha-004-022.JPG	https://s3.amazonaws.com/NARAprodstorage/lz/dc-metro/rg-024/581208/2020-03/581208-omaha-004/581208-omaha-004-022.JPG	 					n |n1/2e	169	182	5	30.25	65	63	64	65		bc	cum nim	0				
1873-04-10	14	-23.58	-71.3	5.62		5		https://s3.amazonaws.com/NARAprodstorage/lz/dc-metro/rg-024/581208/2020-03/581208-omaha-004/581208-omaha-004-022.JPG	https://s3.amazonaws.com/NARAprodstorage/lz/dc-metro/rg-024/581208/2020-03/581208-omaha-004/581208-omaha-004-022.JPG	 					n1/2e	169	182	5	30.22	65	63	64	65		bc	cum nim	0				
1873-04-10	15	-23.49	-71.27	5.62		5.4		https://s3.amazonaws.com/NARAprodstorage/lz/dc-metro/rg-024/581208/2020-03/581208-omaha-004/581208-omaha-004-022.JPG	https://s3.amazonaws.com/NARAprodstorage/lz/dc-metro/rg-024/581208/2020-03/581208-omaha-004/581208-omaha-004-022.JPG	 					n1/2e	169	182	8	30.2	65	63	64	65		bc	cum nim	0				
1873-04-10	16	-23.38	-71.24	5.62		6.3		https://s3.amazonaws.com/NARAprodstorage/lz/dc-metro/rg-024/581208/2020-03/581208-omaha-004/581208-omaha-004-022.JPG	https://s3.amazonaws.com/NARAprodstorage/lz/dc-metro/rg-024/581208/2020-03/581208-omaha-004/581208-omaha-004-022.JPG	 					n1/2e	169	182	8	30.2	65	63	64	65		bc	cum nim	0				
1873-04-10	17	-23.26	-71.19	11.25		7.3		https://s3.amazonaws.com/NARAprodstorage/lz/dc-metro/rg-024/581208/2020-03/581208-omaha-004/581208-omaha-004-022.JPG	https://s3.amazonaws.com/NARAprodstorage/lz/dc-metro/rg-024/581208/2020-03/581208-omaha-004/581208-omaha-004-022.JPG	 					nxe	169	182	10	30.18	64	63	62	64		bc	cum nim	0				
1873-04-10	18	-23.13	-71.13	11.25		8		https://s3.amazonaws.com/NARAprodstorage/lz/dc-metro/rg-024/581208/2020-03/581208-omaha-004/581208-omaha-004-022.JPG	https://s3.amazonaws.com/NARAprodstorage/lz/dc-metro/rg-024/581208/2020-03/581208-omaha-004/581208-omaha-004-022.JPG	 					nxe	169	182	13	30.18	62	63	61	62		bc	cum nim	0				
1873-04-10	19	-23	-71.07	11.25		8		https://s3.amazonaws.com/NARAprodstorage/lz/dc-metro/rg-024/581208/2020-03/581208-omaha-004/581208-omaha-004-022.JPG	https://s3.amazonaws.com/NARAprodstorage/lz/dc-metro/rg-024/581208/2020-03/581208-omaha-004/581208-omaha-004-022.JPG	 					nxe	169	182	19	30.17	63	63	62	63		bc	cum nim	0				
1873-04-10	20	-22.87	-71.02	11.25		8.2		https://s3.amazonaws.com/NARAprodstorage/lz/dc-metro/rg-024/581208/2020-03/581208-omaha-004/581208-omaha-004-022.JPG	https://s3.amazonaws.com/NARAprodstorage/lz/dc-metro/rg-024/581208/2020-03/581208-omaha-004/581208-omaha-004-022.JPG	 					nxe	169	182	19	30.17	63	63	62	63		bc	cum nim	0				
1873-04-10	21	-22.74	-70.96	11.25		7.6		https://s3.amazonaws.com/NARAprodstorage/lz/dc-metro/rg-024/581208/2020-03/581208-omaha-004/581208-omaha-004-022.JPG	https://s3.amazonaws.com/NARAprodstorage/lz/dc-metro/rg-024/581208/2020-03/581208-omaha-004/581208-omaha-004-022.JPG	 					nxe	169	182	13	30.19	63	63	62	63		bc	cum nim	0				
1873-04-10	22	-22.64	-70.92	11.25		6.4		https://s3.amazonaws.com/NARAprodstorage/lz/dc-metro/rg-024/581208/2020-03/581208-omaha-004/581208-omaha-004-022.JPG	https://s3.amazonaws.com/NARAprodstorage/lz/dc-metro/rg-024/581208/2020-03/581208-omaha-004/581208-omaha-004-022.JPG	 					nxe	169	182	9	30.21	63	63	62	63		bc	cum nim	0				
1873-04-10	23	-22.55	-70.88	11.25		5.4		https://s3.amazonaws.com/NARAprodstorage/lz/dc-metro/rg-024/581208/2020-03/581208-omaha-004/581208-omaha-004-022.JPG	https://s3.amazonaws.com/NARAprodstorage/lz/dc-metro/rg-024/581208/2020-03/581208-omaha-004/581208-omaha-004-022.JPG	 					nxe	169	182	6	30.21	63	63	62	63		bc	cum nim	0				
1873-04-10	24	-22.49	-70.86	11.25		3.4		https://s3.amazonaws.com/NARAprodstorage/lz/dc-metro/rg-024/581208/2020-03/581208-omaha-004/581208-omaha-004-022.JPG	https://s3.amazonaws.com/NARAprodstorage/lz/dc-metro/rg-024/581208/2020-03/581208-omaha-004/581208-omaha-004-022.JPG	 					nxe	169	182	6	30.21	63	63	62	63		bc	cum nim	0				
1873-04-11	1	-22.43	-70.83	11.25		3.6		https://s3.amazonaws.com/NARAprodstorage/lz/dc-metro/rg-024/581208/2020-03/581208-omaha-004/581208-omaha-004-023.JPG	https://s3.amazonaws.com/NARAprodstorage/lz/dc-metro/rg-024/581208/2020-03/581208-omaha-004/581208-omaha-004-023.JPG	 					nxe	135	148	2	30.2	62	64	63	60		oc	cum nim	0				
1873-04-11	2	-22.36	-70.81	11.25		4		https://s3.amazonaws.com/NARAprodstorage/lz/dc-metro/rg-024/581208/2020-03/581208-omaha-004/581208-omaha-004-023.JPG	https://s3.amazonaws.com/NARAprodstorage/lz/dc-metro/rg-024/581208/2020-03/581208-omaha-004/581208-omaha-004-023.JPG	 					nxe	135	148	3	30.2	62	64	63	60		oc	cum nim	0				
1873-04-11	3	-22.31	-70.79	11.25		3		https://s3.amazonaws.com/NARAprodstorage/lz/dc-metro/rg-024/581208/2020-03/581208-omaha-004/581208-omaha-004-023.JPG	https://s3.amazonaws.com/NARAprodstorage/lz/dc-metro/rg-024/581208/2020-03/581208-omaha-004/581208-omaha-004-023.JPG	 					nxe	135	148	3	30.18	62	63	62	60		oc	cum nim	0				
1873-04-11	4	-22.25	-70.76	11.25		3.4		https://s3.amazonaws.com/NARAprodstorage/lz/dc-metro/rg-024/581208/2020-03/581208-omaha-004/581208-omaha-004-023.JPG	https://s3.amazonaws.com/NARAprodstorage/lz/dc-metro/rg-024/581208/2020-03/581208-omaha-004/581208-omaha-004-023.JPG	 					nxe	135	148	5	30.18	62	63	62	60		oc	cum nim	0				
1873-04-11	5	-22.16	-70.73	11.25		5		https://s3.amazonaws.com/NARAprodstorage/lz/dc-metro/rg-024/581208/2020-03/581208-omaha-004/581208-omaha-004-023.JPG	https://s3.amazonaws.com/NARAprodstorage/lz/dc-metro/rg-024/581208/2020-03/581208-omaha-004/581208-omaha-004-023.JPG	 					nxe	135	148	5	30.18	62	63	62	60		oc	cum nim	0				
1873-04-11	6	-22.09	-70.7	11.25		4.2		https://s3.amazonaws.com/NARAprodstorage/lz/dc-metro/rg-024/581208/2020-03/581208-omaha-004/581208-omaha-004-023.JPG	https://s3.amazonaws.com/NARAprodstorage/lz/dc-metro/rg-024/581208/2020-03/581208-omaha-004/581208-omaha-004-023.JPG	 					nxe	135	148	5	30.18	62	63	62	60		oc	cum nim	0				
1873-04-11	7	-22.04	-70.68	11.25		3		https://s3.amazonaws.com/NARAprodstorage/lz/dc-metro/rg-024/581208/2020-03/581208-omaha-004/581208-omaha-004-023.JPG	https://s3.amazonaws.com/NARAprodstorage/lz/dc-metro/rg-024/581208/2020-03/581208-omaha-004/581208-omaha-004-023.JPG	 					nxe	112	126	5	30.18	62	63	62	60		oc	cum nim	0				
1873-04-11	8	-21.98	-70.66	11.25		3.4		https://s3.amazonaws.com/NARAprodstorage/lz/dc-metro/rg-024/581208/2020-03/581208-omaha-004/581208-omaha-004-023.JPG	https://s3.amazonaws.com/NARAprodstorage/lz/dc-metro/rg-024/581208/2020-03/581208-omaha-004/581208-omaha-004-023.JPG	 					nxe	112	126	5	30.18	62	63	62	60		oc	cum nim	0				
1873-04-11	9	-21.93	-70.64	11.25		3		https://s3.amazonaws.com/NARAprodstorage/lz/dc-metro/rg-024/581208/2020-03/581208-omaha-004/581208-omaha-004-023.JPG	https://s3.amazonaws.com/NARAprodstorage/lz/dc-metro/rg-024/581208/2020-03/581208-omaha-004/581208-omaha-004-023.JPG	 					nxe	158	170	5	30.18	64	63	62	60		oc	cum nim	0				
1873-04-11	10	-21.87	-70.61	11.25		3		https://s3.amazonaws.com/NARAprodstorage/lz/dc-metro/rg-024/581208/2020-03/581208-omaha-004/581208-omaha-004-023.JPG	https://s3.amazonaws.com/NARAprodstorage/lz/dc-metro/rg-024/581208/2020-03/581208-omaha-004/581208-omaha-004-023.JPG	 					nxe	158	170	5	30.2	64	64	63	60		oc	cum nim	0				
1873-04-11	11	-21.8	-70.59	11.25		4		https://s3.amazonaws.com/NARAprodstorage/lz/dc-metro/rg-024/581208/2020-03/581208-omaha-004/581208-omaha-004-023.JPG	https://s3.amazonaws.com/NARAprodstorage/lz/dc-metro/rg-024/581208/2020-03/581208-omaha-004/581208-omaha-004-023.JPG	 					nxe	180	193	5	30.2	64	64	63	60		oc	cum nim	0				
1873-04-11	12	-21.75	-70.57	11.25		3		https://s3.amazonaws.com/NARAprodstorage/lz/dc-metro/rg-024/581208/2020-03/581208-omaha-004/581208-omaha-004-023.JPG	https://s3.amazonaws.com/NARAprodstorage/lz/dc-metro/rg-024/581208/2020-03/581208-omaha-004/581208-omaha-004-023.JPG	 			21 45S	70 34W	nxe	180	193	5	30.2	64	64	63	60		oc	cum nim	0				
1873-04-11	13	-21.7	-70.56	11.25		3.2		https://s3.amazonaws.com/NARAprodstorage/lz/dc-metro/rg-024/581208/2020-03/581208-omaha-004/581208-omaha-004-023.JPG	https://s3.amazonaws.com/NARAprodstorage/lz/dc-metro/rg-024/581208/2020-03/581208-omaha-004/581208-omaha-004-023.JPG	 					nxe	158	170	5	30.16	64	63	63	60		bc	cir	8				
1873-04-11	14	-21.63	-70.55	360		4		https://s3.amazonaws.com/NARAprodstorage/lz/dc-metro/rg-024/581208/2020-03/581208-omaha-004/581208-omaha-004-023.JPG	https://s3.amazonaws.com/NARAprodstorage/lz/dc-metro/rg-024/581208/2020-03/581208-omaha-004/581208-omaha-004-023.JPG	 					n	158	170	5	30.1	68	66	65	60		bc	cir cum	8				
1873-04-11	15	-21.54	-70.54	360		5.4		https://s3.amazonaws.com/NARAprodstorage/lz/dc-metro/rg-024/581208/2020-03/581208-omaha-004/581208-omaha-004-023.JPG	https://s3.amazonaws.com/NARAprodstorage/lz/dc-metro/rg-024/581208/2020-03/581208-omaha-004/581208-omaha-004-023.JPG	 					n	180	193	8	30.08	68	66	65	60		bc	cum nim	7				
1873-04-11	16	-21.44	-70.53	360		6		https://s3.amazonaws.com/NARAprodstorage/lz/dc-metro/rg-024/581208/2020-03/581208-omaha-004/581208-omaha-004-023.JPG	https://s3.amazonaws.com/NARAprodstorage/lz/dc-metro/rg-024/581208/2020-03/581208-omaha-004/581208-omaha-004-023.JPG	 					n	202	216	8	30.08	66	65	64	60		bc	cum nim	7				
1873-04-11	17	-21.36	-70.53	360		5		https://s3.amazonaws.com/NARAprodstorage/lz/dc-metro/rg-024/581208/2020-03/581208-omaha-004/581208-omaha-004-023.JPG	https://s3.amazonaws.com/NARAprodstorage/lz/dc-metro/rg-024/581208/2020-03/581208-omaha-004/581208-omaha-004-023.JPG	 					n	180	193	8	30.08	66	65	64	60		bc	cum nim	7				
1873-04-11	18	-21.29	-70.52	360		4		https://s3.amazonaws.com/NARAprodstorage/lz/dc-metro/rg-024/581208/2020-03/581208-omaha-004/581208-omaha-004-023.JPG	https://s3.amazonaws.com/NARAprodstorage/lz/dc-metro/rg-024/581208/2020-03/581208-omaha-004/581208-omaha-004-023.JPG	 					n	169	182	8	30.08	66	65	64	60		bc	cum nim	0				
1873-04-11	19	-21.22	-70.52	360		4.4		https://s3.amazonaws.com/NARAprodstorage/lz/dc-metro/rg-024/581208/2020-03/581208-omaha-004/581208-omaha-004-023.JPG	https://s3.amazonaws.com/NARAprodstorage/lz/dc-metro/rg-024/581208/2020-03/581208-omaha-004/581208-omaha-004-023.JPG	 					n	169	182	8	30.08	66	65	64	60		bc	cum nim	0				
1873-04-11	20	-21.17	-70.52	360		3		https://s3.amazonaws.com/NARAprodstorage/lz/dc-metro/rg-024/581208/2020-03/581208-omaha-004/581208-omaha-004-023.JPG	https://s3.amazonaws.com/NARAprodstorage/lz/dc-metro/rg-024/581208/2020-03/581208-omaha-004/581208-omaha-004-023.JPG	 					n	888	888	1	30.08	66	65	64	60		bc	cum nim	0				
1873-04-11	21	-21.14	-70.51	19.69		2.2		https://s3.amazonaws.com/NARAprodstorage/lz/dc-metro/rg-024/581208/2020-03/581208-omaha-004/581208-omaha-004-023.JPG	https://s3.amazonaws.com/NARAprodstorage/lz/dc-metro/rg-024/581208/2020-03/581208-omaha-004/581208-omaha-004-023.JPG	 					nxe3/4e	180	193	1	30.1	66	65	64	60		bc	cum nim	0				
1873-04-11	22	-21.11	-70.5	19.69		2		https://s3.amazonaws.com/NARAprodstorage/lz/dc-metro/rg-024/581208/2020-03/581208-omaha-004/581208-omaha-004-023.JPG	https://s3.amazonaws.com/NARAprodstorage/lz/dc-metro/rg-024/581208/2020-03/581208-omaha-004/581208-omaha-004-023.JPG	 					nxe3/4e	180	193	1	30.15	66	65	64	60		bc	cum nim	0				
1873-04-11	23	-21.11	-70.51			0		https://s3.amazonaws.com/NARAprodstorage/lz/dc-metro/rg-024/581208/2020-03/581208-omaha-004/581208-omaha-004-023.JPG	https://s3.amazonaws.com/NARAprodstorage/lz/dc-metro/rg-024/581208/2020-03/581208-omaha-004/581208-omaha-004-023.JPG	 					0	0	0	0	30.15	66	65	64	60		bc	cum nim	0				
1873-04-11	24	-21.1	-70.52			0		https://s3.amazonaws.com/NARAprodstorage/lz/dc-metro/rg-024/581208/2020-03/581208-omaha-004/581208-omaha-004-023.JPG	https://s3.amazonaws.com/NARAprodstorage/lz/dc-metro/rg-024/581208/2020-03/581208-omaha-004/581208-omaha-004-023.JPG	 					0	0	0	0	30.15	66	65	64	60		bc	cum nim	0				
1873-04-12	1	-21.1	-70.53			0		https://s3.amazonaws.com/NARAprodstorage/lz/dc-metro/rg-024/581208/2020-03/581208-omaha-004/581208-omaha-004-024.JPG	https://s3.amazonaws.com/NARAprodstorage/lz/dc-metro/rg-024/581208/2020-03/581208-omaha-004/581208-omaha-004-024.JPG	 					0	0	0	0	30.15	65	65	65	63		bc	cir	5				
1873-04-12	2	-21.1	-70.54	11.25		0.2		https://s3.amazonaws.com/NARAprodstorage/lz/dc-metro/rg-024/581208/2020-03/581208-omaha-004/581208-omaha-004-024.JPG	https://s3.amazonaws.com/NARAprodstorage/lz/dc-metro/rg-024/581208/2020-03/581208-omaha-004/581208-omaha-004-024.JPG	 					nxe	888	888	1	30.15	65	65	65	63		oc	cir nim	0				
1873-04-12	3	-21.09	-70.55	53.44		0.4		https://s3.amazonaws.com/NARAprodstorage/lz/dc-metro/rg-024/581208/2020-03/581208-omaha-004/581208-omaha-004-024.JPG	https://s3.amazonaws.com/NARAprodstorage/lz/dc-metro/rg-024/581208/2020-03/581208-omaha-004/581208-omaha-004-024.JPG	 					ne3/4e	888	888	1	30.15	65	65	65	63		oc	cir nim	0				
1873-04-12	4	-21.09	-70.56	315		0.4		https://s3.amazonaws.com/NARAprodstorage/lz/dc-metro/rg-024/581208/2020-03/581208-omaha-004/581208-omaha-004-024.JPG	https://s3.amazonaws.com/NARAprodstorage/lz/dc-metro/rg-024/581208/2020-03/581208-omaha-004/581208-omaha-004-024.JPG	 					nw	888	888	1	30.15	65	65	65	63		oc	cir nim	0				
1873-04-12	5	-21.09	-70.57			0		https://s3.amazonaws.com/NARAprodstorage/lz/dc-metro/rg-024/581208/2020-03/581208-omaha-004/581208-omaha-004-024.JPG	https://s3.amazonaws.com/NARAprodstorage/lz/dc-metro/rg-024/581208/2020-03/581208-omaha-004/581208-omaha-004-024.JPG	 					0	0	0	0	30.15	65	65	65	63		oc	cum nim	0				
1873-04-12	6	-21.07	-70.58	5.62		1		https://s3.amazonaws.com/NARAprodstorage/lz/dc-metro/rg-024/581208/2020-03/581208-omaha-004/581208-omaha-004-024.JPG	https://s3.amazonaws.com/NARAprodstorage/lz/dc-metro/rg-024/581208/2020-03/581208-omaha-004/581208-omaha-004-024.JPG	 					n1/2e	135	148	1	30.15	65	65	65	63		oc	cum nim	0				
1873-04-12	7	-21.05	-70.58	19.69		1		https://s3.amazonaws.com/NARAprodstorage/lz/dc-metro/rg-024/581208/2020-03/581208-omaha-004/581208-omaha-004-024.JPG	https://s3.amazonaws.com/NARAprodstorage/lz/dc-metro/rg-024/581208/2020-03/581208-omaha-004/581208-omaha-004-024.JPG	 					nxe3/4e	135	148	1	30.17	65	65	65	63		bc	cum nim	1				
1873-04-12	8	-21.03	-70.58	19.69		1.4		https://s3.amazonaws.com/NARAprodstorage/lz/dc-metro/rg-024/581208/2020-03/581208-omaha-004/581208-omaha-004-024.JPG	https://s3.amazonaws.com/NARAprodstorage/lz/dc-metro/rg-024/581208/2020-03/581208-omaha-004/581208-omaha-004-024.JPG	 					nxe3/4e	135	148	1	30.17	65	65	65	63		bc	cum nim	1				
1873-04-12	9	-20.99	-70.56	19.69		3		https://s3.amazonaws.com/NARAprodstorage/lz/dc-metro/rg-024/581208/2020-03/581208-omaha-004/581208-omaha-004-024.JPG	https://s3.amazonaws.com/NARAprodstorage/lz/dc-metro/rg-024/581208/2020-03/581208-omaha-004/581208-omaha-004-024.JPG	 					nxe3/4e	135	148	2	30.17	67	66	65	63		bc	cum nim	1				
1873-04-12	10	-20.94	-70.54	19.69		3		https://s3.amazonaws.com/NARAprodstorage/lz/dc-metro/rg-024/581208/2020-03/581208-omaha-004/581208-omaha-004-024.JPG	https://s3.amazonaws.com/NARAprodstorage/lz/dc-metro/rg-024/581208/2020-03/581208-omaha-004/581208-omaha-004-024.JPG	 					nxe3/4e	135	148	2	30.13	67	66	65	63		bc	cum nim	2				
1873-04-12	11	-20.9	-70.52	19.69		3		https://s3.amazonaws.com/NARAprodstorage/lz/dc-metro/rg-024/581208/2020-03/581208-omaha-004/581208-omaha-004-024.JPG	https://s3.amazonaws.com/NARAprodstorage/lz/dc-metro/rg-024/581208/2020-03/581208-omaha-004/581208-omaha-004-024.JPG	 					nxe3/4e	135	148	2	30.13	67	66	65	63		bc	cum nim	3				
1873-04-12	12	-20.87	-70.52	19.69		2		https://s3.amazonaws.com/NARAprodstorage/lz/dc-metro/rg-024/581208/2020-03/581208-omaha-004/581208-omaha-004-024.JPG	https://s3.amazonaws.com/NARAprodstorage/lz/dc-metro/rg-024/581208/2020-03/581208-omaha-004/581208-omaha-004-024.JPG	Noon: cc N1/2E.			20 52S	70 31W	nxe3/4e	135	148	2	30.13	68	66	66	63		bc	cir str	8				
1873-04-12	13	-20.83	-70.5	5.62		2.4		https://s3.amazonaws.com/NARAprodstorage/lz/dc-metro/rg-024/581208/2020-03/581208-omaha-004/581208-omaha-004-024.JPG	https://s3.amazonaws.com/NARAprodstorage/lz/dc-metro/rg-024/581208/2020-03/581208-omaha-004/581208-omaha-004-024.JPG	 					n1/2e	180	193	2	30.13	69	70	69	65		bc	cir	8				
1873-04-12	14	-20.79	-70.49	5.62		2.2		https://s3.amazonaws.com/NARAprodstorage/lz/dc-metro/rg-024/581208/2020-03/581208-omaha-004/581208-omaha-004-024.JPG	https://s3.amazonaws.com/NARAprodstorage/lz/dc-metro/rg-024/581208/2020-03/581208-omaha-004/581208-omaha-004-024.JPG	 					n1/2e	180	193	2	30.13	69	70	69	65		bc	cir	8				
1873-04-12	15	-20.75	-70.47	5.62		2.6		https://s3.amazonaws.com/NARAprodstorage/lz/dc-metro/rg-024/581208/2020-03/581208-omaha-004/581208-omaha-004-024.JPG	https://s3.amazonaws.com/NARAprodstorage/lz/dc-metro/rg-024/581208/2020-03/581208-omaha-004/581208-omaha-004-024.JPG	 					n1/2e	180	193	2	30.1	69	69	68	65		bc	cir	8				
1873-04-12	16	-20.71	-70.46	5.62		2.4		https://s3.amazonaws.com/NARAprodstorage/lz/dc-metro/rg-024/581208/2020-03/581208-omaha-004/581208-omaha-004-024.JPG	https://s3.amazonaws.com/NARAprodstorage/lz/dc-metro/rg-024/581208/2020-03/581208-omaha-004/581208-omaha-004-024.JPG	 					n1/2e	180	193	2	30.1	69	69	68	65		bc	cir	8				
1873-04-12	17	-20.68	-70.45	5.62		2		https://s3.amazonaws.com/NARAprodstorage/lz/dc-metro/rg-024/581208/2020-03/581208-omaha-004/581208-omaha-004-024.JPG	https://s3.amazonaws.com/NARAprodstorage/lz/dc-metro/rg-024/581208/2020-03/581208-omaha-004/581208-omaha-004-024.JPG	 					n1/2e	180	193	2	30.1	69	69	68	65		bc	cir cum	8				
1873-04-12	18	-20.64	-70.43	5.62		2.4		https://s3.amazonaws.com/NARAprodstorage/lz/dc-metro/rg-024/581208/2020-03/581208-omaha-004/581208-omaha-004-024.JPG	https://s3.amazonaws.com/NARAprodstorage/lz/dc-metro/rg-024/581208/2020-03/581208-omaha-004/581208-omaha-004-024.JPG	1800: cc N3/4E.					n1/2e	180	193	2	30.09	66	67	65	62		bc	cir cum	8				
1873-04-12	19	-20.61	-70.42	8.44		2		https://s3.amazonaws.com/NARAprodstorage/lz/dc-metro/rg-024/581208/2020-03/581208-omaha-004/581208-omaha-004-024.JPG	https://s3.amazonaws.com/NARAprodstorage/lz/dc-metro/rg-024/581208/2020-03/581208-omaha-004/581208-omaha-004-024.JPG	 					n3/4e	135	148	2	30.13	66	65	65	62		bc	dir str cir cum	7				
1873-04-12	20	-20.58	-70.41	8.44		1.6		https://s3.amazonaws.com/NARAprodstorage/lz/dc-metro/rg-024/581208/2020-03/581208-omaha-004/581208-omaha-004-024.JPG	https://s3.amazonaws.com/NARAprodstorage/lz/dc-metro/rg-024/581208/2020-03/581208-omaha-004/581208-omaha-004-024.JPG	 					n3/4e	135	148	2	30.13	66	65	65	62		bc	dir str cir cum	2				
1873-04-12	21	-20.56	-70.4	8.44		1.4		https://s3.amazonaws.com/NARAprodstorage/lz/dc-metro/rg-024/581208/2020-03/581208-omaha-004/581208-omaha-004-024.JPG	https://s3.amazonaws.com/NARAprodstorage/lz/dc-metro/rg-024/581208/2020-03/581208-omaha-004/581208-omaha-004-024.JPG	 					n3/4e	888	888	1	30.18	66	65	65	62		bc	dir str cir cum	2				
1873-04-12	22	-20.52	-70.38	8.44		2.4		https://s3.amazonaws.com/NARAprodstorage/lz/dc-metro/rg-024/581208/2020-03/581208-omaha-004/581208-omaha-004-024.JPG	https://s3.amazonaws.com/NARAprodstorage/lz/dc-metro/rg-024/581208/2020-03/581208-omaha-004/581208-omaha-004-024.JPG	 					n3/4e	888	888	1	30.18	66	65	65	62		bc	dir str cir cum	2				
1873-04-12	23	-20.48	-70.36	8.44		2.6		https://s3.amazonaws.com/NARAprodstorage/lz/dc-metro/rg-024/581208/2020-03/581208-omaha-004/581208-omaha-004-024.JPG	https://s3.amazonaws.com/NARAprodstorage/lz/dc-metro/rg-024/581208/2020-03/581208-omaha-004/581208-omaha-004-024.JPG	 					n3/4e	135	148	2	30.18	66	65	65	62		bc	dir str cir cum	2				
1873-04-12	24	-20.45	-70.35	8.44		2		https://s3.amazonaws.com/NARAprodstorage/lz/dc-metro/rg-024/581208/2020-03/581208-omaha-004/581208-omaha-004-024.JPG	https://s3.amazonaws.com/NARAprodstorage/lz/dc-metro/rg-024/581208/2020-03/581208-omaha-004/581208-omaha-004-024.JPG	 					n3/4e	135	148	2	30.18	66	65	65	62		bc	dir str cir cum	2				
1873-04-13	1	-20.41	-70.34	8.44		2		https://s3.amazonaws.com/NARAprodstorage/lz/dc-metro/rg-024/581208/2020-03/581208-omaha-004/581208-omaha-004-025.JPG	https://s3.amazonaws.com/NARAprodstorage/lz/dc-metro/rg-024/581208/2020-03/581208-omaha-004/581208-omaha-004-025.JPG	 					n3/4e	135	148	2	30.18	65	65	65	62		bc	cir cum	3				
1873-04-13	2	-20.38	-70.32	8.44		2.2		https://s3.amazonaws.com/NARAprodstorage/lz/dc-metro/rg-024/581208/2020-03/581208-omaha-004/581208-omaha-004-025.JPG	https://s3.amazonaws.com/NARAprodstorage/lz/dc-metro/rg-024/581208/2020-03/581208-omaha-004/581208-omaha-004-025.JPG	 					n3/4e	135	148	2	30.16	65	65	65	62		bc	cir cum	4				
1873-04-13	3	-20.34	-70.3	8.44		2.4		https://s3.amazonaws.com/NARAprodstorage/lz/dc-metro/rg-024/581208/2020-03/581208-omaha-004/581208-omaha-004-025.JPG	https://s3.amazonaws.com/NARAprodstorage/lz/dc-metro/rg-024/581208/2020-03/581208-omaha-004/581208-omaha-004-025.JPG	 					n3/4e	180	193	2	30.16	65	65	65	62		bc	cir cum	4				
1873-04-13	4	-20.31	-70.29	8.44		2		https://s3.amazonaws.com/NARAprodstorage/lz/dc-metro/rg-024/581208/2020-03/581208-omaha-004/581208-omaha-004-025.JPG	https://s3.amazonaws.com/NARAprodstorage/lz/dc-metro/rg-024/581208/2020-03/581208-omaha-004/581208-omaha-004-025.JPG	 					n3/4e	180	193	1	30.16	65	65	65	62		bc	cir cum	4				
1873-04-13	5	-20.27	-70.27	8.44		2.4		https://s3.amazonaws.com/NARAprodstorage/lz/dc-metro/rg-024/581208/2020-03/581208-omaha-004/581208-omaha-004-025.JPG	https://s3.amazonaws.com/NARAprodstorage/lz/dc-metro/rg-024/581208/2020-03/581208-omaha-004/581208-omaha-004-025.JPG	 					n3/4e	180	193	1	30.16	65	65	65	62		bc	cir cum	8				
1873-04-13	6	-20.23	-70.26	8.44		2.4		https://s3.amazonaws.com/NARAprodstorage/lz/dc-metro/rg-024/581208/2020-03/581208-omaha-004/581208-omaha-004-025.JPG	https://s3.amazonaws.com/NARAprodstorage/lz/dc-metro/rg-024/581208/2020-03/581208-omaha-004/581208-omaha-004-025.JPG	 					n3/4e	180	193	2	30.16	66	65	65	62		bc	cir cum	8				
1873-04-13	7	-20.23	-70.23	78.75		1.4		https://s3.amazonaws.com/NARAprodstorage/lz/dc-metro/rg-024/581208/2020-03/581208-omaha-004/581208-omaha-004-025.JPG	https://s3.amazonaws.com/NARAprodstorage/lz/dc-metro/rg-024/581208/2020-03/581208-omaha-004/581208-omaha-004-025.JPG	 					exn	180	193	1	30.13	66	66	65	62		bc	cir str	9				
1873-04-13	8	-20.22	-70.21	888		1		https://s3.amazonaws.com/NARAprodstorage/lz/dc-metro/rg-024/581208/2020-03/581208-omaha-004/581208-omaha-004-025.JPG	https://s3.amazonaws.com/NARAprodstorage/lz/dc-metro/rg-024/581208/2020-03/581208-omaha-004/581208-omaha-004-025.JPG	 					v	180	193	1	30.13	66	66	65	62		bc	cir str	9				
1873-04-13	9	-20.22	-70.2	888		1		https://s3.amazonaws.com/NARAprodstorage/lz/dc-metro/rg-024/581208/2020-03/581208-omaha-004/581208-omaha-004-025.JPG	https://s3.amazonaws.com/NARAprodstorage/lz/dc-metro/rg-024/581208/2020-03/581208-omaha-004/581208-omaha-004-025.JPG	 					v	180	193	2	30.13	67	65	65	62		bc	cir str	9				
1873-04-13	10	-20.21	-70.18	888		1		https://s3.amazonaws.com/NARAprodstorage/lz/dc-metro/rg-024/581208/2020-03/581208-omaha-004/581208-omaha-004-025.JPG	https://s3.amazonaws.com/NARAprodstorage/lz/dc-metro/rg-024/581208/2020-03/581208-omaha-004/581208-omaha-004-025.JPG	"1045: Anchored. Iquique. Brgs: Outer pt of Id SSW, Church SE1/2S. Piedras Pt N1/2W."					v	202	216	2	30.12	63	65	65	62		bc	cir str	9				
1873-04-13	11	-20.2	-70.16	888		1		https://s3.amazonaws.com/NARAprodstorage/lz/dc-metro/rg-024/581208/2020-03/581208-omaha-004/581208-omaha-004-025.JPG	https://s3.amazonaws.com/NARAprodstorage/lz/dc-metro/rg-024/581208/2020-03/581208-omaha-004/581208-omaha-004-025.JPG	1100: Lat/Lon: -20.19705 -70.1566					v	202	216	2	30.1	63	65	65	62		bc	cir str	8				
1873-04-13	12	-20.2	-70.16			a		https://s3.amazonaws.com/NARAprodstorage/lz/dc-metro/rg-024/581208/2020-03/581208-omaha-004/581208-omaha-004-025.JPG	https://s3.amazonaws.com/NARAprodstorage/lz/dc-metro/rg-024/581208/2020-03/581208-omaha-004/581208-omaha-004-025.JPG	Noon: Iquique						202	216	2	30.08	63	65	65	62		bc	cir str	7				
1873-04-13	13	-20.2	-70.16			a		https://s3.amazonaws.com/NARAprodstorage/lz/dc-metro/rg-024/581208/2020-03/581208-omaha-004/581208-omaha-004-025.JPG	https://s3.amazonaws.com/NARAprodstorage/lz/dc-metro/rg-024/581208/2020-03/581208-omaha-004/581208-omaha-004-025.JPG	 						202	216	2	30.08	63	65	65	62		bc	cir str	7				
1873-04-13	14	-20.2	-70.16			a		https://s3.amazonaws.com/NARAprodstorage/lz/dc-metro/rg-024/581208/2020-03/581208-omaha-004/581208-omaha-004-025.JPG	https://s3.amazonaws.com/NARAprodstorage/lz/dc-metro/rg-024/581208/2020-03/581208-omaha-004/581208-omaha-004-025.JPG	 						202	216	2	30.08	63	65	65	62		bc	cir str	7				
1873-04-13	15	-20.2	-70.16			a		https://s3.amazonaws.com/NARAprodstorage/lz/dc-metro/rg-024/581208/2020-03/581208-omaha-004/581208-omaha-004-025.JPG	https://s3.amazonaws.com/NARAprodstorage/lz/dc-metro/rg-024/581208/2020-03/581208-omaha-004/581208-omaha-004-025.JPG	 						202	216	2	30.08	63	65	65	62		bc	cir str	7				
1873-04-13	16	-20.2	-70.16			a		https://s3.amazonaws.com/NARAprodstorage/lz/dc-metro/rg-024/581208/2020-03/581208-omaha-004/581208-omaha-004-025.JPG	https://s3.amazonaws.com/NARAprodstorage/lz/dc-metro/rg-024/581208/2020-03/581208-omaha-004/581208-omaha-004-025.JPG	 						202	216	2	30.08	63	65	65	62		bc	cir str	7				
1873-04-13	17	-20.2	-70.16			a		https://s3.amazonaws.com/NARAprodstorage/lz/dc-metro/rg-024/581208/2020-03/581208-omaha-004/581208-omaha-004-025.JPG	https://s3.amazonaws.com/NARAprodstorage/lz/dc-metro/rg-024/581208/2020-03/581208-omaha-004/581208-omaha-004-025.JPG	 						180	193	2	30.08	65	65	65	63		bc	cir cum	9				
1873-04-13	18	-20.2	-70.16			a		https://s3.amazonaws.com/NARAprodstorage/lz/dc-metro/rg-024/581208/2020-03/581208-omaha-004/581208-omaha-004-025.JPG	https://s3.amazonaws.com/NARAprodstorage/lz/dc-metro/rg-024/581208/2020-03/581208-omaha-004/581208-omaha-004-025.JPG	 						180	193	2	30.08	65	65	65	63		bc	cir cum	9				
1873-04-13	19	-20.2	-70.16			a		https://s3.amazonaws.com/NARAprodstorage/lz/dc-metro/rg-024/581208/2020-03/581208-omaha-004/581208-omaha-004-025.JPG	https://s3.amazonaws.com/NARAprodstorage/lz/dc-metro/rg-024/581208/2020-03/581208-omaha-004/581208-omaha-004-025.JPG	 						180	193	2	30.08	65	65	65	63		bc	cir cum	9				
1873-04-13	20	-20.2	-70.16			a		https://s3.amazonaws.com/NARAprodstorage/lz/dc-metro/rg-024/581208/2020-03/581208-omaha-004/581208-omaha-004-025.JPG	https://s3.amazonaws.com/NARAprodstorage/lz/dc-metro/rg-024/581208/2020-03/581208-omaha-004/581208-omaha-004-025.JPG	 						180	193	2	30.08	65	65	65	63		bc	cir cum	9				
1873-04-13	21	-20.2	-70.16			a		https://s3.amazonaws.com/NARAprodstorage/lz/dc-metro/rg-024/581208/2020-03/581208-omaha-004/581208-omaha-004-025.JPG	https://s3.amazonaws.com/NARAprodstorage/lz/dc-metro/rg-024/581208/2020-03/581208-omaha-004/581208-omaha-004-025.JPG	 						0	0	0	30.08	64	65	65	63		bc	cir cum	9				
1873-04-13	22	-20.2	-70.16			a		https://s3.amazonaws.com/NARAprodstorage/lz/dc-metro/rg-024/581208/2020-03/581208-omaha-004/581208-omaha-004-025.JPG	https://s3.amazonaws.com/NARAprodstorage/lz/dc-metro/rg-024/581208/2020-03/581208-omaha-004/581208-omaha-004-025.JPG	 						0	0	0	30.08	63	65	65	63		bc	cir cum	8				
1873-04-13	23	-20.2	-70.16			a		https://s3.amazonaws.com/NARAprodstorage/lz/dc-metro/rg-024/581208/2020-03/581208-omaha-004/581208-omaha-004-025.JPG	https://s3.amazonaws.com/NARAprodstorage/lz/dc-metro/rg-024/581208/2020-03/581208-omaha-004/581208-omaha-004-025.JPG	 						0	0	0	30.08	63	65	65	63		bc	cir cum	8				
1873-04-13	24	-20.2	-70.16			a		https://s3.amazonaws.com/NARAprodstorage/lz/dc-metro/rg-024/581208/2020-03/581208-omaha-004/581208-omaha-004-025.JPG	https://s3.amazonaws.com/NARAprodstorage/lz/dc-metro/rg-024/581208/2020-03/581208-omaha-004/581208-omaha-004-025.JPG	 						0	0	0	30.08	63	65	65	63		bc	cir cum	8				
1873-04-14	1	-20.2	-70.16			a		https://s3.amazonaws.com/NARAprodstorage/lz/dc-metro/rg-024/581208/2020-03/581208-omaha-004/581208-omaha-004-026.JPG	https://s3.amazonaws.com/NARAprodstorage/lz/dc-metro/rg-024/581208/2020-03/581208-omaha-004/581208-omaha-004-026.JPG	 						0	0	0	30.17	66	67	65	65		bc	cir cum	6				
1873-04-14	2	-20.2	-70.16			a		https://s3.amazonaws.com/NARAprodstorage/lz/dc-metro/rg-024/581208/2020-03/581208-omaha-004/581208-omaha-004-026.JPG	https://s3.amazonaws.com/NARAprodstorage/lz/dc-metro/rg-024/581208/2020-03/581208-omaha-004/581208-omaha-004-026.JPG	 						0	0	0	30.17	66	67	65	65		bc	cir cum	8				
1873-04-14	3	-20.2	-70.16			a		https://s3.amazonaws.com/NARAprodstorage/lz/dc-metro/rg-024/581208/2020-03/581208-omaha-004/581208-omaha-004-026.JPG	https://s3.amazonaws.com/NARAprodstorage/lz/dc-metro/rg-024/581208/2020-03/581208-omaha-004/581208-omaha-004-026.JPG	 						0	0	0	30.17	66	67	65	65		bc	cir cum	9				
1873-04-14	4	-20.2	-70.16			a		https://s3.amazonaws.com/NARAprodstorage/lz/dc-metro/rg-024/581208/2020-03/581208-omaha-004/581208-omaha-004-026.JPG	https://s3.amazonaws.com/NARAprodstorage/lz/dc-metro/rg-024/581208/2020-03/581208-omaha-004/581208-omaha-004-026.JPG	 						0	0	0	30.17	66	67	65	65		bc	cir cum	8				
1873-04-14	5	-20.2	-70.16			a		https://s3.amazonaws.com/NARAprodstorage/lz/dc-metro/rg-024/581208/2020-03/581208-omaha-004/581208-omaha-004-026.JPG	https://s3.amazonaws.com/NARAprodstorage/lz/dc-metro/rg-024/581208/2020-03/581208-omaha-004/581208-omaha-004-026.JPG	 						0	0	0	30.15	65	66	65	65		bc	cir cum	8				
1873-04-14	6	-20.2	-70.16			a		https://s3.amazonaws.com/NARAprodstorage/lz/dc-metro/rg-024/581208/2020-03/581208-omaha-004/581208-omaha-004-026.JPG	https://s3.amazonaws.com/NARAprodstorage/lz/dc-metro/rg-024/581208/2020-03/581208-omaha-004/581208-omaha-004-026.JPG	 						0	0	0	30.15	67	66	65	65		bc	cir cum	8				
1873-04-14	7	-20.2	-70.16			a		https://s3.amazonaws.com/NARAprodstorage/lz/dc-metro/rg-024/581208/2020-03/581208-omaha-004/581208-omaha-004-026.JPG	https://s3.amazonaws.com/NARAprodstorage/lz/dc-metro/rg-024/581208/2020-03/581208-omaha-004/581208-omaha-004-026.JPG	 						0	0	0	30.15	67	66	65	65		bc	cir cum	8				
1873-04-14	8	-20.2	-70.16			a		https://s3.amazonaws.com/NARAprodstorage/lz/dc-metro/rg-024/581208/2020-03/581208-omaha-004/581208-omaha-004-026.JPG	https://s3.amazonaws.com/NARAprodstorage/lz/dc-metro/rg-024/581208/2020-03/581208-omaha-004/581208-omaha-004-026.JPG	 						225	238	2	30.15	68	69	67	65		bc	cir cum	8				
1873-04-14	9	-20.2	-70.16			a		https://s3.amazonaws.com/NARAprodstorage/lz/dc-metro/rg-024/581208/2020-03/581208-omaha-004/581208-omaha-004-026.JPG	https://s3.amazonaws.com/NARAprodstorage/lz/dc-metro/rg-024/581208/2020-03/581208-omaha-004/581208-omaha-004-026.JPG	 						225	238	1	30.18	68	69	67	65		bc	cir str	8				
1873-04-14	10	-20.2	-70.16			a		https://s3.amazonaws.com/NARAprodstorage/lz/dc-metro/rg-024/581208/2020-03/581208-omaha-004/581208-omaha-004-026.JPG	https://s3.amazonaws.com/NARAprodstorage/lz/dc-metro/rg-024/581208/2020-03/581208-omaha-004/581208-omaha-004-026.JPG	 						225	238	2	30.18	68	69	67	65		bc	cir str	9				
1873-04-14	11	-20.2	-70.16			a		https://s3.amazonaws.com/NARAprodstorage/lz/dc-metro/rg-024/581208/2020-03/581208-omaha-004/581208-omaha-004-026.JPG	https://s3.amazonaws.com/NARAprodstorage/lz/dc-metro/rg-024/581208/2020-03/581208-omaha-004/581208-omaha-004-026.JPG	 						225	238	2	30.18	68	69	67	65		bc	cir cum sir str	7				
1873-04-14	12	-20.2	-70.16			a		https://s3.amazonaws.com/NARAprodstorage/lz/dc-metro/rg-024/581208/2020-03/581208-omaha-004/581208-omaha-004-026.JPG	https://s3.amazonaws.com/NARAprodstorage/lz/dc-metro/rg-024/581208/2020-03/581208-omaha-004/581208-omaha-004-026.JPG	Noon: Iquique						225	238	2	30.18	68	69	67	65		bc	cir cum sir str	7				
1873-04-14	13	-20.2	-70.16			a		https://s3.amazonaws.com/NARAprodstorage/lz/dc-metro/rg-024/581208/2020-03/581208-omaha-004/581208-omaha-004-026.JPG	https://s3.amazonaws.com/NARAprodstorage/lz/dc-metro/rg-024/581208/2020-03/581208-omaha-004/581208-omaha-004-026.JPG	 						225	238	2	30.12	65	68	67			bc	cir str	9				
1873-04-14	14	-20.2	-70.16			a		https://s3.amazonaws.com/NARAprodstorage/lz/dc-metro/rg-024/581208/2020-03/581208-omaha-004/581208-omaha-004-026.JPG	https://s3.amazonaws.com/NARAprodstorage/lz/dc-metro/rg-024/581208/2020-03/581208-omaha-004/581208-omaha-004-026.JPG	 						225	238	2	30.08	65	68	67			bc	cir str	9				
1873-04-14	15	-20.2	-70.16			a		https://s3.amazonaws.com/NARAprodstorage/lz/dc-metro/rg-024/581208/2020-03/581208-omaha-004/581208-omaha-004-026.JPG	https://s3.amazonaws.com/NARAprodstorage/lz/dc-metro/rg-024/581208/2020-03/581208-omaha-004/581208-omaha-004-026.JPG	 						225	238	5	30.06	65	68	67			bc	cir str	8				
1873-04-14	16	-20.2	-70.16			a		https://s3.amazonaws.com/NARAprodstorage/lz/dc-metro/rg-024/581208/2020-03/581208-omaha-004/581208-omaha-004-026.JPG	https://s3.amazonaws.com/NARAprodstorage/lz/dc-metro/rg-024/581208/2020-03/581208-omaha-004/581208-omaha-004-026.JPG	 						225	238	3	30.02	65	68	67			bc	cir str	8				
1873-04-14	17	-20.2	-70.16			a		https://s3.amazonaws.com/NARAprodstorage/lz/dc-metro/rg-024/581208/2020-03/581208-omaha-004/581208-omaha-004-026.JPG	https://s3.amazonaws.com/NARAprodstorage/lz/dc-metro/rg-024/581208/2020-03/581208-omaha-004/581208-omaha-004-026.JPG	 						225	238	2	30.02	65	68	67			bc	cir str	8				
1873-04-14	18	-20.2	-70.16			a		https://s3.amazonaws.com/NARAprodstorage/lz/dc-metro/rg-024/581208/2020-03/581208-omaha-004/581208-omaha-004-026.JPG	https://s3.amazonaws.com/NARAprodstorage/lz/dc-metro/rg-024/581208/2020-03/581208-omaha-004/581208-omaha-004-026.JPG	 						225	238	2	30.02	65	68	67			bc	cir str	8				
1873-04-14	19	-20.2	-70.16			a		https://s3.amazonaws.com/NARAprodstorage/lz/dc-metro/rg-024/581208/2020-03/581208-omaha-004/581208-omaha-004-026.JPG	https://s3.amazonaws.com/NARAprodstorage/lz/dc-metro/rg-024/581208/2020-03/581208-omaha-004/581208-omaha-004-026.JPG	 						225	238	2	30.02	65	68	67			bc	cir str	8				
1873-04-14	20	-20.2	-70.16			a		https://s3.amazonaws.com/NARAprodstorage/lz/dc-metro/rg-024/581208/2020-03/581208-omaha-004/581208-omaha-004-026.JPG	https://s3.amazonaws.com/NARAprodstorage/lz/dc-metro/rg-024/581208/2020-03/581208-omaha-004/581208-omaha-004-026.JPG	 						225	238	2	30.02	65	68	67			bc	cir str	8				
1873-04-14	21	-20.2	-70.16			a		https://s3.amazonaws.com/NARAprodstorage/lz/dc-metro/rg-024/581208/2020-03/581208-omaha-004/581208-omaha-004-026.JPG	https://s3.amazonaws.com/NARAprodstorage/lz/dc-metro/rg-024/581208/2020-03/581208-omaha-004/581208-omaha-004-026.JPG	 						225	238	2	30.06	64	68	66			bc	cum str	9				
1873-04-14	22	-20.2	-70.16			a		https://s3.amazonaws.com/NARAprodstorage/lz/dc-metro/rg-024/581208/2020-03/581208-omaha-004/581208-omaha-004-026.JPG	https://s3.amazonaws.com/NARAprodstorage/lz/dc-metro/rg-024/581208/2020-03/581208-omaha-004/581208-omaha-004-026.JPG	 						225	238	2	30.06	64	68	66			bc	cum str	9				
1873-04-14	23	-20.2	-70.16			a		https://s3.amazonaws.com/NARAprodstorage/lz/dc-metro/rg-024/581208/2020-03/581208-omaha-004/581208-omaha-004-026.JPG	https://s3.amazonaws.com/NARAprodstorage/lz/dc-metro/rg-024/581208/2020-03/581208-omaha-004/581208-omaha-004-026.JPG	 						225	238	2	30.06	64	68	66			bc	cum str	9				
1873-04-14	24	-20.2	-70.16			a		https://s3.amazonaws.com/NARAprodstorage/lz/dc-metro/rg-024/581208/2020-03/581208-omaha-004/581208-omaha-004-026.JPG	https://s3.amazonaws.com/NARAprodstorage/lz/dc-metro/rg-024/581208/2020-03/581208-omaha-004/581208-omaha-004-026.JPG	 						225	238	2	30.06	64	68	66			bc	cum str	9				
1873-04-15	1	-20.2	-70.16			a		https://s3.amazonaws.com/NARAprodstorage/lz/dc-metro/rg-024/581208/2020-03/581208-omaha-004/581208-omaha-004-027.JPG	https://s3.amazonaws.com/NARAprodstorage/lz/dc-metro/rg-024/581208/2020-03/581208-omaha-004/581208-omaha-004-027.JPG	 						0	0	0	30.08	65	63	63			b	none	10				
1873-04-15	2	-20.2	-70.16			a		https://s3.amazonaws.com/NARAprodstorage/lz/dc-metro/rg-024/581208/2020-03/581208-omaha-004/581208-omaha-004-027.JPG	https://s3.amazonaws.com/NARAprodstorage/lz/dc-metro/rg-024/581208/2020-03/581208-omaha-004/581208-omaha-004-027.JPG	 						0	0	0	30.08	65	63	63			b	none	10				
1873-04-15	3	-20.2	-70.16			a		https://s3.amazonaws.com/NARAprodstorage/lz/dc-metro/rg-024/581208/2020-03/581208-omaha-004/581208-omaha-004-027.JPG	https://s3.amazonaws.com/NARAprodstorage/lz/dc-metro/rg-024/581208/2020-03/581208-omaha-004/581208-omaha-004-027.JPG	 						0	0	0	30.08	65	63	63			b	none	10				
1873-04-15	4	-20.2	-70.16			a		https://s3.amazonaws.com/NARAprodstorage/lz/dc-metro/rg-024/581208/2020-03/581208-omaha-004/581208-omaha-004-027.JPG	https://s3.amazonaws.com/NARAprodstorage/lz/dc-metro/rg-024/581208/2020-03/581208-omaha-004/581208-omaha-004-027.JPG	 						0	0	0	30.08	65	63	63			b	none	10				
1873-04-15	5	-20.2	-70.16			a		https://s3.amazonaws.com/NARAprodstorage/lz/dc-metro/rg-024/581208/2020-03/581208-omaha-004/581208-omaha-004-027.JPG	https://s3.amazonaws.com/NARAprodstorage/lz/dc-metro/rg-024/581208/2020-03/581208-omaha-004/581208-omaha-004-027.JPG	 						0	0	0	30.08	65	63	63			b	none	10				
1873-04-15	6	-20.2	-70.16			a		https://s3.amazonaws.com/NARAprodstorage/lz/dc-metro/rg-024/581208/2020-03/581208-omaha-004/581208-omaha-004-027.JPG	https://s3.amazonaws.com/NARAprodstorage/lz/dc-metro/rg-024/581208/2020-03/581208-omaha-004/581208-omaha-004-027.JPG	 						0	0	0	30.08	65	63	63			b	none	10				
1873-04-15	7	-20.2	-70.16			a		https://s3.amazonaws.com/NARAprodstorage/lz/dc-metro/rg-024/581208/2020-03/581208-omaha-004/581208-omaha-004-027.JPG	https://s3.amazonaws.com/NARAprodstorage/lz/dc-metro/rg-024/581208/2020-03/581208-omaha-004/581208-omaha-004-027.JPG	 						0	0	0	30.08	65	63	63			b	none	10				
1873-04-15	8	-20.2	-70.16			a		https://s3.amazonaws.com/NARAprodstorage/lz/dc-metro/rg-024/581208/2020-03/581208-omaha-004/581208-omaha-004-027.JPG	https://s3.amazonaws.com/NARAprodstorage/lz/dc-metro/rg-024/581208/2020-03/581208-omaha-004/581208-omaha-004-027.JPG	 						0	0	0	30.08	65	63	63			b	none	10				
1873-04-15	9	-20.2	-70.16			a		https://s3.amazonaws.com/NARAprodstorage/lz/dc-metro/rg-024/581208/2020-03/581208-omaha-004/581208-omaha-004-027.JPG	https://s3.amazonaws.com/NARAprodstorage/lz/dc-metro/rg-024/581208/2020-03/581208-omaha-004/581208-omaha-004-027.JPG	 						0	0	0	30.16	66	66	66	65		bc	cir str	8				
1873-04-15	10	-20.2	-70.16			a		https://s3.amazonaws.com/NARAprodstorage/lz/dc-metro/rg-024/581208/2020-03/581208-omaha-004/581208-omaha-004-027.JPG	https://s3.amazonaws.com/NARAprodstorage/lz/dc-metro/rg-024/581208/2020-03/581208-omaha-004/581208-omaha-004-027.JPG	 						0	0	0	30.16	66	66	66	65		bc	cir str	8				
1873-04-15	11	-20.2	-70.16			a		https://s3.amazonaws.com/NARAprodstorage/lz/dc-metro/rg-024/581208/2020-03/581208-omaha-004/581208-omaha-004-027.JPG	https://s3.amazonaws.com/NARAprodstorage/lz/dc-metro/rg-024/581208/2020-03/581208-omaha-004/581208-omaha-004-027.JPG	 						225	238	2	30.16	66	67	67	65		bc	cir str	9				
1873-04-15	12	-20.2	-70.16			a		https://s3.amazonaws.com/NARAprodstorage/lz/dc-metro/rg-024/581208/2020-03/581208-omaha-004/581208-omaha-004-027.JPG	https://s3.amazonaws.com/NARAprodstorage/lz/dc-metro/rg-024/581208/2020-03/581208-omaha-004/581208-omaha-004-027.JPG	Noon: Iquique						225	238	2	30.16	66	67	67	65		bc	cir str	8				
1873-04-15	13	-20.2	-70.16			a		https://s3.amazonaws.com/NARAprodstorage/lz/dc-metro/rg-024/581208/2020-03/581208-omaha-004/581208-omaha-004-027.JPG	https://s3.amazonaws.com/NARAprodstorage/lz/dc-metro/rg-024/581208/2020-03/581208-omaha-004/581208-omaha-004-027.JPG	1315: Got Underway. 1335 S Pt Iquique Id brg S dist 1/2 mi.																					
1873-04-15	14	-20.19	-70.23	281.25		3		https://s3.amazonaws.com/NARAprodstorage/lz/dc-metro/rg-024/581208/2020-03/581208-omaha-004/581208-omaha-004-027.JPG	https://s3.amazonaws.com/NARAprodstorage/lz/dc-metro/rg-024/581208/2020-03/581208-omaha-004/581208-omaha-004-027.JPG	 					wxn	202	216	8	30.1	67	67	67	62		bc	cir cum	8				
1873-04-15	15	-20.17	-70.34	281.25		5		https://s3.amazonaws.com/NARAprodstorage/lz/dc-metro/rg-024/581208/2020-03/581208-omaha-004/581208-omaha-004-027.JPG	https://s3.amazonaws.com/NARAprodstorage/lz/dc-metro/rg-024/581208/2020-03/581208-omaha-004/581208-omaha-004-027.JPG	 					wxn	202	216	5	30.13	70	69	69	62		b	none	10				
1873-04-15	16	-20.15	-70.43	281.25		4.4		https://s3.amazonaws.com/NARAprodstorage/lz/dc-metro/rg-024/581208/2020-03/581208-omaha-004/581208-omaha-004-027.JPG	https://s3.amazonaws.com/NARAprodstorage/lz/dc-metro/rg-024/581208/2020-03/581208-omaha-004/581208-omaha-004-027.JPG	 					wxn	202	216	8	30.14	69	68	68	62		b	none	10				
1873-04-15	17	-20.12	-70.53	292.5		5		https://s3.amazonaws.com/NARAprodstorage/lz/dc-metro/rg-024/581208/2020-03/581208-omaha-004/581208-omaha-004-027.JPG	https://s3.amazonaws.com/NARAprodstorage/lz/dc-metro/rg-024/581208/2020-03/581208-omaha-004/581208-omaha-004-027.JPG	 					wnw	180	193	8	30.15	67	68	68	62		bc	cir	9				
1873-04-15	18	-20.09	-70.62	292.5		4.6		https://s3.amazonaws.com/NARAprodstorage/lz/dc-metro/rg-024/581208/2020-03/581208-omaha-004/581208-omaha-004-027.JPG	https://s3.amazonaws.com/NARAprodstorage/lz/dc-metro/rg-024/581208/2020-03/581208-omaha-004/581208-omaha-004-027.JPG	 					wnw	180	193	8	30.18	68	67	67	63		bc	cir cum nim	5				
1873-04-15	19	-20.06	-70.7	292.5		4		https://s3.amazonaws.com/NARAprodstorage/lz/dc-metro/rg-024/581208/2020-03/581208-omaha-004/581208-omaha-004-027.JPG	https://s3.amazonaws.com/NARAprodstorage/lz/dc-metro/rg-024/581208/2020-03/581208-omaha-004/581208-omaha-004-027.JPG	 					wnw	135	148	5	30.18	68	67	67	63		bc	cir cum nim	3				
1873-04-15	20	-20.03	-70.79	292.5		4.4		https://s3.amazonaws.com/NARAprodstorage/lz/dc-metro/rg-024/581208/2020-03/581208-omaha-004/581208-omaha-004-027.JPG	https://s3.amazonaws.com/NARAprodstorage/lz/dc-metro/rg-024/581208/2020-03/581208-omaha-004/581208-omaha-004-027.JPG	 					wnw	135	148	5	30.2	68	67	67	63		bc	cir cum nim	1				
1873-04-15	21	-20.02	-70.84	292.5		2		https://s3.amazonaws.com/NARAprodstorage/lz/dc-metro/rg-024/581208/2020-03/581208-omaha-004/581208-omaha-004-027.JPG	https://s3.amazonaws.com/NARAprodstorage/lz/dc-metro/rg-024/581208/2020-03/581208-omaha-004/581208-omaha-004-027.JPG	 					wnw	214	227	2	30.24	68	67	67	63		bc	cum nim	1				
1873-04-15	22	-20	-70.91	292.5		3.4		https://s3.amazonaws.com/NARAprodstorage/lz/dc-metro/rg-024/581208/2020-03/581208-omaha-004/581208-omaha-004-027.JPG	https://s3.amazonaws.com/NARAprodstorage/lz/dc-metro/rg-024/581208/2020-03/581208-omaha-004/581208-omaha-004-027.JPG	 					wnw	214	227	3	30.24	66	66	67	63		bc	cum nim	2				
1873-04-15	23	-19.97	-70.99	292.5		4		https://s3.amazonaws.com/NARAprodstorage/lz/dc-metro/rg-024/581208/2020-03/581208-omaha-004/581208-omaha-004-027.JPG	https://s3.amazonaws.com/NARAprodstorage/lz/dc-metro/rg-024/581208/2020-03/581208-omaha-004/581208-omaha-004-027.JPG	 					wnw	214	227	3	30.24	66	66	67	63		bc	cum nim	1				
1873-04-15	24	-19.95	-71.07	292.5		3.6		https://s3.amazonaws.com/NARAprodstorage/lz/dc-metro/rg-024/581208/2020-03/581208-omaha-004/581208-omaha-004-027.JPG	https://s3.amazonaws.com/NARAprodstorage/lz/dc-metro/rg-024/581208/2020-03/581208-omaha-004/581208-omaha-004-027.JPG	 					wnw	214	227	2	30.24	66	66	67	63		bc	cum nim	0				
1873-04-16	1	-19.91	-71.1	337.5		3		https://s3.amazonaws.com/NARAprodstorage/lz/dc-metro/rg-024/581208/2020-03/581208-omaha-004/581208-omaha-004-028.JPG	https://s3.amazonaws.com/NARAprodstorage/lz/dc-metro/rg-024/581208/2020-03/581208-omaha-004/581208-omaha-004-029.JPG	 					nnw	202	216	5	30.24	66	66	66	62		bc	cum nim	0				
1873-04-16	2	-19.87	-71.13	337.5		3.4		https://s3.amazonaws.com/NARAprodstorage/lz/dc-metro/rg-024/581208/2020-03/581208-omaha-004/581208-omaha-004-028.JPG	https://s3.amazonaws.com/NARAprodstorage/lz/dc-metro/rg-024/581208/2020-03/581208-omaha-004/581208-omaha-004-028.JPG	 					nnw	202	216	5	30.2	66	66	66	62		bc	cum nim	0				
1873-04-16	3	-19.81	-71.17	337.5		4.2		https://s3.amazonaws.com/NARAprodstorage/lz/dc-metro/rg-024/581208/2020-03/581208-omaha-004/581208-omaha-004-028.JPG	https://s3.amazonaws.com/NARAprodstorage/lz/dc-metro/rg-024/581208/2020-03/581208-omaha-004/581208-omaha-004-028.JPG	 					nnw	202	214	8	30.19	67	67	67	62		bc	cum nim	0				
1873-04-16	4	-19.75	-71.21	337.5		4		https://s3.amazonaws.com/NARAprodstorage/lz/dc-metro/rg-024/581208/2020-03/581208-omaha-004/581208-omaha-004-028.JPG	https://s3.amazonaws.com/NARAprodstorage/lz/dc-metro/rg-024/581208/2020-03/581208-omaha-004/581208-omaha-004-028.JPG	 					nnw	202	214	8	30.18	67	67	67	62		bc	cum nim	0				
1873-04-16	5	-19.7	-71.24	337.5		4		https://s3.amazonaws.com/NARAprodstorage/lz/dc-metro/rg-024/581208/2020-03/581208-omaha-004/581208-omaha-004-028.JPG	https://s3.amazonaws.com/NARAprodstorage/lz/dc-metro/rg-024/581208/2020-03/581208-omaha-004/581208-omaha-004-028.JPG	 					nnw	191	202	5	30.12	67	67	67	65		bc	cum nim	0				
1873-04-16	6	-19.64	-71.28	337.5		4.4		https://s3.amazonaws.com/NARAprodstorage/lz/dc-metro/rg-024/581208/2020-03/581208-omaha-004/581208-omaha-004-028.JPG	https://s3.amazonaws.com/NARAprodstorage/lz/dc-metro/rg-024/581208/2020-03/581208-omaha-004/581208-omaha-004-028.JPG	 					nnw	191	202	5	30.12	67	67	67	65		bc	cum nim	0				
1873-04-16	7	-19.59	-71.32	337.5		3.6		https://s3.amazonaws.com/NARAprodstorage/lz/dc-metro/rg-024/581208/2020-03/581208-omaha-004/581208-omaha-004-028.JPG	https://s3.amazonaws.com/NARAprodstorage/lz/dc-metro/rg-024/581208/2020-03/581208-omaha-004/581208-omaha-004-028.JPG	 					nnw	191	202	5	30.12	67	67	67	65		bc	cum nim	0				
1873-04-16	8	-19.54	-71.35	337.5		3.6		https://s3.amazonaws.com/NARAprodstorage/lz/dc-metro/rg-024/581208/2020-03/581208-omaha-004/581208-omaha-004-028.JPG	https://s3.amazonaws.com/NARAprodstorage/lz/dc-metro/rg-024/581208/2020-03/581208-omaha-004/581208-omaha-004-028.JPG	 					nnw	202	214	3	30.12	66	66	66	67		bc	cum nim	0				
1873-04-16	9	-19.51	-71.38	337.5		2.4		https://s3.amazonaws.com/NARAprodstorage/lz/dc-metro/rg-024/581208/2020-03/581208-omaha-004/581208-omaha-004-028.JPG	https://s3.amazonaws.com/NARAprodstorage/lz/dc-metro/rg-024/581208/2020-03/581208-omaha-004/581208-omaha-004-028.JPG	 					nnw	191	202	3	30.12	66	65	66	67		bc	cum nim	0				
1873-04-16	10	-19.48	-71.41	337.5		2.4		https://s3.amazonaws.com/NARAprodstorage/lz/dc-metro/rg-024/581208/2020-03/581208-omaha-004/581208-omaha-004-028.JPG	https://s3.amazonaws.com/NARAprodstorage/lz/dc-metro/rg-024/581208/2020-03/581208-omaha-004/581208-omaha-004-028.JPG	 					nnw	191	202	3	30.12	67	66	66	69		bc	cum nim	0				
1873-04-16	11	-19.45	-71.45	337.5		3		https://s3.amazonaws.com/NARAprodstorage/lz/dc-metro/rg-024/581208/2020-03/581208-omaha-004/581208-omaha-004-028.JPG	https://s3.amazonaws.com/NARAprodstorage/lz/dc-metro/rg-024/581208/2020-03/581208-omaha-004/581208-omaha-004-028.JPG	 					nnw	180	191	5	30.12	68	66	66	69		bc	cum nim	0				
1873-04-16	12	-19.38	-71.48	337.5		4.4		https://s3.amazonaws.com/NARAprodstorage/lz/dc-metro/rg-024/581208/2020-03/581208-omaha-004/581208-omaha-004-028.JPG	https://s3.amazonaws.com/NARAprodstorage/lz/dc-metro/rg-024/581208/2020-03/581208-omaha-004/581208-omaha-004-028.JPG	 			19 23S	71 29W	nnw	180	191	6	30.12	68	66	66	69		bc	cum nim	0				
1873-04-16	13	-19.33	-71.57	292.5		6		https://s3.amazonaws.com/NARAprodstorage/lz/dc-metro/rg-024/581208/2020-03/581208-omaha-004/581208-omaha-004-028.JPG	https://s3.amazonaws.com/NARAprodstorage/lz/dc-metro/rg-024/581208/2020-03/581208-omaha-004/581208-omaha-004-028.JPG	 					wnw	202	214	8	30.15	68	67	66	68		bc	cum nim	1				
1873-04-16	14	-19.27	-71.68	292.5		7		https://s3.amazonaws.com/NARAprodstorage/lz/dc-metro/rg-024/581208/2020-03/581208-omaha-004/581208-omaha-004-028.JPG	https://s3.amazonaws.com/NARAprodstorage/lz/dc-metro/rg-024/581208/2020-03/581208-omaha-004/581208-omaha-004-028.JPG	 					wnw	202	214	8	30.12	68	67	66	68		bc	cum nim	0				
1873-04-16	15	-19.21	-71.77	292.5		6.6		https://s3.amazonaws.com/NARAprodstorage/lz/dc-metro/rg-024/581208/2020-03/581208-omaha-004/581208-omaha-004-028.JPG	https://s3.amazonaws.com/NARAprodstorage/lz/dc-metro/rg-024/581208/2020-03/581208-omaha-004/581208-omaha-004-028.JPG	 					wnw	202	214	8	30.1	69	68	66	67		bc	cum nim	0				
1873-04-16	16	-19.16	-71.86	292.5		6.2		https://s3.amazonaws.com/NARAprodstorage/lz/dc-metro/rg-024/581208/2020-03/581208-omaha-004/581208-omaha-004-028.JPG	https://s3.amazonaws.com/NARAprodstorage/lz/dc-metro/rg-024/581208/2020-03/581208-omaha-004/581208-omaha-004-028.JPG	 					wnw	191	202	8	30.1	69	68	66	67		bc	cum nim	0				
1873-04-16	17	-19.11	-71.94	292.5		5.4		https://s3.amazonaws.com/NARAprodstorage/lz/dc-metro/rg-024/581208/2020-03/581208-omaha-004/581208-omaha-004-028.JPG	https://s3.amazonaws.com/NARAprodstorage/lz/dc-metro/rg-024/581208/2020-03/581208-omaha-004/581208-omaha-004-028.JPG	 					wnw	202	214	8	30.12	70	68	67	66		bc	cum nim	0				
1873-04-16	18	-19.06	-72.02	292.5		5		https://s3.amazonaws.com/NARAprodstorage/lz/dc-metro/rg-024/581208/2020-03/581208-omaha-004/581208-omaha-004-028.JPG	https://s3.amazonaws.com/NARAprodstorage/lz/dc-metro/rg-024/581208/2020-03/581208-omaha-004/581208-omaha-004-028.JPG	 					wnw	191	202	8	30.12	69	68	67	66		bc	cum nim	0				
1873-04-16	19	-19.02	-72.09	292.5		5		https://s3.amazonaws.com/NARAprodstorage/lz/dc-metro/rg-024/581208/2020-03/581208-omaha-004/581208-omaha-004-028.JPG	https://s3.amazonaws.com/NARAprodstorage/lz/dc-metro/rg-024/581208/2020-03/581208-omaha-004/581208-omaha-004-028.JPG	 					wnw	202	214	8	30.17	69	67	67	66		bc	cum nim	0				
1873-04-16	20	-18.98	-72.16	292.5		5		https://s3.amazonaws.com/NARAprodstorage/lz/dc-metro/rg-024/581208/2020-03/581208-omaha-004/581208-omaha-004-028.JPG	https://s3.amazonaws.com/NARAprodstorage/lz/dc-metro/rg-024/581208/2020-03/581208-omaha-004/581208-omaha-004-028.JPG	 					wnw	191	202	8	30.19	69	67	67	65		bc	cum nim	0				
1873-04-16	21	-18.93	-72.24	292.5		5		https://s3.amazonaws.com/NARAprodstorage/lz/dc-metro/rg-024/581208/2020-03/581208-omaha-004/581208-omaha-004-028.JPG	https://s3.amazonaws.com/NARAprodstorage/lz/dc-metro/rg-024/581208/2020-03/581208-omaha-004/581208-omaha-004-028.JPG	 					wnw	152	163	8	30.19	69	67	67	65		bc	cum nim	0				
1873-04-16	22	-18.89	-72.31	292.5		5		https://s3.amazonaws.com/NARAprodstorage/lz/dc-metro/rg-024/581208/2020-03/581208-omaha-004/581208-omaha-004-028.JPG	https://s3.amazonaws.com/NARAprodstorage/lz/dc-metro/rg-024/581208/2020-03/581208-omaha-004/581208-omaha-004-028.JPG	 					wnw	112	124	8	30.2	69	66	64	65		bc	cum nim	0				
1873-04-16	23	-18.85	-72.37	292.5		4.4		https://s3.amazonaws.com/NARAprodstorage/lz/dc-metro/rg-024/581208/2020-03/581208-omaha-004/581208-omaha-004-028.JPG	https://s3.amazonaws.com/NARAprodstorage/lz/dc-metro/rg-024/581208/2020-03/581208-omaha-004/581208-omaha-004-028.JPG	 					wnw	112	124	6	30.2	69	66	64	65		bc	cum nim	0				
1873-04-16	24	-18.81	-72.45	292.5		4.8		https://s3.amazonaws.com/NARAprodstorage/lz/dc-metro/rg-024/581208/2020-03/581208-omaha-004/581208-omaha-004-028.JPG	https://s3.amazonaws.com/NARAprodstorage/lz/dc-metro/rg-024/581208/2020-03/581208-omaha-004/581208-omaha-004-028.JPG	 					wnw	112	124	6	30.2	69	66	64	65		bc	cum nim	0				
1873-04-17	1	-18.78	-72.5	292.5		4		https://s3.amazonaws.com/NARAprodstorage/lz/dc-metro/rg-024/581208/2020-03/581208-omaha-004/581208-omaha-004-030.JPG	https://s3.amazonaws.com/NARAprodstorage/lz/dc-metro/rg-024/581208/2020-03/581208-omaha-004/581208-omaha-004-030.JPG	 					wnw	112	124	3	30.2	66	65	65	63		bc	cum nim	2				
1873-04-17	2	-18.73	-72.58	292.5		5		https://s3.amazonaws.com/NARAprodstorage/lz/dc-metro/rg-024/581208/2020-03/581208-omaha-004/581208-omaha-004-030.JPG	https://s3.amazonaws.com/NARAprodstorage/lz/dc-metro/rg-024/581208/2020-03/581208-omaha-004/581208-omaha-004-030.JPG	 					wnw	180	191	6	30.2	66	65	65	63		oc	nim	0				
1873-04-17	3	-18.69	-72.65	292.5		5		https://s3.amazonaws.com/NARAprodstorage/lz/dc-metro/rg-024/581208/2020-03/581208-omaha-004/581208-omaha-004-030.JPG	https://s3.amazonaws.com/NARAprodstorage/lz/dc-metro/rg-024/581208/2020-03/581208-omaha-004/581208-omaha-004-030.JPG	 					wnw	202	214	5	30.2	66	65	65	63		oc	cum nim	0				
1873-04-17	4	-18.64	-72.73	292.5		5.2		https://s3.amazonaws.com/NARAprodstorage/lz/dc-metro/rg-024/581208/2020-03/581208-omaha-004/581208-omaha-004-030.JPG	https://s3.amazonaws.com/NARAprodstorage/lz/dc-metro/rg-024/581208/2020-03/581208-omaha-004/581208-omaha-004-030.JPG	 					wnw	180	191	8	30.18	66	65	65	63		oc	cum nim	0				
1873-04-17	5	-18.6	-72.79	292.5		4.6		https://s3.amazonaws.com/NARAprodstorage/lz/dc-metro/rg-024/581208/2020-03/581208-omaha-004/581208-omaha-004-030.JPG	https://s3.amazonaws.com/NARAprodstorage/lz/dc-metro/rg-024/581208/2020-03/581208-omaha-004/581208-omaha-004-030.JPG	 					wnw	158	168	8	30.18	66	65	65	63		oc	cum nim	0				
1873-04-17	6	-18.56	-72.87	292.5		5.2		https://s3.amazonaws.com/NARAprodstorage/lz/dc-metro/rg-024/581208/2020-03/581208-omaha-004/581208-omaha-004-030.JPG	https://s3.amazonaws.com/NARAprodstorage/lz/dc-metro/rg-024/581208/2020-03/581208-omaha-004/581208-omaha-004-030.JPG	 					wnw	158	168	8	30.16	68	66	64	62		oc	cum nim	0				
1873-04-17	7	-18.51	-72.95	292.5		5.4		https://s3.amazonaws.com/NARAprodstorage/lz/dc-metro/rg-024/581208/2020-03/581208-omaha-004/581208-omaha-004-030.JPG	https://s3.amazonaws.com/NARAprodstorage/lz/dc-metro/rg-024/581208/2020-03/581208-omaha-004/581208-omaha-004-030.JPG	 					wnw	158	168	8	30.2	70	67	65	63		oc	nim	0				
1873-04-17	8	-18.46	-73.03	292.5		5.4		https://s3.amazonaws.com/NARAprodstorage/lz/dc-metro/rg-024/581208/2020-03/581208-omaha-004/581208-omaha-004-030.JPG	https://s3.amazonaws.com/NARAprodstorage/lz/dc-metro/rg-024/581208/2020-03/581208-omaha-004/581208-omaha-004-030.JPG	 					wnw	158	168	8	30.2	70	68	66	63		oc	nim	0				
1873-04-17	9	-18.42	-73.1	292.5		4.6		https://s3.amazonaws.com/NARAprodstorage/lz/dc-metro/rg-024/581208/2020-03/581208-omaha-004/581208-omaha-004-030.JPG	https://s3.amazonaws.com/NARAprodstorage/lz/dc-metro/rg-024/581208/2020-03/581208-omaha-004/581208-omaha-004-030.JPG	 					wnw	135	146	5	30.22	70	67	66	68		oc	nim	0				
1873-04-17	10	-18.39	-73.15	292.5		4		https://s3.amazonaws.com/NARAprodstorage/lz/dc-metro/rg-024/581208/2020-03/581208-omaha-004/581208-omaha-004-030.JPG	https://s3.amazonaws.com/NARAprodstorage/lz/dc-metro/rg-024/581208/2020-03/581208-omaha-004/581208-omaha-004-030.JPG	 					wnw	135	146	5	30.2	70	67	66	68		oc	nim	0				
1873-04-17	11	-18.34	-73.23	292.5		5		https://s3.amazonaws.com/NARAprodstorage/lz/dc-metro/rg-024/581208/2020-03/581208-omaha-004/581208-omaha-004-030.JPG	https://s3.amazonaws.com/NARAprodstorage/lz/dc-metro/rg-024/581208/2020-03/581208-omaha-004/581208-omaha-004-030.JPG	 					wnw	135	146	8	30.21	70	70	66	68		oc	nim	0				
1873-04-17	12	-18.3	-73.3	292.5		5		https://s3.amazonaws.com/NARAprodstorage/lz/dc-metro/rg-024/581208/2020-03/581208-omaha-004/581208-omaha-004-030.JPG	https://s3.amazonaws.com/NARAprodstorage/lz/dc-metro/rg-024/581208/2020-03/581208-omaha-004/581208-omaha-004-030.JPG	 			18 18S	73 18W	wnw	135	146	8	30.2	71		66	67		oc	nim	0				
1873-04-17	13	-18.26	-73.38	292.5		5.4		https://s3.amazonaws.com/NARAprodstorage/lz/dc-metro/rg-024/581208/2020-03/581208-omaha-004/581208-omaha-004-030.JPG	https://s3.amazonaws.com/NARAprodstorage/lz/dc-metro/rg-024/581208/2020-03/581208-omaha-004/581208-omaha-004-030.JPG	 					wnw	180	191	8	30.19	69	69	65	68		bc	nimb	0				
1873-04-17	14	-18.21	-73.45	292.5		5.4		https://s3.amazonaws.com/NARAprodstorage/lz/dc-metro/rg-024/581208/2020-03/581208-omaha-004/581208-omaha-004-030.JPG	https://s3.amazonaws.com/NARAprodstorage/lz/dc-metro/rg-024/581208/2020-03/581208-omaha-004/581208-omaha-004-030.JPG	 					wnw	180	191	8	30.18	69	69	65	69		bc	nimb	0				
1873-04-17	15	-18.16	-73.53	292.5		6		https://s3.amazonaws.com/NARAprodstorage/lz/dc-metro/rg-024/581208/2020-03/581208-omaha-004/581208-omaha-004-030.JPG	https://s3.amazonaws.com/NARAprodstorage/lz/dc-metro/rg-024/581208/2020-03/581208-omaha-004/581208-omaha-004-030.JPG	 					wnw	180	191	8	30.17	69	69	66	69		bc	nimb	0				
1873-04-17	16	-18.12	-73.61	292.5		5.4		https://s3.amazonaws.com/NARAprodstorage/lz/dc-metro/rg-024/581208/2020-03/581208-omaha-004/581208-omaha-004-030.JPG	https://s3.amazonaws.com/NARAprodstorage/lz/dc-metro/rg-024/581208/2020-03/581208-omaha-004/581208-omaha-004-030.JPG	 					wnw	180	191	8	30.16	69	69	66	69		bc	nimb	0				
1873-04-17	17	-18.08	-73.68	292.5		5		https://s3.amazonaws.com/NARAprodstorage/lz/dc-metro/rg-024/581208/2020-03/581208-omaha-004/581208-omaha-004-030.JPG	https://s3.amazonaws.com/NARAprodstorage/lz/dc-metro/rg-024/581208/2020-03/581208-omaha-004/581208-omaha-004-030.JPG	 					wnw	158	168	8	30.16	69	69	66	69		bc	cum nim	0				
1873-04-17	18	-18.04	-73.75	292.5		5.2		https://s3.amazonaws.com/NARAprodstorage/lz/dc-metro/rg-024/581208/2020-03/581208-omaha-004/581208-omaha-004-030.JPG	https://s3.amazonaws.com/NARAprodstorage/lz/dc-metro/rg-024/581208/2020-03/581208-omaha-004/581208-omaha-004-030.JPG	 					wnw	158	168	8	30.16	71	68	65	68		bc	cum nim	0				
1873-04-17	19	-17.99	-73.84	292.5		6		https://s3.amazonaws.com/NARAprodstorage/lz/dc-metro/rg-024/581208/2020-03/581208-omaha-004/581208-omaha-004-030.JPG	https://s3.amazonaws.com/NARAprodstorage/lz/dc-metro/rg-024/581208/2020-03/581208-omaha-004/581208-omaha-004-030.JPG	 					wnw	158	168	8	30.18	71	68	65	68		bc	cum nim	0				
1873-04-17	20	-17.93	-73.92	292.5		6.4		https://s3.amazonaws.com/NARAprodstorage/lz/dc-metro/rg-024/581208/2020-03/581208-omaha-004/581208-omaha-004-030.JPG	https://s3.amazonaws.com/NARAprodstorage/lz/dc-metro/rg-024/581208/2020-03/581208-omaha-004/581208-omaha-004-030.JPG	 					wnw	135	146	8	30.2	70	69	66	68		bc	cum nim	0				
1873-04-17	21	-17.89	-73.99	292.5		5		https://s3.amazonaws.com/NARAprodstorage/lz/dc-metro/rg-024/581208/2020-03/581208-omaha-004/581208-omaha-004-030.JPG	https://s3.amazonaws.com/NARAprodstorage/lz/dc-metro/rg-024/581208/2020-03/581208-omaha-004/581208-omaha-004-030.JPG	 					wnw	135	146	8	30.24	70	69	66	68		bc	cum nim	0				
1873-04-17	22	-17.85	-74.06	292.5		5		https://s3.amazonaws.com/NARAprodstorage/lz/dc-metro/rg-024/581208/2020-03/581208-omaha-004/581208-omaha-004-030.JPG	https://s3.amazonaws.com/NARAprodstorage/lz/dc-metro/rg-024/581208/2020-03/581208-omaha-004/581208-omaha-004-030.JPG	 					wnw	135	146	8	30.24	70	69	66	68		bc	cum nim	0				
1873-04-17	23	-17.82	-74.12	292.5		4.4		https://s3.amazonaws.com/NARAprodstorage/lz/dc-metro/rg-024/581208/2020-03/581208-omaha-004/581208-omaha-004-030.JPG	https://s3.amazonaws.com/NARAprodstorage/lz/dc-metro/rg-024/581208/2020-03/581208-omaha-004/581208-omaha-004-030.JPG	 					wnw	112	124	8	30.25	72	69	67	68		bc	cum nim	3				
1873-04-17	24	-17.79	-74.18	292.5		4		https://s3.amazonaws.com/NARAprodstorage/lz/dc-metro/rg-024/581208/2020-03/581208-omaha-004/581208-omaha-004-030.JPG	https://s3.amazonaws.com/NARAprodstorage/lz/dc-metro/rg-024/581208/2020-03/581208-omaha-004/581208-omaha-004-030.JPG	 					wnw	112	124	8	30.25	72	69	67	68		bc	cum nim	3				
1873-04-18	1	-17.75	-74.25	292.5		5		https://s3.amazonaws.com/NARAprodstorage/lz/dc-metro/rg-024/581208/2020-03/581208-omaha-004/581208-omaha-004-031.JPG	https://s3.amazonaws.com/NARAprodstorage/lz/dc-metro/rg-024/581208/2020-03/581208-omaha-004/581208-omaha-004-031.JPG	 					wnw	90	101	8	30.22	72	69	66	68		oc	cum nim	0				
1873-04-18	2	-17.71	-74.32	292.5		5		https://s3.amazonaws.com/NARAprodstorage/lz/dc-metro/rg-024/581208/2020-03/581208-omaha-004/581208-omaha-004-031.JPG	https://s3.amazonaws.com/NARAprodstorage/lz/dc-metro/rg-024/581208/2020-03/581208-omaha-004/581208-omaha-004-031.JPG	 					wnw	112	124	8	30.21	72	68	69	68		oc	cum nim	0				
1873-04-18	3	-17.66	-74.39	292.5		5.4		https://s3.amazonaws.com/NARAprodstorage/lz/dc-metro/rg-024/581208/2020-03/581208-omaha-004/581208-omaha-004-031.JPG	https://s3.amazonaws.com/NARAprodstorage/lz/dc-metro/rg-024/581208/2020-03/581208-omaha-004/581208-omaha-004-031.JPG	 					wnw	112	124	8	30.21	72	68	67	68		oc	cum nim	0				
1873-04-18	4	-17.62	-74.47	292.5		5.4		https://s3.amazonaws.com/NARAprodstorage/lz/dc-metro/rg-024/581208/2020-03/581208-omaha-004/581208-omaha-004-031.JPG	https://s3.amazonaws.com/NARAprodstorage/lz/dc-metro/rg-024/581208/2020-03/581208-omaha-004/581208-omaha-004-031.JPG	 					wnw	112	124	8	30.19	72	68	67	68		oc	cum nim	0				
1873-04-18	5	-17.57	-74.55	292.5		6.2		https://s3.amazonaws.com/NARAprodstorage/lz/dc-metro/rg-024/581208/2020-03/581208-omaha-004/581208-omaha-004-031.JPG	https://s3.amazonaws.com/NARAprodstorage/lz/dc-metro/rg-024/581208/2020-03/581208-omaha-004/581208-omaha-004-031.JPG	 					wnw	112	124	8	30.19	72	68	67	68		oc	cum nim	0				
1873-04-18	6	-17.52	-74.64	292.5		6		https://s3.amazonaws.com/NARAprodstorage/lz/dc-metro/rg-024/581208/2020-03/581208-omaha-004/581208-omaha-004-031.JPG	https://s3.amazonaws.com/NARAprodstorage/lz/dc-metro/rg-024/581208/2020-03/581208-omaha-004/581208-omaha-004-031.JPG	 					wnw	112	124	8	30.19	72	68	67	68		oc	cum nim	2				
1873-04-18	7	-17.47	-74.72	292.5		6		https://s3.amazonaws.com/NARAprodstorage/lz/dc-metro/rg-024/581208/2020-03/581208-omaha-004/581208-omaha-004-031.JPG	https://s3.amazonaws.com/NARAprodstorage/lz/dc-metro/rg-024/581208/2020-03/581208-omaha-004/581208-omaha-004-031.JPG	 					wnw	112	124	8	30.2	70	67	66	68		oc	cum nim	0				
1873-04-18	8	-17.42	-74.81	292.5		6.4		https://s3.amazonaws.com/NARAprodstorage/lz/dc-metro/rg-024/581208/2020-03/581208-omaha-004/581208-omaha-004-031.JPG	https://s3.amazonaws.com/NARAprodstorage/lz/dc-metro/rg-024/581208/2020-03/581208-omaha-004/581208-omaha-004-031.JPG	 					wnw	112	124	10	30.2	70	68	66	67		oc	cum nim	0				
1873-04-18	9	-17.37	-74.88	292.5		5.2		https://s3.amazonaws.com/NARAprodstorage/lz/dc-metro/rg-024/581208/2020-03/581208-omaha-004/581208-omaha-004-031.JPG	https://s3.amazonaws.com/NARAprodstorage/lz/dc-metro/rg-024/581208/2020-03/581208-omaha-004/581208-omaha-004-031.JPG	 					wnw	112	124	13	30.2	71	69	67	68		oc	cum nim	0				
1873-04-18	10	-17.32	-74.96	292.5		6		https://s3.amazonaws.com/NARAprodstorage/lz/dc-metro/rg-024/581208/2020-03/581208-omaha-004/581208-omaha-004-031.JPG	https://s3.amazonaws.com/NARAprodstorage/lz/dc-metro/rg-024/581208/2020-03/581208-omaha-004/581208-omaha-004-031.JPG	 					wnw	101	112	8	30.23	71	69	67	67		bc	cum nim	0				
1873-04-18	11	-17.28	-75.04	292.5		5.4		https://s3.amazonaws.com/NARAprodstorage/lz/dc-metro/rg-024/581208/2020-03/581208-omaha-004/581208-omaha-004-031.JPG	https://s3.amazonaws.com/NARAprodstorage/lz/dc-metro/rg-024/581208/2020-03/581208-omaha-004/581208-omaha-004-031.JPG	 					wnw	101	112	8	30.21	71	69	67	67		bc	cum nim	1				
1873-04-18	12	-17.23	-75.12	292.5		5.6		https://s3.amazonaws.com/NARAprodstorage/lz/dc-metro/rg-024/581208/2020-03/581208-omaha-004/581208-omaha-004-031.JPG	https://s3.amazonaws.com/NARAprodstorage/lz/dc-metro/rg-024/581208/2020-03/581208-omaha-004/581208-omaha-004-031.JPG	 			17 14S	75 7W	wnw	107	118	8	30.21	72	70	68	67		bc	cum nim	0				
1873-04-18	13	-17.17	-75.21	303.75		7		https://s3.amazonaws.com/NARAprodstorage/lz/dc-metro/rg-024/581208/2020-03/581208-omaha-004/581208-omaha-004-031.JPG	https://s3.amazonaws.com/NARAprodstorage/lz/dc-metro/rg-024/581208/2020-03/581208-omaha-004/581208-omaha-004-031.JPG	 					nwxw	101	112	13	30.2	72	70	67	68		oc	cum	0				
1873-04-18	14	-17.11	-75.3	303.75		6.6		https://s3.amazonaws.com/NARAprodstorage/lz/dc-metro/rg-024/581208/2020-03/581208-omaha-004/581208-omaha-004-031.JPG	https://s3.amazonaws.com/NARAprodstorage/lz/dc-metro/rg-024/581208/2020-03/581208-omaha-004/581208-omaha-004-031.JPG	 					nwxw	101	112	8	30.19	73	69	66	68		oc	cum	0				
1873-04-18	15	-17.05	-75.39	303.75		6.4		https://s3.amazonaws.com/NARAprodstorage/lz/dc-metro/rg-024/581208/2020-03/581208-omaha-004/581208-omaha-004-031.JPG	https://s3.amazonaws.com/NARAprodstorage/lz/dc-metro/rg-024/581208/2020-03/581208-omaha-004/581208-omaha-004-031.JPG	 					nwxw	101	112	8	30.18	73	69	67	68		oc	cum	0				
1873-04-18	16	-17	-75.47	303.75		6		https://s3.amazonaws.com/NARAprodstorage/lz/dc-metro/rg-024/581208/2020-03/581208-omaha-004/581208-omaha-004-031.JPG	https://s3.amazonaws.com/NARAprodstorage/lz/dc-metro/rg-024/581208/2020-03/581208-omaha-004/581208-omaha-004-031.JPG	 					nwxw	101	112	8	30.19	73	69	67	66		oc	cum	0				
1873-04-18	17	-16.96	-75.55	303.75		5.4		https://s3.amazonaws.com/NARAprodstorage/lz/dc-metro/rg-024/581208/2020-03/581208-omaha-004/581208-omaha-004-031.JPG	https://s3.amazonaws.com/NARAprodstorage/lz/dc-metro/rg-024/581208/2020-03/581208-omaha-004/581208-omaha-004-031.JPG	 					nwxw	101	112	8	30.17	72	69	67	66		oc	cum	0				
1873-04-18	18	-16.9	-75.63	303.75		6		https://s3.amazonaws.com/NARAprodstorage/lz/dc-metro/rg-024/581208/2020-03/581208-omaha-004/581208-omaha-004-031.JPG	https://s3.amazonaws.com/NARAprodstorage/lz/dc-metro/rg-024/581208/2020-03/581208-omaha-004/581208-omaha-004-031.JPG	 					nwxw	101	112	8	30.17	72	69	69	67		oc	cum	0				
1873-04-18	19	-16.85	-75.72	303.75		6.4		https://s3.amazonaws.com/NARAprodstorage/lz/dc-metro/rg-024/581208/2020-03/581208-omaha-004/581208-omaha-004-031.JPG	https://s3.amazonaws.com/NARAprodstorage/lz/dc-metro/rg-024/581208/2020-03/581208-omaha-004/581208-omaha-004-031.JPG	 					nwxw	101	112	13	30.17	69	69	68	67		oc	cum nim	0				
1873-04-18	20	-16.78	-75.82	303.75		7.4		https://s3.amazonaws.com/NARAprodstorage/lz/dc-metro/rg-024/581208/2020-03/581208-omaha-004/581208-omaha-004-031.JPG	https://s3.amazonaws.com/NARAprodstorage/lz/dc-metro/rg-024/581208/2020-03/581208-omaha-004/581208-omaha-004-031.JPG	 					nwxw	101	112	13	30.17	72	68	67	67		oc	cum nim	2				
1873-04-18	21	-16.72	-75.91	303.75		6.6		https://s3.amazonaws.com/NARAprodstorage/lz/dc-metro/rg-024/581208/2020-03/581208-omaha-004/581208-omaha-004-031.JPG	https://s3.amazonaws.com/NARAprodstorage/lz/dc-metro/rg-024/581208/2020-03/581208-omaha-004/581208-omaha-004-031.JPG	 					nwxw	135	146	13	30.17	72	68	69	67		bc	cum nim	3				
1873-04-18	22	-16.67	-75.99	303.75		6		https://s3.amazonaws.com/NARAprodstorage/lz/dc-metro/rg-024/581208/2020-03/581208-omaha-004/581208-omaha-004-031.JPG	https://s3.amazonaws.com/NARAprodstorage/lz/dc-metro/rg-024/581208/2020-03/581208-omaha-004/581208-omaha-004-031.JPG	 					nwxw	135	146	13	30.17	72	68	69	67		bc	cum nim	3				
1873-04-18	23	-16.61	-76.08	303.75		6.2		https://s3.amazonaws.com/NARAprodstorage/lz/dc-metro/rg-024/581208/2020-03/581208-omaha-004/581208-omaha-004-031.JPG	https://s3.amazonaws.com/NARAprodstorage/lz/dc-metro/rg-024/581208/2020-03/581208-omaha-004/581208-omaha-004-031.JPG	 					nwxw	135	146	13	30.17	70	67	66	67		bc	cum nim	5				
1873-04-18	24	-16.56	-76.16	303.75		6		https://s3.amazonaws.com/NARAprodstorage/lz/dc-metro/rg-024/581208/2020-03/581208-omaha-004/581208-omaha-004-031.JPG	https://s3.amazonaws.com/NARAprodstorage/lz/dc-metro/rg-024/581208/2020-03/581208-omaha-004/581208-omaha-004-031.JPG	 					nwxw	135	146	13	30.17	70	67		67		bc	cum nim	4				
1873-04-19	1	-16.48	-76.19	337.5		6		https://s3.amazonaws.com/NARAprodstorage/lz/dc-metro/rg-024/581208/2020-03/581208-omaha-004/581208-omaha-004-032.JPG	https://s3.amazonaws.com/NARAprodstorage/lz/dc-metro/rg-024/581208/2020-03/581208-omaha-004/581208-omaha-004-032.JPG	 					nnw	146	157	8	30.16	69	67	65	68		cir	bc	5				
1873-04-19	2	-16.41	-76.22	337.5		5.6		https://s3.amazonaws.com/NARAprodstorage/lz/dc-metro/rg-024/581208/2020-03/581208-omaha-004/581208-omaha-004-032.JPG	https://s3.amazonaws.com/NARAprodstorage/lz/dc-metro/rg-024/581208/2020-03/581208-omaha-004/581208-omaha-004-032.JPG	 					nnw	146	157	8	30.16	69	66	65	68		cir	bc	5				
1873-04-19	3	-16.34	-76.25	337.5		5.4		https://s3.amazonaws.com/NARAprodstorage/lz/dc-metro/rg-024/581208/2020-03/581208-omaha-004/581208-omaha-004-032.JPG	https://s3.amazonaws.com/NARAprodstorage/lz/dc-metro/rg-024/581208/2020-03/581208-omaha-004/581208-omaha-004-032.JPG	 					nnw	146	157	8	30.16	69	66	65	68		cum	bc	5				
1873-04-19	4	-16.27	-76.28	337.5		5.6		https://s3.amazonaws.com/NARAprodstorage/lz/dc-metro/rg-024/581208/2020-03/581208-omaha-004/581208-omaha-004-032.JPG	https://s3.amazonaws.com/NARAprodstorage/lz/dc-metro/rg-024/581208/2020-03/581208-omaha-004/581208-omaha-004-032.JPG	 					nnw	146	157	8	30.14	68	66	65	68		cum	bc	3				
1873-04-19	5	-16.19	-76.3	337.5		5.6		https://s3.amazonaws.com/NARAprodstorage/lz/dc-metro/rg-024/581208/2020-03/581208-omaha-004/581208-omaha-004-032.JPG	https://s3.amazonaws.com/NARAprodstorage/lz/dc-metro/rg-024/581208/2020-03/581208-omaha-004/581208-omaha-004-032.JPG	 					nnw	146	157	8	30.14	68	66	65	68		cum	bc	3				
1873-04-19	6	-16.11	-76.33	337.5		6		https://s3.amazonaws.com/NARAprodstorage/lz/dc-metro/rg-024/581208/2020-03/581208-omaha-004/581208-omaha-004-032.JPG	https://s3.amazonaws.com/NARAprodstorage/lz/dc-metro/rg-024/581208/2020-03/581208-omaha-004/581208-omaha-004-032.JPG	 					nnw	146	157	8	30.17	70	66	65	67		cum str	bc	8				
1873-04-19	7	-16.03	-76.36	337.5		6		https://s3.amazonaws.com/NARAprodstorage/lz/dc-metro/rg-024/581208/2020-03/581208-omaha-004/581208-omaha-004-032.JPG	https://s3.amazonaws.com/NARAprodstorage/lz/dc-metro/rg-024/581208/2020-03/581208-omaha-004/581208-omaha-004-032.JPG	 					nnw	146	157	8	30.17	70	66	65	67		cum str	bc	8				
1873-04-19	8	-15.96	-76.39	337.5		5.6		https://s3.amazonaws.com/NARAprodstorage/lz/dc-metro/rg-024/581208/2020-03/581208-omaha-004/581208-omaha-004-032.JPG	https://s3.amazonaws.com/NARAprodstorage/lz/dc-metro/rg-024/581208/2020-03/581208-omaha-004/581208-omaha-004-032.JPG	0830: cc NW.					nnw	124	135	8	30.17	70	66	65	67		cum str	bc	9				
1873-04-19	9	-15.89	-76.41	343		5.2		https://s3.amazonaws.com/NARAprodstorage/lz/dc-metro/rg-024/581208/2020-03/581208-omaha-004/581208-omaha-004-032.JPG	https://s3.amazonaws.com/NARAprodstorage/lz/dc-metro/rg-024/581208/2020-03/581208-omaha-004/581208-omaha-004-032.JPG	 					nxw	124	135	8	30.2	69	66	66	67		cir str	bc	8				
1873-04-19	10	-15.83	-76.48	315		6		https://s3.amazonaws.com/NARAprodstorage/lz/dc-metro/rg-024/581208/2020-03/581208-omaha-004/581208-omaha-004-032.JPG	https://s3.amazonaws.com/NARAprodstorage/lz/dc-metro/rg-024/581208/2020-03/581208-omaha-004/581208-omaha-004-032.JPG	 					nw	124	135	8	30.2	70	68	66	67		cir str	bc	9				
1873-04-19	11	-15.78	-76.53	315		5		https://s3.amazonaws.com/NARAprodstorage/lz/dc-metro/rg-024/581208/2020-03/581208-omaha-004/581208-omaha-004-032.JPG	https://s3.amazonaws.com/NARAprodstorage/lz/dc-metro/rg-024/581208/2020-03/581208-omaha-004/581208-omaha-004-032.JPG	 					nw	124	135	5	30.2	72	70	67	67		cir cum	bc	8				
1873-04-19	12	-15.73	-76.58	315		4.4		https://s3.amazonaws.com/NARAprodstorage/lz/dc-metro/rg-024/581208/2020-03/581208-omaha-004/581208-omaha-004-032.JPG	https://s3.amazonaws.com/NARAprodstorage/lz/dc-metro/rg-024/581208/2020-03/581208-omaha-004/581208-omaha-004-032.JPG	Noon: cc NWxW.			15 44S	76 35W	nw	124	135	5	30.2	73	71	68	67		cir cum	bc	8				
1873-04-19	13	-15.67	-76.62	329		4.4		https://s3.amazonaws.com/NARAprodstorage/lz/dc-metro/rg-024/581208/2020-03/581208-omaha-004/581208-omaha-004-032.JPG	https://s3.amazonaws.com/NARAprodstorage/lz/dc-metro/rg-024/581208/2020-03/581208-omaha-004/581208-omaha-004-032.JPG	 					nwxn|nnw1/2w	146	157	5	30.18	71	70	69	68		bc	cum cir	8				
1873-04-19	14	-15.59	-76.66	331.88		5		https://s3.amazonaws.com/NARAprodstorage/lz/dc-metro/rg-024/581208/2020-03/581208-omaha-004/581208-omaha-004-032.JPG	https://s3.amazonaws.com/NARAprodstorage/lz/dc-metro/rg-024/581208/2020-03/581208-omaha-004/581208-omaha-004-032.JPG	 					nnw1/2w	135	146	8	30.16	72	70	69	68		bc	cum cir	9				
1873-04-19	15	-15.51	-76.69	331.88		5		https://s3.amazonaws.com/NARAprodstorage/lz/dc-metro/rg-024/581208/2020-03/581208-omaha-004/581208-omaha-004-032.JPG	https://s3.amazonaws.com/NARAprodstorage/lz/dc-metro/rg-024/581208/2020-03/581208-omaha-004/581208-omaha-004-032.JPG	 					nnw1/2w	135	146	8	30.15	72	69	69	68		bc	cum cir	9				
1873-04-19	16	-15.43	-76.73	331.88		5		https://s3.amazonaws.com/NARAprodstorage/lz/dc-metro/rg-024/581208/2020-03/581208-omaha-004/581208-omaha-004-032.JPG	https://s3.amazonaws.com/NARAprodstorage/lz/dc-metro/rg-024/581208/2020-03/581208-omaha-004/581208-omaha-004-032.JPG	 					nnw1/2w	135	146	8	30.16	73	70	68	68		bc	cum cir	9				
1873-04-19	17	-15.37	-76.76	331.88		4		https://s3.amazonaws.com/NARAprodstorage/lz/dc-metro/rg-024/581208/2020-03/581208-omaha-004/581208-omaha-004-032.JPG	https://s3.amazonaws.com/NARAprodstorage/lz/dc-metro/rg-024/581208/2020-03/581208-omaha-004/581208-omaha-004-032.JPG	 					nnw1/2w	135	146	8	30.18	73	69	68	68		bc	cum cir	9				
1873-04-19	18	-15.31	-76.79	331.88		4		https://s3.amazonaws.com/NARAprodstorage/lz/dc-metro/rg-024/581208/2020-03/581208-omaha-004/581208-omaha-004-032.JPG	https://s3.amazonaws.com/NARAprodstorage/lz/dc-metro/rg-024/581208/2020-03/581208-omaha-004/581208-omaha-004-032.JPG	 					nnw1/2w	135	146	8	30.2	73	68	67	68		bc	cum cir	9				
1873-04-19	19	-15.23	-76.83	331.88		5		https://s3.amazonaws.com/NARAprodstorage/lz/dc-metro/rg-024/581208/2020-03/581208-omaha-004/581208-omaha-004-032.JPG	https://s3.amazonaws.com/NARAprodstorage/lz/dc-metro/rg-024/581208/2020-03/581208-omaha-004/581208-omaha-004-032.JPG	 					nnw1/2w	135	146	8	30.2	73	69	67	68		bc	cum cir	8				
1873-04-19	20	-15.15	-76.86	331.88		5		https://s3.amazonaws.com/NARAprodstorage/lz/dc-metro/rg-024/581208/2020-03/581208-omaha-004/581208-omaha-004-032.JPG	https://s3.amazonaws.com/NARAprodstorage/lz/dc-metro/rg-024/581208/2020-03/581208-omaha-004/581208-omaha-004-032.JPG	2005: cc NNW.					nnw1/2w	135	146	8	30.22	73	68	66	68		bc	cum cir	9				
1873-04-19	21	-15.05	-76.91	331.88		6		https://s3.amazonaws.com/NARAprodstorage/lz/dc-metro/rg-024/581208/2020-03/581208-omaha-004/581208-omaha-004-032.JPG	https://s3.amazonaws.com/NARAprodstorage/lz/dc-metro/rg-024/581208/2020-03/581208-omaha-004/581208-omaha-004-032.JPG	 					nnw1/2w	135	146	8	30.26	72	67	66	68		b	none	10				
1873-04-19	22	-14.96	-76.95	331.88		6		https://s3.amazonaws.com/NARAprodstorage/lz/dc-metro/rg-024/581208/2020-03/581208-omaha-004/581208-omaha-004-032.JPG	https://s3.amazonaws.com/NARAprodstorage/lz/dc-metro/rg-024/581208/2020-03/581208-omaha-004/581208-omaha-004-032.JPG	 					nnw1/2w	135	146	13	30.21	72	66	66	68		bcmb	cir	8				
1873-04-19	23	-14.85	-77	331.88		7		https://s3.amazonaws.com/NARAprodstorage/lz/dc-metro/rg-024/581208/2020-03/581208-omaha-004/581208-omaha-004-032.JPG	https://s3.amazonaws.com/NARAprodstorage/lz/dc-metro/rg-024/581208/2020-03/581208-omaha-004/581208-omaha-004-032.JPG	 					nnw1/2w	135	146	8	30.21	71	66	66	68		bcmb	cir	8				
1873-04-19	24	-14.74	-77.04	331.88		7		https://s3.amazonaws.com/NARAprodstorage/lz/dc-metro/rg-024/581208/2020-03/581208-omaha-004/581208-omaha-004-032.JPG	https://s3.amazonaws.com/NARAprodstorage/lz/dc-metro/rg-024/581208/2020-03/581208-omaha-004/581208-omaha-004-032.JPG	 					nnw1/2w	135	146	13	30.21	69	65	66	68		bcmb	cir	8				
1873-04-20	1	-14.62	-77.08	337.5		7.4		https://s3.amazonaws.com/NARAprodstorage/lz/dc-metro/rg-024/581208/2020-03/581208-omaha-004/581208-omaha-004-033.JPG	https://s3.amazonaws.com/NARAprodstorage/lz/dc-metro/rg-024/581208/2020-03/581208-omaha-004/581208-omaha-004-033.JPG	 					nnw	135	146	13	30.2	67	65	65	66		b	none	10				
1873-04-20	2	-14.5	-77.12	337.5		7.2		https://s3.amazonaws.com/NARAprodstorage/lz/dc-metro/rg-024/581208/2020-03/581208-omaha-004/581208-omaha-004-033.JPG	https://s3.amazonaws.com/NARAprodstorage/lz/dc-metro/rg-024/581208/2020-03/581208-omaha-004/581208-omaha-004-033.JPG	 					nnw	135	146	13	30.2	67	65	65	66		b	none	10				
1873-04-20	3	-14.38	-77.15	337.5		7.4		https://s3.amazonaws.com/NARAprodstorage/lz/dc-metro/rg-024/581208/2020-03/581208-omaha-004/581208-omaha-004-033.JPG	https://s3.amazonaws.com/NARAprodstorage/lz/dc-metro/rg-024/581208/2020-03/581208-omaha-004/581208-omaha-004-033.JPG	 					nnw	124	135	13	30.2	67	65	65	66		b	none	10				
1873-04-20	4	-14.25	-77.19	337.5		8		https://s3.amazonaws.com/NARAprodstorage/lz/dc-metro/rg-024/581208/2020-03/581208-omaha-004/581208-omaha-004-033.JPG	https://s3.amazonaws.com/NARAprodstorage/lz/dc-metro/rg-024/581208/2020-03/581208-omaha-004/581208-omaha-004-033.JPG	 					nnw	124	135	13	30.2	66	65	64	66		b	none	10				
1873-04-20	5	-14.13	-77.23	337.5		7.4		https://s3.amazonaws.com/NARAprodstorage/lz/dc-metro/rg-024/581208/2020-03/581208-omaha-004/581208-omaha-004-033.JPG	https://s3.amazonaws.com/NARAprodstorage/lz/dc-metro/rg-024/581208/2020-03/581208-omaha-004/581208-omaha-004-033.JPG	 					nnw	124	135	13	30.2	66	65	65	66		b	none	10				
1873-04-20	6	-14.02	-77.27	337.5		7.2		https://s3.amazonaws.com/NARAprodstorage/lz/dc-metro/rg-024/581208/2020-03/581208-omaha-004/581208-omaha-004-033.JPG	https://s3.amazonaws.com/NARAprodstorage/lz/dc-metro/rg-024/581208/2020-03/581208-omaha-004/581208-omaha-004-033.JPG	0600: cc NxW.					nnw	135	146	13	30.1	67	65	66	66		b	none	10				
1873-04-20	7	-13.88	-77.28	348.75		8.4		https://s3.amazonaws.com/NARAprodstorage/lz/dc-metro/rg-024/581208/2020-03/581208-omaha-004/581208-omaha-004-033.JPG	https://s3.amazonaws.com/NARAprodstorage/lz/dc-metro/rg-024/581208/2020-03/581208-omaha-004/581208-omaha-004-033.JPG	 					nxw	135	146	13	30.1	67	65	67	66		b	none	10				
1873-04-20	8	-13.75	-77.29	348.75		8		https://s3.amazonaws.com/NARAprodstorage/lz/dc-metro/rg-024/581208/2020-03/581208-omaha-004/581208-omaha-004-033.JPG	https://s3.amazonaws.com/NARAprodstorage/lz/dc-metro/rg-024/581208/2020-03/581208-omaha-004/581208-omaha-004-033.JPG	 					nxw	135	146	13	30.2	69	67	67	66		b	none	10				
1873-04-20	9	-13.61	-77.3	348.75		8		https://s3.amazonaws.com/NARAprodstorage/lz/dc-metro/rg-024/581208/2020-03/581208-omaha-004/581208-omaha-004-033.JPG	https://s3.amazonaws.com/NARAprodstorage/lz/dc-metro/rg-024/581208/2020-03/581208-omaha-004/581208-omaha-004-033.JPG	 					nxw	135	146	13	30.2	70	68	67	66		b	none	10				
1873-04-20	10	-13.5	-77.32	348.75		7		https://s3.amazonaws.com/NARAprodstorage/lz/dc-metro/rg-024/581208/2020-03/581208-omaha-004/581208-omaha-004-033.JPG	https://s3.amazonaws.com/NARAprodstorage/lz/dc-metro/rg-024/581208/2020-03/581208-omaha-004/581208-omaha-004-033.JPG	 					nxw	135	146	13	30.2	71	67	68	67		bm	none	10				
1873-04-20	11	-13.4	-77.32	354.38		6		https://s3.amazonaws.com/NARAprodstorage/lz/dc-metro/rg-024/581208/2020-03/581208-omaha-004/581208-omaha-004-033.JPG	https://s3.amazonaws.com/NARAprodstorage/lz/dc-metro/rg-024/581208/2020-03/581208-omaha-004/581208-omaha-004-033.JPG	 					n1/2w	135	146	13	30.21	72	70	69	68		bm	none	10				
1873-04-20	12	-13.28	-77.32	354.38		7		https://s3.amazonaws.com/NARAprodstorage/lz/dc-metro/rg-024/581208/2020-03/581208-omaha-004/581208-omaha-004-033.JPG	https://s3.amazonaws.com/NARAprodstorage/lz/dc-metro/rg-024/581208/2020-03/581208-omaha-004/581208-omaha-004-033.JPG	 			13 17S	77 19W	n1/2w	135	146	13	30.2	72	70	68	68		bm	none	10				
1873-04-20	13	-13.16	-77.32	354.38		7		https://s3.amazonaws.com/NARAprodstorage/lz/dc-metro/rg-024/581208/2020-03/581208-omaha-004/581208-omaha-004-033.JPG	https://s3.amazonaws.com/NARAprodstorage/lz/dc-metro/rg-024/581208/2020-03/581208-omaha-004/581208-omaha-004-033.JPG	 					n1/2w	135	146	13	30.19	72	70	68	66		bc	cum	8				
1873-04-20	14	-13.04	-77.32	354.38		6.4		https://s3.amazonaws.com/NARAprodstorage/lz/dc-metro/rg-024/581208/2020-03/581208-omaha-004/581208-omaha-004-033.JPG	https://s3.amazonaws.com/NARAprodstorage/lz/dc-metro/rg-024/581208/2020-03/581208-omaha-004/581208-omaha-004-033.JPG	 					n1/2w	135	146	13	30.18	72	70	68	65		bc	cum	9				
1873-04-20	15	-12.92	-77.32	354.38		6.6		https://s3.amazonaws.com/NARAprodstorage/lz/dc-metro/rg-024/581208/2020-03/581208-omaha-004/581208-omaha-004-033.JPG	https://s3.amazonaws.com/NARAprodstorage/lz/dc-metro/rg-024/581208/2020-03/581208-omaha-004/581208-omaha-004-033.JPG	 					n1/2w	135	146	13	30.16	72	71	68	64		bc	cum	9				
1873-04-20	16	-12.81	-77.32	354.38		6.4		https://s3.amazonaws.com/NARAprodstorage/lz/dc-metro/rg-024/581208/2020-03/581208-omaha-004/581208-omaha-004-033.JPG	https://s3.amazonaws.com/NARAprodstorage/lz/dc-metro/rg-024/581208/2020-03/581208-omaha-004/581208-omaha-004-033.JPG	 					n1/2w	135	146	13	30.16	72	71	68	64		bc	cum	9				
1873-04-20	17	-12.69	-77.32	354.38		6.4		https://s3.amazonaws.com/NARAprodstorage/lz/dc-metro/rg-024/581208/2020-03/581208-omaha-004/581208-omaha-004-033.JPG	https://s3.amazonaws.com/NARAprodstorage/lz/dc-metro/rg-024/581208/2020-03/581208-omaha-004/581208-omaha-004-033.JPG	 					n1/2w	135	146	8	30.13	70	68	67	64		bc	cum str	8				
1873-04-20	18	-12.58	-77.33	354.38		6		https://s3.amazonaws.com/NARAprodstorage/lz/dc-metro/rg-024/581208/2020-03/581208-omaha-004/581208-omaha-004-033.JPG	https://s3.amazonaws.com/NARAprodstorage/lz/dc-metro/rg-024/581208/2020-03/581208-omaha-004/581208-omaha-004-033.JPG	 					n1/2w	135	146	8	30.13	69	67	66	64		bc	cum str	7				
1873-04-20	19	-12.49	-77.33	354.38		5		https://s3.amazonaws.com/NARAprodstorage/lz/dc-metro/rg-024/581208/2020-03/581208-omaha-004/581208-omaha-004-033.JPG	https://s3.amazonaws.com/NARAprodstorage/lz/dc-metro/rg-024/581208/2020-03/581208-omaha-004/581208-omaha-004-033.JPG	 					n1/2w	135	146	8	30.11	69	66	65	64		bc	cum str	8				
1873-04-20	20	-12.42	-77.33	354.38		4		https://s3.amazonaws.com/NARAprodstorage/lz/dc-metro/rg-024/581208/2020-03/581208-omaha-004/581208-omaha-004-033.JPG	https://s3.amazonaws.com/NARAprodstorage/lz/dc-metro/rg-024/581208/2020-03/581208-omaha-004/581208-omaha-004-033.JPG	 					n1/2w	135	146	8	30.16	70	67	66	64		bc	cum str	8				
1873-04-20	21	-12.33	-77.34	354.38		4.4		https://s3.amazonaws.com/NARAprodstorage/lz/dc-metro/rg-024/581208/2020-03/581208-omaha-004/581208-omaha-004-033.JPG	https://s3.amazonaws.com/NARAprodstorage/lz/dc-metro/rg-024/581208/2020-03/581208-omaha-004/581208-omaha-004-033.JPG	 					n1/2w	135	146	8	30.17	70	66	66	64		bcm	cum str	8				
1873-04-20	22	-12.26	-77.34	354.38		4		https://s3.amazonaws.com/NARAprodstorage/lz/dc-metro/rg-024/581208/2020-03/581208-omaha-004/581208-omaha-004-033.JPG	https://s3.amazonaws.com/NARAprodstorage/lz/dc-metro/rg-024/581208/2020-03/581208-omaha-004/581208-omaha-004-033.JPG	2200: cc NNW.					n1/2w	135	145	8	30.19	69	65	65	64		bcm	cum str	8				
1873-04-20	23	-12.19	-77.37	337.5		3.6		https://s3.amazonaws.com/NARAprodstorage/lz/dc-metro/rg-024/581208/2020-03/581208-omaha-004/581208-omaha-004-033.JPG	https://s3.amazonaws.com/NARAprodstorage/lz/dc-metro/rg-024/581208/2020-03/581208-omaha-004/581208-omaha-004-033.JPG	 					nnw	135	145	8	30.2	68	65	65	64		bcm	cum nim	8				
1873-04-20	24	-12.13	-77.39	337.5		3.2		https://s3.amazonaws.com/NARAprodstorage/lz/dc-metro/rg-024/581208/2020-03/581208-omaha-004/581208-omaha-004-033.JPG	https://s3.amazonaws.com/NARAprodstorage/lz/dc-metro/rg-024/581208/2020-03/581208-omaha-004/581208-omaha-004-033.JPG	 					nnw	135	145	8	30.2	68	65	64	64		bcm	cum nim	8				
1873-04-21	1	-12.11	-77.4	354.38		0.4		https://s3.amazonaws.com/NARAprodstorage/lz/dc-metro/rg-024/581208/2020-03/581208-omaha-004/581208-omaha-004-034.JPG	https://s3.amazonaws.com/NARAprodstorage/lz/dc-metro/rg-024/581208/2020-03/581208-omaha-004/581208-omaha-004-034.JPG	 					n1/2w	158	168	5	30.18	66	65	65	63		b	none	10				
1873-04-21	2	-12.1	-77.41	225		0.2		https://s3.amazonaws.com/NARAprodstorage/lz/dc-metro/rg-024/581208/2020-03/581208-omaha-004/581208-omaha-004-034.JPG	https://s3.amazonaws.com/NARAprodstorage/lz/dc-metro/rg-024/581208/2020-03/581208-omaha-004/581208-omaha-004-034.JPG	0230: Sighted Isla San Lorenzo.					sw	158	168	5	30.18	65	64	63	63		bc	cir cum	9				
1873-04-21	3	-12.1	-77.42	225		0.2		https://s3.amazonaws.com/NARAprodstorage/lz/dc-metro/rg-024/581208/2020-03/581208-omaha-004/581208-omaha-004-034.JPG	https://s3.amazonaws.com/NARAprodstorage/lz/dc-metro/rg-024/581208/2020-03/581208-omaha-004/581208-omaha-004-034.JPG	 					sw	158	168	5	30.2	65	64	64	63		bc	cir cum	9				
1873-04-21	4	-12.09	-77.43			0		https://s3.amazonaws.com/NARAprodstorage/lz/dc-metro/rg-024/581208/2020-03/581208-omaha-004/581208-omaha-004-034.JPG	https://s3.amazonaws.com/NARAprodstorage/lz/dc-metro/rg-024/581208/2020-03/581208-omaha-004/581208-omaha-004-034.JPG	 					sw	158	168	5	30.2	65	64	64	63		bc	cir cum	9				
1873-04-21	5	-12.08	-77.44			0		https://s3.amazonaws.com/NARAprodstorage/lz/dc-metro/rg-024/581208/2020-03/581208-omaha-004/581208-omaha-004-034.JPG	https://s3.amazonaws.com/NARAprodstorage/lz/dc-metro/rg-024/581208/2020-03/581208-omaha-004/581208-omaha-004-034.JPG	 					sw	158	168	5	30.2	65	64	64	63		bc	cir cum	3				
1873-04-21	6	-12.07	-77.45			0		https://s3.amazonaws.com/NARAprodstorage/lz/dc-metro/rg-024/581208/2020-03/581208-omaha-004/581208-omaha-004-034.JPG	https://s3.amazonaws.com/NARAprodstorage/lz/dc-metro/rg-024/581208/2020-03/581208-omaha-004/581208-omaha-004-034.JPG	 					sw	158	168	5	30.2	65	64	64	63		ocm	cir cum	0				
1873-04-21	7	-12.02	-77.42	33.75		3.2		https://s3.amazonaws.com/NARAprodstorage/lz/dc-metro/rg-024/581208/2020-03/581208-omaha-004/581208-omaha-004-034.JPG	https://s3.amazonaws.com/NARAprodstorage/lz/dc-metro/rg-024/581208/2020-03/581208-omaha-004/581208-omaha-004-034.JPG	 					nexn	158	168	5	30.2	65	63	64	63		ocm	cir cum	0				
1873-04-21	8	-11.95	-77.37	33.75		5		https://s3.amazonaws.com/NARAprodstorage/lz/dc-metro/rg-024/581208/2020-03/581208-omaha-004/581208-omaha-004-034.JPG	https://s3.amazonaws.com/NARAprodstorage/lz/dc-metro/rg-024/581208/2020-03/581208-omaha-004/581208-omaha-004-034.JPG	 					nexn	158	168	5	30.2	65	63	64	63		ocm	cir nim	0				
1873-04-21	9	-11.89	-77.34	33.75		4		https://s3.amazonaws.com/NARAprodstorage/lz/dc-metro/rg-024/581208/2020-03/581208-omaha-004/581208-omaha-004-034.JPG	https://s3.amazonaws.com/NARAprodstorage/lz/dc-metro/rg-024/581208/2020-03/581208-omaha-004/581208-omaha-004-034.JPG	 					nexn	158	168	5	30.2	65	63	64	63		ocm	cir nim	0				
1873-04-21	10	-11.89	-77.35			0		https://s3.amazonaws.com/NARAprodstorage/lz/dc-metro/rg-024/581208/2020-03/581208-omaha-004/581208-omaha-004-034.JPG	https://s3.amazonaws.com/NARAprodstorage/lz/dc-metro/rg-024/581208/2020-03/581208-omaha-004/581208-omaha-004-034.JPG	 					nexn	158	168	5	30.21	65	63	64	63		ocm	cir nim	0				
1873-04-21	11	-11.88	-77.36			0		https://s3.amazonaws.com/NARAprodstorage/lz/dc-metro/rg-024/581208/2020-03/581208-omaha-004/581208-omaha-004-034.JPG	https://s3.amazonaws.com/NARAprodstorage/lz/dc-metro/rg-024/581208/2020-03/581208-omaha-004/581208-omaha-004-034.JPG	 					nexn	158	168	5	30.21	65	63	64	63		ocm	cir nim	0				
1873-04-21	12	-11.87	-77.37			0		https://s3.amazonaws.com/NARAprodstorage/lz/dc-metro/rg-024/581208/2020-03/581208-omaha-004/581208-omaha-004-034.JPG	https://s3.amazonaws.com/NARAprodstorage/lz/dc-metro/rg-024/581208/2020-03/581208-omaha-004/581208-omaha-004-034.JPG	Noon: Stood S+E.			11 52S	77 22W	nexn	158	168	5	30.21	65	63	64	63		ocm	cir nim	0				
1873-04-21	13	-11.9	-77.32	123.75		4		https://s3.amazonaws.com/NARAprodstorage/lz/dc-metro/rg-024/581208/2020-03/581208-omaha-004/581208-omaha-004-034.JPG	https://s3.amazonaws.com/NARAprodstorage/lz/dc-metro/rg-024/581208/2020-03/581208-omaha-004/581208-omaha-004-034.JPG	1320: Sighted Islas Hormigas de Afuera.					sexe	135	145	5	30.21	66	64	64	63		ocm	cir nim	0				
1873-04-21	14	-11.97	-77.3	149		4.6		https://s3.amazonaws.com/NARAprodstorage/lz/dc-metro/rg-024/581208/2020-03/581208-omaha-004/581208-omaha-004-034.JPG	https://s3.amazonaws.com/NARAprodstorage/lz/dc-metro/rg-024/581208/2020-03/581208-omaha-004/581208-omaha-004-034.JPG	 					sse1/2e | sexs	135	145	5	30.21	67	65	64	63		oc	cir nim	5				
1873-04-21	15	-11.97	-77.23	90		5		https://s3.amazonaws.com/NARAprodstorage/lz/dc-metro/rg-024/581208/2020-03/581208-omaha-004/581208-omaha-004-034.JPG	https://s3.amazonaws.com/NARAprodstorage/lz/dc-metro/rg-024/581208/2020-03/581208-omaha-004/581208-omaha-004-034.JPG	 					e	135	145	13	30.21	67	65	64	63		oc	cir nim	2				
1873-04-21	16	-12.02	-77.19	888		5		https://s3.amazonaws.com/NARAprodstorage/lz/dc-metro/rg-024/581208/2020-03/581208-omaha-004/581208-omaha-004-034.JPG	https://s3.amazonaws.com/NARAprodstorage/lz/dc-metro/rg-024/581208/2020-03/581208-omaha-004/581208-omaha-004-034.JPG	1600: Standing up the bay of Callao.						135	145	13	30.21	67	65	64	63		oc	cir nim	2			1600: USS Pensascola and USS Onward.	
1873-04-21	17	-12.05	-77.17	888		5		https://s3.amazonaws.com/NARAprodstorage/lz/dc-metro/rg-024/581208/2020-03/581208-omaha-004/581208-omaha-004-034.JPG	https://s3.amazonaws.com/NARAprodstorage/lz/dc-metro/rg-024/581208/2020-03/581208-omaha-004/581208-omaha-004-034.JPG	1700: Anchored. Callao.						135	145	5	30.2	68	65	65	63		oc	cir nim	3				
1873-04-21	18	-12.05	-77.17			a		https://s3.amazonaws.com/NARAprodstorage/lz/dc-metro/rg-024/581208/2020-03/581208-omaha-004/581208-omaha-004-034.JPG	https://s3.amazonaws.com/NARAprodstorage/lz/dc-metro/rg-024/581208/2020-03/581208-omaha-004/581208-omaha-004-034.JPG	 						135	145	5	30.2	68	65	65	63		oc	cir nim	3				
1873-04-21	19	-12.05	-77.17			a		https://s3.amazonaws.com/NARAprodstorage/lz/dc-metro/rg-024/581208/2020-03/581208-omaha-004/581208-omaha-004-034.JPG	https://s3.amazonaws.com/NARAprodstorage/lz/dc-metro/rg-024/581208/2020-03/581208-omaha-004/581208-omaha-004-034.JPG	 						135	145	5	30.2	68	64	64	63		oc	cir nim	3				
1873-04-21	20	-12.05	-77.17			a		https://s3.amazonaws.com/NARAprodstorage/lz/dc-metro/rg-024/581208/2020-03/581208-omaha-004/581208-omaha-004-034.JPG	https://s3.amazonaws.com/NARAprodstorage/lz/dc-metro/rg-024/581208/2020-03/581208-omaha-004/581208-omaha-004-034.JPG	 						158	168	5	30.2	69	64	64	63		bc	cir nim	3				
1873-04-21	21	-12.05	-77.17			a		https://s3.amazonaws.com/NARAprodstorage/lz/dc-metro/rg-024/581208/2020-03/581208-omaha-004/581208-omaha-004-034.JPG	https://s3.amazonaws.com/NARAprodstorage/lz/dc-metro/rg-024/581208/2020-03/581208-omaha-004/581208-omaha-004-034.JPG	 						158	168	5	30.2	68	64	64	63		bc	cir nim	2				
1873-04-21	22	-12.05	-77.17			a		https://s3.amazonaws.com/NARAprodstorage/lz/dc-metro/rg-024/581208/2020-03/581208-omaha-004/581208-omaha-004-034.JPG	https://s3.amazonaws.com/NARAprodstorage/lz/dc-metro/rg-024/581208/2020-03/581208-omaha-004/581208-omaha-004-034.JPG	 						0	0	0	30.2	68	64	64	63		bc	cir nim	6				
1873-04-21	23	-12.05	-77.17			a		https://s3.amazonaws.com/NARAprodstorage/lz/dc-metro/rg-024/581208/2020-03/581208-omaha-004/581208-omaha-004-034.JPG	https://s3.amazonaws.com/NARAprodstorage/lz/dc-metro/rg-024/581208/2020-03/581208-omaha-004/581208-omaha-004-034.JPG	 						0	0	0	30.2	68	64	64	63		bcm	cir nim	5				
1873-04-21	24	-12.05	-77.17			a		https://s3.amazonaws.com/NARAprodstorage/lz/dc-metro/rg-024/581208/2020-03/581208-omaha-004/581208-omaha-004-034.JPG	https://s3.amazonaws.com/NARAprodstorage/lz/dc-metro/rg-024/581208/2020-03/581208-omaha-004/581208-omaha-004-034.JPG	 						0	0	0	30.2	68	64	64	63		bcm	cir nim	4				
1873-04-22	1	-12.05	-77.17			a		https://s3.amazonaws.com/NARAprodstorage/lz/dc-metro/rg-024/581208/2020-03/581208-omaha-004/581208-omaha-004-035.JPG	https://s3.amazonaws.com/NARAprodstorage/lz/dc-metro/rg-024/581208/2020-03/581208-omaha-004/581208-omaha-004-036.JPG	 						0	0	0	30.2	66	64	63			bc	cir cum	8				
1873-04-22	2	-12.05	-77.17			a		https://s3.amazonaws.com/NARAprodstorage/lz/dc-metro/rg-024/581208/2020-03/581208-omaha-004/581208-omaha-004-035.JPG	https://s3.amazonaws.com/NARAprodstorage/lz/dc-metro/rg-024/581208/2020-03/581208-omaha-004/581208-omaha-004-035.JPG	 						191	201	5	30.2	66	64	63			bc	cir cum	8				
1873-04-22	3	-12.05	-77.17			a		https://s3.amazonaws.com/NARAprodstorage/lz/dc-metro/rg-024/581208/2020-03/581208-omaha-004/581208-omaha-004-035.JPG	https://s3.amazonaws.com/NARAprodstorage/lz/dc-metro/rg-024/581208/2020-03/581208-omaha-004/581208-omaha-004-035.JPG	 						191	201	2	30.19	66	64	63			bc	cir cum	7				
1873-04-22	4	-12.05	-77.17			a		https://s3.amazonaws.com/NARAprodstorage/lz/dc-metro/rg-024/581208/2020-03/581208-omaha-004/581208-omaha-004-035.JPG	https://s3.amazonaws.com/NARAprodstorage/lz/dc-metro/rg-024/581208/2020-03/581208-omaha-004/581208-omaha-004-035.JPG	 						191	201	3	30.19	66	64	63			bc	cir cum	6				
1873-04-22	5	-12.05	-77.17			a		https://s3.amazonaws.com/NARAprodstorage/lz/dc-metro/rg-024/581208/2020-03/581208-omaha-004/581208-omaha-004-035.JPG	https://s3.amazonaws.com/NARAprodstorage/lz/dc-metro/rg-024/581208/2020-03/581208-omaha-004/581208-omaha-004-035.JPG	 						0	0	0	30.19	66	64	63			bc	cir cum	5				
1873-04-22	6	-12.05	-77.17			a		https://s3.amazonaws.com/NARAprodstorage/lz/dc-metro/rg-024/581208/2020-03/581208-omaha-004/581208-omaha-004-035.JPG	https://s3.amazonaws.com/NARAprodstorage/lz/dc-metro/rg-024/581208/2020-03/581208-omaha-004/581208-omaha-004-035.JPG	 						0	0	0	30.19	66	64	63			bc	cir cum	7				
1873-04-22	7	-12.05	-77.17			a		https://s3.amazonaws.com/NARAprodstorage/lz/dc-metro/rg-024/581208/2020-03/581208-omaha-004/581208-omaha-004-035.JPG	https://s3.amazonaws.com/NARAprodstorage/lz/dc-metro/rg-024/581208/2020-03/581208-omaha-004/581208-omaha-004-035.JPG	 						0	0	0	30.19	66	64	63			bc	cir cum	6				
1873-04-22	8	-12.05	-77.17			a		https://s3.amazonaws.com/NARAprodstorage/lz/dc-metro/rg-024/581208/2020-03/581208-omaha-004/581208-omaha-004-035.JPG	https://s3.amazonaws.com/NARAprodstorage/lz/dc-metro/rg-024/581208/2020-03/581208-omaha-004/581208-omaha-004-035.JPG	 						0	0	0	30.19	66	64	63			bc	cir cum	5				
1873-04-22	9	-12.05	-77.17			a		https://s3.amazonaws.com/NARAprodstorage/lz/dc-metro/rg-024/581208/2020-03/581208-omaha-004/581208-omaha-004-035.JPG	https://s3.amazonaws.com/NARAprodstorage/lz/dc-metro/rg-024/581208/2020-03/581208-omaha-004/581208-omaha-004-035.JPG	 						0	0	0	30.19	66	64	63			ocm	cum nim	0				
1873-04-22	10	-12.05	-77.17			a		https://s3.amazonaws.com/NARAprodstorage/lz/dc-metro/rg-024/581208/2020-03/581208-omaha-004/581208-omaha-004-035.JPG	https://s3.amazonaws.com/NARAprodstorage/lz/dc-metro/rg-024/581208/2020-03/581208-omaha-004/581208-omaha-004-035.JPG	 						0	0	0	30.19	66	64	63			ocm	cum nim	0				
1873-04-22	11	-12.05	-77.17			a		https://s3.amazonaws.com/NARAprodstorage/lz/dc-metro/rg-024/581208/2020-03/581208-omaha-004/581208-omaha-004-035.JPG	https://s3.amazonaws.com/NARAprodstorage/lz/dc-metro/rg-024/581208/2020-03/581208-omaha-004/581208-omaha-004-035.JPG	 						169	179	3	30.19	66	64	63			ocm	cum nim	0				
1873-04-22	12	-12.05	-77.17			a		https://s3.amazonaws.com/NARAprodstorage/lz/dc-metro/rg-024/581208/2020-03/581208-omaha-004/581208-omaha-004-035.JPG	https://s3.amazonaws.com/NARAprodstorage/lz/dc-metro/rg-024/581208/2020-03/581208-omaha-004/581208-omaha-004-035.JPG	 						169	179	3	30.19	66	64	63			ocm	cum nim	0				
1873-04-22	13	-12.05	-77.17			a		https://s3.amazonaws.com/NARAprodstorage/lz/dc-metro/rg-024/581208/2020-03/581208-omaha-004/581208-omaha-004-035.JPG	https://s3.amazonaws.com/NARAprodstorage/lz/dc-metro/rg-024/581208/2020-03/581208-omaha-004/581208-omaha-004-035.JPG	 						135	145	8	30.04	66	64	64			ocm	cum nim	0				
1873-04-22	14	-12.05	-77.17			a		https://s3.amazonaws.com/NARAprodstorage/lz/dc-metro/rg-024/581208/2020-03/581208-omaha-004/581208-omaha-004-035.JPG	https://s3.amazonaws.com/NARAprodstorage/lz/dc-metro/rg-024/581208/2020-03/581208-omaha-004/581208-omaha-004-035.JPG	 						135	145	8	30.02	66	64	64			ocm	cum nim	0				
1873-04-22	15	-12.05	-77.17			a		https://s3.amazonaws.com/NARAprodstorage/lz/dc-metro/rg-024/581208/2020-03/581208-omaha-004/581208-omaha-004-035.JPG	https://s3.amazonaws.com/NARAprodstorage/lz/dc-metro/rg-024/581208/2020-03/581208-omaha-004/581208-omaha-004-035.JPG	 						135	145	8	30	66	64	64			ocm	cum nim	0				
1873-04-22	16	-12.05	-77.17			a		https://s3.amazonaws.com/NARAprodstorage/lz/dc-metro/rg-024/581208/2020-03/581208-omaha-004/581208-omaha-004-035.JPG	https://s3.amazonaws.com/NARAprodstorage/lz/dc-metro/rg-024/581208/2020-03/581208-omaha-004/581208-omaha-004-035.JPG	 						135	145	8	29.98	66	64	64			ocm	cum nim	0				
1873-04-22	17	-12.05	-77.17			a		https://s3.amazonaws.com/NARAprodstorage/lz/dc-metro/rg-024/581208/2020-03/581208-omaha-004/581208-omaha-004-035.JPG	https://s3.amazonaws.com/NARAprodstorage/lz/dc-metro/rg-024/581208/2020-03/581208-omaha-004/581208-omaha-004-035.JPG	 						135	145	8	30	65	63	60			ocf	nim	0				
1873-04-22	18	-12.05	-77.17			a		https://s3.amazonaws.com/NARAprodstorage/lz/dc-metro/rg-024/581208/2020-03/581208-omaha-004/581208-omaha-004-035.JPG	https://s3.amazonaws.com/NARAprodstorage/lz/dc-metro/rg-024/581208/2020-03/581208-omaha-004/581208-omaha-004-035.JPG	 						135	145	8	30	65	63	60			ocf	nim	0				
1873-04-22	19	-12.05	-77.17			a		https://s3.amazonaws.com/NARAprodstorage/lz/dc-metro/rg-024/581208/2020-03/581208-omaha-004/581208-omaha-004-035.JPG	https://s3.amazonaws.com/NARAprodstorage/lz/dc-metro/rg-024/581208/2020-03/581208-omaha-004/581208-omaha-004-035.JPG	 						135	145	8	30	65	63	60			ocf	nim	0				
1873-04-22	20	-12.05	-77.17			a		https://s3.amazonaws.com/NARAprodstorage/lz/dc-metro/rg-024/581208/2020-03/581208-omaha-004/581208-omaha-004-035.JPG	https://s3.amazonaws.com/NARAprodstorage/lz/dc-metro/rg-024/581208/2020-03/581208-omaha-004/581208-omaha-004-035.JPG	 						135	145	8	30.02	65	63	60			bcf	nim	6				
1873-04-22	21	-12.05	-77.17			a		https://s3.amazonaws.com/NARAprodstorage/lz/dc-metro/rg-024/581208/2020-03/581208-omaha-004/581208-omaha-004-035.JPG	https://s3.amazonaws.com/NARAprodstorage/lz/dc-metro/rg-024/581208/2020-03/581208-omaha-004/581208-omaha-004-035.JPG	 						135	145	5	30.02	66	63	63			bc	cum	7				
1873-04-22	22	-12.05	-77.17			a		https://s3.amazonaws.com/NARAprodstorage/lz/dc-metro/rg-024/581208/2020-03/581208-omaha-004/581208-omaha-004-035.JPG	https://s3.amazonaws.com/NARAprodstorage/lz/dc-metro/rg-024/581208/2020-03/581208-omaha-004/581208-omaha-004-035.JPG	 						135	145	5	30.02	66	63	63			bc	cum	8				
1873-04-22	23	-12.05	-77.17			a		https://s3.amazonaws.com/NARAprodstorage/lz/dc-metro/rg-024/581208/2020-03/581208-omaha-004/581208-omaha-004-035.JPG	https://s3.amazonaws.com/NARAprodstorage/lz/dc-metro/rg-024/581208/2020-03/581208-omaha-004/581208-omaha-004-035.JPG	 						135	145	5	30.02	66	63	63			bc	cum	9				
1873-04-22	24	-12.05	-77.17			a		https://s3.amazonaws.com/NARAprodstorage/lz/dc-metro/rg-024/581208/2020-03/581208-omaha-004/581208-omaha-004-035.JPG	https://s3.amazonaws.com/NARAprodstorage/lz/dc-metro/rg-024/581208/2020-03/581208-omaha-004/581208-omaha-004-035.JPG	 						135	145	5	30.02	66	63	63			bc	cum	9				
1873-04-23	1	-12.05	-77.17			a		https://s3.amazonaws.com/NARAprodstorage/lz/dc-metro/rg-024/581208/2020-03/581208-omaha-004/581208-omaha-004-037.JPG	https://s3.amazonaws.com/NARAprodstorage/lz/dc-metro/rg-024/581208/2020-03/581208-omaha-004/581208-omaha-004-037.JPG	 						0	0	0	30.04	63	63	63			bc	nim	6				
1873-04-23	2	-12.05	-77.17			a		https://s3.amazonaws.com/NARAprodstorage/lz/dc-metro/rg-024/581208/2020-03/581208-omaha-004/581208-omaha-004-037.JPG	https://s3.amazonaws.com/NARAprodstorage/lz/dc-metro/rg-024/581208/2020-03/581208-omaha-004/581208-omaha-004-037.JPG	 						0	0	0	30.04	63	63	63			bc	nim	6				
1873-04-23	3	-12.05	-77.17			a		https://s3.amazonaws.com/NARAprodstorage/lz/dc-metro/rg-024/581208/2020-03/581208-omaha-004/581208-omaha-004-037.JPG	https://s3.amazonaws.com/NARAprodstorage/lz/dc-metro/rg-024/581208/2020-03/581208-omaha-004/581208-omaha-004-037.JPG	 						0	0	0	30.04	63	63	63			bc	nim	6				
1873-04-23	4	-12.05	-77.17			a		https://s3.amazonaws.com/NARAprodstorage/lz/dc-metro/rg-024/581208/2020-03/581208-omaha-004/581208-omaha-004-037.JPG	https://s3.amazonaws.com/NARAprodstorage/lz/dc-metro/rg-024/581208/2020-03/581208-omaha-004/581208-omaha-004-037.JPG	 						0	0	0	30.04	63	63	63			bc	nim	6				
1873-04-23	5	-12.05	-77.17			a		https://s3.amazonaws.com/NARAprodstorage/lz/dc-metro/rg-024/581208/2020-03/581208-omaha-004/581208-omaha-004-037.JPG	https://s3.amazonaws.com/NARAprodstorage/lz/dc-metro/rg-024/581208/2020-03/581208-omaha-004/581208-omaha-004-037.JPG	 						0	0	0	30.04	63	63	60			bc	nim	6				
1873-04-23	6	-12.05	-77.17			a		https://s3.amazonaws.com/NARAprodstorage/lz/dc-metro/rg-024/581208/2020-03/581208-omaha-004/581208-omaha-004-037.JPG	https://s3.amazonaws.com/NARAprodstorage/lz/dc-metro/rg-024/581208/2020-03/581208-omaha-004/581208-omaha-004-037.JPG	 						0	0	0	30.04	63	63	60			bc	nim	6				
1873-04-23	7	-12.05	-77.17			a		https://s3.amazonaws.com/NARAprodstorage/lz/dc-metro/rg-024/581208/2020-03/581208-omaha-004/581208-omaha-004-037.JPG	https://s3.amazonaws.com/NARAprodstorage/lz/dc-metro/rg-024/581208/2020-03/581208-omaha-004/581208-omaha-004-037.JPG	 						0	0	0	30.04	63	64	64			bc	nim	8				
1873-04-23	8	-12.05	-77.17			a		https://s3.amazonaws.com/NARAprodstorage/lz/dc-metro/rg-024/581208/2020-03/581208-omaha-004/581208-omaha-004-037.JPG	https://s3.amazonaws.com/NARAprodstorage/lz/dc-metro/rg-024/581208/2020-03/581208-omaha-004/581208-omaha-004-037.JPG	 						0	0	0	30.06	63	64	64			bc	nim	9				
1873-04-23	9	-12.05	-77.17			a		https://s3.amazonaws.com/NARAprodstorage/lz/dc-metro/rg-024/581208/2020-03/581208-omaha-004/581208-omaha-004-037.JPG	https://s3.amazonaws.com/NARAprodstorage/lz/dc-metro/rg-024/581208/2020-03/581208-omaha-004/581208-omaha-004-037.JPG	 						135	145	2	30.06	65	65	65			bc	cum nim	8				
1873-04-23	10	-12.05	-77.17			a		https://s3.amazonaws.com/NARAprodstorage/lz/dc-metro/rg-024/581208/2020-03/581208-omaha-004/581208-omaha-004-037.JPG	https://s3.amazonaws.com/NARAprodstorage/lz/dc-metro/rg-024/581208/2020-03/581208-omaha-004/581208-omaha-004-037.JPG	 						135	145	5	30.07	65	65	65			bc	cum nim	7				
1873-04-23	11	-12.05	-77.17			a		https://s3.amazonaws.com/NARAprodstorage/lz/dc-metro/rg-024/581208/2020-03/581208-omaha-004/581208-omaha-004-037.JPG	https://s3.amazonaws.com/NARAprodstorage/lz/dc-metro/rg-024/581208/2020-03/581208-omaha-004/581208-omaha-004-037.JPG	 						135	145	5	30.08	65	65	65			bc	cum nim	5				
1873-04-23	12	-12.05	-77.17			a		https://s3.amazonaws.com/NARAprodstorage/lz/dc-metro/rg-024/581208/2020-03/581208-omaha-004/581208-omaha-004-037.JPG	https://s3.amazonaws.com/NARAprodstorage/lz/dc-metro/rg-024/581208/2020-03/581208-omaha-004/581208-omaha-004-037.JPG	"Noon: Callao, Peru"						135	145	5	30.09	65	65	65			bc	cum nim	0				
1873-04-23	13	-12.05	-77.17			a		https://s3.amazonaws.com/NARAprodstorage/lz/dc-metro/rg-024/581208/2020-03/581208-omaha-004/581208-omaha-004-037.JPG	https://s3.amazonaws.com/NARAprodstorage/lz/dc-metro/rg-024/581208/2020-03/581208-omaha-004/581208-omaha-004-037.JPG	 						135	145	5	30.09	65	65	65			bc	cum	4				
1873-04-23	14	-12.05	-77.17			a		https://s3.amazonaws.com/NARAprodstorage/lz/dc-metro/rg-024/581208/2020-03/581208-omaha-004/581208-omaha-004-037.JPG	https://s3.amazonaws.com/NARAprodstorage/lz/dc-metro/rg-024/581208/2020-03/581208-omaha-004/581208-omaha-004-037.JPG	 						135	145	5	30.09	65	65	65			bc	cum	6				
1873-04-23	15	-12.05	-77.17			a		https://s3.amazonaws.com/NARAprodstorage/lz/dc-metro/rg-024/581208/2020-03/581208-omaha-004/581208-omaha-004-037.JPG	https://s3.amazonaws.com/NARAprodstorage/lz/dc-metro/rg-024/581208/2020-03/581208-omaha-004/581208-omaha-004-037.JPG	 						135	145	5	30.09	65	65	65			bc	cum	8				
1873-04-23	16	-12.05	-77.17			a		https://s3.amazonaws.com/NARAprodstorage/lz/dc-metro/rg-024/581208/2020-03/581208-omaha-004/581208-omaha-004-037.JPG	https://s3.amazonaws.com/NARAprodstorage/lz/dc-metro/rg-024/581208/2020-03/581208-omaha-004/581208-omaha-004-037.JPG	 						135	145	5	30.09	65	65	65			bc	cum	10				
1873-04-23	17	-12.05	-77.17			a		https://s3.amazonaws.com/NARAprodstorage/lz/dc-metro/rg-024/581208/2020-03/581208-omaha-004/581208-omaha-004-037.JPG	https://s3.amazonaws.com/NARAprodstorage/lz/dc-metro/rg-024/581208/2020-03/581208-omaha-004/581208-omaha-004-037.JPG	 						135	145	5	30.08	66	64	64			bc	cum	10				
1873-04-23	18	-12.05	-77.17			a		https://s3.amazonaws.com/NARAprodstorage/lz/dc-metro/rg-024/581208/2020-03/581208-omaha-004/581208-omaha-004-037.JPG	https://s3.amazonaws.com/NARAprodstorage/lz/dc-metro/rg-024/581208/2020-03/581208-omaha-004/581208-omaha-004-037.JPG	 						135	145	8	30.06	66	63	63			bc	cum	10				
1873-04-23	19	-12.05	-77.17			a		https://s3.amazonaws.com/NARAprodstorage/lz/dc-metro/rg-024/581208/2020-03/581208-omaha-004/581208-omaha-004-037.JPG	https://s3.amazonaws.com/NARAprodstorage/lz/dc-metro/rg-024/581208/2020-03/581208-omaha-004/581208-omaha-004-037.JPG	 						135	145	8	30.05	66	63	63			bc	cum	10				
1873-04-23	20	-12.05	-77.17			a		https://s3.amazonaws.com/NARAprodstorage/lz/dc-metro/rg-024/581208/2020-03/581208-omaha-004/581208-omaha-004-037.JPG	https://s3.amazonaws.com/NARAprodstorage/lz/dc-metro/rg-024/581208/2020-03/581208-omaha-004/581208-omaha-004-037.JPG	 						135	145	8	30.05	66	63	63			bc	cum	10				
1873-04-23	21	-12.05	-77.17			a		https://s3.amazonaws.com/NARAprodstorage/lz/dc-metro/rg-024/581208/2020-03/581208-omaha-004/581208-omaha-004-037.JPG	https://s3.amazonaws.com/NARAprodstorage/lz/dc-metro/rg-024/581208/2020-03/581208-omaha-004/581208-omaha-004-037.JPG	 						135	145	5	30.05	66	63	63			bf	cum	4				
1873-04-23	22	-12.05	-77.17			a		https://s3.amazonaws.com/NARAprodstorage/lz/dc-metro/rg-024/581208/2020-03/581208-omaha-004/581208-omaha-004-037.JPG	https://s3.amazonaws.com/NARAprodstorage/lz/dc-metro/rg-024/581208/2020-03/581208-omaha-004/581208-omaha-004-037.JPG	 						135	145	5	30.05	66	63	63			bf	cum	4				
1873-04-23	23	-12.05	-77.17			a		https://s3.amazonaws.com/NARAprodstorage/lz/dc-metro/rg-024/581208/2020-03/581208-omaha-004/581208-omaha-004-037.JPG	https://s3.amazonaws.com/NARAprodstorage/lz/dc-metro/rg-024/581208/2020-03/581208-omaha-004/581208-omaha-004-037.JPG	 						135	145	5	30.05	66	63	63			bf	cum	4				
1873-04-23	24	-12.05	-77.17			a		https://s3.amazonaws.com/NARAprodstorage/lz/dc-metro/rg-024/581208/2020-03/581208-omaha-004/581208-omaha-004-037.JPG	https://s3.amazonaws.com/NARAprodstorage/lz/dc-metro/rg-024/581208/2020-03/581208-omaha-004/581208-omaha-004-037.JPG	 						135	145	5	30.05	66	63	63			bf	cum	4				
1873-04-24	1	-12.05	-77.17			a		https://s3.amazonaws.com/NARAprodstorage/lz/dc-metro/rg-024/581208/2020-03/581208-omaha-004/581208-omaha-004-038.JPG	https://s3.amazonaws.com/NARAprodstorage/lz/dc-metro/rg-024/581208/2020-03/581208-omaha-004/581208-omaha-004-039.JPG	 						135	145	2	30.18	66	63	62	66		b	none	10				
1873-04-24	2	-12.05	-77.17			a		https://s3.amazonaws.com/NARAprodstorage/lz/dc-metro/rg-024/581208/2020-03/581208-omaha-004/581208-omaha-004-038.JPG	https://s3.amazonaws.com/NARAprodstorage/lz/dc-metro/rg-024/581208/2020-03/581208-omaha-004/581208-omaha-004-038.JPG	 						135	145	2	30.18	66	63	62	66		b	none	10				
1873-04-24	3	-12.05	-77.17			a		https://s3.amazonaws.com/NARAprodstorage/lz/dc-metro/rg-024/581208/2020-03/581208-omaha-004/581208-omaha-004-038.JPG	https://s3.amazonaws.com/NARAprodstorage/lz/dc-metro/rg-024/581208/2020-03/581208-omaha-004/581208-omaha-004-038.JPG	 						135	145	2	30.18	66	63	62	66		b	none	10				
1873-04-24	4	-12.05	-77.17			a		https://s3.amazonaws.com/NARAprodstorage/lz/dc-metro/rg-024/581208/2020-03/581208-omaha-004/581208-omaha-004-038.JPG	https://s3.amazonaws.com/NARAprodstorage/lz/dc-metro/rg-024/581208/2020-03/581208-omaha-004/581208-omaha-004-038.JPG	 						135	145	2	30.18	66	63	62	66		b	none	10				
1873-04-24	5	-12.05	-77.17			a		https://s3.amazonaws.com/NARAprodstorage/lz/dc-metro/rg-024/581208/2020-03/581208-omaha-004/581208-omaha-004-038.JPG	https://s3.amazonaws.com/NARAprodstorage/lz/dc-metro/rg-024/581208/2020-03/581208-omaha-004/581208-omaha-004-038.JPG	 						0	0	0	30.16	64	64	64	66		bc	cum	9				
1873-04-24	6	-12.05	-77.17			a		https://s3.amazonaws.com/NARAprodstorage/lz/dc-metro/rg-024/581208/2020-03/581208-omaha-004/581208-omaha-004-038.JPG	https://s3.amazonaws.com/NARAprodstorage/lz/dc-metro/rg-024/581208/2020-03/581208-omaha-004/581208-omaha-004-038.JPG	 						0	0	0	30.14	64	64	64	66		bc	cum	9				
1873-04-24	7	-12.05	-77.17			a		https://s3.amazonaws.com/NARAprodstorage/lz/dc-metro/rg-024/581208/2020-03/581208-omaha-004/581208-omaha-004-038.JPG	https://s3.amazonaws.com/NARAprodstorage/lz/dc-metro/rg-024/581208/2020-03/581208-omaha-004/581208-omaha-004-038.JPG	 						0	0	0	30.1	64	64	64	66		bc	cum	9				
1873-04-24	8	-12.05	-77.17			a		https://s3.amazonaws.com/NARAprodstorage/lz/dc-metro/rg-024/581208/2020-03/581208-omaha-004/581208-omaha-004-038.JPG	https://s3.amazonaws.com/NARAprodstorage/lz/dc-metro/rg-024/581208/2020-03/581208-omaha-004/581208-omaha-004-038.JPG	 						0	0	0	30.06	64	64	64	66		bc	cum	9				
1873-04-24	9	-12.05	-77.17			a		https://s3.amazonaws.com/NARAprodstorage/lz/dc-metro/rg-024/581208/2020-03/581208-omaha-004/581208-omaha-004-038.JPG	https://s3.amazonaws.com/NARAprodstorage/lz/dc-metro/rg-024/581208/2020-03/581208-omaha-004/581208-omaha-004-038.JPG	 						169	179	13	30.06	64	64	64	66		b	none	10				
1873-04-24	10	-12.05	-77.17			a		https://s3.amazonaws.com/NARAprodstorage/lz/dc-metro/rg-024/581208/2020-03/581208-omaha-004/581208-omaha-004-038.JPG	https://s3.amazonaws.com/NARAprodstorage/lz/dc-metro/rg-024/581208/2020-03/581208-omaha-004/581208-omaha-004-038.JPG	 						169	179	13	30.06	64	64	64	66		b	none	10				
1873-04-24	11	-12.05	-77.17			a		https://s3.amazonaws.com/NARAprodstorage/lz/dc-metro/rg-024/581208/2020-03/581208-omaha-004/581208-omaha-004-038.JPG	https://s3.amazonaws.com/NARAprodstorage/lz/dc-metro/rg-024/581208/2020-03/581208-omaha-004/581208-omaha-004-038.JPG	 						169	179	13	30.06	64	64	64	66		b	none	10				
1873-04-24	12	-12.05	-77.17			a		https://s3.amazonaws.com/NARAprodstorage/lz/dc-metro/rg-024/581208/2020-03/581208-omaha-004/581208-omaha-004-038.JPG	https://s3.amazonaws.com/NARAprodstorage/lz/dc-metro/rg-024/581208/2020-03/581208-omaha-004/581208-omaha-004-038.JPG	 						169	179	13	30.06	64	64	64	66		b	none	10				
1873-04-24	13	-12.05	-77.17			a		https://s3.amazonaws.com/NARAprodstorage/lz/dc-metro/rg-024/581208/2020-03/581208-omaha-004/581208-omaha-004-038.JPG	https://s3.amazonaws.com/NARAprodstorage/lz/dc-metro/rg-024/581208/2020-03/581208-omaha-004/581208-omaha-004-038.JPG	 						124	134	8	30.12	67	66	65	64		bc	cum	8				
1873-04-24	14	-12.05	-77.17			a		https://s3.amazonaws.com/NARAprodstorage/lz/dc-metro/rg-024/581208/2020-03/581208-omaha-004/581208-omaha-004-038.JPG	https://s3.amazonaws.com/NARAprodstorage/lz/dc-metro/rg-024/581208/2020-03/581208-omaha-004/581208-omaha-004-038.JPG	 						124	134	13	30.16	67	66	65	64		bc	cum	8				
1873-04-24	15	-12.05	-77.17			a		https://s3.amazonaws.com/NARAprodstorage/lz/dc-metro/rg-024/581208/2020-03/581208-omaha-004/581208-omaha-004-038.JPG	https://s3.amazonaws.com/NARAprodstorage/lz/dc-metro/rg-024/581208/2020-03/581208-omaha-004/581208-omaha-004-038.JPG	 						124	134	13	30.16	67	66	65	64		bc	cum	8				
1873-04-24	16	-12.05	-77.17			a		https://s3.amazonaws.com/NARAprodstorage/lz/dc-metro/rg-024/581208/2020-03/581208-omaha-004/581208-omaha-004-038.JPG	https://s3.amazonaws.com/NARAprodstorage/lz/dc-metro/rg-024/581208/2020-03/581208-omaha-004/581208-omaha-004-038.JPG	 						124	134	13	30.16	67	66	65	64		bc	cum	8				
1873-04-24	17	-12.05	-77.17			a		https://s3.amazonaws.com/NARAprodstorage/lz/dc-metro/rg-024/581208/2020-03/581208-omaha-004/581208-omaha-004-038.JPG	https://s3.amazonaws.com/NARAprodstorage/lz/dc-metro/rg-024/581208/2020-03/581208-omaha-004/581208-omaha-004-038.JPG	 						124	134	13	30.16	67	66	65	64		bc	cum	8				
1873-04-24	18	-12.05	-77.17			a		https://s3.amazonaws.com/NARAprodstorage/lz/dc-metro/rg-024/581208/2020-03/581208-omaha-004/581208-omaha-004-038.JPG	https://s3.amazonaws.com/NARAprodstorage/lz/dc-metro/rg-024/581208/2020-03/581208-omaha-004/581208-omaha-004-038.JPG	 						124	134	13	30.16	67	66	65	64		bc	cum	8				
1873-04-24	19	-12.05	-77.17			a		https://s3.amazonaws.com/NARAprodstorage/lz/dc-metro/rg-024/581208/2020-03/581208-omaha-004/581208-omaha-004-038.JPG	https://s3.amazonaws.com/NARAprodstorage/lz/dc-metro/rg-024/581208/2020-03/581208-omaha-004/581208-omaha-004-038.JPG	 						124	134	13	30.16	67	66	65	64		bc	cum	8				
1873-04-24	20	-12.05	-77.17			a		https://s3.amazonaws.com/NARAprodstorage/lz/dc-metro/rg-024/581208/2020-03/581208-omaha-004/581208-omaha-004-038.JPG	https://s3.amazonaws.com/NARAprodstorage/lz/dc-metro/rg-024/581208/2020-03/581208-omaha-004/581208-omaha-004-038.JPG	 						124	134	13	30.16	67	66	65	64		bc	cum	8				
1873-04-24	21	-12.05	-77.17			a		https://s3.amazonaws.com/NARAprodstorage/lz/dc-metro/rg-024/581208/2020-03/581208-omaha-004/581208-omaha-004-038.JPG	https://s3.amazonaws.com/NARAprodstorage/lz/dc-metro/rg-024/581208/2020-03/581208-omaha-004/581208-omaha-004-038.JPG	 						158	168	8	30.16	68	64	64	64		b	none	10				
1873-04-24	22	-12.05	-77.17			a		https://s3.amazonaws.com/NARAprodstorage/lz/dc-metro/rg-024/581208/2020-03/581208-omaha-004/581208-omaha-004-038.JPG	https://s3.amazonaws.com/NARAprodstorage/lz/dc-metro/rg-024/581208/2020-03/581208-omaha-004/581208-omaha-004-038.JPG	 						158	168	5	30.16	68	64	64	64		b	none	10				
1873-04-24	23	-12.05	-77.17			a		https://s3.amazonaws.com/NARAprodstorage/lz/dc-metro/rg-024/581208/2020-03/581208-omaha-004/581208-omaha-004-038.JPG	https://s3.amazonaws.com/NARAprodstorage/lz/dc-metro/rg-024/581208/2020-03/581208-omaha-004/581208-omaha-004-038.JPG	 						158	168	2	30.16	68	63	63	64		b	none	10				
1873-04-24	24	-12.05	-77.17			a		https://s3.amazonaws.com/NARAprodstorage/lz/dc-metro/rg-024/581208/2020-03/581208-omaha-004/581208-omaha-004-038.JPG	https://s3.amazonaws.com/NARAprodstorage/lz/dc-metro/rg-024/581208/2020-03/581208-omaha-004/581208-omaha-004-038.JPG	 						158	168	2	30.16	68	63	63	64		b	none	10				
1873-04-25	1	-12.05	-77.17			a		https://s3.amazonaws.com/NARAprodstorage/lz/dc-metro/rg-024/581208/2020-03/581208-omaha-004/581208-omaha-004-040.JPG	https://s3.amazonaws.com/NARAprodstorage/lz/dc-metro/rg-024/581208/2020-03/581208-omaha-004/581208-omaha-004-040.JPG	 						0	0	0	30.02	63	62	62			ocm	nim	0				
1873-04-25	2	-12.05	-77.17			a		https://s3.amazonaws.com/NARAprodstorage/lz/dc-metro/rg-024/581208/2020-03/581208-omaha-004/581208-omaha-004-040.JPG	https://s3.amazonaws.com/NARAprodstorage/lz/dc-metro/rg-024/581208/2020-03/581208-omaha-004/581208-omaha-004-040.JPG	 						0	0	0	30.02	63	62	62			ocm	nim	0				
1873-04-25	3	-12.05	-77.17			a		https://s3.amazonaws.com/NARAprodstorage/lz/dc-metro/rg-024/581208/2020-03/581208-omaha-004/581208-omaha-004-040.JPG	https://s3.amazonaws.com/NARAprodstorage/lz/dc-metro/rg-024/581208/2020-03/581208-omaha-004/581208-omaha-004-040.JPG	 						0	0	0	30.02	63	62	62			ocm	nim	0				
1873-04-25	4	-12.05	-77.17			a		https://s3.amazonaws.com/NARAprodstorage/lz/dc-metro/rg-024/581208/2020-03/581208-omaha-004/581208-omaha-004-040.JPG	https://s3.amazonaws.com/NARAprodstorage/lz/dc-metro/rg-024/581208/2020-03/581208-omaha-004/581208-omaha-004-040.JPG	 						0	0	0	30.02	63	62	62			ocm	nim	0				
1873-04-25	5	-12.05	-77.17			a		https://s3.amazonaws.com/NARAprodstorage/lz/dc-metro/rg-024/581208/2020-03/581208-omaha-004/581208-omaha-004-040.JPG	https://s3.amazonaws.com/NARAprodstorage/lz/dc-metro/rg-024/581208/2020-03/581208-omaha-004/581208-omaha-004-040.JPG	 						0	0	0	30.02	63	62	62			ocm	nim	0				
1873-04-25	6	-12.05	-77.17			a		https://s3.amazonaws.com/NARAprodstorage/lz/dc-metro/rg-024/581208/2020-03/581208-omaha-004/581208-omaha-004-040.JPG	https://s3.amazonaws.com/NARAprodstorage/lz/dc-metro/rg-024/581208/2020-03/581208-omaha-004/581208-omaha-004-040.JPG	 						0	0	0	30.02	63	62	62			ocm	nim	0				
1873-04-25	7	-12.05	-77.17			a		https://s3.amazonaws.com/NARAprodstorage/lz/dc-metro/rg-024/581208/2020-03/581208-omaha-004/581208-omaha-004-040.JPG	https://s3.amazonaws.com/NARAprodstorage/lz/dc-metro/rg-024/581208/2020-03/581208-omaha-004/581208-omaha-004-040.JPG	 						0	0	0	30.02	63	62	62			ocm	nim	0				
1873-04-25	8	-12.05	-77.17			a		https://s3.amazonaws.com/NARAprodstorage/lz/dc-metro/rg-024/581208/2020-03/581208-omaha-004/581208-omaha-004-040.JPG	https://s3.amazonaws.com/NARAprodstorage/lz/dc-metro/rg-024/581208/2020-03/581208-omaha-004/581208-omaha-004-040.JPG	 						0	0	0	30.02	63	62	62			ocm	nim	0				
1873-04-25	9	-12.05	-77.17			a		https://s3.amazonaws.com/NARAprodstorage/lz/dc-metro/rg-024/581208/2020-03/581208-omaha-004/581208-omaha-004-040.JPG	https://s3.amazonaws.com/NARAprodstorage/lz/dc-metro/rg-024/581208/2020-03/581208-omaha-004/581208-omaha-004-040.JPG	 						0	0	0	30.02	63	62	62			ocm	nim	0				
1873-04-25	10	-12.05	-77.17			a		https://s3.amazonaws.com/NARAprodstorage/lz/dc-metro/rg-024/581208/2020-03/581208-omaha-004/581208-omaha-004-040.JPG	https://s3.amazonaws.com/NARAprodstorage/lz/dc-metro/rg-024/581208/2020-03/581208-omaha-004/581208-omaha-004-040.JPG	 						0	0	0	30.02	63	62	62			ocm	nim	0				
1873-04-25	11	-12.05	-77.17			a		https://s3.amazonaws.com/NARAprodstorage/lz/dc-metro/rg-024/581208/2020-03/581208-omaha-004/581208-omaha-004-040.JPG	https://s3.amazonaws.com/NARAprodstorage/lz/dc-metro/rg-024/581208/2020-03/581208-omaha-004/581208-omaha-004-040.JPG	 						0	0	0	30.02	63	64	64			om	nim	0				
1873-04-25	12	-12.05	-77.17			a		https://s3.amazonaws.com/NARAprodstorage/lz/dc-metro/rg-024/581208/2020-03/581208-omaha-004/581208-omaha-004-040.JPG	https://s3.amazonaws.com/NARAprodstorage/lz/dc-metro/rg-024/581208/2020-03/581208-omaha-004/581208-omaha-004-040.JPG	"Noon: Callao, Peru"						0	0	0	30.02	63	65	65			bcm	cir	5				
1873-04-25	13	-12.05	-77.17			a		https://s3.amazonaws.com/NARAprodstorage/lz/dc-metro/rg-024/581208/2020-03/581208-omaha-004/581208-omaha-004-040.JPG	https://s3.amazonaws.com/NARAprodstorage/lz/dc-metro/rg-024/581208/2020-03/581208-omaha-004/581208-omaha-004-040.JPG	 						135	145	2	30.02	66	66	65			bc	nim	0				
1873-04-25	14	-12.05	-77.17			a		https://s3.amazonaws.com/NARAprodstorage/lz/dc-metro/rg-024/581208/2020-03/581208-omaha-004/581208-omaha-004-040.JPG	https://s3.amazonaws.com/NARAprodstorage/lz/dc-metro/rg-024/581208/2020-03/581208-omaha-004/581208-omaha-004-040.JPG	 						135	145	2	30.02	66	66	65			bc	nim	0				
1873-04-25	15	-12.05	-77.17			a		https://s3.amazonaws.com/NARAprodstorage/lz/dc-metro/rg-024/581208/2020-03/581208-omaha-004/581208-omaha-004-040.JPG	https://s3.amazonaws.com/NARAprodstorage/lz/dc-metro/rg-024/581208/2020-03/581208-omaha-004/581208-omaha-004-040.JPG	 						135	145	2	30.04	66	66	65			bc	nim	0				
1873-04-25	16	-12.05	-77.17			a		https://s3.amazonaws.com/NARAprodstorage/lz/dc-metro/rg-024/581208/2020-03/581208-omaha-004/581208-omaha-004-040.JPG	https://s3.amazonaws.com/NARAprodstorage/lz/dc-metro/rg-024/581208/2020-03/581208-omaha-004/581208-omaha-004-040.JPG	 						135	145	2	30.04	66	66	65			bc	nim	0				
1873-04-25	17	-12.05	-77.17			a		https://s3.amazonaws.com/NARAprodstorage/lz/dc-metro/rg-024/581208/2020-03/581208-omaha-004/581208-omaha-004-040.JPG	https://s3.amazonaws.com/NARAprodstorage/lz/dc-metro/rg-024/581208/2020-03/581208-omaha-004/581208-omaha-004-040.JPG	 						124	134	8	30.16	70	65	65			bc	cum	9				
1873-04-25	18	-12.05	-77.17			a		https://s3.amazonaws.com/NARAprodstorage/lz/dc-metro/rg-024/581208/2020-03/581208-omaha-004/581208-omaha-004-040.JPG	https://s3.amazonaws.com/NARAprodstorage/lz/dc-metro/rg-024/581208/2020-03/581208-omaha-004/581208-omaha-004-040.JPG	 						124	134	2	30.16	70	65	65			bc	cum	9				
1873-04-25	19	-12.05	-77.17			a		https://s3.amazonaws.com/NARAprodstorage/lz/dc-metro/rg-024/581208/2020-03/581208-omaha-004/581208-omaha-004-040.JPG	https://s3.amazonaws.com/NARAprodstorage/lz/dc-metro/rg-024/581208/2020-03/581208-omaha-004/581208-omaha-004-040.JPG	 						112	122	2	30.18	68	64	64			bc	cum	9				
1873-04-25	20	-12.05	-77.17			a		https://s3.amazonaws.com/NARAprodstorage/lz/dc-metro/rg-024/581208/2020-03/581208-omaha-004/581208-omaha-004-040.JPG	https://s3.amazonaws.com/NARAprodstorage/lz/dc-metro/rg-024/581208/2020-03/581208-omaha-004/581208-omaha-004-040.JPG	 						112	122	2	30.2	68	64	64			bc	cum	9				
1873-04-25	21	-12.05	-77.17			a		https://s3.amazonaws.com/NARAprodstorage/lz/dc-metro/rg-024/581208/2020-03/581208-omaha-004/581208-omaha-004-040.JPG	https://s3.amazonaws.com/NARAprodstorage/lz/dc-metro/rg-024/581208/2020-03/581208-omaha-004/581208-omaha-004-040.JPG	 						112	122	2		68	64	64			bc	cum	9				
1873-04-25	22	-12.05	-77.17			a		https://s3.amazonaws.com/NARAprodstorage/lz/dc-metro/rg-024/581208/2020-03/581208-omaha-004/581208-omaha-004-040.JPG	https://s3.amazonaws.com/NARAprodstorage/lz/dc-metro/rg-024/581208/2020-03/581208-omaha-004/581208-omaha-004-040.JPG	 						112	122	2		68	64	64			bc	cum	9				
1873-04-25	23	-12.05	-77.17			a		https://s3.amazonaws.com/NARAprodstorage/lz/dc-metro/rg-024/581208/2020-03/581208-omaha-004/581208-omaha-004-040.JPG	https://s3.amazonaws.com/NARAprodstorage/lz/dc-metro/rg-024/581208/2020-03/581208-omaha-004/581208-omaha-004-040.JPG	 						112	122	2		68	64	64			bc	cum	9				
1873-04-25	24	-12.05	-77.17			a		https://s3.amazonaws.com/NARAprodstorage/lz/dc-metro/rg-024/581208/2020-03/581208-omaha-004/581208-omaha-004-040.JPG	https://s3.amazonaws.com/NARAprodstorage/lz/dc-metro/rg-024/581208/2020-03/581208-omaha-004/581208-omaha-004-040.JPG	 						112	122	2		68	64	64			bc	cum	9				
1873-04-26	1	-12.05	-77.17			a		https://s3.amazonaws.com/NARAprodstorage/lz/dc-metro/rg-024/581208/2020-03/581208-omaha-004/581208-omaha-004-041.JPG	https://s3.amazonaws.com/NARAprodstorage/lz/dc-metro/rg-024/581208/2020-03/581208-omaha-004/581208-omaha-004-041.JPG	 						0	0	0	30.1	66	63	63			bc	cum	8				
1873-04-26	2	-12.05	-77.17			a		https://s3.amazonaws.com/NARAprodstorage/lz/dc-metro/rg-024/581208/2020-03/581208-omaha-004/581208-omaha-004-041.JPG	https://s3.amazonaws.com/NARAprodstorage/lz/dc-metro/rg-024/581208/2020-03/581208-omaha-004/581208-omaha-004-041.JPG	 						0	0	0	30.08	66	63	63			bc	cum	9				
1873-04-26	3	-12.05	-77.17			a		https://s3.amazonaws.com/NARAprodstorage/lz/dc-metro/rg-024/581208/2020-03/581208-omaha-004/581208-omaha-004-041.JPG	https://s3.amazonaws.com/NARAprodstorage/lz/dc-metro/rg-024/581208/2020-03/581208-omaha-004/581208-omaha-004-041.JPG	 						135	145	2	30.06	66	63	63			bc	cum	8				
1873-04-26	4	-12.05	-77.17			a		https://s3.amazonaws.com/NARAprodstorage/lz/dc-metro/rg-024/581208/2020-03/581208-omaha-004/581208-omaha-004-041.JPG	https://s3.amazonaws.com/NARAprodstorage/lz/dc-metro/rg-024/581208/2020-03/581208-omaha-004/581208-omaha-004-041.JPG	 						135	145	2	30.06	66	63	63			bc	cum	4				
1873-04-26	5	-12.05	-77.17			a		https://s3.amazonaws.com/NARAprodstorage/lz/dc-metro/rg-024/581208/2020-03/581208-omaha-004/581208-omaha-004-041.JPG	https://s3.amazonaws.com/NARAprodstorage/lz/dc-metro/rg-024/581208/2020-03/581208-omaha-004/581208-omaha-004-041.JPG	 						0	0	0	30.16	66	63	63			bc	cum	6				
1873-04-26	6	-12.05	-77.17			a		https://s3.amazonaws.com/NARAprodstorage/lz/dc-metro/rg-024/581208/2020-03/581208-omaha-004/581208-omaha-004-041.JPG	https://s3.amazonaws.com/NARAprodstorage/lz/dc-metro/rg-024/581208/2020-03/581208-omaha-004/581208-omaha-004-041.JPG	 						0	0	0	30.16	66	63	63			bc	cum	6				
1873-04-26	7	-12.05	-77.17			a		https://s3.amazonaws.com/NARAprodstorage/lz/dc-metro/rg-024/581208/2020-03/581208-omaha-004/581208-omaha-004-041.JPG	https://s3.amazonaws.com/NARAprodstorage/lz/dc-metro/rg-024/581208/2020-03/581208-omaha-004/581208-omaha-004-041.JPG	 						0	0	0	30.18	66	63	63			ocf	cum	0				
1873-04-26	8	-12.05	-77.17			a		https://s3.amazonaws.com/NARAprodstorage/lz/dc-metro/rg-024/581208/2020-03/581208-omaha-004/581208-omaha-004-041.JPG	https://s3.amazonaws.com/NARAprodstorage/lz/dc-metro/rg-024/581208/2020-03/581208-omaha-004/581208-omaha-004-041.JPG	 						0	0	0	30.18	66	63	63			ocf	cum	0				
1873-04-26	9	-12.05	-77.17			a		https://s3.amazonaws.com/NARAprodstorage/lz/dc-metro/rg-024/581208/2020-03/581208-omaha-004/581208-omaha-004-041.JPG	https://s3.amazonaws.com/NARAprodstorage/lz/dc-metro/rg-024/581208/2020-03/581208-omaha-004/581208-omaha-004-041.JPG	 						0	0	0	30.18	67	63	63			ocf	cum	0				
1873-04-26	10	-12.05	-77.17			a		https://s3.amazonaws.com/NARAprodstorage/lz/dc-metro/rg-024/581208/2020-03/581208-omaha-004/581208-omaha-004-041.JPG	https://s3.amazonaws.com/NARAprodstorage/lz/dc-metro/rg-024/581208/2020-03/581208-omaha-004/581208-omaha-004-041.JPG	 						0	0	0	30.18	67	63	63			ocf	cum	0				
1873-04-26	11	-12.05	-77.17			a		https://s3.amazonaws.com/NARAprodstorage/lz/dc-metro/rg-024/581208/2020-03/581208-omaha-004/581208-omaha-004-041.JPG	https://s3.amazonaws.com/NARAprodstorage/lz/dc-metro/rg-024/581208/2020-03/581208-omaha-004/581208-omaha-004-041.JPG	 						0	0	0	30.18	67	63	63			ocf	cum	0				
1873-04-26	12	-12.05	-77.17			a		https://s3.amazonaws.com/NARAprodstorage/lz/dc-metro/rg-024/581208/2020-03/581208-omaha-004/581208-omaha-004-041.JPG	https://s3.amazonaws.com/NARAprodstorage/lz/dc-metro/rg-024/581208/2020-03/581208-omaha-004/581208-omaha-004-041.JPG	"Noon: Callao, Peru"						0	0	0	30.18	67	63	63			ocf	cum	0				
1873-04-26	13	-12.05	-77.17			a		https://s3.amazonaws.com/NARAprodstorage/lz/dc-metro/rg-024/581208/2020-03/581208-omaha-004/581208-omaha-004-041.JPG	https://s3.amazonaws.com/NARAprodstorage/lz/dc-metro/rg-024/581208/2020-03/581208-omaha-004/581208-omaha-004-041.JPG	 						0	0	0	30.04	66	65	65			ocf	mim	0				
1873-04-26	14	-12.05	-77.17			a		https://s3.amazonaws.com/NARAprodstorage/lz/dc-metro/rg-024/581208/2020-03/581208-omaha-004/581208-omaha-004-041.JPG	https://s3.amazonaws.com/NARAprodstorage/lz/dc-metro/rg-024/581208/2020-03/581208-omaha-004/581208-omaha-004-041.JPG	 						0	0	0	30.04	66	65	65			ocf	mim	0				
1873-04-26	15	-12.05	-77.17			a		https://s3.amazonaws.com/NARAprodstorage/lz/dc-metro/rg-024/581208/2020-03/581208-omaha-004/581208-omaha-004-041.JPG	https://s3.amazonaws.com/NARAprodstorage/lz/dc-metro/rg-024/581208/2020-03/581208-omaha-004/581208-omaha-004-041.JPG	 						0	0	0	30.04	66	65	65			ocf	mim	0				
1873-04-26	16	-12.05	-77.17			a		https://s3.amazonaws.com/NARAprodstorage/lz/dc-metro/rg-024/581208/2020-03/581208-omaha-004/581208-omaha-004-041.JPG	https://s3.amazonaws.com/NARAprodstorage/lz/dc-metro/rg-024/581208/2020-03/581208-omaha-004/581208-omaha-004-041.JPG	 						0	0	0	30.04	66	65	65			ocf	mim	0				
1873-04-26	17	-12.05	-77.17			a		https://s3.amazonaws.com/NARAprodstorage/lz/dc-metro/rg-024/581208/2020-03/581208-omaha-004/581208-omaha-004-041.JPG	https://s3.amazonaws.com/NARAprodstorage/lz/dc-metro/rg-024/581208/2020-03/581208-omaha-004/581208-omaha-004-041.JPG	 						0	0	0	30.04	66	65	65			ocf	mim	0				
1873-04-26	18	-12.05	-77.17			a		https://s3.amazonaws.com/NARAprodstorage/lz/dc-metro/rg-024/581208/2020-03/581208-omaha-004/581208-omaha-004-041.JPG	https://s3.amazonaws.com/NARAprodstorage/lz/dc-metro/rg-024/581208/2020-03/581208-omaha-004/581208-omaha-004-041.JPG	 						0	0	0	30.02	68	65	65			ocf	mim	0				
1873-04-26	19	-12.05	-77.17			a		https://s3.amazonaws.com/NARAprodstorage/lz/dc-metro/rg-024/581208/2020-03/581208-omaha-004/581208-omaha-004-041.JPG	https://s3.amazonaws.com/NARAprodstorage/lz/dc-metro/rg-024/581208/2020-03/581208-omaha-004/581208-omaha-004-041.JPG	 						0	0	0	30	68	65	65			ocf	mim	0				
1873-04-26	20	-12.05	-77.17			a		https://s3.amazonaws.com/NARAprodstorage/lz/dc-metro/rg-024/581208/2020-03/581208-omaha-004/581208-omaha-004-041.JPG	https://s3.amazonaws.com/NARAprodstorage/lz/dc-metro/rg-024/581208/2020-03/581208-omaha-004/581208-omaha-004-041.JPG	 						135	145	2	30	68	65	65			ocf	mim	0				
1873-04-26	21	-12.05	-77.17			a		https://s3.amazonaws.com/NARAprodstorage/lz/dc-metro/rg-024/581208/2020-03/581208-omaha-004/581208-omaha-004-041.JPG	https://s3.amazonaws.com/NARAprodstorage/lz/dc-metro/rg-024/581208/2020-03/581208-omaha-004/581208-omaha-004-041.JPG	 						135	145	2	30	68	65	65			ocf	mim	0				
1873-04-26	22	-12.05	-77.17			a		https://s3.amazonaws.com/NARAprodstorage/lz/dc-metro/rg-024/581208/2020-03/581208-omaha-004/581208-omaha-004-041.JPG	https://s3.amazonaws.com/NARAprodstorage/lz/dc-metro/rg-024/581208/2020-03/581208-omaha-004/581208-omaha-004-041.JPG	 						135	145	2	30.03	65	63	63			ocf	mim	0				
1873-04-26	23	-12.05	-77.17			a		https://s3.amazonaws.com/NARAprodstorage/lz/dc-metro/rg-024/581208/2020-03/581208-omaha-004/581208-omaha-004-041.JPG	https://s3.amazonaws.com/NARAprodstorage/lz/dc-metro/rg-024/581208/2020-03/581208-omaha-004/581208-omaha-004-041.JPG	 						135	145	2	30.05	65	63	63			ocf	mim	0				
1873-04-26	24	-12.05	-77.17			a		https://s3.amazonaws.com/NARAprodstorage/lz/dc-metro/rg-024/581208/2020-03/581208-omaha-004/581208-omaha-004-041.JPG	https://s3.amazonaws.com/NARAprodstorage/lz/dc-metro/rg-024/581208/2020-03/581208-omaha-004/581208-omaha-004-041.JPG	 						135	145	2	30.05	65	63	63			ocf	mim	0				
1873-04-27	1	-12.05	-77.17			a		https://s3.amazonaws.com/NARAprodstorage/lz/dc-metro/rg-024/581208/2020-03/581208-omaha-004/581208-omaha-004-042.JPG	https://s3.amazonaws.com/NARAprodstorage/lz/dc-metro/rg-024/581208/2020-03/581208-omaha-004/581208-omaha-004-042.JPG	 						0	0	0	30.04	62	60	60			bcf	nim	0				
1873-04-27	2	-12.05	-77.17			a		https://s3.amazonaws.com/NARAprodstorage/lz/dc-metro/rg-024/581208/2020-03/581208-omaha-004/581208-omaha-004-042.JPG	https://s3.amazonaws.com/NARAprodstorage/lz/dc-metro/rg-024/581208/2020-03/581208-omaha-004/581208-omaha-004-042.JPG	 						0	0	0	30.04	62	60	60			bcf	nim	0				
1873-04-27	3	-12.05	-77.17			a		https://s3.amazonaws.com/NARAprodstorage/lz/dc-metro/rg-024/581208/2020-03/581208-omaha-004/581208-omaha-004-042.JPG	https://s3.amazonaws.com/NARAprodstorage/lz/dc-metro/rg-024/581208/2020-03/581208-omaha-004/581208-omaha-004-042.JPG	 						0	0	0	30.04	62	60	60			bcf	nim	0				
1873-04-27	4	-12.05	-77.17			a		https://s3.amazonaws.com/NARAprodstorage/lz/dc-metro/rg-024/581208/2020-03/581208-omaha-004/581208-omaha-004-042.JPG	https://s3.amazonaws.com/NARAprodstorage/lz/dc-metro/rg-024/581208/2020-03/581208-omaha-004/581208-omaha-004-042.JPG	 						0	0	0	30.04	62	60	60			bcf	nim	0				
1873-04-27	5	-12.05	-77.17			a		https://s3.amazonaws.com/NARAprodstorage/lz/dc-metro/rg-024/581208/2020-03/581208-omaha-004/581208-omaha-004-042.JPG	https://s3.amazonaws.com/NARAprodstorage/lz/dc-metro/rg-024/581208/2020-03/581208-omaha-004/581208-omaha-004-042.JPG	 						0	0	0	30.04	62	60	60			bcf	nim	0				
1873-04-27	6	-12.05	-77.17			a		https://s3.amazonaws.com/NARAprodstorage/lz/dc-metro/rg-024/581208/2020-03/581208-omaha-004/581208-omaha-004-042.JPG	https://s3.amazonaws.com/NARAprodstorage/lz/dc-metro/rg-024/581208/2020-03/581208-omaha-004/581208-omaha-004-042.JPG	 						0	0	0	30.04	63	63	63			bcf	nim	0				
1873-04-27	7	-12.05	-77.17			a		https://s3.amazonaws.com/NARAprodstorage/lz/dc-metro/rg-024/581208/2020-03/581208-omaha-004/581208-omaha-004-042.JPG	https://s3.amazonaws.com/NARAprodstorage/lz/dc-metro/rg-024/581208/2020-03/581208-omaha-004/581208-omaha-004-042.JPG	 						0	0	0	30.04	63	63	63			bcf	nim	0				
1873-04-27	8	-12.05	-77.17			a		https://s3.amazonaws.com/NARAprodstorage/lz/dc-metro/rg-024/581208/2020-03/581208-omaha-004/581208-omaha-004-042.JPG	https://s3.amazonaws.com/NARAprodstorage/lz/dc-metro/rg-024/581208/2020-03/581208-omaha-004/581208-omaha-004-042.JPG	 						0	0	0	30.04	63	63	63			bcf	nim	0				
1873-04-27	9	-12.05	-77.17			a		https://s3.amazonaws.com/NARAprodstorage/lz/dc-metro/rg-024/581208/2020-03/581208-omaha-004/581208-omaha-004-042.JPG	https://s3.amazonaws.com/NARAprodstorage/lz/dc-metro/rg-024/581208/2020-03/581208-omaha-004/581208-omaha-004-042.JPG	 						888	888	2	30.04	65	65	65			bcf	cum nim	0				
1873-04-27	10	-12.05	-77.17			a		https://s3.amazonaws.com/NARAprodstorage/lz/dc-metro/rg-024/581208/2020-03/581208-omaha-004/581208-omaha-004-042.JPG	https://s3.amazonaws.com/NARAprodstorage/lz/dc-metro/rg-024/581208/2020-03/581208-omaha-004/581208-omaha-004-042.JPG	 						888	888	2	30.04	65	65	65			bcf	cum nim	3				
1873-04-27	11	-12.05	-77.17			a		https://s3.amazonaws.com/NARAprodstorage/lz/dc-metro/rg-024/581208/2020-03/581208-omaha-004/581208-omaha-004-042.JPG	https://s3.amazonaws.com/NARAprodstorage/lz/dc-metro/rg-024/581208/2020-03/581208-omaha-004/581208-omaha-004-042.JPG	 						888	888	2	30.02	65	65	65			bcf	cum nim	3				
1873-04-27	12	-12.05	-77.17			a		https://s3.amazonaws.com/NARAprodstorage/lz/dc-metro/rg-024/581208/2020-03/581208-omaha-004/581208-omaha-004-042.JPG	https://s3.amazonaws.com/NARAprodstorage/lz/dc-metro/rg-024/581208/2020-03/581208-omaha-004/581208-omaha-004-042.JPG	"Noon: Callao, Peru"						888	888	2	30.02	65	65	65			bcf	cum nim	3				
1873-04-27	13	-12.05	-77.17			a		https://s3.amazonaws.com/NARAprodstorage/lz/dc-metro/rg-024/581208/2020-03/581208-omaha-004/581208-omaha-004-042.JPG	https://s3.amazonaws.com/NARAprodstorage/lz/dc-metro/rg-024/581208/2020-03/581208-omaha-004/581208-omaha-004-042.JPG	 						888	888	2	30.02	68	65	65			bcm	cir cum str	6				
1873-04-27	14	-12.05	-77.17			a		https://s3.amazonaws.com/NARAprodstorage/lz/dc-metro/rg-024/581208/2020-03/581208-omaha-004/581208-omaha-004-042.JPG	https://s3.amazonaws.com/NARAprodstorage/lz/dc-metro/rg-024/581208/2020-03/581208-omaha-004/581208-omaha-004-042.JPG	 						888	888	2	30.02	68	65	65			bcm	cir cum str	8				
1873-04-27	15	-12.05	-77.17			a		https://s3.amazonaws.com/NARAprodstorage/lz/dc-metro/rg-024/581208/2020-03/581208-omaha-004/581208-omaha-004-042.JPG	https://s3.amazonaws.com/NARAprodstorage/lz/dc-metro/rg-024/581208/2020-03/581208-omaha-004/581208-omaha-004-042.JPG	 						888	888	2	30.02	68	65	65			bcm	cir cum str	9				
1873-04-27	16	-12.05	-77.17			a		https://s3.amazonaws.com/NARAprodstorage/lz/dc-metro/rg-024/581208/2020-03/581208-omaha-004/581208-omaha-004-042.JPG	https://s3.amazonaws.com/NARAprodstorage/lz/dc-metro/rg-024/581208/2020-03/581208-omaha-004/581208-omaha-004-042.JPG	 						888	888	2	30.02	68	65	65			bcm	cir cum str	9				
1873-04-27	17	-12.05	-77.17			a		https://s3.amazonaws.com/NARAprodstorage/lz/dc-metro/rg-024/581208/2020-03/581208-omaha-004/581208-omaha-004-042.JPG	https://s3.amazonaws.com/NARAprodstorage/lz/dc-metro/rg-024/581208/2020-03/581208-omaha-004/581208-omaha-004-042.JPG	 						888	888	0	30.02	68	65	65			bcm	cir cum str	9				
1873-04-27	18	-12.05	-77.17			a		https://s3.amazonaws.com/NARAprodstorage/lz/dc-metro/rg-024/581208/2020-03/581208-omaha-004/581208-omaha-004-042.JPG	https://s3.amazonaws.com/NARAprodstorage/lz/dc-metro/rg-024/581208/2020-03/581208-omaha-004/581208-omaha-004-042.JPG	 						888	888	0	30.02	68	65	65			bcm	cir cum str	9				
1873-04-27	19	-12.05	-77.17			a		https://s3.amazonaws.com/NARAprodstorage/lz/dc-metro/rg-024/581208/2020-03/581208-omaha-004/581208-omaha-004-042.JPG	https://s3.amazonaws.com/NARAprodstorage/lz/dc-metro/rg-024/581208/2020-03/581208-omaha-004/581208-omaha-004-042.JPG	 						888	888	0	30.02	68	65	65			bcm	cir cum str	9				
1873-04-27	20	-12.05	-77.17			a		https://s3.amazonaws.com/NARAprodstorage/lz/dc-metro/rg-024/581208/2020-03/581208-omaha-004/581208-omaha-004-042.JPG	https://s3.amazonaws.com/NARAprodstorage/lz/dc-metro/rg-024/581208/2020-03/581208-omaha-004/581208-omaha-004-042.JPG	 						888	888	0	30.02	68	65	65			bcm	cir cum str	9				
1873-04-27	21	-12.05	-77.17			a		https://s3.amazonaws.com/NARAprodstorage/lz/dc-metro/rg-024/581208/2020-03/581208-omaha-004/581208-omaha-004-042.JPG	https://s3.amazonaws.com/NARAprodstorage/lz/dc-metro/rg-024/581208/2020-03/581208-omaha-004/581208-omaha-004-042.JPG	 						888	888	0	30.02	68	65	65			bcm	cir cum str	9				
1873-04-27	22	-12.05	-77.17			a		https://s3.amazonaws.com/NARAprodstorage/lz/dc-metro/rg-024/581208/2020-03/581208-omaha-004/581208-omaha-004-042.JPG	https://s3.amazonaws.com/NARAprodstorage/lz/dc-metro/rg-024/581208/2020-03/581208-omaha-004/581208-omaha-004-042.JPG	 						888	888	0	30.02	68	65	65			bcm	cir cum str	9				
1873-04-27	23	-12.05	-77.17			a		https://s3.amazonaws.com/NARAprodstorage/lz/dc-metro/rg-024/581208/2020-03/581208-omaha-004/581208-omaha-004-042.JPG	https://s3.amazonaws.com/NARAprodstorage/lz/dc-metro/rg-024/581208/2020-03/581208-omaha-004/581208-omaha-004-042.JPG	 						888	888	0	30.02	68	65	65			bcm	cir cum str	9				
1873-04-27	24	-12.05	-77.17			a		https://s3.amazonaws.com/NARAprodstorage/lz/dc-metro/rg-024/581208/2020-03/581208-omaha-004/581208-omaha-004-042.JPG	https://s3.amazonaws.com/NARAprodstorage/lz/dc-metro/rg-024/581208/2020-03/581208-omaha-004/581208-omaha-004-042.JPG	 						888	888	0	30.02	68	65	65			bcm	cir cum str	9				
1873-04-28	1	-12.05	-77.17			a		https://s3.amazonaws.com/NARAprodstorage/lz/dc-metro/rg-024/581208/2020-03/581208-omaha-004/581208-omaha-004-043.JPG	https://s3.amazonaws.com/NARAprodstorage/lz/dc-metro/rg-024/581208/2020-03/581208-omaha-004/581208-omaha-004-043.JPG	 						0	0	0	30.18	68	64	64	65		ocm	nim	0				
1873-04-28	2	-12.05	-77.17			a		https://s3.amazonaws.com/NARAprodstorage/lz/dc-metro/rg-024/581208/2020-03/581208-omaha-004/581208-omaha-004-043.JPG	https://s3.amazonaws.com/NARAprodstorage/lz/dc-metro/rg-024/581208/2020-03/581208-omaha-004/581208-omaha-004-043.JPG	 						0	0	0	30.18	68	64	64	65		ocm	nim	0				
1873-04-28	3	-12.05	-77.17			a		https://s3.amazonaws.com/NARAprodstorage/lz/dc-metro/rg-024/581208/2020-03/581208-omaha-004/581208-omaha-004-043.JPG	https://s3.amazonaws.com/NARAprodstorage/lz/dc-metro/rg-024/581208/2020-03/581208-omaha-004/581208-omaha-004-043.JPG	 						0	0	0	30.18	68	64	64	65		ocm	nim	0				
1873-04-28	4	-12.05	-77.17			a		https://s3.amazonaws.com/NARAprodstorage/lz/dc-metro/rg-024/581208/2020-03/581208-omaha-004/581208-omaha-004-043.JPG	https://s3.amazonaws.com/NARAprodstorage/lz/dc-metro/rg-024/581208/2020-03/581208-omaha-004/581208-omaha-004-043.JPG	 						0	0	0	30.18	68	64	64	65		ocm	nim	0				
1873-04-28	5	-12.05	-77.17			a		https://s3.amazonaws.com/NARAprodstorage/lz/dc-metro/rg-024/581208/2020-03/581208-omaha-004/581208-omaha-004-043.JPG	https://s3.amazonaws.com/NARAprodstorage/lz/dc-metro/rg-024/581208/2020-03/581208-omaha-004/581208-omaha-004-043.JPG	 						0	0	0	30.14	66	64	64	65		ocm	nim	0				
1873-04-28	6	-12.05	-77.17			a		https://s3.amazonaws.com/NARAprodstorage/lz/dc-metro/rg-024/581208/2020-03/581208-omaha-004/581208-omaha-004-043.JPG	https://s3.amazonaws.com/NARAprodstorage/lz/dc-metro/rg-024/581208/2020-03/581208-omaha-004/581208-omaha-004-043.JPG	 						0	0	0	30.13	66	64	64	65		ocm	nim	0				
1873-04-28	7	-12.05	-77.17			a		https://s3.amazonaws.com/NARAprodstorage/lz/dc-metro/rg-024/581208/2020-03/581208-omaha-004/581208-omaha-004-043.JPG	https://s3.amazonaws.com/NARAprodstorage/lz/dc-metro/rg-024/581208/2020-03/581208-omaha-004/581208-omaha-004-043.JPG	 						0	0	0	30.08	66	64	64	65		ocm	nim	0				
1873-04-28	8	-12.05	-77.17			a		https://s3.amazonaws.com/NARAprodstorage/lz/dc-metro/rg-024/581208/2020-03/581208-omaha-004/581208-omaha-004-043.JPG	https://s3.amazonaws.com/NARAprodstorage/lz/dc-metro/rg-024/581208/2020-03/581208-omaha-004/581208-omaha-004-043.JPG	 						0	0	0	30.06	66	64	64	65		ocm	nim	0				
1873-04-28	9	-12.05	-77.17			a		https://s3.amazonaws.com/NARAprodstorage/lz/dc-metro/rg-024/581208/2020-03/581208-omaha-004/581208-omaha-004-043.JPG	https://s3.amazonaws.com/NARAprodstorage/lz/dc-metro/rg-024/581208/2020-03/581208-omaha-004/581208-omaha-004-043.JPG	 						135	145	2	30.06	66	64	64	65		ocm	nim	0				
1873-04-28	10	-12.05	-77.17			a		https://s3.amazonaws.com/NARAprodstorage/lz/dc-metro/rg-024/581208/2020-03/581208-omaha-004/581208-omaha-004-043.JPG	https://s3.amazonaws.com/NARAprodstorage/lz/dc-metro/rg-024/581208/2020-03/581208-omaha-004/581208-omaha-004-043.JPG	 						135	145	2	30.06	66	64	64	65		ocm	nim	0				
1873-04-28	11	-12.05	-77.17			a		https://s3.amazonaws.com/NARAprodstorage/lz/dc-metro/rg-024/581208/2020-03/581208-omaha-004/581208-omaha-004-043.JPG	https://s3.amazonaws.com/NARAprodstorage/lz/dc-metro/rg-024/581208/2020-03/581208-omaha-004/581208-omaha-004-043.JPG	 						135	145	2	30.06	66	64	64	65		ocm	nim	0				
1873-04-28	12	-12.05	-77.17			a		https://s3.amazonaws.com/NARAprodstorage/lz/dc-metro/rg-024/581208/2020-03/581208-omaha-004/581208-omaha-004-043.JPG	https://s3.amazonaws.com/NARAprodstorage/lz/dc-metro/rg-024/581208/2020-03/581208-omaha-004/581208-omaha-004-043.JPG	"Noon: Callao, Peru"						135	145	2	30.06	66	64	64	65		ocm	nim	0				
1873-04-28	13	-12.05	-77.17			a		https://s3.amazonaws.com/NARAprodstorage/lz/dc-metro/rg-024/581208/2020-03/581208-omaha-004/581208-omaha-004-043.JPG	https://s3.amazonaws.com/NARAprodstorage/lz/dc-metro/rg-024/581208/2020-03/581208-omaha-004/581208-omaha-004-043.JPG	 						158	168	8	30.1	68	64	64	64		bcm	nim	1				
1873-04-28	14	-12.05	-77.17			a		https://s3.amazonaws.com/NARAprodstorage/lz/dc-metro/rg-024/581208/2020-03/581208-omaha-004/581208-omaha-004-043.JPG	https://s3.amazonaws.com/NARAprodstorage/lz/dc-metro/rg-024/581208/2020-03/581208-omaha-004/581208-omaha-004-043.JPG	 						158	168	8	30.1	68	64	64	64		bcm	nim	1				
1873-04-28	15	-12.05	-77.17			a		https://s3.amazonaws.com/NARAprodstorage/lz/dc-metro/rg-024/581208/2020-03/581208-omaha-004/581208-omaha-004-043.JPG	https://s3.amazonaws.com/NARAprodstorage/lz/dc-metro/rg-024/581208/2020-03/581208-omaha-004/581208-omaha-004-043.JPG	 						158	168	8	30.1	68	64	64	64		bcm	nim	1				
1873-04-28	16	-12.05	-77.17			a		https://s3.amazonaws.com/NARAprodstorage/lz/dc-metro/rg-024/581208/2020-03/581208-omaha-004/581208-omaha-004-043.JPG	https://s3.amazonaws.com/NARAprodstorage/lz/dc-metro/rg-024/581208/2020-03/581208-omaha-004/581208-omaha-004-043.JPG	 						158	168	8	30.13	68	64	64	64		bcm	nim	1				
1873-04-28	17	-12.05	-77.17			a		https://s3.amazonaws.com/NARAprodstorage/lz/dc-metro/rg-024/581208/2020-03/581208-omaha-004/581208-omaha-004-043.JPG	https://s3.amazonaws.com/NARAprodstorage/lz/dc-metro/rg-024/581208/2020-03/581208-omaha-004/581208-omaha-004-043.JPG	 						158	168	8	30.13	68	64	64	64		bcm	nim	1				
1873-04-28	18	-12.05	-77.17			a		https://s3.amazonaws.com/NARAprodstorage/lz/dc-metro/rg-024/581208/2020-03/581208-omaha-004/581208-omaha-004-043.JPG	https://s3.amazonaws.com/NARAprodstorage/lz/dc-metro/rg-024/581208/2020-03/581208-omaha-004/581208-omaha-004-043.JPG	 						158	168	8	30.13	68	64	64	64		bcm	nim	1				
1873-04-28	19	-12.05	-77.17			a		https://s3.amazonaws.com/NARAprodstorage/lz/dc-metro/rg-024/581208/2020-03/581208-omaha-004/581208-omaha-004-043.JPG	https://s3.amazonaws.com/NARAprodstorage/lz/dc-metro/rg-024/581208/2020-03/581208-omaha-004/581208-omaha-004-043.JPG	 						158	168	8	30.13	68	64	64	64		bcm	nim	1				
1873-04-28	20	-12.05	-77.17			a		https://s3.amazonaws.com/NARAprodstorage/lz/dc-metro/rg-024/581208/2020-03/581208-omaha-004/581208-omaha-004-043.JPG	https://s3.amazonaws.com/NARAprodstorage/lz/dc-metro/rg-024/581208/2020-03/581208-omaha-004/581208-omaha-004-043.JPG	 						146	156	8	30.13	68	64	64	64		bcm	nim	1				
1873-04-28	21	-12.05	-77.17			a		https://s3.amazonaws.com/NARAprodstorage/lz/dc-metro/rg-024/581208/2020-03/581208-omaha-004/581208-omaha-004-043.JPG	https://s3.amazonaws.com/NARAprodstorage/lz/dc-metro/rg-024/581208/2020-03/581208-omaha-004/581208-omaha-004-043.JPG	 						146	156	8	30.13	65	63	63	64		bc	nim	1				
1873-04-28	22	-12.05	-77.17			a		https://s3.amazonaws.com/NARAprodstorage/lz/dc-metro/rg-024/581208/2020-03/581208-omaha-004/581208-omaha-004-043.JPG	https://s3.amazonaws.com/NARAprodstorage/lz/dc-metro/rg-024/581208/2020-03/581208-omaha-004/581208-omaha-004-043.JPG	 						146	156	8	30.13	65	63	63	64		bc	nim	2				
1873-04-28	23	-12.05	-77.17			a		https://s3.amazonaws.com/NARAprodstorage/lz/dc-metro/rg-024/581208/2020-03/581208-omaha-004/581208-omaha-004-043.JPG	https://s3.amazonaws.com/NARAprodstorage/lz/dc-metro/rg-024/581208/2020-03/581208-omaha-004/581208-omaha-004-043.JPG	 						146	156	8	30.13	65	63	63	64		bc	nim	2				
1873-04-28	24	-12.05	-77.17			a		https://s3.amazonaws.com/NARAprodstorage/lz/dc-metro/rg-024/581208/2020-03/581208-omaha-004/581208-omaha-004-043.JPG	https://s3.amazonaws.com/NARAprodstorage/lz/dc-metro/rg-024/581208/2020-03/581208-omaha-004/581208-omaha-004-043.JPG	 						146	156	8	30.13	65	63	63	64		bc	nim	2				
1873-04-29	1	-12.05	-77.17			a		https://s3.amazonaws.com/NARAprodstorage/lz/dc-metro/rg-024/581208/2020-03/581208-omaha-004/581208-omaha-004-044.JPG	https://s3.amazonaws.com/NARAprodstorage/lz/dc-metro/rg-024/581208/2020-03/581208-omaha-004/581208-omaha-004-044.JPG	 						135	145	2	30.02	64	65	63			ocf	nim					
1873-04-29	2	-12.05	-77.17			a		https://s3.amazonaws.com/NARAprodstorage/lz/dc-metro/rg-024/581208/2020-03/581208-omaha-004/581208-omaha-004-044.JPG	https://s3.amazonaws.com/NARAprodstorage/lz/dc-metro/rg-024/581208/2020-03/581208-omaha-004/581208-omaha-004-044.JPG	 						135	145	2	30.02	64	65	63			ocf	nim					
1873-04-29	3	-12.05	-77.17			a		https://s3.amazonaws.com/NARAprodstorage/lz/dc-metro/rg-024/581208/2020-03/581208-omaha-004/581208-omaha-004-044.JPG	https://s3.amazonaws.com/NARAprodstorage/lz/dc-metro/rg-024/581208/2020-03/581208-omaha-004/581208-omaha-004-044.JPG	 						135	145	2	30.02	64	65	63			ocf	nim					
1873-04-29	4	-12.05	-77.17			a		https://s3.amazonaws.com/NARAprodstorage/lz/dc-metro/rg-024/581208/2020-03/581208-omaha-004/581208-omaha-004-044.JPG	https://s3.amazonaws.com/NARAprodstorage/lz/dc-metro/rg-024/581208/2020-03/581208-omaha-004/581208-omaha-004-044.JPG	 						135	145	2	30.02	64	65	63			ocf	nim					
1873-04-29	5	-12.05	-77.17			a		https://s3.amazonaws.com/NARAprodstorage/lz/dc-metro/rg-024/581208/2020-03/581208-omaha-004/581208-omaha-004-044.JPG	https://s3.amazonaws.com/NARAprodstorage/lz/dc-metro/rg-024/581208/2020-03/581208-omaha-004/581208-omaha-004-044.JPG	 						135	145	2	30.02	64	65	63			ocf	nim					
1873-04-29	6	-12.05	-77.17			a		https://s3.amazonaws.com/NARAprodstorage/lz/dc-metro/rg-024/581208/2020-03/581208-omaha-004/581208-omaha-004-044.JPG	https://s3.amazonaws.com/NARAprodstorage/lz/dc-metro/rg-024/581208/2020-03/581208-omaha-004/581208-omaha-004-044.JPG	 						135	145	2	30.02	64	65	63			ocf	nim					
1873-04-29	7	-12.05	-77.17			a		https://s3.amazonaws.com/NARAprodstorage/lz/dc-metro/rg-024/581208/2020-03/581208-omaha-004/581208-omaha-004-044.JPG	https://s3.amazonaws.com/NARAprodstorage/lz/dc-metro/rg-024/581208/2020-03/581208-omaha-004/581208-omaha-004-044.JPG	 						135	145	2	30.02	64	65	63			ocf	nim					
1873-04-29	8	-12.05	-77.17			a		https://s3.amazonaws.com/NARAprodstorage/lz/dc-metro/rg-024/581208/2020-03/581208-omaha-004/581208-omaha-004-044.JPG	https://s3.amazonaws.com/NARAprodstorage/lz/dc-metro/rg-024/581208/2020-03/581208-omaha-004/581208-omaha-004-044.JPG	 						135	145	2	30.02	64	65	63			ocf	nim					
1873-04-29	9	-12.05	-77.17			a		https://s3.amazonaws.com/NARAprodstorage/lz/dc-metro/rg-024/581208/2020-03/581208-omaha-004/581208-omaha-004-044.JPG	https://s3.amazonaws.com/NARAprodstorage/lz/dc-metro/rg-024/581208/2020-03/581208-omaha-004/581208-omaha-004-044.JPG	 						158	168	2	30.14	66	63	63			ocm	nim					
1873-04-29	10	-12.05	-77.17			a		https://s3.amazonaws.com/NARAprodstorage/lz/dc-metro/rg-024/581208/2020-03/581208-omaha-004/581208-omaha-004-044.JPG	https://s3.amazonaws.com/NARAprodstorage/lz/dc-metro/rg-024/581208/2020-03/581208-omaha-004/581208-omaha-004-044.JPG	 						158	168	2	30.14	66	63	63			ocm	nim					
1873-04-29	11	-12.05	-77.17			a		https://s3.amazonaws.com/NARAprodstorage/lz/dc-metro/rg-024/581208/2020-03/581208-omaha-004/581208-omaha-004-044.JPG	https://s3.amazonaws.com/NARAprodstorage/lz/dc-metro/rg-024/581208/2020-03/581208-omaha-004/581208-omaha-004-044.JPG	 						158	168	2	30.14	66	63	63			ocm	nim					
1873-04-29	12	-12.05	-77.17			a		https://s3.amazonaws.com/NARAprodstorage/lz/dc-metro/rg-024/581208/2020-03/581208-omaha-004/581208-omaha-004-044.JPG	https://s3.amazonaws.com/NARAprodstorage/lz/dc-metro/rg-024/581208/2020-03/581208-omaha-004/581208-omaha-004-044.JPG	"Noon: Callao, Peru"						158	168	2	30.14	66	63	63			ocm	nim					
1873-04-29	13	-12.05	-77.17			a		https://s3.amazonaws.com/NARAprodstorage/lz/dc-metro/rg-024/581208/2020-03/581208-omaha-004/581208-omaha-004-044.JPG	https://s3.amazonaws.com/NARAprodstorage/lz/dc-metro/rg-024/581208/2020-03/581208-omaha-004/581208-omaha-004-044.JPG	 						135	145	2	29.94	65	64	63			bcm	nim	6				
1873-04-29	14	-12.05	-77.17			a		https://s3.amazonaws.com/NARAprodstorage/lz/dc-metro/rg-024/581208/2020-03/581208-omaha-004/581208-omaha-004-044.JPG	https://s3.amazonaws.com/NARAprodstorage/lz/dc-metro/rg-024/581208/2020-03/581208-omaha-004/581208-omaha-004-044.JPG	 						135	145	2	29.94	65	64	63			bcm	nim	6				
1873-04-29	15	-12.05	-77.17			a		https://s3.amazonaws.com/NARAprodstorage/lz/dc-metro/rg-024/581208/2020-03/581208-omaha-004/581208-omaha-004-044.JPG	https://s3.amazonaws.com/NARAprodstorage/lz/dc-metro/rg-024/581208/2020-03/581208-omaha-004/581208-omaha-004-044.JPG	 						135	145	2	29.94	65	64	63			bcm	nim	8				
1873-04-29	16	-12.05	-77.17			a		https://s3.amazonaws.com/NARAprodstorage/lz/dc-metro/rg-024/581208/2020-03/581208-omaha-004/581208-omaha-004-044.JPG	https://s3.amazonaws.com/NARAprodstorage/lz/dc-metro/rg-024/581208/2020-03/581208-omaha-004/581208-omaha-004-044.JPG	 						135	145	2	29.94	65	64	63			bcm	nim	8				
1873-04-29	17	-12.05	-77.17			a		https://s3.amazonaws.com/NARAprodstorage/lz/dc-metro/rg-024/581208/2020-03/581208-omaha-004/581208-omaha-004-044.JPG	https://s3.amazonaws.com/NARAprodstorage/lz/dc-metro/rg-024/581208/2020-03/581208-omaha-004/581208-omaha-004-044.JPG	 						158	168	5	30.19	66	64	63			bcm	nim	8				
1873-04-29	18	-12.05	-77.17			a		https://s3.amazonaws.com/NARAprodstorage/lz/dc-metro/rg-024/581208/2020-03/581208-omaha-004/581208-omaha-004-044.JPG	https://s3.amazonaws.com/NARAprodstorage/lz/dc-metro/rg-024/581208/2020-03/581208-omaha-004/581208-omaha-004-044.JPG	 						158	168	2	30.19	66	63	63			bcm	nim	8				
1873-04-29	19	-12.05	-77.17			a		https://s3.amazonaws.com/NARAprodstorage/lz/dc-metro/rg-024/581208/2020-03/581208-omaha-004/581208-omaha-004-044.JPG	https://s3.amazonaws.com/NARAprodstorage/lz/dc-metro/rg-024/581208/2020-03/581208-omaha-004/581208-omaha-004-044.JPG	 						158	168	2	30.19	67	63	63			bcm	nim	8				
1873-04-29	20	-12.05	-77.17			a		https://s3.amazonaws.com/NARAprodstorage/lz/dc-metro/rg-024/581208/2020-03/581208-omaha-004/581208-omaha-004-044.JPG	https://s3.amazonaws.com/NARAprodstorage/lz/dc-metro/rg-024/581208/2020-03/581208-omaha-004/581208-omaha-004-044.JPG	 						158	168	2	30.19	67	63	63			bcm	nim	8				
1873-04-29	21	-12.05	-77.17			a		https://s3.amazonaws.com/NARAprodstorage/lz/dc-metro/rg-024/581208/2020-03/581208-omaha-004/581208-omaha-004-044.JPG	https://s3.amazonaws.com/NARAprodstorage/lz/dc-metro/rg-024/581208/2020-03/581208-omaha-004/581208-omaha-004-044.JPG	 						158	168	2	30.2	65	63	63			bcm	nim	8				
1873-04-29	22	-12.05	-77.17			a		https://s3.amazonaws.com/NARAprodstorage/lz/dc-metro/rg-024/581208/2020-03/581208-omaha-004/581208-omaha-004-044.JPG	https://s3.amazonaws.com/NARAprodstorage/lz/dc-metro/rg-024/581208/2020-03/581208-omaha-004/581208-omaha-004-044.JPG	 						158	168	2	30.16	64	62	62			bcm	nim	8				
1873-04-29	23	-12.05	-77.17			a		https://s3.amazonaws.com/NARAprodstorage/lz/dc-metro/rg-024/581208/2020-03/581208-omaha-004/581208-omaha-004-044.JPG	https://s3.amazonaws.com/NARAprodstorage/lz/dc-metro/rg-024/581208/2020-03/581208-omaha-004/581208-omaha-004-044.JPG	 						158	168	2	30.16	62	61	61			bcm	nim	8				
1873-04-29	24	-12.05	-77.17			a		https://s3.amazonaws.com/NARAprodstorage/lz/dc-metro/rg-024/581208/2020-03/581208-omaha-004/581208-omaha-004-044.JPG	https://s3.amazonaws.com/NARAprodstorage/lz/dc-metro/rg-024/581208/2020-03/581208-omaha-004/581208-omaha-004-044.JPG	 						158	168	2	30.16	62	61	61			bcm	nim	8				
1873-04-30	1	-12.05	-77.17			a		https://s3.amazonaws.com/NARAprodstorage/lz/dc-metro/rg-024/581208/2020-03/581208-omaha-004/581208-omaha-004-045.JPG	https://s3.amazonaws.com/NARAprodstorage/lz/dc-metro/rg-024/581208/2020-03/581208-omaha-004/581208-omaha-004-045.JPG	 						135	145	2	30.12	66	63	63			bc	cum nim	6				
1873-04-30	2	-12.05	-77.17			a		https://s3.amazonaws.com/NARAprodstorage/lz/dc-metro/rg-024/581208/2020-03/581208-omaha-004/581208-omaha-004-045.JPG	https://s3.amazonaws.com/NARAprodstorage/lz/dc-metro/rg-024/581208/2020-03/581208-omaha-004/581208-omaha-004-045.JPG	 						135	145	2	30.08	66	63	63			ocm	cum nim	0				
1873-04-30	3	-12.05	-77.17			a		https://s3.amazonaws.com/NARAprodstorage/lz/dc-metro/rg-024/581208/2020-03/581208-omaha-004/581208-omaha-004-045.JPG	https://s3.amazonaws.com/NARAprodstorage/lz/dc-metro/rg-024/581208/2020-03/581208-omaha-004/581208-omaha-004-045.JPG	 						135	145	2	30.04	66	63	63			ocm	cum nim	0				
1873-04-30	4	-12.05	-77.17			a		https://s3.amazonaws.com/NARAprodstorage/lz/dc-metro/rg-024/581208/2020-03/581208-omaha-004/581208-omaha-004-045.JPG	https://s3.amazonaws.com/NARAprodstorage/lz/dc-metro/rg-024/581208/2020-03/581208-omaha-004/581208-omaha-004-045.JPG	 						135	145	2	30.06	66	63	63			ocm	cum nim	0				
1873-04-30	5	-12.05	-77.17			a		https://s3.amazonaws.com/NARAprodstorage/lz/dc-metro/rg-024/581208/2020-03/581208-omaha-004/581208-omaha-004-045.JPG	https://s3.amazonaws.com/NARAprodstorage/lz/dc-metro/rg-024/581208/2020-03/581208-omaha-004/581208-omaha-004-045.JPG	 						0	0	0	30.06	66	63	63			ocm	cum nim	0				
1873-04-30	6	-12.05	-77.17			a		https://s3.amazonaws.com/NARAprodstorage/lz/dc-metro/rg-024/581208/2020-03/581208-omaha-004/581208-omaha-004-045.JPG	https://s3.amazonaws.com/NARAprodstorage/lz/dc-metro/rg-024/581208/2020-03/581208-omaha-004/581208-omaha-004-045.JPG	 						0	0	0	30.1	66	63	63			ocm	cum nim	0				
1873-04-30	7	-12.05	-77.17			a		https://s3.amazonaws.com/NARAprodstorage/lz/dc-metro/rg-024/581208/2020-03/581208-omaha-004/581208-omaha-004-045.JPG	https://s3.amazonaws.com/NARAprodstorage/lz/dc-metro/rg-024/581208/2020-03/581208-omaha-004/581208-omaha-004-045.JPG	 						0	0	0	30.1	66	63	63			ocm	cum nim	0				
1873-04-30	8	-12.05	-77.17			a		https://s3.amazonaws.com/NARAprodstorage/lz/dc-metro/rg-024/581208/2020-03/581208-omaha-004/581208-omaha-004-045.JPG	https://s3.amazonaws.com/NARAprodstorage/lz/dc-metro/rg-024/581208/2020-03/581208-omaha-004/581208-omaha-004-045.JPG	 						0	0	0	30.08	66	63	63			ocm	cum nim	0				
1873-04-30	9	-12.05	-77.17			a		https://s3.amazonaws.com/NARAprodstorage/lz/dc-metro/rg-024/581208/2020-03/581208-omaha-004/581208-omaha-004-045.JPG	https://s3.amazonaws.com/NARAprodstorage/lz/dc-metro/rg-024/581208/2020-03/581208-omaha-004/581208-omaha-004-045.JPG	 						135	145	2	30.08	64	64	64			ocm	nim	0				
1873-04-30	10	-12.05	-77.17			a		https://s3.amazonaws.com/NARAprodstorage/lz/dc-metro/rg-024/581208/2020-03/581208-omaha-004/581208-omaha-004-045.JPG	https://s3.amazonaws.com/NARAprodstorage/lz/dc-metro/rg-024/581208/2020-03/581208-omaha-004/581208-omaha-004-045.JPG	 						135	145	2	30.08	64	64	64			ocm	nim	0				
1873-04-30	11	-12.05	-77.17			a		https://s3.amazonaws.com/NARAprodstorage/lz/dc-metro/rg-024/581208/2020-03/581208-omaha-004/581208-omaha-004-045.JPG	https://s3.amazonaws.com/NARAprodstorage/lz/dc-metro/rg-024/581208/2020-03/581208-omaha-004/581208-omaha-004-045.JPG	 						135	145	2	30.08	64	65	65			ocm	nim	0				
1873-04-30	12	-12.05	-77.17			a		https://s3.amazonaws.com/NARAprodstorage/lz/dc-metro/rg-024/581208/2020-03/581208-omaha-004/581208-omaha-004-045.JPG	https://s3.amazonaws.com/NARAprodstorage/lz/dc-metro/rg-024/581208/2020-03/581208-omaha-004/581208-omaha-004-045.JPG	"Noon: Callao, Peru"						135	145	2	30.08		65	65			ocm	nim	0				
1873-04-30	13	-12.05	-77.17			a		https://s3.amazonaws.com/NARAprodstorage/lz/dc-metro/rg-024/581208/2020-03/581208-omaha-004/581208-omaha-004-045.JPG	https://s3.amazonaws.com/NARAprodstorage/lz/dc-metro/rg-024/581208/2020-03/581208-omaha-004/581208-omaha-004-045.JPG	 						135	145	5	30.04	66	65	65			oc	cum nim	0				
1873-04-30	14	-12.05	-77.17			a		https://s3.amazonaws.com/NARAprodstorage/lz/dc-metro/rg-024/581208/2020-03/581208-omaha-004/581208-omaha-004-045.JPG	https://s3.amazonaws.com/NARAprodstorage/lz/dc-metro/rg-024/581208/2020-03/581208-omaha-004/581208-omaha-004-045.JPG	 						135	145	5	30.02	66	65	65			oc	cum nim	0				
1873-04-30	15	-12.05	-77.17			a		https://s3.amazonaws.com/NARAprodstorage/lz/dc-metro/rg-024/581208/2020-03/581208-omaha-004/581208-omaha-004-045.JPG	https://s3.amazonaws.com/NARAprodstorage/lz/dc-metro/rg-024/581208/2020-03/581208-omaha-004/581208-omaha-004-045.JPG	 						135	145	5	30	67	65	65			oc	cum nim	0				
1873-04-30	16	-12.05	-77.17			a		https://s3.amazonaws.com/NARAprodstorage/lz/dc-metro/rg-024/581208/2020-03/581208-omaha-004/581208-omaha-004-045.JPG	https://s3.amazonaws.com/NARAprodstorage/lz/dc-metro/rg-024/581208/2020-03/581208-omaha-004/581208-omaha-004-045.JPG	 						135	145	5	29.98	67	65	65			oc	cum nim	0				
1873-04-30	17	-12.05	-77.17			a		https://s3.amazonaws.com/NARAprodstorage/lz/dc-metro/rg-024/581208/2020-03/581208-omaha-004/581208-omaha-004-045.JPG	https://s3.amazonaws.com/NARAprodstorage/lz/dc-metro/rg-024/581208/2020-03/581208-omaha-004/581208-omaha-004-045.JPG	 						135	145	5	29.98	67	65	65			oc	cum nim	0				
1873-04-30	18	-12.05	-77.17			a		https://s3.amazonaws.com/NARAprodstorage/lz/dc-metro/rg-024/581208/2020-03/581208-omaha-004/581208-omaha-004-045.JPG	https://s3.amazonaws.com/NARAprodstorage/lz/dc-metro/rg-024/581208/2020-03/581208-omaha-004/581208-omaha-004-045.JPG	 						135	145	5	29.98	67	65	65			oc	cum nim	0				
1873-04-30	19	-12.05	-77.17			a		https://s3.amazonaws.com/NARAprodstorage/lz/dc-metro/rg-024/581208/2020-03/581208-omaha-004/581208-omaha-004-045.JPG	https://s3.amazonaws.com/NARAprodstorage/lz/dc-metro/rg-024/581208/2020-03/581208-omaha-004/581208-omaha-004-045.JPG	 						135	145	5	29.98	67	65	65			oc	cum nim	0				
1873-04-30	20	-12.05	-77.17			a		https://s3.amazonaws.com/NARAprodstorage/lz/dc-metro/rg-024/581208/2020-03/581208-omaha-004/581208-omaha-004-045.JPG	https://s3.amazonaws.com/NARAprodstorage/lz/dc-metro/rg-024/581208/2020-03/581208-omaha-004/581208-omaha-004-045.JPG	 						135	145	5	29.98	67	65	65			oc	cum nim	0				
1873-04-30	21	-12.05	-77.17			a		https://s3.amazonaws.com/NARAprodstorage/lz/dc-metro/rg-024/581208/2020-03/581208-omaha-004/581208-omaha-004-045.JPG	https://s3.amazonaws.com/NARAprodstorage/lz/dc-metro/rg-024/581208/2020-03/581208-omaha-004/581208-omaha-004-045.JPG	 						135	145	5	29.98	67	64	64			bc	cum	8				
1873-04-30	22	-12.05	-77.17			a		https://s3.amazonaws.com/NARAprodstorage/lz/dc-metro/rg-024/581208/2020-03/581208-omaha-004/581208-omaha-004-045.JPG	https://s3.amazonaws.com/NARAprodstorage/lz/dc-metro/rg-024/581208/2020-03/581208-omaha-004/581208-omaha-004-045.JPG	 						135	145	5	29.98	67	64	64			bc	cum nim	0				
1873-04-30	23	-12.05	-77.17			a		https://s3.amazonaws.com/NARAprodstorage/lz/dc-metro/rg-024/581208/2020-03/581208-omaha-004/581208-omaha-004-045.JPG	https://s3.amazonaws.com/NARAprodstorage/lz/dc-metro/rg-024/581208/2020-03/581208-omaha-004/581208-omaha-004-045.JPG	 						135	145	8	30	67	64	64			bc	cum nim	0				
1873-04-30	24	-12.05	-77.17			a		https://s3.amazonaws.com/NARAprodstorage/lz/dc-metro/rg-024/581208/2020-03/581208-omaha-004/581208-omaha-004-045.JPG	https://s3.amazonaws.com/NARAprodstorage/lz/dc-metro/rg-024/581208/2020-03/581208-omaha-004/581208-omaha-004-045.JPG	 						135	145	8	30.02	67	64	64			bc	cum nim	0				
1873-05-01	1	-12.05	-77.17			a		https://s3.amazonaws.com/NARAprodstorage/lz/dc-metro/rg-024/581208/2020-03/581208-omaha-004/581208-omaha-004-046.JPG	https://s3.amazonaws.com/NARAprodstorage/lz/dc-metro/rg-024/581208/2020-03/581208-omaha-004/581208-omaha-004-046.JPG	 						135	145	2	30.1	63	62	62			ocf	nim	0				
1873-05-01	2	-12.05	-77.17			a		https://s3.amazonaws.com/NARAprodstorage/lz/dc-metro/rg-024/581208/2020-03/581208-omaha-004/581208-omaha-004-046.JPG	https://s3.amazonaws.com/NARAprodstorage/lz/dc-metro/rg-024/581208/2020-03/581208-omaha-004/581208-omaha-004-046.JPG	 						135	145	2	30.1	63	62	62			ocf	nim	0				
1873-05-01	3	-12.05	-77.17			a		https://s3.amazonaws.com/NARAprodstorage/lz/dc-metro/rg-024/581208/2020-03/581208-omaha-004/581208-omaha-004-046.JPG	https://s3.amazonaws.com/NARAprodstorage/lz/dc-metro/rg-024/581208/2020-03/581208-omaha-004/581208-omaha-004-046.JPG	 						135	145	2	30.1	63	62	62			ocf	nim	0				
1873-05-01	4	-12.05	-77.17			a		https://s3.amazonaws.com/NARAprodstorage/lz/dc-metro/rg-024/581208/2020-03/581208-omaha-004/581208-omaha-004-046.JPG	https://s3.amazonaws.com/NARAprodstorage/lz/dc-metro/rg-024/581208/2020-03/581208-omaha-004/581208-omaha-004-046.JPG	 						135	145	2	30.1	63	62	62			ocf	nim	0				
1873-05-01	5	-12.05	-77.17			a		https://s3.amazonaws.com/NARAprodstorage/lz/dc-metro/rg-024/581208/2020-03/581208-omaha-004/581208-omaha-004-046.JPG	https://s3.amazonaws.com/NARAprodstorage/lz/dc-metro/rg-024/581208/2020-03/581208-omaha-004/581208-omaha-004-046.JPG	 						135	145	2	30.08	63	62	62			ocf	nim	0				
1873-05-01	6	-12.05	-77.17			a		https://s3.amazonaws.com/NARAprodstorage/lz/dc-metro/rg-024/581208/2020-03/581208-omaha-004/581208-omaha-004-046.JPG	https://s3.amazonaws.com/NARAprodstorage/lz/dc-metro/rg-024/581208/2020-03/581208-omaha-004/581208-omaha-004-046.JPG	 						135	145	2	30.08	63	63	63			ocf	nim	0				
1873-05-01	7	-12.05	-77.17			a		https://s3.amazonaws.com/NARAprodstorage/lz/dc-metro/rg-024/581208/2020-03/581208-omaha-004/581208-omaha-004-046.JPG	https://s3.amazonaws.com/NARAprodstorage/lz/dc-metro/rg-024/581208/2020-03/581208-omaha-004/581208-omaha-004-046.JPG	 						135	145	2	30.08	63	63	63			ocf	nim	0				
1873-05-01	8	-12.05	-77.17			a		https://s3.amazonaws.com/NARAprodstorage/lz/dc-metro/rg-024/581208/2020-03/581208-omaha-004/581208-omaha-004-046.JPG	https://s3.amazonaws.com/NARAprodstorage/lz/dc-metro/rg-024/581208/2020-03/581208-omaha-004/581208-omaha-004-046.JPG	 						135	145	2	30.08	63	63	63			ocff	nim	0				
1873-05-01	9	-12.05	-77.17			a		https://s3.amazonaws.com/NARAprodstorage/lz/dc-metro/rg-024/581208/2020-03/581208-omaha-004/581208-omaha-004-046.JPG	https://s3.amazonaws.com/NARAprodstorage/lz/dc-metro/rg-024/581208/2020-03/581208-omaha-004/581208-omaha-004-046.JPG	 						135	145	5	30.02	66	63	64			oc	cum nim	0				
1873-05-01	10	-12.05	-77.17			a		https://s3.amazonaws.com/NARAprodstorage/lz/dc-metro/rg-024/581208/2020-03/581208-omaha-004/581208-omaha-004-046.JPG	https://s3.amazonaws.com/NARAprodstorage/lz/dc-metro/rg-024/581208/2020-03/581208-omaha-004/581208-omaha-004-046.JPG	 						135	145	5	30.02	66	65	64			bc	cum	6				
1873-05-01	11	-12.05	-77.17			a		https://s3.amazonaws.com/NARAprodstorage/lz/dc-metro/rg-024/581208/2020-03/581208-omaha-004/581208-omaha-004-046.JPG	https://s3.amazonaws.com/NARAprodstorage/lz/dc-metro/rg-024/581208/2020-03/581208-omaha-004/581208-omaha-004-046.JPG	 						135	145	5	30.04	66	65	64			bc	cum	7				
1873-05-01	12	-12.05	-77.17			a		https://s3.amazonaws.com/NARAprodstorage/lz/dc-metro/rg-024/581208/2020-03/581208-omaha-004/581208-omaha-004-046.JPG	https://s3.amazonaws.com/NARAprodstorage/lz/dc-metro/rg-024/581208/2020-03/581208-omaha-004/581208-omaha-004-046.JPG	"Noon: Callao, Peru"						135	145	5	30.04	66	65	64			bc	cum	7				"Noon: Turned into store the following articles in the Navigator's department, condemned by survey: two log glasses; two thermometers; six log clips; three horn lanterns: six deck lanterns; one berth deck lantern; one deck trumpet; one drum; one mercurial barometer."
1873-05-01	13	-12.05	-77.17			a		https://s3.amazonaws.com/NARAprodstorage/lz/dc-metro/rg-024/581208/2020-03/581208-omaha-004/581208-omaha-004-046.JPG	https://s3.amazonaws.com/NARAprodstorage/lz/dc-metro/rg-024/581208/2020-03/581208-omaha-004/581208-omaha-004-046.JPG	 						135	145	2	30.02	66	64	64			bc	cum	7				
1873-05-01	14	-12.05	-77.17			a		https://s3.amazonaws.com/NARAprodstorage/lz/dc-metro/rg-024/581208/2020-03/581208-omaha-004/581208-omaha-004-046.JPG	https://s3.amazonaws.com/NARAprodstorage/lz/dc-metro/rg-024/581208/2020-03/581208-omaha-004/581208-omaha-004-046.JPG	 						135	145	2	30.02	66	64	64			bc	cum	7				
1873-05-01	15	-12.05	-77.17			a		https://s3.amazonaws.com/NARAprodstorage/lz/dc-metro/rg-024/581208/2020-03/581208-omaha-004/581208-omaha-004-046.JPG	https://s3.amazonaws.com/NARAprodstorage/lz/dc-metro/rg-024/581208/2020-03/581208-omaha-004/581208-omaha-004-046.JPG	 						135	145	2	30.02	66	64	64			bc	cum	7				
1873-05-01	16	-12.05	-77.17			a		https://s3.amazonaws.com/NARAprodstorage/lz/dc-metro/rg-024/581208/2020-03/581208-omaha-004/581208-omaha-004-046.JPG	https://s3.amazonaws.com/NARAprodstorage/lz/dc-metro/rg-024/581208/2020-03/581208-omaha-004/581208-omaha-004-046.JPG	 						135	145	2	30.02	66	64	64			bc	cum	7				
1873-05-01	17	-12.05	-77.17			a		https://s3.amazonaws.com/NARAprodstorage/lz/dc-metro/rg-024/581208/2020-03/581208-omaha-004/581208-omaha-004-046.JPG	https://s3.amazonaws.com/NARAprodstorage/lz/dc-metro/rg-024/581208/2020-03/581208-omaha-004/581208-omaha-004-046.JPG	 						135	145	2	30	68	64	63			bc	cum str	7				
1873-05-01	18	-12.05	-77.17			a		https://s3.amazonaws.com/NARAprodstorage/lz/dc-metro/rg-024/581208/2020-03/581208-omaha-004/581208-omaha-004-046.JPG	https://s3.amazonaws.com/NARAprodstorage/lz/dc-metro/rg-024/581208/2020-03/581208-omaha-004/581208-omaha-004-046.JPG	 						135	145	2	30	68	64	63			bc	cum str	7				
1873-05-01	19	-12.05	-77.17			a		https://s3.amazonaws.com/NARAprodstorage/lz/dc-metro/rg-024/581208/2020-03/581208-omaha-004/581208-omaha-004-046.JPG	https://s3.amazonaws.com/NARAprodstorage/lz/dc-metro/rg-024/581208/2020-03/581208-omaha-004/581208-omaha-004-046.JPG	 						135	145	2	30	68	64	63			bc	cum str	8				
1873-05-01	20	-12.05	-77.17			a		https://s3.amazonaws.com/NARAprodstorage/lz/dc-metro/rg-024/581208/2020-03/581208-omaha-004/581208-omaha-004-046.JPG	https://s3.amazonaws.com/NARAprodstorage/lz/dc-metro/rg-024/581208/2020-03/581208-omaha-004/581208-omaha-004-046.JPG	 						135	145	2	30	68	64	63			bc	cum str	8				
1873-05-01	21	-12.05	-77.17			a		https://s3.amazonaws.com/NARAprodstorage/lz/dc-metro/rg-024/581208/2020-03/581208-omaha-004/581208-omaha-004-046.JPG	https://s3.amazonaws.com/NARAprodstorage/lz/dc-metro/rg-024/581208/2020-03/581208-omaha-004/581208-omaha-004-046.JPG	 						135	145	2	30	65	63	63			bc	cum str	8				
1873-05-01	22	-12.05	-77.17			a		https://s3.amazonaws.com/NARAprodstorage/lz/dc-metro/rg-024/581208/2020-03/581208-omaha-004/581208-omaha-004-046.JPG	https://s3.amazonaws.com/NARAprodstorage/lz/dc-metro/rg-024/581208/2020-03/581208-omaha-004/581208-omaha-004-046.JPG	 						135	145	2	30	65	63	63			bc	cum	6				
1873-05-01	23	-12.05	-77.17			a		https://s3.amazonaws.com/NARAprodstorage/lz/dc-metro/rg-024/581208/2020-03/581208-omaha-004/581208-omaha-004-046.JPG	https://s3.amazonaws.com/NARAprodstorage/lz/dc-metro/rg-024/581208/2020-03/581208-omaha-004/581208-omaha-004-046.JPG	 						135	145	2	30	65	63	63			bc	cum	6				
1873-05-01	24	-12.05	-77.17			a		https://s3.amazonaws.com/NARAprodstorage/lz/dc-metro/rg-024/581208/2020-03/581208-omaha-004/581208-omaha-004-046.JPG	https://s3.amazonaws.com/NARAprodstorage/lz/dc-metro/rg-024/581208/2020-03/581208-omaha-004/581208-omaha-004-046.JPG	 						135	145	2	30	65	63	63			bc	cum	6				
1873-05-02	1	-12.05	-77.17			a		https://s3.amazonaws.com/NARAprodstorage/lz/dc-metro/rg-024/581208/2020-03/581208-omaha-004/581208-omaha-004-047.JPG	https://s3.amazonaws.com/NARAprodstorage/lz/dc-metro/rg-024/581208/2020-03/581208-omaha-004/581208-omaha-004-047.JPG	 						158	168	2	30.18	65	62	61	64		bc	cum nim	1				
1873-05-02	2	-12.05	-77.17			a		https://s3.amazonaws.com/NARAprodstorage/lz/dc-metro/rg-024/581208/2020-03/581208-omaha-004/581208-omaha-004-047.JPG	https://s3.amazonaws.com/NARAprodstorage/lz/dc-metro/rg-024/581208/2020-03/581208-omaha-004/581208-omaha-004-047.JPG	 						158	168	2	30.18	65	62	61	64		bc	cum nim	2				
1873-05-02	3	-12.05	-77.17			a		https://s3.amazonaws.com/NARAprodstorage/lz/dc-metro/rg-024/581208/2020-03/581208-omaha-004/581208-omaha-004-047.JPG	https://s3.amazonaws.com/NARAprodstorage/lz/dc-metro/rg-024/581208/2020-03/581208-omaha-004/581208-omaha-004-047.JPG	 						158	168	2	30.18	65	62	61	64		bc	cum nim	2				
1873-05-02	4	-12.05	-77.17			a		https://s3.amazonaws.com/NARAprodstorage/lz/dc-metro/rg-024/581208/2020-03/581208-omaha-004/581208-omaha-004-047.JPG	https://s3.amazonaws.com/NARAprodstorage/lz/dc-metro/rg-024/581208/2020-03/581208-omaha-004/581208-omaha-004-047.JPG	 						158	168	2	30.18	65	62	61	64		bc	cum nim	2				
1873-05-02	5	-12.05	-77.17			a		https://s3.amazonaws.com/NARAprodstorage/lz/dc-metro/rg-024/581208/2020-03/581208-omaha-004/581208-omaha-004-047.JPG	https://s3.amazonaws.com/NARAprodstorage/lz/dc-metro/rg-024/581208/2020-03/581208-omaha-004/581208-omaha-004-047.JPG	 						135	145	2	30.1	64	63	63	64		bc	cum	7				
1873-05-02	6	-12.05	-77.17			a		https://s3.amazonaws.com/NARAprodstorage/lz/dc-metro/rg-024/581208/2020-03/581208-omaha-004/581208-omaha-004-047.JPG	https://s3.amazonaws.com/NARAprodstorage/lz/dc-metro/rg-024/581208/2020-03/581208-omaha-004/581208-omaha-004-047.JPG	 						0	0	0	30.1	64	63	63	64		oc	cum nim	0				
1873-05-02	7	-12.05	-77.17			a		https://s3.amazonaws.com/NARAprodstorage/lz/dc-metro/rg-024/581208/2020-03/581208-omaha-004/581208-omaha-004-047.JPG	https://s3.amazonaws.com/NARAprodstorage/lz/dc-metro/rg-024/581208/2020-03/581208-omaha-004/581208-omaha-004-047.JPG	 						0	0	0	30.06	64	63	63	64		oc	cum nim	0				
1873-05-02	8	-12.05	-77.17			a		https://s3.amazonaws.com/NARAprodstorage/lz/dc-metro/rg-024/581208/2020-03/581208-omaha-004/581208-omaha-004-047.JPG	https://s3.amazonaws.com/NARAprodstorage/lz/dc-metro/rg-024/581208/2020-03/581208-omaha-004/581208-omaha-004-047.JPG	 						0	0	0	30.04	64	63	63	64		oc	cum nim	0				
1873-05-02	9	-12.05	-77.17			a		https://s3.amazonaws.com/NARAprodstorage/lz/dc-metro/rg-024/581208/2020-03/581208-omaha-004/581208-omaha-004-047.JPG	https://s3.amazonaws.com/NARAprodstorage/lz/dc-metro/rg-024/581208/2020-03/581208-omaha-004/581208-omaha-004-047.JPG	 						0	0	0	30.08	64	63	63	64		oc	cum nim	4				
1873-05-02	10	-12.05	-77.17			a		https://s3.amazonaws.com/NARAprodstorage/lz/dc-metro/rg-024/581208/2020-03/581208-omaha-004/581208-omaha-004-047.JPG	https://s3.amazonaws.com/NARAprodstorage/lz/dc-metro/rg-024/581208/2020-03/581208-omaha-004/581208-omaha-004-047.JPG	 						169	179	2	30.12	65	65	64	64		bc	cum nim	6				
1873-05-02	11	-12.05	-77.17			a		https://s3.amazonaws.com/NARAprodstorage/lz/dc-metro/rg-024/581208/2020-03/581208-omaha-004/581208-omaha-004-047.JPG	https://s3.amazonaws.com/NARAprodstorage/lz/dc-metro/rg-024/581208/2020-03/581208-omaha-004/581208-omaha-004-047.JPG	 						169	179	2	30.14	67	66	64	64		bc	cum nim	8				
1873-05-02	12	-12.05	-77.17			a		https://s3.amazonaws.com/NARAprodstorage/lz/dc-metro/rg-024/581208/2020-03/581208-omaha-004/581208-omaha-004-047.JPG	https://s3.amazonaws.com/NARAprodstorage/lz/dc-metro/rg-024/581208/2020-03/581208-omaha-004/581208-omaha-004-047.JPG	"Noon: Callao, Peru"						180	190	5	30.16	67	66	64	64		bc	cum nim	8				
1873-05-02	13	-12.05	-77.17			a		https://s3.amazonaws.com/NARAprodstorage/lz/dc-metro/rg-024/581208/2020-03/581208-omaha-004/581208-omaha-004-047.JPG	https://s3.amazonaws.com/NARAprodstorage/lz/dc-metro/rg-024/581208/2020-03/581208-omaha-004/581208-omaha-004-047.JPG	 						180	190	2	29.98	64	65	64			bc	cum nim	6				
1873-05-02	14	-12.05	-77.17			a		https://s3.amazonaws.com/NARAprodstorage/lz/dc-metro/rg-024/581208/2020-03/581208-omaha-004/581208-omaha-004-047.JPG	https://s3.amazonaws.com/NARAprodstorage/lz/dc-metro/rg-024/581208/2020-03/581208-omaha-004/581208-omaha-004-047.JPG	 						180	190	2	29.98	64	65	64			bc	cum nim	6				
1873-05-02	15	-12.05	-77.17			a		https://s3.amazonaws.com/NARAprodstorage/lz/dc-metro/rg-024/581208/2020-03/581208-omaha-004/581208-omaha-004-047.JPG	https://s3.amazonaws.com/NARAprodstorage/lz/dc-metro/rg-024/581208/2020-03/581208-omaha-004/581208-omaha-004-047.JPG	 						180	190	2	29.98	64	65	64			bc	cum nim	6				
1873-05-02	16	-12.05	-77.17			a		https://s3.amazonaws.com/NARAprodstorage/lz/dc-metro/rg-024/581208/2020-03/581208-omaha-004/581208-omaha-004-047.JPG	https://s3.amazonaws.com/NARAprodstorage/lz/dc-metro/rg-024/581208/2020-03/581208-omaha-004/581208-omaha-004-047.JPG	 						180	190	2	29.96	64	65	64			bc	cum nim	6				
1873-05-02	17	-12.05	-77.17			a		https://s3.amazonaws.com/NARAprodstorage/lz/dc-metro/rg-024/581208/2020-03/581208-omaha-004/581208-omaha-004-047.JPG	https://s3.amazonaws.com/NARAprodstorage/lz/dc-metro/rg-024/581208/2020-03/581208-omaha-004/581208-omaha-004-047.JPG	 						180	190	5	30.16	65	65	64			bc	cir cum	6				
1873-05-02	18	-12.05	-77.17			a		https://s3.amazonaws.com/NARAprodstorage/lz/dc-metro/rg-024/581208/2020-03/581208-omaha-004/581208-omaha-004-047.JPG	https://s3.amazonaws.com/NARAprodstorage/lz/dc-metro/rg-024/581208/2020-03/581208-omaha-004/581208-omaha-004-047.JPG	 						180	190	5	30.16	65	64	64			bc	cir cum	6				
1873-05-02	19	-12.05	-77.17			a		https://s3.amazonaws.com/NARAprodstorage/lz/dc-metro/rg-024/581208/2020-03/581208-omaha-004/581208-omaha-004-047.JPG	https://s3.amazonaws.com/NARAprodstorage/lz/dc-metro/rg-024/581208/2020-03/581208-omaha-004/581208-omaha-004-047.JPG	 						158	168	5	30.16	65	64	64			bc	cir cum	3				
1873-05-02	20	-12.05	-77.17			a		https://s3.amazonaws.com/NARAprodstorage/lz/dc-metro/rg-024/581208/2020-03/581208-omaha-004/581208-omaha-004-047.JPG	https://s3.amazonaws.com/NARAprodstorage/lz/dc-metro/rg-024/581208/2020-03/581208-omaha-004/581208-omaha-004-047.JPG	 						158	168	2	30.18	67	64	64			bc	cir cum	3				
1873-05-02	21	-12.05	-77.17			a		https://s3.amazonaws.com/NARAprodstorage/lz/dc-metro/rg-024/581208/2020-03/581208-omaha-004/581208-omaha-004-047.JPG	https://s3.amazonaws.com/NARAprodstorage/lz/dc-metro/rg-024/581208/2020-03/581208-omaha-004/581208-omaha-004-047.JPG	 						135	145	2	29.98	67	64	64			bc	nim cum	6				
1873-05-02	22	-12.05	-77.17			a		https://s3.amazonaws.com/NARAprodstorage/lz/dc-metro/rg-024/581208/2020-03/581208-omaha-004/581208-omaha-004-047.JPG	https://s3.amazonaws.com/NARAprodstorage/lz/dc-metro/rg-024/581208/2020-03/581208-omaha-004/581208-omaha-004-047.JPG	 						135	145	2	29.98	64	64	64			bc	nim cum	6				
1873-05-02	23	-12.05	-77.17			a		https://s3.amazonaws.com/NARAprodstorage/lz/dc-metro/rg-024/581208/2020-03/581208-omaha-004/581208-omaha-004-047.JPG	https://s3.amazonaws.com/NARAprodstorage/lz/dc-metro/rg-024/581208/2020-03/581208-omaha-004/581208-omaha-004-047.JPG	 						135	145	2	29.98	63	64	64			bc	nim cum	4				
1873-05-02	24	-12.05	-77.17			a		https://s3.amazonaws.com/NARAprodstorage/lz/dc-metro/rg-024/581208/2020-03/581208-omaha-004/581208-omaha-004-047.JPG	https://s3.amazonaws.com/NARAprodstorage/lz/dc-metro/rg-024/581208/2020-03/581208-omaha-004/581208-omaha-004-047.JPG	 						135	145	2	29.98	63	64	64			bc	nim cum	2				
1873-05-03	1	-12.05	-77.17			a		https://s3.amazonaws.com/NARAprodstorage/lz/dc-metro/rg-024/581208/2020-03/581208-omaha-004/581208-omaha-004-048.JPG	https://s3.amazonaws.com/NARAprodstorage/lz/dc-metro/rg-024/581208/2020-03/581208-omaha-004/581208-omaha-004-048.JPG	 						135	145	5	30	65	63	62			bc	cum	7				
1873-05-03	2	-12.05	-77.17			a		https://s3.amazonaws.com/NARAprodstorage/lz/dc-metro/rg-024/581208/2020-03/581208-omaha-004/581208-omaha-004-048.JPG	https://s3.amazonaws.com/NARAprodstorage/lz/dc-metro/rg-024/581208/2020-03/581208-omaha-004/581208-omaha-004-048.JPG	 						135	145	5	30	65	63	62			bc	cum	7				
1873-05-03	3	-12.05	-77.17			a		https://s3.amazonaws.com/NARAprodstorage/lz/dc-metro/rg-024/581208/2020-03/581208-omaha-004/581208-omaha-004-048.JPG	https://s3.amazonaws.com/NARAprodstorage/lz/dc-metro/rg-024/581208/2020-03/581208-omaha-004/581208-omaha-004-048.JPG	 						135	145	5	30	65	63	62			bc	cum	6				
1873-05-03	4	-12.05	-77.17			a		https://s3.amazonaws.com/NARAprodstorage/lz/dc-metro/rg-024/581208/2020-03/581208-omaha-004/581208-omaha-004-048.JPG	https://s3.amazonaws.com/NARAprodstorage/lz/dc-metro/rg-024/581208/2020-03/581208-omaha-004/581208-omaha-004-048.JPG	 						135	145	2	30	65	63	62			bc	cum	6				
1873-05-03	5	-12.05	-77.17			a		https://s3.amazonaws.com/NARAprodstorage/lz/dc-metro/rg-024/581208/2020-03/581208-omaha-004/581208-omaha-004-048.JPG	https://s3.amazonaws.com/NARAprodstorage/lz/dc-metro/rg-024/581208/2020-03/581208-omaha-004/581208-omaha-004-048.JPG	 						169	179	2	30	65	63	62	64		bc	cum	5				
1873-05-03	6	-12.05	-77.17			a		https://s3.amazonaws.com/NARAprodstorage/lz/dc-metro/rg-024/581208/2020-03/581208-omaha-004/581208-omaha-004-048.JPG	https://s3.amazonaws.com/NARAprodstorage/lz/dc-metro/rg-024/581208/2020-03/581208-omaha-004/581208-omaha-004-048.JPG	 						169	179	2	30	65	63	62			bc	cum	5				
1873-05-03	7	-12.05	-77.17			a		https://s3.amazonaws.com/NARAprodstorage/lz/dc-metro/rg-024/581208/2020-03/581208-omaha-004/581208-omaha-004-048.JPG	https://s3.amazonaws.com/NARAprodstorage/lz/dc-metro/rg-024/581208/2020-03/581208-omaha-004/581208-omaha-004-048.JPG	 						169	179	2	30	65	63	63			bc	cum	5				
1873-05-03	8	-12.05	-77.17			a		https://s3.amazonaws.com/NARAprodstorage/lz/dc-metro/rg-024/581208/2020-03/581208-omaha-004/581208-omaha-004-048.JPG	https://s3.amazonaws.com/NARAprodstorage/lz/dc-metro/rg-024/581208/2020-03/581208-omaha-004/581208-omaha-004-048.JPG	 						169	179	2	30	65	63	63			bc	cum	5				
1873-05-03	9	-12.05	-77.17			a		https://s3.amazonaws.com/NARAprodstorage/lz/dc-metro/rg-024/581208/2020-03/581208-omaha-004/581208-omaha-004-048.JPG	https://s3.amazonaws.com/NARAprodstorage/lz/dc-metro/rg-024/581208/2020-03/581208-omaha-004/581208-omaha-004-048.JPG	 						135	145	2	30	63	65	64			bc	Cirro Cum	4				
1873-05-03	10	-12.05	-77.17			a		https://s3.amazonaws.com/NARAprodstorage/lz/dc-metro/rg-024/581208/2020-03/581208-omaha-004/581208-omaha-004-048.JPG	https://s3.amazonaws.com/NARAprodstorage/lz/dc-metro/rg-024/581208/2020-03/581208-omaha-004/581208-omaha-004-048.JPG	 						135	145	2	30	63	65	64			bc	Cirro Cum	4				
1873-05-03	11	-12.05	-77.17			a		https://s3.amazonaws.com/NARAprodstorage/lz/dc-metro/rg-024/581208/2020-03/581208-omaha-004/581208-omaha-004-048.JPG	https://s3.amazonaws.com/NARAprodstorage/lz/dc-metro/rg-024/581208/2020-03/581208-omaha-004/581208-omaha-004-048.JPG	 						135	145	2	30	63	65	64			bc	Cirro Cum	4				
1873-05-03	12	-12.05	-77.17			a		https://s3.amazonaws.com/NARAprodstorage/lz/dc-metro/rg-024/581208/2020-03/581208-omaha-004/581208-omaha-004-048.JPG	https://s3.amazonaws.com/NARAprodstorage/lz/dc-metro/rg-024/581208/2020-03/581208-omaha-004/581208-omaha-004-048.JPG	"Noon: Callao, Peru"						135	145	2	30	63	66	64			bc	Cirro Cum	6				
1873-05-03	13	-12.05	-77.17			a		https://s3.amazonaws.com/NARAprodstorage/lz/dc-metro/rg-024/581208/2020-03/581208-omaha-004/581208-omaha-004-048.JPG	https://s3.amazonaws.com/NARAprodstorage/lz/dc-metro/rg-024/581208/2020-03/581208-omaha-004/581208-omaha-004-048.JPG	 						135	145	5	29.98	68	65	64			bc	str cum	7				
1873-05-03	14	-12.05	-77.17			a		https://s3.amazonaws.com/NARAprodstorage/lz/dc-metro/rg-024/581208/2020-03/581208-omaha-004/581208-omaha-004-048.JPG	https://s3.amazonaws.com/NARAprodstorage/lz/dc-metro/rg-024/581208/2020-03/581208-omaha-004/581208-omaha-004-048.JPG	 						135	145	5	29.98	68	65	64			bc	str cum	8				
1873-05-03	15	-12.05	-77.17			a		https://s3.amazonaws.com/NARAprodstorage/lz/dc-metro/rg-024/581208/2020-03/581208-omaha-004/581208-omaha-004-048.JPG	https://s3.amazonaws.com/NARAprodstorage/lz/dc-metro/rg-024/581208/2020-03/581208-omaha-004/581208-omaha-004-048.JPG	 						135	145	5	29.98	68	65	64			bc	str cum	8				
1873-05-03	16	-12.05	-77.17			a		https://s3.amazonaws.com/NARAprodstorage/lz/dc-metro/rg-024/581208/2020-03/581208-omaha-004/581208-omaha-004-048.JPG	https://s3.amazonaws.com/NARAprodstorage/lz/dc-metro/rg-024/581208/2020-03/581208-omaha-004/581208-omaha-004-048.JPG	 						135	145	5	29.98	68	65	64			bc	str cum	9				
1873-05-03	17	-12.05	-77.17			a		https://s3.amazonaws.com/NARAprodstorage/lz/dc-metro/rg-024/581208/2020-03/581208-omaha-004/581208-omaha-004-048.JPG	https://s3.amazonaws.com/NARAprodstorage/lz/dc-metro/rg-024/581208/2020-03/581208-omaha-004/581208-omaha-004-048.JPG	 						135	145	2	30	66	65	64			bc	cirro Cum	8				
1873-05-03	18	-12.05	-77.17			a		https://s3.amazonaws.com/NARAprodstorage/lz/dc-metro/rg-024/581208/2020-03/581208-omaha-004/581208-omaha-004-048.JPG	https://s3.amazonaws.com/NARAprodstorage/lz/dc-metro/rg-024/581208/2020-03/581208-omaha-004/581208-omaha-004-048.JPG	 						135	145	2	30	66	65	64			bc	cirro Cum	8				
1873-05-03	19	-12.05	-77.17			a		https://s3.amazonaws.com/NARAprodstorage/lz/dc-metro/rg-024/581208/2020-03/581208-omaha-004/581208-omaha-004-048.JPG	https://s3.amazonaws.com/NARAprodstorage/lz/dc-metro/rg-024/581208/2020-03/581208-omaha-004/581208-omaha-004-048.JPG	 						135	145	2	30	65	64	63			bc	cirro Cum	8				
1873-05-03	20	-12.05	-77.17			a		https://s3.amazonaws.com/NARAprodstorage/lz/dc-metro/rg-024/581208/2020-03/581208-omaha-004/581208-omaha-004-048.JPG	https://s3.amazonaws.com/NARAprodstorage/lz/dc-metro/rg-024/581208/2020-03/581208-omaha-004/581208-omaha-004-048.JPG	 						135	145	2	30	65	64	63			bc	cirro Cum	8				
1873-05-03	21	-12.05	-77.17			a		https://s3.amazonaws.com/NARAprodstorage/lz/dc-metro/rg-024/581208/2020-03/581208-omaha-004/581208-omaha-004-048.JPG	https://s3.amazonaws.com/NARAprodstorage/lz/dc-metro/rg-024/581208/2020-03/581208-omaha-004/581208-omaha-004-048.JPG	 						135	145	2	30.02	68	64	63			bc	cirro Cum	8				
1873-05-03	22	-12.05	-77.17			a		https://s3.amazonaws.com/NARAprodstorage/lz/dc-metro/rg-024/581208/2020-03/581208-omaha-004/581208-omaha-004-048.JPG	https://s3.amazonaws.com/NARAprodstorage/lz/dc-metro/rg-024/581208/2020-03/581208-omaha-004/581208-omaha-004-048.JPG	 						135	145	2	30.04	68	64	63			bc	cirro Cum	8				
1873-05-03	23	-12.05	-77.17			a		https://s3.amazonaws.com/NARAprodstorage/lz/dc-metro/rg-024/581208/2020-03/581208-omaha-004/581208-omaha-004-048.JPG	https://s3.amazonaws.com/NARAprodstorage/lz/dc-metro/rg-024/581208/2020-03/581208-omaha-004/581208-omaha-004-048.JPG	 						135	145	2	30.04	68	64	63			bc	cirro Cum	7				
1873-05-03	24	-12.05	-77.17			a		https://s3.amazonaws.com/NARAprodstorage/lz/dc-metro/rg-024/581208/2020-03/581208-omaha-004/581208-omaha-004-048.JPG	https://s3.amazonaws.com/NARAprodstorage/lz/dc-metro/rg-024/581208/2020-03/581208-omaha-004/581208-omaha-004-048.JPG	 						135	145	5	30.04	68	64	63			bc	cirro Cum	6				
1873-05-04	1	-12.05	-77.17			a		https://s3.amazonaws.com/NARAprodstorage/lz/dc-metro/rg-024/581208/2020-03/581208-omaha-004/581208-omaha-004-049.JPG	https://s3.amazonaws.com/NARAprodstorage/lz/dc-metro/rg-024/581208/2020-03/581208-omaha-004/581208-omaha-004-049.JPG	 						0	0	0	30.1	67	63	63	64		bc	cir cum	8				
1873-05-04	2	-12.05	-77.17			a		https://s3.amazonaws.com/NARAprodstorage/lz/dc-metro/rg-024/581208/2020-03/581208-omaha-004/581208-omaha-004-049.JPG	https://s3.amazonaws.com/NARAprodstorage/lz/dc-metro/rg-024/581208/2020-03/581208-omaha-004/581208-omaha-004-049.JPG	 						0	0	0	30.1	67	63	63	64		bc	cir cum	8				
1873-05-04	3	-12.05	-77.17			a		https://s3.amazonaws.com/NARAprodstorage/lz/dc-metro/rg-024/581208/2020-03/581208-omaha-004/581208-omaha-004-049.JPG	https://s3.amazonaws.com/NARAprodstorage/lz/dc-metro/rg-024/581208/2020-03/581208-omaha-004/581208-omaha-004-049.JPG	 						0	0	0	30.1	67	63	63	64		bc	cir cum	8				
1873-05-04	4	-12.05	-77.17			a		https://s3.amazonaws.com/NARAprodstorage/lz/dc-metro/rg-024/581208/2020-03/581208-omaha-004/581208-omaha-004-049.JPG	https://s3.amazonaws.com/NARAprodstorage/lz/dc-metro/rg-024/581208/2020-03/581208-omaha-004/581208-omaha-004-049.JPG	 						0	0	0	30.15	67	63	63	64		bc	cir cum	8				
1873-05-04	5	-12.05	-77.17			a		https://s3.amazonaws.com/NARAprodstorage/lz/dc-metro/rg-024/581208/2020-03/581208-omaha-004/581208-omaha-004-049.JPG	https://s3.amazonaws.com/NARAprodstorage/lz/dc-metro/rg-024/581208/2020-03/581208-omaha-004/581208-omaha-004-049.JPG	 						0	0	0	30	65	63	63			bc	nim	0				
1873-05-04	6	-12.05	-77.17			a		https://s3.amazonaws.com/NARAprodstorage/lz/dc-metro/rg-024/581208/2020-03/581208-omaha-004/581208-omaha-004-049.JPG	https://s3.amazonaws.com/NARAprodstorage/lz/dc-metro/rg-024/581208/2020-03/581208-omaha-004/581208-omaha-004-049.JPG	 						0	0	0	30	65	64	63			bc	nim	0				
1873-05-04	7	-12.05	-77.17			a		https://s3.amazonaws.com/NARAprodstorage/lz/dc-metro/rg-024/581208/2020-03/581208-omaha-004/581208-omaha-004-049.JPG	https://s3.amazonaws.com/NARAprodstorage/lz/dc-metro/rg-024/581208/2020-03/581208-omaha-004/581208-omaha-004-049.JPG	 						0	0	0	30	65	64	63			bc	nim	0				
1873-05-04	8	-12.05	-77.17			a		https://s3.amazonaws.com/NARAprodstorage/lz/dc-metro/rg-024/581208/2020-03/581208-omaha-004/581208-omaha-004-049.JPG	https://s3.amazonaws.com/NARAprodstorage/lz/dc-metro/rg-024/581208/2020-03/581208-omaha-004/581208-omaha-004-049.JPG	 						0	0	0	30	66	64	63			bc	nim	0				
1873-05-04	9	-12.05	-77.17			a		https://s3.amazonaws.com/NARAprodstorage/lz/dc-metro/rg-024/581208/2020-03/581208-omaha-004/581208-omaha-004-049.JPG	https://s3.amazonaws.com/NARAprodstorage/lz/dc-metro/rg-024/581208/2020-03/581208-omaha-004/581208-omaha-004-049.JPG	 						0	0	0	30	66	65	64			oc	cum nim	0				
1873-05-04	10	-12.05	-77.17			a		https://s3.amazonaws.com/NARAprodstorage/lz/dc-metro/rg-024/581208/2020-03/581208-omaha-004/581208-omaha-004-049.JPG	https://s3.amazonaws.com/NARAprodstorage/lz/dc-metro/rg-024/581208/2020-03/581208-omaha-004/581208-omaha-004-049.JPG	 						0	0	0	30	66	65	64			oc	cum nim	0				
1873-05-04	11	-12.05	-77.17			a		https://s3.amazonaws.com/NARAprodstorage/lz/dc-metro/rg-024/581208/2020-03/581208-omaha-004/581208-omaha-004-049.JPG	https://s3.amazonaws.com/NARAprodstorage/lz/dc-metro/rg-024/581208/2020-03/581208-omaha-004/581208-omaha-004-049.JPG	 						0	0	0	30.02	66	65	64			oc	cum nim	0				
1873-05-04	12	-12.05	-77.17			a		https://s3.amazonaws.com/NARAprodstorage/lz/dc-metro/rg-024/581208/2020-03/581208-omaha-004/581208-omaha-004-049.JPG	https://s3.amazonaws.com/NARAprodstorage/lz/dc-metro/rg-024/581208/2020-03/581208-omaha-004/581208-omaha-004-049.JPG	"Noon: Callao, Peru"						135	145	2	30.02	66	65	64			oc	cum nim	0				
1873-05-04	13	-12.05	-77.17			a		https://s3.amazonaws.com/NARAprodstorage/lz/dc-metro/rg-024/581208/2020-03/581208-omaha-004/581208-omaha-004-049.JPG	https://s3.amazonaws.com/NARAprodstorage/lz/dc-metro/rg-024/581208/2020-03/581208-omaha-004/581208-omaha-004-049.JPG	 						158	168	5	30.04	67	64	63	64		bc	cum nim	2				
1873-05-04	14	-12.05	-77.17			a		https://s3.amazonaws.com/NARAprodstorage/lz/dc-metro/rg-024/581208/2020-03/581208-omaha-004/581208-omaha-004-049.JPG	https://s3.amazonaws.com/NARAprodstorage/lz/dc-metro/rg-024/581208/2020-03/581208-omaha-004/581208-omaha-004-049.JPG	 						158	168	8	30.04	67	64	63	64		bc	cum nim	2				
1873-05-04	15	-12.05	-77.17			a		https://s3.amazonaws.com/NARAprodstorage/lz/dc-metro/rg-024/581208/2020-03/581208-omaha-004/581208-omaha-004-049.JPG	https://s3.amazonaws.com/NARAprodstorage/lz/dc-metro/rg-024/581208/2020-03/581208-omaha-004/581208-omaha-004-049.JPG	 						158	168	8	30.08	67	64	63	64		bc	cum nim	2				
1873-05-04	16	-12.05	-77.17			a		https://s3.amazonaws.com/NARAprodstorage/lz/dc-metro/rg-024/581208/2020-03/581208-omaha-004/581208-omaha-004-049.JPG	https://s3.amazonaws.com/NARAprodstorage/lz/dc-metro/rg-024/581208/2020-03/581208-omaha-004/581208-omaha-004-049.JPG	 						158	168	8	30.1	67	64	63	64		oc	cum nim	0				
1873-05-04	17	-12.05	-77.17			a		https://s3.amazonaws.com/NARAprodstorage/lz/dc-metro/rg-024/581208/2020-03/581208-omaha-004/581208-omaha-004-049.JPG	https://s3.amazonaws.com/NARAprodstorage/lz/dc-metro/rg-024/581208/2020-03/581208-omaha-004/581208-omaha-004-049.JPG	 						135	145	5	30	68	64	63			bc	cum nim	3				
1873-05-04	18	-12.05	-77.17			a		https://s3.amazonaws.com/NARAprodstorage/lz/dc-metro/rg-024/581208/2020-03/581208-omaha-004/581208-omaha-004-049.JPG	https://s3.amazonaws.com/NARAprodstorage/lz/dc-metro/rg-024/581208/2020-03/581208-omaha-004/581208-omaha-004-049.JPG	 						135	145	5	30	68	64	63			bc	cum nim	4				
1873-05-04	19	-12.05	-77.17			a		https://s3.amazonaws.com/NARAprodstorage/lz/dc-metro/rg-024/581208/2020-03/581208-omaha-004/581208-omaha-004-049.JPG	https://s3.amazonaws.com/NARAprodstorage/lz/dc-metro/rg-024/581208/2020-03/581208-omaha-004/581208-omaha-004-049.JPG	 						135	145	5	29.98	68	64	63			bc	cum nim	3				
1873-05-04	20	-12.05	-77.17			a		https://s3.amazonaws.com/NARAprodstorage/lz/dc-metro/rg-024/581208/2020-03/581208-omaha-004/581208-omaha-004-049.JPG	https://s3.amazonaws.com/NARAprodstorage/lz/dc-metro/rg-024/581208/2020-03/581208-omaha-004/581208-omaha-004-049.JPG	 						135	145	5	29.96	68	64	63			bc	cum nim	3				
1873-05-04	21	-12.05	-77.17			a		https://s3.amazonaws.com/NARAprodstorage/lz/dc-metro/rg-024/581208/2020-03/581208-omaha-004/581208-omaha-004-049.JPG	https://s3.amazonaws.com/NARAprodstorage/lz/dc-metro/rg-024/581208/2020-03/581208-omaha-004/581208-omaha-004-049.JPG	 						158	168	5	29.96	68	64	63	64		oc	nimb	0				
1873-05-04	22	-12.05	-77.17			a		https://s3.amazonaws.com/NARAprodstorage/lz/dc-metro/rg-024/581208/2020-03/581208-omaha-004/581208-omaha-004-049.JPG	https://s3.amazonaws.com/NARAprodstorage/lz/dc-metro/rg-024/581208/2020-03/581208-omaha-004/581208-omaha-004-049.JPG	 						158	168	5	29.96	68	63	63	64		oc	nimb	0				
1873-05-04	23	-12.05	-77.17			a		https://s3.amazonaws.com/NARAprodstorage/lz/dc-metro/rg-024/581208/2020-03/581208-omaha-004/581208-omaha-004-049.JPG	https://s3.amazonaws.com/NARAprodstorage/lz/dc-metro/rg-024/581208/2020-03/581208-omaha-004/581208-omaha-004-049.JPG	 						158	168	5	30	68	63	63	64		oc	nimb	0				
1873-05-04	24	-12.05	-77.17			a		https://s3.amazonaws.com/NARAprodstorage/lz/dc-metro/rg-024/581208/2020-03/581208-omaha-004/581208-omaha-004-049.JPG	https://s3.amazonaws.com/NARAprodstorage/lz/dc-metro/rg-024/581208/2020-03/581208-omaha-004/581208-omaha-004-049.JPG	 						0	0	0	30	68	63	63	64		f	nimb	0				
1873-05-05	1	-12.05	-77.17			a		https://s3.amazonaws.com/NARAprodstorage/lz/dc-metro/rg-024/581208/2020-03/581208-omaha-004/581208-omaha-004-050.JPG	https://s3.amazonaws.com/NARAprodstorage/lz/dc-metro/rg-024/581208/2020-03/581208-omaha-004/581208-omaha-004-050.JPG	 						315	325	2	30	63	62	61			off	nim	0				
1873-05-05	2	-12.05	-77.17			a		https://s3.amazonaws.com/NARAprodstorage/lz/dc-metro/rg-024/581208/2020-03/581208-omaha-004/581208-omaha-004-050.JPG	https://s3.amazonaws.com/NARAprodstorage/lz/dc-metro/rg-024/581208/2020-03/581208-omaha-004/581208-omaha-004-050.JPG	 						315	325	2	30	63	62	61			off	nim	0				
1873-05-05	3	-12.05	-77.17			a		https://s3.amazonaws.com/NARAprodstorage/lz/dc-metro/rg-024/581208/2020-03/581208-omaha-004/581208-omaha-004-050.JPG	https://s3.amazonaws.com/NARAprodstorage/lz/dc-metro/rg-024/581208/2020-03/581208-omaha-004/581208-omaha-004-050.JPG	 						315	325	2	30	63	62	61			off	nim	0				
1873-05-05	4	-12.05	-77.17			a		https://s3.amazonaws.com/NARAprodstorage/lz/dc-metro/rg-024/581208/2020-03/581208-omaha-004/581208-omaha-004-050.JPG	https://s3.amazonaws.com/NARAprodstorage/lz/dc-metro/rg-024/581208/2020-03/581208-omaha-004/581208-omaha-004-050.JPG	 						315	325	2	30	63	62	61			off	nim	0				
1873-05-05	5	-12.05	-77.17			a		https://s3.amazonaws.com/NARAprodstorage/lz/dc-metro/rg-024/581208/2020-03/581208-omaha-004/581208-omaha-004-050.JPG	https://s3.amazonaws.com/NARAprodstorage/lz/dc-metro/rg-024/581208/2020-03/581208-omaha-004/581208-omaha-004-050.JPG	 						315	325	2	30.02	64	62	61			ocff	nim	0				
1873-05-05	6	-12.05	-77.17			a		https://s3.amazonaws.com/NARAprodstorage/lz/dc-metro/rg-024/581208/2020-03/581208-omaha-004/581208-omaha-004-050.JPG	https://s3.amazonaws.com/NARAprodstorage/lz/dc-metro/rg-024/581208/2020-03/581208-omaha-004/581208-omaha-004-050.JPG	 						315	325	2	30.02	64	62	61			ocff	nim	0				
1873-05-05	7	-12.05	-77.17			a		https://s3.amazonaws.com/NARAprodstorage/lz/dc-metro/rg-024/581208/2020-03/581208-omaha-004/581208-omaha-004-050.JPG	https://s3.amazonaws.com/NARAprodstorage/lz/dc-metro/rg-024/581208/2020-03/581208-omaha-004/581208-omaha-004-050.JPG	 						315	325	2	30.02	64	62	61			ocff	nim	0				
1873-05-05	8	-12.05	-77.17			a		https://s3.amazonaws.com/NARAprodstorage/lz/dc-metro/rg-024/581208/2020-03/581208-omaha-004/581208-omaha-004-050.JPG	https://s3.amazonaws.com/NARAprodstorage/lz/dc-metro/rg-024/581208/2020-03/581208-omaha-004/581208-omaha-004-050.JPG	 						315	325	2	30.02	64	62	61			ocf	nim	0				
1873-05-05	9	-12.05	-77.17			a		https://s3.amazonaws.com/NARAprodstorage/lz/dc-metro/rg-024/581208/2020-03/581208-omaha-004/581208-omaha-004-050.JPG	https://s3.amazonaws.com/NARAprodstorage/lz/dc-metro/rg-024/581208/2020-03/581208-omaha-004/581208-omaha-004-050.JPG	 						338	348	5	30.15	65	63	62	64		ocf	nim	0				
1873-05-05	10	-12.05	-77.17			a		https://s3.amazonaws.com/NARAprodstorage/lz/dc-metro/rg-024/581208/2020-03/581208-omaha-004/581208-omaha-004-050.JPG	https://s3.amazonaws.com/NARAprodstorage/lz/dc-metro/rg-024/581208/2020-03/581208-omaha-004/581208-omaha-004-050.JPG	 						338	348	5	30.16	65	63	62	64		ocf	nim	0				
1873-05-05	11	-12.05	-77.17			a		https://s3.amazonaws.com/NARAprodstorage/lz/dc-metro/rg-024/581208/2020-03/581208-omaha-004/581208-omaha-004-050.JPG	https://s3.amazonaws.com/NARAprodstorage/lz/dc-metro/rg-024/581208/2020-03/581208-omaha-004/581208-omaha-004-050.JPG	 						338	348	2	30.16	66	64	63	64		oc	nim	0				
1873-05-05	12	-12.05	-77.17			a		https://s3.amazonaws.com/NARAprodstorage/lz/dc-metro/rg-024/581208/2020-03/581208-omaha-004/581208-omaha-004-050.JPG	https://s3.amazonaws.com/NARAprodstorage/lz/dc-metro/rg-024/581208/2020-03/581208-omaha-004/581208-omaha-004-050.JPG	"Noon: Callao, Peru"						338	348	2	30.16	66	64	63	64		oc	nim	0				
1873-05-05	13	-12.05	-77.17			a		https://s3.amazonaws.com/NARAprodstorage/lz/dc-metro/rg-024/581208/2020-03/581208-omaha-004/581208-omaha-004-050.JPG	https://s3.amazonaws.com/NARAprodstorage/lz/dc-metro/rg-024/581208/2020-03/581208-omaha-004/581208-omaha-004-050.JPG	 						225	235	2	29.96	64	68	65			bc	cir nim	6				
1873-05-05	14	-12.05	-77.17			a		https://s3.amazonaws.com/NARAprodstorage/lz/dc-metro/rg-024/581208/2020-03/581208-omaha-004/581208-omaha-004-050.JPG	https://s3.amazonaws.com/NARAprodstorage/lz/dc-metro/rg-024/581208/2020-03/581208-omaha-004/581208-omaha-004-050.JPG	 						225	235	2	29.96	64	69	66			bc	cir nim	6				
1873-05-05	15	-12.05	-77.17			a		https://s3.amazonaws.com/NARAprodstorage/lz/dc-metro/rg-024/581208/2020-03/581208-omaha-004/581208-omaha-004-050.JPG	https://s3.amazonaws.com/NARAprodstorage/lz/dc-metro/rg-024/581208/2020-03/581208-omaha-004/581208-omaha-004-050.JPG	 						225	235	2	29.96	64	69	66			bc	cir nim	8				
1873-05-05	16	-12.05	-77.17			a		https://s3.amazonaws.com/NARAprodstorage/lz/dc-metro/rg-024/581208/2020-03/581208-omaha-004/581208-omaha-004-050.JPG	https://s3.amazonaws.com/NARAprodstorage/lz/dc-metro/rg-024/581208/2020-03/581208-omaha-004/581208-omaha-004-050.JPG	 						225	235	2	29.96	64	70	67			bc	cir nim	8				
1873-05-05	17	-12.05	-77.17			a		https://s3.amazonaws.com/NARAprodstorage/lz/dc-metro/rg-024/581208/2020-03/581208-omaha-004/581208-omaha-004-050.JPG	https://s3.amazonaws.com/NARAprodstorage/lz/dc-metro/rg-024/581208/2020-03/581208-omaha-004/581208-omaha-004-050.JPG	 						0	0	0	30.15	66	65	64	64		bc	none	4				
1873-05-05	18	-12.05	-77.17			a		https://s3.amazonaws.com/NARAprodstorage/lz/dc-metro/rg-024/581208/2020-03/581208-omaha-004/581208-omaha-004-050.JPG	https://s3.amazonaws.com/NARAprodstorage/lz/dc-metro/rg-024/581208/2020-03/581208-omaha-004/581208-omaha-004-050.JPG	 						135	145	8	30.15	66	65	64	64		bcm	none	4				
1873-05-05	19	-12.05	-77.17			a		https://s3.amazonaws.com/NARAprodstorage/lz/dc-metro/rg-024/581208/2020-03/581208-omaha-004/581208-omaha-004-050.JPG	https://s3.amazonaws.com/NARAprodstorage/lz/dc-metro/rg-024/581208/2020-03/581208-omaha-004/581208-omaha-004-050.JPG	 						135	145	5	30.15	66	65	64	64		bcm	none	4				
1873-05-05	20	-12.05	-77.17			a		https://s3.amazonaws.com/NARAprodstorage/lz/dc-metro/rg-024/581208/2020-03/581208-omaha-004/581208-omaha-004-050.JPG	https://s3.amazonaws.com/NARAprodstorage/lz/dc-metro/rg-024/581208/2020-03/581208-omaha-004/581208-omaha-004-050.JPG	 						135	145	5	30.15	67	64	63	64		bc	none	6				
1873-05-05	21	-12.05	-77.17			a		https://s3.amazonaws.com/NARAprodstorage/lz/dc-metro/rg-024/581208/2020-03/581208-omaha-004/581208-omaha-004-050.JPG	https://s3.amazonaws.com/NARAprodstorage/lz/dc-metro/rg-024/581208/2020-03/581208-omaha-004/581208-omaha-004-050.JPG	 						135	145	2	30.16	66	64	63			b	none	10				
1873-05-05	22	-12.05	-77.17			a		https://s3.amazonaws.com/NARAprodstorage/lz/dc-metro/rg-024/581208/2020-03/581208-omaha-004/581208-omaha-004-050.JPG	https://s3.amazonaws.com/NARAprodstorage/lz/dc-metro/rg-024/581208/2020-03/581208-omaha-004/581208-omaha-004-050.JPG	 						135	145	2	30.16	66	64	63			b	none	10				
1873-05-05	23	-12.05	-77.17			a		https://s3.amazonaws.com/NARAprodstorage/lz/dc-metro/rg-024/581208/2020-03/581208-omaha-004/581208-omaha-004-050.JPG	https://s3.amazonaws.com/NARAprodstorage/lz/dc-metro/rg-024/581208/2020-03/581208-omaha-004/581208-omaha-004-050.JPG	 						135	145	2	30.16	66	64	63			b	none	10				
1873-05-05	24	-12.05	-77.17			a		https://s3.amazonaws.com/NARAprodstorage/lz/dc-metro/rg-024/581208/2020-03/581208-omaha-004/581208-omaha-004-050.JPG	https://s3.amazonaws.com/NARAprodstorage/lz/dc-metro/rg-024/581208/2020-03/581208-omaha-004/581208-omaha-004-050.JPG	 						135	145	2	30.16	66	64	63			b	none	10				
1873-05-06	1	-12.05	-77.17			a		https://s3.amazonaws.com/NARAprodstorage/lz/dc-metro/rg-024/581208/2020-03/581208-omaha-004/581208-omaha-004-051.JPG	https://s3.amazonaws.com/NARAprodstorage/lz/dc-metro/rg-024/581208/2020-03/581208-omaha-004/581208-omaha-004-051.JPG	 						135	145	2	30.15	64	62	61			bc	cum	4				
1873-05-06	2	-12.05	-77.17			a		https://s3.amazonaws.com/NARAprodstorage/lz/dc-metro/rg-024/581208/2020-03/581208-omaha-004/581208-omaha-004-051.JPG	https://s3.amazonaws.com/NARAprodstorage/lz/dc-metro/rg-024/581208/2020-03/581208-omaha-004/581208-omaha-004-051.JPG	 						135	145	2	30.15	64	62	61			bc	cum	4				
1873-05-06	3	-12.05	-77.17			a		https://s3.amazonaws.com/NARAprodstorage/lz/dc-metro/rg-024/581208/2020-03/581208-omaha-004/581208-omaha-004-051.JPG	https://s3.amazonaws.com/NARAprodstorage/lz/dc-metro/rg-024/581208/2020-03/581208-omaha-004/581208-omaha-004-051.JPG	 						135	145	2	30.16	64	62	61			bc	cum	4				
1873-05-06	4	-12.05	-77.17			a		https://s3.amazonaws.com/NARAprodstorage/lz/dc-metro/rg-024/581208/2020-03/581208-omaha-004/581208-omaha-004-051.JPG	https://s3.amazonaws.com/NARAprodstorage/lz/dc-metro/rg-024/581208/2020-03/581208-omaha-004/581208-omaha-004-051.JPG	 						135	145	2	30.16	64	62	61			bc	cum	4				
1873-05-06	5	-12.05	-77.17			a		https://s3.amazonaws.com/NARAprodstorage/lz/dc-metro/rg-024/581208/2020-03/581208-omaha-004/581208-omaha-004-051.JPG	https://s3.amazonaws.com/NARAprodstorage/lz/dc-metro/rg-024/581208/2020-03/581208-omaha-004/581208-omaha-004-051.JPG	 						0	0	0	30.18	65	63	62	64		bcf	nim	0				
1873-05-06	6	-12.05	-77.17			a		https://s3.amazonaws.com/NARAprodstorage/lz/dc-metro/rg-024/581208/2020-03/581208-omaha-004/581208-omaha-004-051.JPG	https://s3.amazonaws.com/NARAprodstorage/lz/dc-metro/rg-024/581208/2020-03/581208-omaha-004/581208-omaha-004-051.JPG	 						0	0	0	30.18	65	63	62	64		bcf	nim	0				
1873-05-06	7	-12.05	-77.17			a		https://s3.amazonaws.com/NARAprodstorage/lz/dc-metro/rg-024/581208/2020-03/581208-omaha-004/581208-omaha-004-051.JPG	https://s3.amazonaws.com/NARAprodstorage/lz/dc-metro/rg-024/581208/2020-03/581208-omaha-004/581208-omaha-004-051.JPG	 						0	0	0	30.18	65	63	62	64		bcf	nim	0				
1873-05-06	8	-12.05	-77.17			a		https://s3.amazonaws.com/NARAprodstorage/lz/dc-metro/rg-024/581208/2020-03/581208-omaha-004/581208-omaha-004-051.JPG	https://s3.amazonaws.com/NARAprodstorage/lz/dc-metro/rg-024/581208/2020-03/581208-omaha-004/581208-omaha-004-051.JPG	 						315	325	2	30.2	65	63	62	64		bcf	nim	0				
1873-05-06	9	-12.05	-77.17			a		https://s3.amazonaws.com/NARAprodstorage/lz/dc-metro/rg-024/581208/2020-03/581208-omaha-004/581208-omaha-004-051.JPG	https://s3.amazonaws.com/NARAprodstorage/lz/dc-metro/rg-024/581208/2020-03/581208-omaha-004/581208-omaha-004-051.JPG	 						888	888	2	30.2	66	65	64	64		ocm	nim	0				
1873-05-06	10	-12.05	-77.17			a		https://s3.amazonaws.com/NARAprodstorage/lz/dc-metro/rg-024/581208/2020-03/581208-omaha-004/581208-omaha-004-051.JPG	https://s3.amazonaws.com/NARAprodstorage/lz/dc-metro/rg-024/581208/2020-03/581208-omaha-004/581208-omaha-004-051.JPG	 						888	888	2	30.2		65	64	64		ocm	nim	0				
1873-05-06	11	-12.05	-77.17			a		https://s3.amazonaws.com/NARAprodstorage/lz/dc-metro/rg-024/581208/2020-03/581208-omaha-004/581208-omaha-004-051.JPG	https://s3.amazonaws.com/NARAprodstorage/lz/dc-metro/rg-024/581208/2020-03/581208-omaha-004/581208-omaha-004-051.JPG	 						888	888	2	30.2		65	64	64		ocm	nim	0				
1873-05-06	12	-12.05	-77.17			a		https://s3.amazonaws.com/NARAprodstorage/lz/dc-metro/rg-024/581208/2020-03/581208-omaha-004/581208-omaha-004-051.JPG	https://s3.amazonaws.com/NARAprodstorage/lz/dc-metro/rg-024/581208/2020-03/581208-omaha-004/581208-omaha-004-051.JPG	"Noon: Callao, Peru"						888	888	2	30.2		65	64	64		bc	cum nim	6				
1873-05-06	13	-12.05	-77.17			a		https://s3.amazonaws.com/NARAprodstorage/lz/dc-metro/rg-024/581208/2020-03/581208-omaha-004/581208-omaha-004-051.JPG	https://s3.amazonaws.com/NARAprodstorage/lz/dc-metro/rg-024/581208/2020-03/581208-omaha-004/581208-omaha-004-051.JPG	 						135	145	2	30.28	66	64	64			bc	cum nim	6				
1873-05-06	14	-12.05	-77.17			a		https://s3.amazonaws.com/NARAprodstorage/lz/dc-metro/rg-024/581208/2020-03/581208-omaha-004/581208-omaha-004-051.JPG	https://s3.amazonaws.com/NARAprodstorage/lz/dc-metro/rg-024/581208/2020-03/581208-omaha-004/581208-omaha-004-051.JPG	 						135	145	2	30.28	66	64	64			bc	cum nim	6				
1873-05-06	15	-12.05	-77.17			a		https://s3.amazonaws.com/NARAprodstorage/lz/dc-metro/rg-024/581208/2020-03/581208-omaha-004/581208-omaha-004-051.JPG	https://s3.amazonaws.com/NARAprodstorage/lz/dc-metro/rg-024/581208/2020-03/581208-omaha-004/581208-omaha-004-051.JPG	 						135	145	5	30.26	65	64	64			bc	cum nim	6				
1873-05-06	16	-12.05	-77.17			a		https://s3.amazonaws.com/NARAprodstorage/lz/dc-metro/rg-024/581208/2020-03/581208-omaha-004/581208-omaha-004-051.JPG	https://s3.amazonaws.com/NARAprodstorage/lz/dc-metro/rg-024/581208/2020-03/581208-omaha-004/581208-omaha-004-051.JPG	 						135	145	5	30.26	65	64	64			bc	cum nim	6				
1873-05-06	17	-12.05	-77.17			a		https://s3.amazonaws.com/NARAprodstorage/lz/dc-metro/rg-024/581208/2020-03/581208-omaha-004/581208-omaha-004-051.JPG	https://s3.amazonaws.com/NARAprodstorage/lz/dc-metro/rg-024/581208/2020-03/581208-omaha-004/581208-omaha-004-051.JPG	 						135	145	5	30.14	66	64	63			b	none	10				
1873-05-06	18	-12.05	-77.17			a		https://s3.amazonaws.com/NARAprodstorage/lz/dc-metro/rg-024/581208/2020-03/581208-omaha-004/581208-omaha-004-051.JPG	https://s3.amazonaws.com/NARAprodstorage/lz/dc-metro/rg-024/581208/2020-03/581208-omaha-004/581208-omaha-004-051.JPG	 						135	145	5	30.14	66	64	63			b	none	10				
1873-05-06	19	-12.05	-77.17			a		https://s3.amazonaws.com/NARAprodstorage/lz/dc-metro/rg-024/581208/2020-03/581208-omaha-004/581208-omaha-004-051.JPG	https://s3.amazonaws.com/NARAprodstorage/lz/dc-metro/rg-024/581208/2020-03/581208-omaha-004/581208-omaha-004-051.JPG	 						135	145	5	30.14	66	64	63			b	none	10				
1873-05-06	20	-12.05	-77.17			a		https://s3.amazonaws.com/NARAprodstorage/lz/dc-metro/rg-024/581208/2020-03/581208-omaha-004/581208-omaha-004-051.JPG	https://s3.amazonaws.com/NARAprodstorage/lz/dc-metro/rg-024/581208/2020-03/581208-omaha-004/581208-omaha-004-051.JPG	 						135	145	5	30.14	66	64	63			b	none	10				
1873-05-06	21	-12.05	-77.17			a		https://s3.amazonaws.com/NARAprodstorage/lz/dc-metro/rg-024/581208/2020-03/581208-omaha-004/581208-omaha-004-051.JPG	https://s3.amazonaws.com/NARAprodstorage/lz/dc-metro/rg-024/581208/2020-03/581208-omaha-004/581208-omaha-004-051.JPG	 						135	145	5	30.14	66	64	63			b	none	10				
1873-05-06	22	-12.05	-77.17			a		https://s3.amazonaws.com/NARAprodstorage/lz/dc-metro/rg-024/581208/2020-03/581208-omaha-004/581208-omaha-004-051.JPG	https://s3.amazonaws.com/NARAprodstorage/lz/dc-metro/rg-024/581208/2020-03/581208-omaha-004/581208-omaha-004-051.JPG	 						135	145	5	30.14	66	64	63			b	none	10				
1873-05-06	23	-12.05	-77.17			a		https://s3.amazonaws.com/NARAprodstorage/lz/dc-metro/rg-024/581208/2020-03/581208-omaha-004/581208-omaha-004-051.JPG	https://s3.amazonaws.com/NARAprodstorage/lz/dc-metro/rg-024/581208/2020-03/581208-omaha-004/581208-omaha-004-051.JPG	 						135	145	5	30.14	66	64	63			b	none	10				
1873-05-06	24	-12.05	-77.17			a		https://s3.amazonaws.com/NARAprodstorage/lz/dc-metro/rg-024/581208/2020-03/581208-omaha-004/581208-omaha-004-051.JPG	https://s3.amazonaws.com/NARAprodstorage/lz/dc-metro/rg-024/581208/2020-03/581208-omaha-004/581208-omaha-004-051.JPG	 						135	145	5	30.14	66	64	63			b	none	10				
1873-05-07	1	-12.05	-77.17			a		https://s3.amazonaws.com/NARAprodstorage/lz/dc-metro/rg-024/581208/2020-03/581208-omaha-004/581208-omaha-004-052.JPG	https://s3.amazonaws.com/NARAprodstorage/lz/dc-metro/rg-024/581208/2020-03/581208-omaha-004/581208-omaha-004-052.JPG	 						158	168	2	30.14	65	63	63	64		bc	cir cum	8				
1873-05-07	2	-12.05	-77.17			a		https://s3.amazonaws.com/NARAprodstorage/lz/dc-metro/rg-024/581208/2020-03/581208-omaha-004/581208-omaha-004-052.JPG	https://s3.amazonaws.com/NARAprodstorage/lz/dc-metro/rg-024/581208/2020-03/581208-omaha-004/581208-omaha-004-052.JPG	 						158	168	2	30.14	65	63	63	64		bc	cir cum	8				
1873-05-07	3	-12.05	-77.17			a		https://s3.amazonaws.com/NARAprodstorage/lz/dc-metro/rg-024/581208/2020-03/581208-omaha-004/581208-omaha-004-052.JPG	https://s3.amazonaws.com/NARAprodstorage/lz/dc-metro/rg-024/581208/2020-03/581208-omaha-004/581208-omaha-004-052.JPG	 						158	168	2	30.14	65	63	63	64		bc	cir cum	8				
1873-05-07	4	-12.05	-77.17			a		https://s3.amazonaws.com/NARAprodstorage/lz/dc-metro/rg-024/581208/2020-03/581208-omaha-004/581208-omaha-004-052.JPG	https://s3.amazonaws.com/NARAprodstorage/lz/dc-metro/rg-024/581208/2020-03/581208-omaha-004/581208-omaha-004-052.JPG	 						158	168	2	30.14	65	63	63	64		bc	cir cum	8				
1873-05-07	5	-12.05	-77.17			a		https://s3.amazonaws.com/NARAprodstorage/lz/dc-metro/rg-024/581208/2020-03/581208-omaha-004/581208-omaha-004-052.JPG	https://s3.amazonaws.com/NARAprodstorage/lz/dc-metro/rg-024/581208/2020-03/581208-omaha-004/581208-omaha-004-052.JPG	 						135	145	5	30.15	64	64	63	64		bc	cum	8				
1873-05-07	6	-12.05	-77.17			a		https://s3.amazonaws.com/NARAprodstorage/lz/dc-metro/rg-024/581208/2020-03/581208-omaha-004/581208-omaha-004-052.JPG	https://s3.amazonaws.com/NARAprodstorage/lz/dc-metro/rg-024/581208/2020-03/581208-omaha-004/581208-omaha-004-052.JPG	 						135	145	5	30.15	64	64	63	64		ocm	cum nim	0				
1873-05-07	7	-12.05	-77.17			a		https://s3.amazonaws.com/NARAprodstorage/lz/dc-metro/rg-024/581208/2020-03/581208-omaha-004/581208-omaha-004-052.JPG	https://s3.amazonaws.com/NARAprodstorage/lz/dc-metro/rg-024/581208/2020-03/581208-omaha-004/581208-omaha-004-052.JPG	 						135	145	5	30.15	64	64	63	64		ocm	cum nim	0				
1873-05-07	8	-12.05	-77.17			a		https://s3.amazonaws.com/NARAprodstorage/lz/dc-metro/rg-024/581208/2020-03/581208-omaha-004/581208-omaha-004-052.JPG	https://s3.amazonaws.com/NARAprodstorage/lz/dc-metro/rg-024/581208/2020-03/581208-omaha-004/581208-omaha-004-052.JPG	 						135	145	5	30.15	64	64	63	64		ocm	cum nim	0				
1873-05-07	9	-12.05	-77.17			a		https://s3.amazonaws.com/NARAprodstorage/lz/dc-metro/rg-024/581208/2020-03/581208-omaha-004/581208-omaha-004-052.JPG	https://s3.amazonaws.com/NARAprodstorage/lz/dc-metro/rg-024/581208/2020-03/581208-omaha-004/581208-omaha-004-052.JPG	 						135	145	5	30.15	66	65	64	64		ocm	cum nim	0				
1873-05-07	10	-12.05	-77.17			a		https://s3.amazonaws.com/NARAprodstorage/lz/dc-metro/rg-024/581208/2020-03/581208-omaha-004/581208-omaha-004-052.JPG	https://s3.amazonaws.com/NARAprodstorage/lz/dc-metro/rg-024/581208/2020-03/581208-omaha-004/581208-omaha-004-052.JPG	 						135	145	5	30.15	66	65	64	64		ocm	cum nim	0				
1873-05-07	11	-12.05	-77.17			a		https://s3.amazonaws.com/NARAprodstorage/lz/dc-metro/rg-024/581208/2020-03/581208-omaha-004/581208-omaha-004-052.JPG	https://s3.amazonaws.com/NARAprodstorage/lz/dc-metro/rg-024/581208/2020-03/581208-omaha-004/581208-omaha-004-052.JPG	 						135	145	5	30.15	66	65	64	64		ocm	cum nim	0				
1873-05-07	12	-12.05	-77.17			a		https://s3.amazonaws.com/NARAprodstorage/lz/dc-metro/rg-024/581208/2020-03/581208-omaha-004/581208-omaha-004-052.JPG	https://s3.amazonaws.com/NARAprodstorage/lz/dc-metro/rg-024/581208/2020-03/581208-omaha-004/581208-omaha-004-052.JPG	"Noon: Callao, Peru"						135	145	5	30.15	66	65	64	64		ocm	cum nim	0				
1873-05-07	13	-12.05	-77.17			a		https://s3.amazonaws.com/NARAprodstorage/lz/dc-metro/rg-024/581208/2020-03/581208-omaha-004/581208-omaha-004-052.JPG	https://s3.amazonaws.com/NARAprodstorage/lz/dc-metro/rg-024/581208/2020-03/581208-omaha-004/581208-omaha-004-052.JPG	 						158	168	5	30.16	67	65	64	64		bc	cum	9				
1873-05-07	14	-12.05	-77.17			a		https://s3.amazonaws.com/NARAprodstorage/lz/dc-metro/rg-024/581208/2020-03/581208-omaha-004/581208-omaha-004-052.JPG	https://s3.amazonaws.com/NARAprodstorage/lz/dc-metro/rg-024/581208/2020-03/581208-omaha-004/581208-omaha-004-052.JPG	 						158	168	8	30.16	67	65	64	64		bc	cum	9				
1873-05-07	15	-12.05	-77.17			a		https://s3.amazonaws.com/NARAprodstorage/lz/dc-metro/rg-024/581208/2020-03/581208-omaha-004/581208-omaha-004-052.JPG	https://s3.amazonaws.com/NARAprodstorage/lz/dc-metro/rg-024/581208/2020-03/581208-omaha-004/581208-omaha-004-052.JPG	 						158	168	5	30.16	67	65	64	64		bc	cum	9				
1873-05-07	16	-12.05	-77.17			a		https://s3.amazonaws.com/NARAprodstorage/lz/dc-metro/rg-024/581208/2020-03/581208-omaha-004/581208-omaha-004-052.JPG	https://s3.amazonaws.com/NARAprodstorage/lz/dc-metro/rg-024/581208/2020-03/581208-omaha-004/581208-omaha-004-052.JPG	 						158	168	5	30.16	67	65	64	64		bc	cum	9				
1873-05-07	17	-12.05	-77.17			a		https://s3.amazonaws.com/NARAprodstorage/lz/dc-metro/rg-024/581208/2020-03/581208-omaha-004/581208-omaha-004-052.JPG	https://s3.amazonaws.com/NARAprodstorage/lz/dc-metro/rg-024/581208/2020-03/581208-omaha-004/581208-omaha-004-052.JPG	 						158	168	5	30.16	67	65	64	64		bc	cum	9				
1873-05-07	18	-12.05	-77.17			a		https://s3.amazonaws.com/NARAprodstorage/lz/dc-metro/rg-024/581208/2020-03/581208-omaha-004/581208-omaha-004-052.JPG	https://s3.amazonaws.com/NARAprodstorage/lz/dc-metro/rg-024/581208/2020-03/581208-omaha-004/581208-omaha-004-052.JPG	 						158	168	5	30.16	68	65	64	64		bc	cir cum	7				
1873-05-07	19	-12.05	-77.17			a		https://s3.amazonaws.com/NARAprodstorage/lz/dc-metro/rg-024/581208/2020-03/581208-omaha-004/581208-omaha-004-052.JPG	https://s3.amazonaws.com/NARAprodstorage/lz/dc-metro/rg-024/581208/2020-03/581208-omaha-004/581208-omaha-004-052.JPG	 						158	168	5	30.16	68	65	64	64		bc	cir cum	7				
1873-05-07	20	-12.05	-77.17			a		https://s3.amazonaws.com/NARAprodstorage/lz/dc-metro/rg-024/581208/2020-03/581208-omaha-004/581208-omaha-004-052.JPG	https://s3.amazonaws.com/NARAprodstorage/lz/dc-metro/rg-024/581208/2020-03/581208-omaha-004/581208-omaha-004-052.JPG	 						158	168	5	30.16	68	65	64	64		bc	cir cum	7				
1873-05-07	21	-12.05	-77.17			a		https://s3.amazonaws.com/NARAprodstorage/lz/dc-metro/rg-024/581208/2020-03/581208-omaha-004/581208-omaha-004-052.JPG	https://s3.amazonaws.com/NARAprodstorage/lz/dc-metro/rg-024/581208/2020-03/581208-omaha-004/581208-omaha-004-052.JPG	 						158	168	2	30.16	68	64	64	64		bc	cir cum	8				
1873-05-07	22	-12.05	-77.17			a		https://s3.amazonaws.com/NARAprodstorage/lz/dc-metro/rg-024/581208/2020-03/581208-omaha-004/581208-omaha-004-052.JPG	https://s3.amazonaws.com/NARAprodstorage/lz/dc-metro/rg-024/581208/2020-03/581208-omaha-004/581208-omaha-004-052.JPG	 						158	168	2	30.16	68	64	64	64		bc	cir cum	8				
1873-05-07	23	-12.05	-77.17			a		https://s3.amazonaws.com/NARAprodstorage/lz/dc-metro/rg-024/581208/2020-03/581208-omaha-004/581208-omaha-004-052.JPG	https://s3.amazonaws.com/NARAprodstorage/lz/dc-metro/rg-024/581208/2020-03/581208-omaha-004/581208-omaha-004-052.JPG	 						158	168	2	30.16	68	64	64	64		bc	cir cum	6				
1873-05-07	24	-12.05	-77.17			a		https://s3.amazonaws.com/NARAprodstorage/lz/dc-metro/rg-024/581208/2020-03/581208-omaha-004/581208-omaha-004-052.JPG	https://s3.amazonaws.com/NARAprodstorage/lz/dc-metro/rg-024/581208/2020-03/581208-omaha-004/581208-omaha-004-052.JPG	 						158	168	2	30.16	68	64	64	64		bc	cir cum	6				
1873-05-08	1	-12.05	-77.17			a		https://s3.amazonaws.com/NARAprodstorage/lz/dc-metro/rg-024/581208/2020-03/581208-omaha-004/581208-omaha-004-053.JPG	https://s3.amazonaws.com/NARAprodstorage/lz/dc-metro/rg-024/581208/2020-03/581208-omaha-004/581208-omaha-004-053.JPG	 						135	145	2	30.16	65	64	63			bc	cum	4				
1873-05-08	2	-12.05	-77.17			a		https://s3.amazonaws.com/NARAprodstorage/lz/dc-metro/rg-024/581208/2020-03/581208-omaha-004/581208-omaha-004-053.JPG	https://s3.amazonaws.com/NARAprodstorage/lz/dc-metro/rg-024/581208/2020-03/581208-omaha-004/581208-omaha-004-053.JPG	 						135	145	2	30.16	65	64	63			bc	cum	6				
1873-05-08	3	-12.05	-77.17			a		https://s3.amazonaws.com/NARAprodstorage/lz/dc-metro/rg-024/581208/2020-03/581208-omaha-004/581208-omaha-004-053.JPG	https://s3.amazonaws.com/NARAprodstorage/lz/dc-metro/rg-024/581208/2020-03/581208-omaha-004/581208-omaha-004-053.JPG	 						0	0	0	30.16	65	64	63			bc	cum	7				
1873-05-08	4	-12.05	-77.17			a		https://s3.amazonaws.com/NARAprodstorage/lz/dc-metro/rg-024/581208/2020-03/581208-omaha-004/581208-omaha-004-053.JPG	https://s3.amazonaws.com/NARAprodstorage/lz/dc-metro/rg-024/581208/2020-03/581208-omaha-004/581208-omaha-004-053.JPG	 						0	0	0	30.16	65	64	63			bc	cum	7				
1873-05-08	5	-12.05	-77.17			a		https://s3.amazonaws.com/NARAprodstorage/lz/dc-metro/rg-024/581208/2020-03/581208-omaha-004/581208-omaha-004-053.JPG	https://s3.amazonaws.com/NARAprodstorage/lz/dc-metro/rg-024/581208/2020-03/581208-omaha-004/581208-omaha-004-053.JPG	 						0	0	0	30.16	65	64	63			oc	nimb	0				
1873-05-08	6	-12.05	-77.17			a		https://s3.amazonaws.com/NARAprodstorage/lz/dc-metro/rg-024/581208/2020-03/581208-omaha-004/581208-omaha-004-053.JPG	https://s3.amazonaws.com/NARAprodstorage/lz/dc-metro/rg-024/581208/2020-03/581208-omaha-004/581208-omaha-004-053.JPG	 						0	0	0	30.16	65	64	63			oc	nimb	0				
1873-05-08	7	-12.05	-77.17			a		https://s3.amazonaws.com/NARAprodstorage/lz/dc-metro/rg-024/581208/2020-03/581208-omaha-004/581208-omaha-004-053.JPG	https://s3.amazonaws.com/NARAprodstorage/lz/dc-metro/rg-024/581208/2020-03/581208-omaha-004/581208-omaha-004-053.JPG	 						0	0	0	30.16	65	64	63			oc	nimb	0				
1873-05-08	8	-12.05	-77.17			a		https://s3.amazonaws.com/NARAprodstorage/lz/dc-metro/rg-024/581208/2020-03/581208-omaha-004/581208-omaha-004-053.JPG	https://s3.amazonaws.com/NARAprodstorage/lz/dc-metro/rg-024/581208/2020-03/581208-omaha-004/581208-omaha-004-053.JPG	 						0	0	0	30.16	65	64	63			oc	nimb	0				
1873-05-08	9	-12.05	-77.17			a		https://s3.amazonaws.com/NARAprodstorage/lz/dc-metro/rg-024/581208/2020-03/581208-omaha-004/581208-omaha-004-053.JPG	https://s3.amazonaws.com/NARAprodstorage/lz/dc-metro/rg-024/581208/2020-03/581208-omaha-004/581208-omaha-004-053.JPG	 						158	168	2	30.18	65	64	63	64		bc	nimb	0				
1873-05-08	10	-12.05	-77.17			a		https://s3.amazonaws.com/NARAprodstorage/lz/dc-metro/rg-024/581208/2020-03/581208-omaha-004/581208-omaha-004-053.JPG	https://s3.amazonaws.com/NARAprodstorage/lz/dc-metro/rg-024/581208/2020-03/581208-omaha-004/581208-omaha-004-053.JPG	 						158	168	2	30.18	65	64	63	64		bc	nimb	0				
1873-05-08	11	-12.05	-77.17			a		https://s3.amazonaws.com/NARAprodstorage/lz/dc-metro/rg-024/581208/2020-03/581208-omaha-004/581208-omaha-004-053.JPG	https://s3.amazonaws.com/NARAprodstorage/lz/dc-metro/rg-024/581208/2020-03/581208-omaha-004/581208-omaha-004-053.JPG	 						158	168	2	30.18	67	65	64	64		bc	nimb	0				
1873-05-08	12	-12.05	-77.17			a		https://s3.amazonaws.com/NARAprodstorage/lz/dc-metro/rg-024/581208/2020-03/581208-omaha-004/581208-omaha-004-053.JPG	https://s3.amazonaws.com/NARAprodstorage/lz/dc-metro/rg-024/581208/2020-03/581208-omaha-004/581208-omaha-004-053.JPG	"Noon: Callao, Peru"						158	168	2	30.19	67	65	64	64		bc	nimb	0				
1873-05-08	13	-12.05	-77.17			a		https://s3.amazonaws.com/NARAprodstorage/lz/dc-metro/rg-024/581208/2020-03/581208-omaha-004/581208-omaha-004-053.JPG	https://s3.amazonaws.com/NARAprodstorage/lz/dc-metro/rg-024/581208/2020-03/581208-omaha-004/581208-omaha-004-053.JPG	 						135	145	2	29.98	66	65	64			ocm	nimb	0				
1873-05-08	14	-12.05	-77.17			a		https://s3.amazonaws.com/NARAprodstorage/lz/dc-metro/rg-024/581208/2020-03/581208-omaha-004/581208-omaha-004-053.JPG	https://s3.amazonaws.com/NARAprodstorage/lz/dc-metro/rg-024/581208/2020-03/581208-omaha-004/581208-omaha-004-053.JPG	 						135	145	2	29.98	66	65	64			ocm	nimb	0				
1873-05-08	15	-12.05	-77.17			a		https://s3.amazonaws.com/NARAprodstorage/lz/dc-metro/rg-024/581208/2020-03/581208-omaha-004/581208-omaha-004-053.JPG	https://s3.amazonaws.com/NARAprodstorage/lz/dc-metro/rg-024/581208/2020-03/581208-omaha-004/581208-omaha-004-053.JPG	 						135	145	2	29.98	66	65	64			ocm	nimb	0				
1873-05-08	16	-12.05	-77.17			a		https://s3.amazonaws.com/NARAprodstorage/lz/dc-metro/rg-024/581208/2020-03/581208-omaha-004/581208-omaha-004-053.JPG	https://s3.amazonaws.com/NARAprodstorage/lz/dc-metro/rg-024/581208/2020-03/581208-omaha-004/581208-omaha-004-053.JPG	 						135	145	2	29.98	66	65	64			ocm	nimb	0				
1873-05-08	17	-12.05	-77.17			a		https://s3.amazonaws.com/NARAprodstorage/lz/dc-metro/rg-024/581208/2020-03/581208-omaha-004/581208-omaha-004-053.JPG	https://s3.amazonaws.com/NARAprodstorage/lz/dc-metro/rg-024/581208/2020-03/581208-omaha-004/581208-omaha-004-053.JPG	 						135	145	5	30.18	66	65	64	64		oc	nimb	0				
1873-05-08	18	-12.05	-77.17			a		https://s3.amazonaws.com/NARAprodstorage/lz/dc-metro/rg-024/581208/2020-03/581208-omaha-004/581208-omaha-004-053.JPG	https://s3.amazonaws.com/NARAprodstorage/lz/dc-metro/rg-024/581208/2020-03/581208-omaha-004/581208-omaha-004-053.JPG	 						135	145	5	30.18	66	65	64	64		oc	nimb	0				
1873-05-08	19	-12.05	-77.17			a		https://s3.amazonaws.com/NARAprodstorage/lz/dc-metro/rg-024/581208/2020-03/581208-omaha-004/581208-omaha-004-053.JPG	https://s3.amazonaws.com/NARAprodstorage/lz/dc-metro/rg-024/581208/2020-03/581208-omaha-004/581208-omaha-004-053.JPG	 						135	145	2	30.18	67	64	63	64		oc	nimb	0				
1873-05-08	20	-12.05	-77.17			a		https://s3.amazonaws.com/NARAprodstorage/lz/dc-metro/rg-024/581208/2020-03/581208-omaha-004/581208-omaha-004-053.JPG	https://s3.amazonaws.com/NARAprodstorage/lz/dc-metro/rg-024/581208/2020-03/581208-omaha-004/581208-omaha-004-053.JPG	 						135	145	2	30.18	67	64	63	64		oc	nimb	0				
1873-05-08	21	-12.05	-77.17			a		https://s3.amazonaws.com/NARAprodstorage/lz/dc-metro/rg-024/581208/2020-03/581208-omaha-004/581208-omaha-004-053.JPG	https://s3.amazonaws.com/NARAprodstorage/lz/dc-metro/rg-024/581208/2020-03/581208-omaha-004/581208-omaha-004-053.JPG	 						135	145	2	30	66	64	63			ocm	nimb	0				
1873-05-08	22	-12.05	-77.17			a		https://s3.amazonaws.com/NARAprodstorage/lz/dc-metro/rg-024/581208/2020-03/581208-omaha-004/581208-omaha-004-053.JPG	https://s3.amazonaws.com/NARAprodstorage/lz/dc-metro/rg-024/581208/2020-03/581208-omaha-004/581208-omaha-004-053.JPG	 						135	145	2	30	66	64	63			ocm	nimb	0				
1873-05-08	23	-12.05	-77.17			a		https://s3.amazonaws.com/NARAprodstorage/lz/dc-metro/rg-024/581208/2020-03/581208-omaha-004/581208-omaha-004-053.JPG	https://s3.amazonaws.com/NARAprodstorage/lz/dc-metro/rg-024/581208/2020-03/581208-omaha-004/581208-omaha-004-053.JPG	 						135	145	2	30	65	63	62			ocm	nimb	0				
1873-05-08	24	-12.05	-77.17			a		https://s3.amazonaws.com/NARAprodstorage/lz/dc-metro/rg-024/581208/2020-03/581208-omaha-004/581208-omaha-004-053.JPG	https://s3.amazonaws.com/NARAprodstorage/lz/dc-metro/rg-024/581208/2020-03/581208-omaha-004/581208-omaha-004-053.JPG	 						135	145	2	30	65	63	62			ocm	nimb	0				
1873-05-09	1	-12.05	-77.17			a		https://s3.amazonaws.com/NARAprodstorage/lz/dc-metro/rg-024/581208/2020-03/581208-omaha-004/581208-omaha-004-054.JPG	https://s3.amazonaws.com/NARAprodstorage/lz/dc-metro/rg-024/581208/2020-03/581208-omaha-004/581208-omaha-004-054.JPG	 						135	145	5	30.15	64	64	63			ocm	cum nim	0				
1873-05-09	2	-12.05	-77.17			a		https://s3.amazonaws.com/NARAprodstorage/lz/dc-metro/rg-024/581208/2020-03/581208-omaha-004/581208-omaha-004-054.JPG	https://s3.amazonaws.com/NARAprodstorage/lz/dc-metro/rg-024/581208/2020-03/581208-omaha-004/581208-omaha-004-054.JPG	 						135	145	5	30.15	64	64	63			ocm	cum nim	0				
1873-05-09	3	-12.05	-77.17			a		https://s3.amazonaws.com/NARAprodstorage/lz/dc-metro/rg-024/581208/2020-03/581208-omaha-004/581208-omaha-004-054.JPG	https://s3.amazonaws.com/NARAprodstorage/lz/dc-metro/rg-024/581208/2020-03/581208-omaha-004/581208-omaha-004-054.JPG	 						135	145	5	30.15	64	64	63			ocm	cum nim	0				
1873-05-09	4	-12.05	-77.17			a		https://s3.amazonaws.com/NARAprodstorage/lz/dc-metro/rg-024/581208/2020-03/581208-omaha-004/581208-omaha-004-054.JPG	https://s3.amazonaws.com/NARAprodstorage/lz/dc-metro/rg-024/581208/2020-03/581208-omaha-004/581208-omaha-004-054.JPG	 						135	145	5	30.15	64	64	63			ocm	cum nim	0				
1873-05-09	5	-12.05	-77.17			a		https://s3.amazonaws.com/NARAprodstorage/lz/dc-metro/rg-024/581208/2020-03/581208-omaha-004/581208-omaha-004-054.JPG	https://s3.amazonaws.com/NARAprodstorage/lz/dc-metro/rg-024/581208/2020-03/581208-omaha-004/581208-omaha-004-054.JPG	 						135	145	5	30.16	63	63	63	66		ocm	cum nim	0				
1873-05-09	6	-12.05	-77.17			a		https://s3.amazonaws.com/NARAprodstorage/lz/dc-metro/rg-024/581208/2020-03/581208-omaha-004/581208-omaha-004-054.JPG	https://s3.amazonaws.com/NARAprodstorage/lz/dc-metro/rg-024/581208/2020-03/581208-omaha-004/581208-omaha-004-054.JPG	 						135	145	5	30.16	63	63	63	66		ocm	cum nim	0				
1873-05-09	7	-12.05	-77.17			a		https://s3.amazonaws.com/NARAprodstorage/lz/dc-metro/rg-024/581208/2020-03/581208-omaha-004/581208-omaha-004-054.JPG	https://s3.amazonaws.com/NARAprodstorage/lz/dc-metro/rg-024/581208/2020-03/581208-omaha-004/581208-omaha-004-054.JPG	 						0	0	0	30.16	63	63	63	66		ocm	cum nim	0				
1873-05-09	8	-12.05	-77.17			a		https://s3.amazonaws.com/NARAprodstorage/lz/dc-metro/rg-024/581208/2020-03/581208-omaha-004/581208-omaha-004-054.JPG	https://s3.amazonaws.com/NARAprodstorage/lz/dc-metro/rg-024/581208/2020-03/581208-omaha-004/581208-omaha-004-054.JPG	 						0	0	0	30.18	63	63	63	66		ocm	cum nim	0				
1873-05-09	9	-12.05	-77.17			a		https://s3.amazonaws.com/NARAprodstorage/lz/dc-metro/rg-024/581208/2020-03/581208-omaha-004/581208-omaha-004-054.JPG	https://s3.amazonaws.com/NARAprodstorage/lz/dc-metro/rg-024/581208/2020-03/581208-omaha-004/581208-omaha-004-054.JPG	 						180	190	2	30.18	66	64	64			ocf	nimb	0				
1873-05-09	10	-12.05	-77.17			a		https://s3.amazonaws.com/NARAprodstorage/lz/dc-metro/rg-024/581208/2020-03/581208-omaha-004/581208-omaha-004-054.JPG	https://s3.amazonaws.com/NARAprodstorage/lz/dc-metro/rg-024/581208/2020-03/581208-omaha-004/581208-omaha-004-054.JPG	 						180	190	2	30.18	66	64	64			ocf	nimb	0				
1873-05-09	11	-12.05	-77.17			a		https://s3.amazonaws.com/NARAprodstorage/lz/dc-metro/rg-024/581208/2020-03/581208-omaha-004/581208-omaha-004-054.JPG	https://s3.amazonaws.com/NARAprodstorage/lz/dc-metro/rg-024/581208/2020-03/581208-omaha-004/581208-omaha-004-054.JPG	 						180	190	2	30.18	66	64	64			ocf	nimb	0				
1873-05-09	12	-12.05	-77.17			a		https://s3.amazonaws.com/NARAprodstorage/lz/dc-metro/rg-024/581208/2020-03/581208-omaha-004/581208-omaha-004-054.JPG	https://s3.amazonaws.com/NARAprodstorage/lz/dc-metro/rg-024/581208/2020-03/581208-omaha-004/581208-omaha-004-054.JPG	"Noon: Callao, Peru"						180	190	2	30.18	66	64	64			ocf	nimb	0				
1873-05-09	13	-12.05	-77.17			a		https://s3.amazonaws.com/NARAprodstorage/lz/dc-metro/rg-024/581208/2020-03/581208-omaha-004/581208-omaha-004-054.JPG	https://s3.amazonaws.com/NARAprodstorage/lz/dc-metro/rg-024/581208/2020-03/581208-omaha-004/581208-omaha-004-054.JPG	 						135	145	5	30.16	67	65	64			ocm	cum nim	10				
1873-05-09	14	-12.05	-77.17			a		https://s3.amazonaws.com/NARAprodstorage/lz/dc-metro/rg-024/581208/2020-03/581208-omaha-004/581208-omaha-004-054.JPG	https://s3.amazonaws.com/NARAprodstorage/lz/dc-metro/rg-024/581208/2020-03/581208-omaha-004/581208-omaha-004-054.JPG	 						135	145	5	30.16	67	65	64			ocm	cum nim	10				
1873-05-09	15	-12.05	-77.17			a		https://s3.amazonaws.com/NARAprodstorage/lz/dc-metro/rg-024/581208/2020-03/581208-omaha-004/581208-omaha-004-054.JPG	https://s3.amazonaws.com/NARAprodstorage/lz/dc-metro/rg-024/581208/2020-03/581208-omaha-004/581208-omaha-004-054.JPG	 						135	145	5	30.14	67	65	64			ocm	cum nim	10				
1873-05-09	16	-12.05	-77.17			a		https://s3.amazonaws.com/NARAprodstorage/lz/dc-metro/rg-024/581208/2020-03/581208-omaha-004/581208-omaha-004-054.JPG	https://s3.amazonaws.com/NARAprodstorage/lz/dc-metro/rg-024/581208/2020-03/581208-omaha-004/581208-omaha-004-054.JPG	 						135	145	5	30.13	67	65	64			ocm	cum nim	10				
1873-05-09	17	-12.05	-77.17			a		https://s3.amazonaws.com/NARAprodstorage/lz/dc-metro/rg-024/581208/2020-03/581208-omaha-004/581208-omaha-004-054.JPG	https://s3.amazonaws.com/NARAprodstorage/lz/dc-metro/rg-024/581208/2020-03/581208-omaha-004/581208-omaha-004-054.JPG	 						135	145	2	30.12	66	64	63			ocm	cum nim	10				
1873-05-09	18	-12.05	-77.17			a		https://s3.amazonaws.com/NARAprodstorage/lz/dc-metro/rg-024/581208/2020-03/581208-omaha-004/581208-omaha-004-054.JPG	https://s3.amazonaws.com/NARAprodstorage/lz/dc-metro/rg-024/581208/2020-03/581208-omaha-004/581208-omaha-004-054.JPG	 						135	145	2	30.12	66	64	63			ocm	cum nim	10				
1873-05-09	19	-12.05	-77.17			a		https://s3.amazonaws.com/NARAprodstorage/lz/dc-metro/rg-024/581208/2020-03/581208-omaha-004/581208-omaha-004-054.JPG	https://s3.amazonaws.com/NARAprodstorage/lz/dc-metro/rg-024/581208/2020-03/581208-omaha-004/581208-omaha-004-054.JPG	 						135	145	2	30.12	65	64	63			ocm	cum nim	10				
1873-05-09	20	-12.05	-77.17			a		https://s3.amazonaws.com/NARAprodstorage/lz/dc-metro/rg-024/581208/2020-03/581208-omaha-004/581208-omaha-004-054.JPG	https://s3.amazonaws.com/NARAprodstorage/lz/dc-metro/rg-024/581208/2020-03/581208-omaha-004/581208-omaha-004-054.JPG	 						135	145	2	30.12	65	63	63			ocm	cum nim	10				
1873-05-09	21	-12.05	-77.17			a		https://s3.amazonaws.com/NARAprodstorage/lz/dc-metro/rg-024/581208/2020-03/581208-omaha-004/581208-omaha-004-054.JPG	https://s3.amazonaws.com/NARAprodstorage/lz/dc-metro/rg-024/581208/2020-03/581208-omaha-004/581208-omaha-004-054.JPG	 						135	145	5	30.18	66	63	63			ocm	cum nim	10				
1873-05-09	22	-12.05	-77.17			a		https://s3.amazonaws.com/NARAprodstorage/lz/dc-metro/rg-024/581208/2020-03/581208-omaha-004/581208-omaha-004-054.JPG	https://s3.amazonaws.com/NARAprodstorage/lz/dc-metro/rg-024/581208/2020-03/581208-omaha-004/581208-omaha-004-054.JPG	 						135	145	5	30.18	66	63	63			ocfd	cum nim	10				
1873-05-09	23	-12.05	-77.17			a		https://s3.amazonaws.com/NARAprodstorage/lz/dc-metro/rg-024/581208/2020-03/581208-omaha-004/581208-omaha-004-054.JPG	https://s3.amazonaws.com/NARAprodstorage/lz/dc-metro/rg-024/581208/2020-03/581208-omaha-004/581208-omaha-004-054.JPG	 						135	145	5	30.18	66	63	63			ocfd	cum nim	10				
1873-05-09	24	-12.05	-77.17			a		https://s3.amazonaws.com/NARAprodstorage/lz/dc-metro/rg-024/581208/2020-03/581208-omaha-004/581208-omaha-004-054.JPG	https://s3.amazonaws.com/NARAprodstorage/lz/dc-metro/rg-024/581208/2020-03/581208-omaha-004/581208-omaha-004-054.JPG	 						135	145	5	30.18	66	63	63			ocfd	cum nim	10				
1873-05-10	1	-12.05	-77.17			a		https://s3.amazonaws.com/NARAprodstorage/lz/dc-metro/rg-024/581208/2020-03/581208-omaha-004/581208-omaha-004-055.JPG	https://s3.amazonaws.com/NARAprodstorage/lz/dc-metro/rg-024/581208/2020-03/581208-omaha-004/581208-omaha-004-055.JPG	 						135	145	2	30.18	64	63	63			ocfd	nimb	0				
1873-05-10	2	-12.05	-77.17			a		https://s3.amazonaws.com/NARAprodstorage/lz/dc-metro/rg-024/581208/2020-03/581208-omaha-004/581208-omaha-004-055.JPG	https://s3.amazonaws.com/NARAprodstorage/lz/dc-metro/rg-024/581208/2020-03/581208-omaha-004/581208-omaha-004-055.JPG	 						135	145	2	30.18	64	63	63			ocfd	nimb	0				
1873-05-10	3	-12.05	-77.17			a		https://s3.amazonaws.com/NARAprodstorage/lz/dc-metro/rg-024/581208/2020-03/581208-omaha-004/581208-omaha-004-055.JPG	https://s3.amazonaws.com/NARAprodstorage/lz/dc-metro/rg-024/581208/2020-03/581208-omaha-004/581208-omaha-004-055.JPG	 						135	145	2	30.19	64	63	63			ocfd	nimb	0				
1873-05-10	4	-12.05	-77.17			a		https://s3.amazonaws.com/NARAprodstorage/lz/dc-metro/rg-024/581208/2020-03/581208-omaha-004/581208-omaha-004-055.JPG	https://s3.amazonaws.com/NARAprodstorage/lz/dc-metro/rg-024/581208/2020-03/581208-omaha-004/581208-omaha-004-055.JPG	 						135	145	2	30.19	64	63	63			ocfd	nimb	0				
1873-05-10	5	-12.05	-77.17			a		https://s3.amazonaws.com/NARAprodstorage/lz/dc-metro/rg-024/581208/2020-03/581208-omaha-004/581208-omaha-004-055.JPG	https://s3.amazonaws.com/NARAprodstorage/lz/dc-metro/rg-024/581208/2020-03/581208-omaha-004/581208-omaha-004-055.JPG	 						135	145	2	30.2	64	62	62			ocff	nimb	0				
1873-05-10	6	-12.05	-77.17			a		https://s3.amazonaws.com/NARAprodstorage/lz/dc-metro/rg-024/581208/2020-03/581208-omaha-004/581208-omaha-004-055.JPG	https://s3.amazonaws.com/NARAprodstorage/lz/dc-metro/rg-024/581208/2020-03/581208-omaha-004/581208-omaha-004-055.JPG	 						135	145	2	30.2	64	62	62			ocff	nimb	0				
1873-05-10	7	-12.05	-77.17			a		https://s3.amazonaws.com/NARAprodstorage/lz/dc-metro/rg-024/581208/2020-03/581208-omaha-004/581208-omaha-004-055.JPG	https://s3.amazonaws.com/NARAprodstorage/lz/dc-metro/rg-024/581208/2020-03/581208-omaha-004/581208-omaha-004-055.JPG	 						135	145	2	30.2	64	63	63			ocff	nimb	0				
1873-05-10	8	-12.05	-77.17			a		https://s3.amazonaws.com/NARAprodstorage/lz/dc-metro/rg-024/581208/2020-03/581208-omaha-004/581208-omaha-004-055.JPG	https://s3.amazonaws.com/NARAprodstorage/lz/dc-metro/rg-024/581208/2020-03/581208-omaha-004/581208-omaha-004-055.JPG	 						135	145	2	30.2	64	63	63			ocff	nimb	0				
1873-05-10	9	-12.05	-77.17			a		https://s3.amazonaws.com/NARAprodstorage/lz/dc-metro/rg-024/581208/2020-03/581208-omaha-004/581208-omaha-004-055.JPG	https://s3.amazonaws.com/NARAprodstorage/lz/dc-metro/rg-024/581208/2020-03/581208-omaha-004/581208-omaha-004-055.JPG	 						135	145	5	30.1	67	65	64			ocm	cum nim	0				
1873-05-10	10	-12.05	-77.17			a		https://s3.amazonaws.com/NARAprodstorage/lz/dc-metro/rg-024/581208/2020-03/581208-omaha-004/581208-omaha-004-055.JPG	https://s3.amazonaws.com/NARAprodstorage/lz/dc-metro/rg-024/581208/2020-03/581208-omaha-004/581208-omaha-004-055.JPG	 						135	145	5	30.1	67	65	64			ocm	cum nim	0				
1873-05-10	11	-12.05	-77.17			a		https://s3.amazonaws.com/NARAprodstorage/lz/dc-metro/rg-024/581208/2020-03/581208-omaha-004/581208-omaha-004-055.JPG	https://s3.amazonaws.com/NARAprodstorage/lz/dc-metro/rg-024/581208/2020-03/581208-omaha-004/581208-omaha-004-055.JPG	 						135	145	5	30.1	67	65	64			ocm	cum nim	0				
1873-05-10	12	-12.05	-77.17			a		https://s3.amazonaws.com/NARAprodstorage/lz/dc-metro/rg-024/581208/2020-03/581208-omaha-004/581208-omaha-004-055.JPG	https://s3.amazonaws.com/NARAprodstorage/lz/dc-metro/rg-024/581208/2020-03/581208-omaha-004/581208-omaha-004-055.JPG	"Noon: Callao, Peru"						135	145	5	30.1	67	65	64			ocm	cum nim	0				
1873-05-10	13	-12.05	-77.17			a		https://s3.amazonaws.com/NARAprodstorage/lz/dc-metro/rg-024/581208/2020-03/581208-omaha-004/581208-omaha-004-055.JPG	https://s3.amazonaws.com/NARAprodstorage/lz/dc-metro/rg-024/581208/2020-03/581208-omaha-004/581208-omaha-004-055.JPG	 						135	145	5	30.1	67	65	64			ocm	cum nim	0				
1873-05-10	14	-12.05	-77.17			a		https://s3.amazonaws.com/NARAprodstorage/lz/dc-metro/rg-024/581208/2020-03/581208-omaha-004/581208-omaha-004-055.JPG	https://s3.amazonaws.com/NARAprodstorage/lz/dc-metro/rg-024/581208/2020-03/581208-omaha-004/581208-omaha-004-055.JPG	 						135	145	5	30.1	67	65	64			ocm	cum nim	0				
1873-05-10	15	-12.05	-77.17			a		https://s3.amazonaws.com/NARAprodstorage/lz/dc-metro/rg-024/581208/2020-03/581208-omaha-004/581208-omaha-004-055.JPG	https://s3.amazonaws.com/NARAprodstorage/lz/dc-metro/rg-024/581208/2020-03/581208-omaha-004/581208-omaha-004-055.JPG	 						135	145	2	30.1	67	65	64			ocm	cum nim	0				
1873-05-10	16	-12.05	-77.17			a		https://s3.amazonaws.com/NARAprodstorage/lz/dc-metro/rg-024/581208/2020-03/581208-omaha-004/581208-omaha-004-055.JPG	https://s3.amazonaws.com/NARAprodstorage/lz/dc-metro/rg-024/581208/2020-03/581208-omaha-004/581208-omaha-004-055.JPG	 						135	145	2	30.1	67	65	64			ocm	cum nim	0				
1873-05-10	17	-12.05	-77.17			a		https://s3.amazonaws.com/NARAprodstorage/lz/dc-metro/rg-024/581208/2020-03/581208-omaha-004/581208-omaha-004-055.JPG	https://s3.amazonaws.com/NARAprodstorage/lz/dc-metro/rg-024/581208/2020-03/581208-omaha-004/581208-omaha-004-055.JPG	 						135	145	2	30.09	66	64	63			ocm	cum nim	0				
1873-05-10	18	-12.05	-77.17			a		https://s3.amazonaws.com/NARAprodstorage/lz/dc-metro/rg-024/581208/2020-03/581208-omaha-004/581208-omaha-004-055.JPG	https://s3.amazonaws.com/NARAprodstorage/lz/dc-metro/rg-024/581208/2020-03/581208-omaha-004/581208-omaha-004-055.JPG	 						135	145	2	30.09		64	63			ocm	cum nim	0				
1873-05-10	19	-12.05	-77.17			a		https://s3.amazonaws.com/NARAprodstorage/lz/dc-metro/rg-024/581208/2020-03/581208-omaha-004/581208-omaha-004-055.JPG	https://s3.amazonaws.com/NARAprodstorage/lz/dc-metro/rg-024/581208/2020-03/581208-omaha-004/581208-omaha-004-055.JPG	 						135	145	2	30.09		64	63			ocm	cum nim	0				
1873-05-10	20	-12.05	-77.17			a		https://s3.amazonaws.com/NARAprodstorage/lz/dc-metro/rg-024/581208/2020-03/581208-omaha-004/581208-omaha-004-055.JPG	https://s3.amazonaws.com/NARAprodstorage/lz/dc-metro/rg-024/581208/2020-03/581208-omaha-004/581208-omaha-004-055.JPG	 						135	145	2	30.09		64	63			ocm	cum nim	0				
1873-05-10	21	-12.05	-77.17			a		https://s3.amazonaws.com/NARAprodstorage/lz/dc-metro/rg-024/581208/2020-03/581208-omaha-004/581208-omaha-004-055.JPG	https://s3.amazonaws.com/NARAprodstorage/lz/dc-metro/rg-024/581208/2020-03/581208-omaha-004/581208-omaha-004-055.JPG	 						135	145	2	30.09		64	63			ocm	cum nim	0				
1873-05-10	22	-12.05	-77.17			a		https://s3.amazonaws.com/NARAprodstorage/lz/dc-metro/rg-024/581208/2020-03/581208-omaha-004/581208-omaha-004-055.JPG	https://s3.amazonaws.com/NARAprodstorage/lz/dc-metro/rg-024/581208/2020-03/581208-omaha-004/581208-omaha-004-055.JPG	 						135	145	2	30.09		64	63			ocm	cum nim	0				
1873-05-10	23	-12.05	-77.17			a		https://s3.amazonaws.com/NARAprodstorage/lz/dc-metro/rg-024/581208/2020-03/581208-omaha-004/581208-omaha-004-055.JPG	https://s3.amazonaws.com/NARAprodstorage/lz/dc-metro/rg-024/581208/2020-03/581208-omaha-004/581208-omaha-004-055.JPG	 						135	145	2	30.09		64	63			ocm	cum nim	0				
1873-05-10	24	-12.05	-77.17			a		https://s3.amazonaws.com/NARAprodstorage/lz/dc-metro/rg-024/581208/2020-03/581208-omaha-004/581208-omaha-004-055.JPG	https://s3.amazonaws.com/NARAprodstorage/lz/dc-metro/rg-024/581208/2020-03/581208-omaha-004/581208-omaha-004-055.JPG	 						135	145	2	30.09		64	63			ocm	cum nim	0				
1873-05-11	1	-12.05	-77.17			a		https://s3.amazonaws.com/NARAprodstorage/lz/dc-metro/rg-024/581208/2020-03/581208-omaha-004/581208-omaha-004-056.JPG	https://s3.amazonaws.com/NARAprodstorage/lz/dc-metro/rg-024/581208/2020-03/581208-omaha-004/581208-omaha-004-056.JPG	 						158	168	5	30.2	65	63	62	60		oc	nimb	0				
1873-05-11	2	-12.05	-77.17			a		https://s3.amazonaws.com/NARAprodstorage/lz/dc-metro/rg-024/581208/2020-03/581208-omaha-004/581208-omaha-004-056.JPG	https://s3.amazonaws.com/NARAprodstorage/lz/dc-metro/rg-024/581208/2020-03/581208-omaha-004/581208-omaha-004-056.JPG	 						158	168	5	30.2	65	63	62	60		oc	nimb	0				
1873-05-11	3	-12.05	-77.17			a		https://s3.amazonaws.com/NARAprodstorage/lz/dc-metro/rg-024/581208/2020-03/581208-omaha-004/581208-omaha-004-056.JPG	https://s3.amazonaws.com/NARAprodstorage/lz/dc-metro/rg-024/581208/2020-03/581208-omaha-004/581208-omaha-004-056.JPG	 						158	168	5	30.22	65	63	62	60		oc	nimb	0				
1873-05-11	4	-12.05	-77.17			a		https://s3.amazonaws.com/NARAprodstorage/lz/dc-metro/rg-024/581208/2020-03/581208-omaha-004/581208-omaha-004-056.JPG	https://s3.amazonaws.com/NARAprodstorage/lz/dc-metro/rg-024/581208/2020-03/581208-omaha-004/581208-omaha-004-056.JPG	 						158	168	5	30.22	65	63	62	60		oc	nimb	0				
1873-05-11	5	-12.05	-77.17			a		https://s3.amazonaws.com/NARAprodstorage/lz/dc-metro/rg-024/581208/2020-03/581208-omaha-004/581208-omaha-004-056.JPG	https://s3.amazonaws.com/NARAprodstorage/lz/dc-metro/rg-024/581208/2020-03/581208-omaha-004/581208-omaha-004-056.JPG	 						135	145	5	30.24	66	63	62			oc	cum nimb	0				
1873-05-11	6	-12.05	-77.17			a		https://s3.amazonaws.com/NARAprodstorage/lz/dc-metro/rg-024/581208/2020-03/581208-omaha-004/581208-omaha-004-056.JPG	https://s3.amazonaws.com/NARAprodstorage/lz/dc-metro/rg-024/581208/2020-03/581208-omaha-004/581208-omaha-004-056.JPG	 						135	145	5	30.26	66	63	62			oc	cum nimb	0				
1873-05-11	7	-12.05	-77.17			a		https://s3.amazonaws.com/NARAprodstorage/lz/dc-metro/rg-024/581208/2020-03/581208-omaha-004/581208-omaha-004-056.JPG	https://s3.amazonaws.com/NARAprodstorage/lz/dc-metro/rg-024/581208/2020-03/581208-omaha-004/581208-omaha-004-056.JPG	 						135	145	2	30.26	66	63	62			oc	cum nimb	0				
1873-05-11	8	-12.05	-77.17			a		https://s3.amazonaws.com/NARAprodstorage/lz/dc-metro/rg-024/581208/2020-03/581208-omaha-004/581208-omaha-004-056.JPG	https://s3.amazonaws.com/NARAprodstorage/lz/dc-metro/rg-024/581208/2020-03/581208-omaha-004/581208-omaha-004-056.JPG	 						135	145	2	30.27	66	63	62			oc	cum nimb	0				
1873-05-11	9	-12.05	-77.17			a		https://s3.amazonaws.com/NARAprodstorage/lz/dc-metro/rg-024/581208/2020-03/581208-omaha-004/581208-omaha-004-056.JPG	https://s3.amazonaws.com/NARAprodstorage/lz/dc-metro/rg-024/581208/2020-03/581208-omaha-004/581208-omaha-004-056.JPG	 						135	145	2	30.3	65	65	63			ocf	cum nimb	0				
1873-05-11	10	-12.05	-77.17			a		https://s3.amazonaws.com/NARAprodstorage/lz/dc-metro/rg-024/581208/2020-03/581208-omaha-004/581208-omaha-004-056.JPG	https://s3.amazonaws.com/NARAprodstorage/lz/dc-metro/rg-024/581208/2020-03/581208-omaha-004/581208-omaha-004-056.JPG	 						135	145	2	30.3	65	65	63			ocf	cum nimb	0				
1873-05-11	11	-12.05	-77.17			a		https://s3.amazonaws.com/NARAprodstorage/lz/dc-metro/rg-024/581208/2020-03/581208-omaha-004/581208-omaha-004-056.JPG	https://s3.amazonaws.com/NARAprodstorage/lz/dc-metro/rg-024/581208/2020-03/581208-omaha-004/581208-omaha-004-056.JPG	 						135	145	2	30.3	65	65	63			ocf	cum nimb	0				
1873-05-11	12	-12.05	-77.17			a		https://s3.amazonaws.com/NARAprodstorage/lz/dc-metro/rg-024/581208/2020-03/581208-omaha-004/581208-omaha-004-056.JPG	https://s3.amazonaws.com/NARAprodstorage/lz/dc-metro/rg-024/581208/2020-03/581208-omaha-004/581208-omaha-004-056.JPG	"Noon: Callao, Peru"						135	145	2	30.3	65	65	63			ocf	cum nimb	0				
1873-05-11	13	-12.05	-77.17			a		https://s3.amazonaws.com/NARAprodstorage/lz/dc-metro/rg-024/581208/2020-03/581208-omaha-004/581208-omaha-004-056.JPG	https://s3.amazonaws.com/NARAprodstorage/lz/dc-metro/rg-024/581208/2020-03/581208-omaha-004/581208-omaha-004-056.JPG	 						202	212	5	30.24	67	65	64	60		oc	cum nim	0				
1873-05-11	14	-12.05	-77.17			a		https://s3.amazonaws.com/NARAprodstorage/lz/dc-metro/rg-024/581208/2020-03/581208-omaha-004/581208-omaha-004-056.JPG	https://s3.amazonaws.com/NARAprodstorage/lz/dc-metro/rg-024/581208/2020-03/581208-omaha-004/581208-omaha-004-056.JPG	 						202	212	5	30.24	67	65	64	60		oc	cum nim	0				
1873-05-11	15	-12.05	-77.17			a		https://s3.amazonaws.com/NARAprodstorage/lz/dc-metro/rg-024/581208/2020-03/581208-omaha-004/581208-omaha-004-056.JPG	https://s3.amazonaws.com/NARAprodstorage/lz/dc-metro/rg-024/581208/2020-03/581208-omaha-004/581208-omaha-004-056.JPG	 						202	212	2	30.24	67	65	64	60		oc	cum nim	0				
1873-05-11	16	-12.05	-77.17			a		https://s3.amazonaws.com/NARAprodstorage/lz/dc-metro/rg-024/581208/2020-03/581208-omaha-004/581208-omaha-004-056.JPG	https://s3.amazonaws.com/NARAprodstorage/lz/dc-metro/rg-024/581208/2020-03/581208-omaha-004/581208-omaha-004-056.JPG	 						202	212	2	30.2	67	65	64	60		oc	cum nim	0				
1873-05-11	17	-12.05	-77.17			a		https://s3.amazonaws.com/NARAprodstorage/lz/dc-metro/rg-024/581208/2020-03/581208-omaha-004/581208-omaha-004-056.JPG	https://s3.amazonaws.com/NARAprodstorage/lz/dc-metro/rg-024/581208/2020-03/581208-omaha-004/581208-omaha-004-056.JPG	 						202	212	2	30.18	64	63	63	60		oc	cum nim	0				
1873-05-11	18	-12.05	-77.17			a		https://s3.amazonaws.com/NARAprodstorage/lz/dc-metro/rg-024/581208/2020-03/581208-omaha-004/581208-omaha-004-056.JPG	https://s3.amazonaws.com/NARAprodstorage/lz/dc-metro/rg-024/581208/2020-03/581208-omaha-004/581208-omaha-004-056.JPG	 						202	212	2	30.18	64	63	63	60		oc	cum nim	0				
1873-05-11	19	-12.05	-77.17			a		https://s3.amazonaws.com/NARAprodstorage/lz/dc-metro/rg-024/581208/2020-03/581208-omaha-004/581208-omaha-004-056.JPG	https://s3.amazonaws.com/NARAprodstorage/lz/dc-metro/rg-024/581208/2020-03/581208-omaha-004/581208-omaha-004-056.JPG	 						202	212	2	30.18	64	63	63	60		oc	cum nim	0				
1873-05-11	20	-12.05	-77.17			a		https://s3.amazonaws.com/NARAprodstorage/lz/dc-metro/rg-024/581208/2020-03/581208-omaha-004/581208-omaha-004-056.JPG	https://s3.amazonaws.com/NARAprodstorage/lz/dc-metro/rg-024/581208/2020-03/581208-omaha-004/581208-omaha-004-056.JPG	 						202	212	2	30.18	64	63	63	60		oc	cum nim	0				
1873-05-11	21	-12.05	-77.17			a		https://s3.amazonaws.com/NARAprodstorage/lz/dc-metro/rg-024/581208/2020-03/581208-omaha-004/581208-omaha-004-056.JPG	https://s3.amazonaws.com/NARAprodstorage/lz/dc-metro/rg-024/581208/2020-03/581208-omaha-004/581208-omaha-004-056.JPG	 						135	145	2	30.2	65	63	63	60		oc	cum nim	0				
1873-05-11	22	-12.05	-77.17			a		https://s3.amazonaws.com/NARAprodstorage/lz/dc-metro/rg-024/581208/2020-03/581208-omaha-004/581208-omaha-004-056.JPG	https://s3.amazonaws.com/NARAprodstorage/lz/dc-metro/rg-024/581208/2020-03/581208-omaha-004/581208-omaha-004-056.JPG	 						135	145	2	30.2	65	63	63	60		oc	cum nim	0				
1873-05-11	23	-12.05	-77.17			a		https://s3.amazonaws.com/NARAprodstorage/lz/dc-metro/rg-024/581208/2020-03/581208-omaha-004/581208-omaha-004-056.JPG	https://s3.amazonaws.com/NARAprodstorage/lz/dc-metro/rg-024/581208/2020-03/581208-omaha-004/581208-omaha-004-056.JPG	 						135	145	2	30.2	65	63	63	60		oc	cum nim	0				
1873-05-11	24	-12.05	-77.17			a		https://s3.amazonaws.com/NARAprodstorage/lz/dc-metro/rg-024/581208/2020-03/581208-omaha-004/581208-omaha-004-056.JPG	https://s3.amazonaws.com/NARAprodstorage/lz/dc-metro/rg-024/581208/2020-03/581208-omaha-004/581208-omaha-004-056.JPG	 						135	145	2	30.25	65	63	63	60		oc	cum nim	0				
1873-05-12	1	-12.05	-77.17			a		https://s3.amazonaws.com/NARAprodstorage/lz/dc-metro/rg-024/581208/2020-03/581208-omaha-004/581208-omaha-004-057.JPG	https://s3.amazonaws.com/NARAprodstorage/lz/dc-metro/rg-024/581208/2020-03/581208-omaha-004/581208-omaha-004-057.JPG	 						135	145	2	30.2	65	64	63			ocm	nimb	0				
1873-05-12	2	-12.05	-77.17			a		https://s3.amazonaws.com/NARAprodstorage/lz/dc-metro/rg-024/581208/2020-03/581208-omaha-004/581208-omaha-004-057.JPG	https://s3.amazonaws.com/NARAprodstorage/lz/dc-metro/rg-024/581208/2020-03/581208-omaha-004/581208-omaha-004-057.JPG	 						135	145	2	30.2	65	64	63			ocm	nimb	0				
1873-05-12	3	-12.05	-77.17			a		https://s3.amazonaws.com/NARAprodstorage/lz/dc-metro/rg-024/581208/2020-03/581208-omaha-004/581208-omaha-004-057.JPG	https://s3.amazonaws.com/NARAprodstorage/lz/dc-metro/rg-024/581208/2020-03/581208-omaha-004/581208-omaha-004-057.JPG	 						135	145	2	30.2	64	63	62			ocm	nimb	0				
1873-05-12	4	-12.05	-77.17			a		https://s3.amazonaws.com/NARAprodstorage/lz/dc-metro/rg-024/581208/2020-03/581208-omaha-004/581208-omaha-004-057.JPG	https://s3.amazonaws.com/NARAprodstorage/lz/dc-metro/rg-024/581208/2020-03/581208-omaha-004/581208-omaha-004-057.JPG	 						135	145	2	30.2	64	63	62			ocm	nimb	0				
1873-05-12	5	-12.05	-77.17			a		https://s3.amazonaws.com/NARAprodstorage/lz/dc-metro/rg-024/581208/2020-03/581208-omaha-004/581208-omaha-004-057.JPG	https://s3.amazonaws.com/NARAprodstorage/lz/dc-metro/rg-024/581208/2020-03/581208-omaha-004/581208-omaha-004-057.JPG	 						135	145	2	30.2	64	63	62			oc	nimb	0				
1873-05-12	6	-12.05	-77.17			a		https://s3.amazonaws.com/NARAprodstorage/lz/dc-metro/rg-024/581208/2020-03/581208-omaha-004/581208-omaha-004-057.JPG	https://s3.amazonaws.com/NARAprodstorage/lz/dc-metro/rg-024/581208/2020-03/581208-omaha-004/581208-omaha-004-057.JPG	 						135	145	2	30.2	64	63	62			oc	nimb	0				
1873-05-12	7	-12.05	-77.17			a		https://s3.amazonaws.com/NARAprodstorage/lz/dc-metro/rg-024/581208/2020-03/581208-omaha-004/581208-omaha-004-057.JPG	https://s3.amazonaws.com/NARAprodstorage/lz/dc-metro/rg-024/581208/2020-03/581208-omaha-004/581208-omaha-004-057.JPG	 						135	145	2	30.2	64	63	62			oc	nimb	0				
1873-05-12	8	-12.05	-77.17			a		https://s3.amazonaws.com/NARAprodstorage/lz/dc-metro/rg-024/581208/2020-03/581208-omaha-004/581208-omaha-004-057.JPG	https://s3.amazonaws.com/NARAprodstorage/lz/dc-metro/rg-024/581208/2020-03/581208-omaha-004/581208-omaha-004-057.JPG	 						135	145	2	30.2	64	63	62			oc	nimb	0				
1873-05-12	9	-12.05	-77.17			a		https://s3.amazonaws.com/NARAprodstorage/lz/dc-metro/rg-024/581208/2020-03/581208-omaha-004/581208-omaha-004-057.JPG	https://s3.amazonaws.com/NARAprodstorage/lz/dc-metro/rg-024/581208/2020-03/581208-omaha-004/581208-omaha-004-057.JPG	 						169	179	2	30.24	66	63	62	60		oc	nimb	0				
1873-05-12	10	-12.05	-77.17			a		https://s3.amazonaws.com/NARAprodstorage/lz/dc-metro/rg-024/581208/2020-03/581208-omaha-004/581208-omaha-004-057.JPG	https://s3.amazonaws.com/NARAprodstorage/lz/dc-metro/rg-024/581208/2020-03/581208-omaha-004/581208-omaha-004-057.JPG	 						169	179	2	30.24	66	64	63	60		oc	nimb	0				
1873-05-12	11	-12.05	-77.17			a		https://s3.amazonaws.com/NARAprodstorage/lz/dc-metro/rg-024/581208/2020-03/581208-omaha-004/581208-omaha-004-057.JPG	https://s3.amazonaws.com/NARAprodstorage/lz/dc-metro/rg-024/581208/2020-03/581208-omaha-004/581208-omaha-004-057.JPG	 						169	179	2	30.24	67	65	64	60		oc	nimb	0				
1873-05-12	12	-12.05	-77.17			a		https://s3.amazonaws.com/NARAprodstorage/lz/dc-metro/rg-024/581208/2020-03/581208-omaha-004/581208-omaha-004-057.JPG	https://s3.amazonaws.com/NARAprodstorage/lz/dc-metro/rg-024/581208/2020-03/581208-omaha-004/581208-omaha-004-057.JPG	"Noon: Callao, Peru"						169	179	2	30.24	67	65	64	60		oc	nimb	0				
1873-05-12	13	-12.05	-77.17			a		https://s3.amazonaws.com/NARAprodstorage/lz/dc-metro/rg-024/581208/2020-03/581208-omaha-004/581208-omaha-004-057.JPG	https://s3.amazonaws.com/NARAprodstorage/lz/dc-metro/rg-024/581208/2020-03/581208-omaha-004/581208-omaha-004-057.JPG	 						135	145	2	30.22	66	66	64			bc	cir cum	2				
1873-05-12	14	-12.05	-77.17			a		https://s3.amazonaws.com/NARAprodstorage/lz/dc-metro/rg-024/581208/2020-03/581208-omaha-004/581208-omaha-004-057.JPG	https://s3.amazonaws.com/NARAprodstorage/lz/dc-metro/rg-024/581208/2020-03/581208-omaha-004/581208-omaha-004-057.JPG	 						135	145	2	30.22	66	66	64			bc	cir cum	6				
1873-05-12	15	-12.05	-77.17			a		https://s3.amazonaws.com/NARAprodstorage/lz/dc-metro/rg-024/581208/2020-03/581208-omaha-004/581208-omaha-004-057.JPG	https://s3.amazonaws.com/NARAprodstorage/lz/dc-metro/rg-024/581208/2020-03/581208-omaha-004/581208-omaha-004-057.JPG	 						135	145	2	30.2	66	68	65			bc	cir cum	8				
1873-05-12	16	-12.05	-77.17			a		https://s3.amazonaws.com/NARAprodstorage/lz/dc-metro/rg-024/581208/2020-03/581208-omaha-004/581208-omaha-004-057.JPG	https://s3.amazonaws.com/NARAprodstorage/lz/dc-metro/rg-024/581208/2020-03/581208-omaha-004/581208-omaha-004-057.JPG	 						135	145	2	30.2	66	66	64			bc	cir cum	6				
1873-05-12	17	-12.05	-77.17			a		https://s3.amazonaws.com/NARAprodstorage/lz/dc-metro/rg-024/581208/2020-03/581208-omaha-004/581208-omaha-004-057.JPG	https://s3.amazonaws.com/NARAprodstorage/lz/dc-metro/rg-024/581208/2020-03/581208-omaha-004/581208-omaha-004-057.JPG	 						158	168	5	30.26	66	66	64			bc	cir cum	2				
1873-05-12	18	-12.05	-77.17			a		https://s3.amazonaws.com/NARAprodstorage/lz/dc-metro/rg-024/581208/2020-03/581208-omaha-004/581208-omaha-004-057.JPG	https://s3.amazonaws.com/NARAprodstorage/lz/dc-metro/rg-024/581208/2020-03/581208-omaha-004/581208-omaha-004-057.JPG	 						158	168	5	30.26	66	65	63			oc	nimb	0				
1873-05-12	19	-12.05	-77.17			a		https://s3.amazonaws.com/NARAprodstorage/lz/dc-metro/rg-024/581208/2020-03/581208-omaha-004/581208-omaha-004-057.JPG	https://s3.amazonaws.com/NARAprodstorage/lz/dc-metro/rg-024/581208/2020-03/581208-omaha-004/581208-omaha-004-057.JPG	 						158	168	2	30.26	67	64	63			oc	nimb	0				
1873-05-12	20	-12.05	-77.17			a		https://s3.amazonaws.com/NARAprodstorage/lz/dc-metro/rg-024/581208/2020-03/581208-omaha-004/581208-omaha-004-057.JPG	https://s3.amazonaws.com/NARAprodstorage/lz/dc-metro/rg-024/581208/2020-03/581208-omaha-004/581208-omaha-004-057.JPG	 						158	168	2	30.26	67	64	63			oc	nimb	0				
1873-05-12	21	-12.05	-77.17			a		https://s3.amazonaws.com/NARAprodstorage/lz/dc-metro/rg-024/581208/2020-03/581208-omaha-004/581208-omaha-004-057.JPG	https://s3.amazonaws.com/NARAprodstorage/lz/dc-metro/rg-024/581208/2020-03/581208-omaha-004/581208-omaha-004-057.JPG	 						158	168	2	30.24	66	64	63			oc	nimb	0				
1873-05-12	22	-12.05	-77.17			a		https://s3.amazonaws.com/NARAprodstorage/lz/dc-metro/rg-024/581208/2020-03/581208-omaha-004/581208-omaha-004-057.JPG	https://s3.amazonaws.com/NARAprodstorage/lz/dc-metro/rg-024/581208/2020-03/581208-omaha-004/581208-omaha-004-057.JPG	 						158	168	2	30.24	66	64	63			oc	nimb	0				
1873-05-12	23	-12.05	-77.17			a		https://s3.amazonaws.com/NARAprodstorage/lz/dc-metro/rg-024/581208/2020-03/581208-omaha-004/581208-omaha-004-057.JPG	https://s3.amazonaws.com/NARAprodstorage/lz/dc-metro/rg-024/581208/2020-03/581208-omaha-004/581208-omaha-004-057.JPG	 						158	168	2	30.24	66	64	63			oc	nimb	0				
1873-05-12	24	-12.05	-77.17			a		https://s3.amazonaws.com/NARAprodstorage/lz/dc-metro/rg-024/581208/2020-03/581208-omaha-004/581208-omaha-004-057.JPG	https://s3.amazonaws.com/NARAprodstorage/lz/dc-metro/rg-024/581208/2020-03/581208-omaha-004/581208-omaha-004-057.JPG	 						158	168	2	30.24	66	64	63			oc	nimb	0				
1873-05-13	1	-12.05	-77.17			a		https://s3.amazonaws.com/NARAprodstorage/lz/dc-metro/rg-024/581208/2020-03/581208-omaha-004/581208-omaha-004-058.JPG	https://s3.amazonaws.com/NARAprodstorage/lz/dc-metro/rg-024/581208/2020-03/581208-omaha-004/581208-omaha-004-058.JPG	 						135	145	2	30.24	66	64	63			oc	cum nim	0				
1873-05-13	2	-12.05	-77.17			a		https://s3.amazonaws.com/NARAprodstorage/lz/dc-metro/rg-024/581208/2020-03/581208-omaha-004/581208-omaha-004-058.JPG	https://s3.amazonaws.com/NARAprodstorage/lz/dc-metro/rg-024/581208/2020-03/581208-omaha-004/581208-omaha-004-058.JPG	 						135	145	2	30.24	66	64	63			oc	cum nim	0				
1873-05-13	3	-12.05	-77.17			a		https://s3.amazonaws.com/NARAprodstorage/lz/dc-metro/rg-024/581208/2020-03/581208-omaha-004/581208-omaha-004-058.JPG	https://s3.amazonaws.com/NARAprodstorage/lz/dc-metro/rg-024/581208/2020-03/581208-omaha-004/581208-omaha-004-058.JPG	 						135	145	5	30.23	66	64	63			oc	cum nim	0				
1873-05-13	4	-12.05	-77.17			a		https://s3.amazonaws.com/NARAprodstorage/lz/dc-metro/rg-024/581208/2020-03/581208-omaha-004/581208-omaha-004-058.JPG	https://s3.amazonaws.com/NARAprodstorage/lz/dc-metro/rg-024/581208/2020-03/581208-omaha-004/581208-omaha-004-058.JPG	 						135	145	5	30.23	66	64	63			oc	cum nim	0				
1873-05-13	5	-12.05	-77.17			a		https://s3.amazonaws.com/NARAprodstorage/lz/dc-metro/rg-024/581208/2020-03/581208-omaha-004/581208-omaha-004-058.JPG	https://s3.amazonaws.com/NARAprodstorage/lz/dc-metro/rg-024/581208/2020-03/581208-omaha-004/581208-omaha-004-058.JPG	 						135	145	2	30.22	66	64	63			oc	cum nim	0				
1873-05-13	6	-12.05	-77.17			a		https://s3.amazonaws.com/NARAprodstorage/lz/dc-metro/rg-024/581208/2020-03/581208-omaha-004/581208-omaha-004-058.JPG	https://s3.amazonaws.com/NARAprodstorage/lz/dc-metro/rg-024/581208/2020-03/581208-omaha-004/581208-omaha-004-058.JPG	 						135	145	5	30.22	66	64	63			oc	cum nim	0				
1873-05-13	7	-12.05	-77.17			a		https://s3.amazonaws.com/NARAprodstorage/lz/dc-metro/rg-024/581208/2020-03/581208-omaha-004/581208-omaha-004-058.JPG	https://s3.amazonaws.com/NARAprodstorage/lz/dc-metro/rg-024/581208/2020-03/581208-omaha-004/581208-omaha-004-058.JPG	 						135	145	5	30.22	66	64	63			oc	cum nim	0				
1873-05-13	8	-12.05	-77.17			a		https://s3.amazonaws.com/NARAprodstorage/lz/dc-metro/rg-024/581208/2020-03/581208-omaha-004/581208-omaha-004-058.JPG	https://s3.amazonaws.com/NARAprodstorage/lz/dc-metro/rg-024/581208/2020-03/581208-omaha-004/581208-omaha-004-058.JPG	 						135	145	8	30.22	66	64	63			bc	cum nim	0				
1873-05-13	9	-12.05	-77.17			a		https://s3.amazonaws.com/NARAprodstorage/lz/dc-metro/rg-024/581208/2020-03/581208-omaha-004/581208-omaha-004-058.JPG	https://s3.amazonaws.com/NARAprodstorage/lz/dc-metro/rg-024/581208/2020-03/581208-omaha-004/581208-omaha-004-058.JPG	 						135	145	5	30.22	67	66	64			bc	nim cum	2				
1873-05-13	10	-12.05	-77.17			a		https://s3.amazonaws.com/NARAprodstorage/lz/dc-metro/rg-024/581208/2020-03/581208-omaha-004/581208-omaha-004-058.JPG	https://s3.amazonaws.com/NARAprodstorage/lz/dc-metro/rg-024/581208/2020-03/581208-omaha-004/581208-omaha-004-058.JPG	 						135	145	5	30.22	67	66	64			bc	nim cum	6				
1873-05-13	11	-12.05	-77.17			a		https://s3.amazonaws.com/NARAprodstorage/lz/dc-metro/rg-024/581208/2020-03/581208-omaha-004/581208-omaha-004-058.JPG	https://s3.amazonaws.com/NARAprodstorage/lz/dc-metro/rg-024/581208/2020-03/581208-omaha-004/581208-omaha-004-058.JPG	 						135	145	5	30.22	67	67	65			bc	nim cum	8				
1873-05-13	12	-12.05	-77.17			a		https://s3.amazonaws.com/NARAprodstorage/lz/dc-metro/rg-024/581208/2020-03/581208-omaha-004/581208-omaha-004-058.JPG	https://s3.amazonaws.com/NARAprodstorage/lz/dc-metro/rg-024/581208/2020-03/581208-omaha-004/581208-omaha-004-058.JPG	"Noon: Callao, Peru"						135	145	5	30.22	67	67	65			bc	nim cum	8				
1873-05-13	13	-12.05	-77.17			a		https://s3.amazonaws.com/NARAprodstorage/lz/dc-metro/rg-024/581208/2020-03/581208-omaha-004/581208-omaha-004-058.JPG	https://s3.amazonaws.com/NARAprodstorage/lz/dc-metro/rg-024/581208/2020-03/581208-omaha-004/581208-omaha-004-058.JPG	 						135	145	5	30.2	69	66	65			bc	cirro cum strat	7				
1873-05-13	14	-12.05	-77.17			a		https://s3.amazonaws.com/NARAprodstorage/lz/dc-metro/rg-024/581208/2020-03/581208-omaha-004/581208-omaha-004-058.JPG	https://s3.amazonaws.com/NARAprodstorage/lz/dc-metro/rg-024/581208/2020-03/581208-omaha-004/581208-omaha-004-058.JPG	 						135	145	5	30.2	69	66	65			bc	cirro cum strat	6				
1873-05-13	15	-12.05	-77.17			a		https://s3.amazonaws.com/NARAprodstorage/lz/dc-metro/rg-024/581208/2020-03/581208-omaha-004/581208-omaha-004-058.JPG	https://s3.amazonaws.com/NARAprodstorage/lz/dc-metro/rg-024/581208/2020-03/581208-omaha-004/581208-omaha-004-058.JPG	 						135	145	5	30.2	69	66	65			bc	cirro cum strat	6				
1873-05-13	16	-12.05	-77.17			a		https://s3.amazonaws.com/NARAprodstorage/lz/dc-metro/rg-024/581208/2020-03/581208-omaha-004/581208-omaha-004-058.JPG	https://s3.amazonaws.com/NARAprodstorage/lz/dc-metro/rg-024/581208/2020-03/581208-omaha-004/581208-omaha-004-058.JPG	 						135	145	5	30.2	69	66	65			bc	cirro cum strat	5				
1873-05-13	17	-12.05	-77.17			a		https://s3.amazonaws.com/NARAprodstorage/lz/dc-metro/rg-024/581208/2020-03/581208-omaha-004/581208-omaha-004-058.JPG	https://s3.amazonaws.com/NARAprodstorage/lz/dc-metro/rg-024/581208/2020-03/581208-omaha-004/581208-omaha-004-058.JPG	 						135	145	2	30.2	68	65	64			bc	cirro cum	8				
1873-05-13	18	-12.05	-77.17			a		https://s3.amazonaws.com/NARAprodstorage/lz/dc-metro/rg-024/581208/2020-03/581208-omaha-004/581208-omaha-004-058.JPG	https://s3.amazonaws.com/NARAprodstorage/lz/dc-metro/rg-024/581208/2020-03/581208-omaha-004/581208-omaha-004-058.JPG	 						135	145	2	30.2	68	65	64			bc	cirro cum	8				
1873-05-13	19	-12.05	-77.17			a		https://s3.amazonaws.com/NARAprodstorage/lz/dc-metro/rg-024/581208/2020-03/581208-omaha-004/581208-omaha-004-058.JPG	https://s3.amazonaws.com/NARAprodstorage/lz/dc-metro/rg-024/581208/2020-03/581208-omaha-004/581208-omaha-004-058.JPG	 						135	145	2	30.2	68	64	63			bc	cirro cum	8				
1873-05-13	20	-12.05	-77.17			a		https://s3.amazonaws.com/NARAprodstorage/lz/dc-metro/rg-024/581208/2020-03/581208-omaha-004/581208-omaha-004-058.JPG	https://s3.amazonaws.com/NARAprodstorage/lz/dc-metro/rg-024/581208/2020-03/581208-omaha-004/581208-omaha-004-058.JPG	 						135	145	2	30.2	68	64	63			bc	cirro cum	6				
1873-05-13	21	-12.05	-77.17			a		https://s3.amazonaws.com/NARAprodstorage/lz/dc-metro/rg-024/581208/2020-03/581208-omaha-004/581208-omaha-004-058.JPG	https://s3.amazonaws.com/NARAprodstorage/lz/dc-metro/rg-024/581208/2020-03/581208-omaha-004/581208-omaha-004-058.JPG	 						135	145	2	30.22	66	64	63			bc	cirro cum	3				
1873-05-13	22	-12.05	-77.17			a		https://s3.amazonaws.com/NARAprodstorage/lz/dc-metro/rg-024/581208/2020-03/581208-omaha-004/581208-omaha-004-058.JPG	https://s3.amazonaws.com/NARAprodstorage/lz/dc-metro/rg-024/581208/2020-03/581208-omaha-004/581208-omaha-004-058.JPG	 						135	145	2	30.22	66	64	63			bc	cirro cum	3				
1873-05-13	23	-12.05	-77.17			a		https://s3.amazonaws.com/NARAprodstorage/lz/dc-metro/rg-024/581208/2020-03/581208-omaha-004/581208-omaha-004-058.JPG	https://s3.amazonaws.com/NARAprodstorage/lz/dc-metro/rg-024/581208/2020-03/581208-omaha-004/581208-omaha-004-058.JPG	 						135	145	2	30.22	66	64	63			oc	cum nim	0				
1873-05-13	24	-12.05	-77.17			a		https://s3.amazonaws.com/NARAprodstorage/lz/dc-metro/rg-024/581208/2020-03/581208-omaha-004/581208-omaha-004-058.JPG	https://s3.amazonaws.com/NARAprodstorage/lz/dc-metro/rg-024/581208/2020-03/581208-omaha-004/581208-omaha-004-058.JPG	 						135	145	2	30.22	66	64	63			oc	cum nim	0				
1873-05-14	1	-12.05	-77.17			a		https://s3.amazonaws.com/NARAprodstorage/lz/dc-metro/rg-024/581208/2020-03/581208-omaha-004/581208-omaha-004-059.JPG	https://s3.amazonaws.com/NARAprodstorage/lz/dc-metro/rg-024/581208/2020-03/581208-omaha-004/581208-omaha-004-059.JPG	 						135	145	2	30.22	66	64	64			bcm	nimb	4				
1873-05-14	2	-12.05	-77.17			a		https://s3.amazonaws.com/NARAprodstorage/lz/dc-metro/rg-024/581208/2020-03/581208-omaha-004/581208-omaha-004-059.JPG	https://s3.amazonaws.com/NARAprodstorage/lz/dc-metro/rg-024/581208/2020-03/581208-omaha-004/581208-omaha-004-059.JPG	 						135	145	2	30.22	66	64	64			bcm	nimb	4				
1873-05-14	3	-12.05	-77.17			a		https://s3.amazonaws.com/NARAprodstorage/lz/dc-metro/rg-024/581208/2020-03/581208-omaha-004/581208-omaha-004-059.JPG	https://s3.amazonaws.com/NARAprodstorage/lz/dc-metro/rg-024/581208/2020-03/581208-omaha-004/581208-omaha-004-059.JPG	 						135	145	2	30.22	66	64	64			bcm	nimb	4				
1873-05-14	4	-12.05	-77.17			a		https://s3.amazonaws.com/NARAprodstorage/lz/dc-metro/rg-024/581208/2020-03/581208-omaha-004/581208-omaha-004-059.JPG	https://s3.amazonaws.com/NARAprodstorage/lz/dc-metro/rg-024/581208/2020-03/581208-omaha-004/581208-omaha-004-059.JPG	 						135	145	2	30.22	66	64	64			bcm	nimb	4				
1873-05-14	5	-12.05	-77.17			a		https://s3.amazonaws.com/NARAprodstorage/lz/dc-metro/rg-024/581208/2020-03/581208-omaha-004/581208-omaha-004-059.JPG	https://s3.amazonaws.com/NARAprodstorage/lz/dc-metro/rg-024/581208/2020-03/581208-omaha-004/581208-omaha-004-059.JPG	 						135	145	2	30.22	66	63	62			ocm	nimb	0				
1873-05-14	6	-12.05	-77.17			a		https://s3.amazonaws.com/NARAprodstorage/lz/dc-metro/rg-024/581208/2020-03/581208-omaha-004/581208-omaha-004-059.JPG	https://s3.amazonaws.com/NARAprodstorage/lz/dc-metro/rg-024/581208/2020-03/581208-omaha-004/581208-omaha-004-059.JPG	 						135	145	2	30.22	66	63	62			ocm	nimb	0				
1873-05-14	7	-12.05	-77.17			a		https://s3.amazonaws.com/NARAprodstorage/lz/dc-metro/rg-024/581208/2020-03/581208-omaha-004/581208-omaha-004-059.JPG	https://s3.amazonaws.com/NARAprodstorage/lz/dc-metro/rg-024/581208/2020-03/581208-omaha-004/581208-omaha-004-059.JPG	 						135	145	2	30.22	66	63	62			ocm	nimb	0				
1873-05-14	8	-12.05	-77.17			a		https://s3.amazonaws.com/NARAprodstorage/lz/dc-metro/rg-024/581208/2020-03/581208-omaha-004/581208-omaha-004-059.JPG	https://s3.amazonaws.com/NARAprodstorage/lz/dc-metro/rg-024/581208/2020-03/581208-omaha-004/581208-omaha-004-059.JPG	 						135	145	2	30.22	66	63	62			ocm	nimb	0				
1873-05-14	9	-12.05	-77.17			a		https://s3.amazonaws.com/NARAprodstorage/lz/dc-metro/rg-024/581208/2020-03/581208-omaha-004/581208-omaha-004-059.JPG	https://s3.amazonaws.com/NARAprodstorage/lz/dc-metro/rg-024/581208/2020-03/581208-omaha-004/581208-omaha-004-059.JPG	 						135	145	2	30.23	68	65	64			ocm	nimb	0				
1873-05-14	10	-12.05	-77.17			a		https://s3.amazonaws.com/NARAprodstorage/lz/dc-metro/rg-024/581208/2020-03/581208-omaha-004/581208-omaha-004-059.JPG	https://s3.amazonaws.com/NARAprodstorage/lz/dc-metro/rg-024/581208/2020-03/581208-omaha-004/581208-omaha-004-059.JPG	 						135	145	2	30.23	68	65	64			ocm	nimb	0				
1873-05-14	11	-12.05	-77.17			a		https://s3.amazonaws.com/NARAprodstorage/lz/dc-metro/rg-024/581208/2020-03/581208-omaha-004/581208-omaha-004-059.JPG	https://s3.amazonaws.com/NARAprodstorage/lz/dc-metro/rg-024/581208/2020-03/581208-omaha-004/581208-omaha-004-059.JPG	 						0	0	0	30.23	68	65	64			ocm	nimb	0				
1873-05-14	12	-12.05	-77.17			a		https://s3.amazonaws.com/NARAprodstorage/lz/dc-metro/rg-024/581208/2020-03/581208-omaha-004/581208-omaha-004-059.JPG	https://s3.amazonaws.com/NARAprodstorage/lz/dc-metro/rg-024/581208/2020-03/581208-omaha-004/581208-omaha-004-059.JPG	"Noon: Callao, Peru"						0	0	0	30.23	68	65	64			ocm	nimb	0				
1873-05-14	13	-12.05	-77.17			a		https://s3.amazonaws.com/NARAprodstorage/lz/dc-metro/rg-024/581208/2020-03/581208-omaha-004/581208-omaha-004-059.JPG	https://s3.amazonaws.com/NARAprodstorage/lz/dc-metro/rg-024/581208/2020-03/581208-omaha-004/581208-omaha-004-059.JPG	 						135	145	2	30.24	70	68	66			bcm	cum nim	4				
1873-05-14	14	-12.05	-77.17			a		https://s3.amazonaws.com/NARAprodstorage/lz/dc-metro/rg-024/581208/2020-03/581208-omaha-004/581208-omaha-004-059.JPG	https://s3.amazonaws.com/NARAprodstorage/lz/dc-metro/rg-024/581208/2020-03/581208-omaha-004/581208-omaha-004-059.JPG	 						135	145	2	30.24	70	68	66			bcm	cum nim	4				
1873-05-14	15	-12.05	-77.17			a		https://s3.amazonaws.com/NARAprodstorage/lz/dc-metro/rg-024/581208/2020-03/581208-omaha-004/581208-omaha-004-059.JPG	https://s3.amazonaws.com/NARAprodstorage/lz/dc-metro/rg-024/581208/2020-03/581208-omaha-004/581208-omaha-004-059.JPG	 						135	145	2	30.24	70	68	66			bcm	cum nim	4				
1873-05-14	16	-12.05	-77.17			a		https://s3.amazonaws.com/NARAprodstorage/lz/dc-metro/rg-024/581208/2020-03/581208-omaha-004/581208-omaha-004-059.JPG	https://s3.amazonaws.com/NARAprodstorage/lz/dc-metro/rg-024/581208/2020-03/581208-omaha-004/581208-omaha-004-059.JPG	 						135	145	2	30.24	70	68	66			bcm	cum nim	4				
1873-05-14	17	-12.05	-77.17			a		https://s3.amazonaws.com/NARAprodstorage/lz/dc-metro/rg-024/581208/2020-03/581208-omaha-004/581208-omaha-004-059.JPG	https://s3.amazonaws.com/NARAprodstorage/lz/dc-metro/rg-024/581208/2020-03/581208-omaha-004/581208-omaha-004-059.JPG	 						0	0	0	30.2	67	65	64			bc	cum nim	6				
1873-05-14	18	-12.05	-77.17			a		https://s3.amazonaws.com/NARAprodstorage/lz/dc-metro/rg-024/581208/2020-03/581208-omaha-004/581208-omaha-004-059.JPG	https://s3.amazonaws.com/NARAprodstorage/lz/dc-metro/rg-024/581208/2020-03/581208-omaha-004/581208-omaha-004-059.JPG	 						135	145	2	30.18	67	65	64			bc	cum nim	4				
1873-05-14	19	-12.05	-77.17			a		https://s3.amazonaws.com/NARAprodstorage/lz/dc-metro/rg-024/581208/2020-03/581208-omaha-004/581208-omaha-004-059.JPG	https://s3.amazonaws.com/NARAprodstorage/lz/dc-metro/rg-024/581208/2020-03/581208-omaha-004/581208-omaha-004-059.JPG	 						135	145	2	30.16	67	65	64			oc	cum nim	0				
1873-05-14	20	-12.05	-77.17			a		https://s3.amazonaws.com/NARAprodstorage/lz/dc-metro/rg-024/581208/2020-03/581208-omaha-004/581208-omaha-004-059.JPG	https://s3.amazonaws.com/NARAprodstorage/lz/dc-metro/rg-024/581208/2020-03/581208-omaha-004/581208-omaha-004-059.JPG	 						135	145	2	30.16	67	65	64			oc	cum nim	0				
1873-05-14	21	-12.05	-77.17			a		https://s3.amazonaws.com/NARAprodstorage/lz/dc-metro/rg-024/581208/2020-03/581208-omaha-004/581208-omaha-004-059.JPG	https://s3.amazonaws.com/NARAprodstorage/lz/dc-metro/rg-024/581208/2020-03/581208-omaha-004/581208-omaha-004-059.JPG	 						180	190	2	30.15	66	64	63			bcm	cum nim	5				
1873-05-14	22	-12.05	-77.17			a		https://s3.amazonaws.com/NARAprodstorage/lz/dc-metro/rg-024/581208/2020-03/581208-omaha-004/581208-omaha-004-059.JPG	https://s3.amazonaws.com/NARAprodstorage/lz/dc-metro/rg-024/581208/2020-03/581208-omaha-004/581208-omaha-004-059.JPG	 						180	190	2	30.15	66	64	63			bcm	cum nim	5				
1873-05-14	23	-12.05	-77.17			a		https://s3.amazonaws.com/NARAprodstorage/lz/dc-metro/rg-024/581208/2020-03/581208-omaha-004/581208-omaha-004-059.JPG	https://s3.amazonaws.com/NARAprodstorage/lz/dc-metro/rg-024/581208/2020-03/581208-omaha-004/581208-omaha-004-059.JPG	 						180	190	5	30.14	65	64	62			bc	cum nim	5				
1873-05-14	24	-12.05	-77.17			a		https://s3.amazonaws.com/NARAprodstorage/lz/dc-metro/rg-024/581208/2020-03/581208-omaha-004/581208-omaha-004-059.JPG	https://s3.amazonaws.com/NARAprodstorage/lz/dc-metro/rg-024/581208/2020-03/581208-omaha-004/581208-omaha-004-059.JPG	 						180	190	5	30.14	65	64	62			bc	cum nim	5				
1873-05-15	1	-12.05	-77.17			a		https://s3.amazonaws.com/NARAprodstorage/lz/dc-metro/rg-024/581208/2020-03/581208-omaha-004/581208-omaha-004-060.JPG	https://s3.amazonaws.com/NARAprodstorage/lz/dc-metro/rg-024/581208/2020-03/581208-omaha-004/581208-omaha-004-060.JPG	 						0	0	0	30.15	66	64	63	60		oc	nimb	0				
1873-05-15	2	-12.05	-77.17			a		https://s3.amazonaws.com/NARAprodstorage/lz/dc-metro/rg-024/581208/2020-03/581208-omaha-004/581208-omaha-004-060.JPG	https://s3.amazonaws.com/NARAprodstorage/lz/dc-metro/rg-024/581208/2020-03/581208-omaha-004/581208-omaha-004-060.JPG	 						0	0	0	30.15	66	64	63	60		oc	nimb	0				
1873-05-15	3	-12.05	-77.17			a		https://s3.amazonaws.com/NARAprodstorage/lz/dc-metro/rg-024/581208/2020-03/581208-omaha-004/581208-omaha-004-060.JPG	https://s3.amazonaws.com/NARAprodstorage/lz/dc-metro/rg-024/581208/2020-03/581208-omaha-004/581208-omaha-004-060.JPG	 						0	0	0	30.15	66	64	63	60		oc	nimb	0				
1873-05-15	4	-12.05	-77.17			a		https://s3.amazonaws.com/NARAprodstorage/lz/dc-metro/rg-024/581208/2020-03/581208-omaha-004/581208-omaha-004-060.JPG	https://s3.amazonaws.com/NARAprodstorage/lz/dc-metro/rg-024/581208/2020-03/581208-omaha-004/581208-omaha-004-060.JPG	 						0	0	0	30.15	66	64	63	60		oc	nimb	0				
1873-05-15	5	-12.05	-77.17			a		https://s3.amazonaws.com/NARAprodstorage/lz/dc-metro/rg-024/581208/2020-03/581208-omaha-004/581208-omaha-004-060.JPG	https://s3.amazonaws.com/NARAprodstorage/lz/dc-metro/rg-024/581208/2020-03/581208-omaha-004/581208-omaha-004-060.JPG	 						0	0	0	30.15	66	64	63			ocm	nimb	0				
1873-05-15	6	-12.05	-77.17			a		https://s3.amazonaws.com/NARAprodstorage/lz/dc-metro/rg-024/581208/2020-03/581208-omaha-004/581208-omaha-004-060.JPG	https://s3.amazonaws.com/NARAprodstorage/lz/dc-metro/rg-024/581208/2020-03/581208-omaha-004/581208-omaha-004-060.JPG	 						315	325	2	30.14	66	64	63			ocm	nimb	0				
1873-05-15	7	-12.05	-77.17			a		https://s3.amazonaws.com/NARAprodstorage/lz/dc-metro/rg-024/581208/2020-03/581208-omaha-004/581208-omaha-004-060.JPG	https://s3.amazonaws.com/NARAprodstorage/lz/dc-metro/rg-024/581208/2020-03/581208-omaha-004/581208-omaha-004-060.JPG	 						315	325	2	30.13	66	64	63			ocm	nimb	0				
1873-05-15	8	-12.05	-77.17			a		https://s3.amazonaws.com/NARAprodstorage/lz/dc-metro/rg-024/581208/2020-03/581208-omaha-004/581208-omaha-004-060.JPG	https://s3.amazonaws.com/NARAprodstorage/lz/dc-metro/rg-024/581208/2020-03/581208-omaha-004/581208-omaha-004-060.JPG	 						315	325	2	30.13	66	64	63			ocm	nimb	0				
1873-05-15	9	-12.05	-77.17			a		https://s3.amazonaws.com/NARAprodstorage/lz/dc-metro/rg-024/581208/2020-03/581208-omaha-004/581208-omaha-004-060.JPG	https://s3.amazonaws.com/NARAprodstorage/lz/dc-metro/rg-024/581208/2020-03/581208-omaha-004/581208-omaha-004-060.JPG	 						315	325	2	30.12	65	64	62			ocm	nimb	0				
1873-05-15	10	-12.05	-77.17			a		https://s3.amazonaws.com/NARAprodstorage/lz/dc-metro/rg-024/581208/2020-03/581208-omaha-004/581208-omaha-004-060.JPG	https://s3.amazonaws.com/NARAprodstorage/lz/dc-metro/rg-024/581208/2020-03/581208-omaha-004/581208-omaha-004-060.JPG	 						888	888	2	30.12	65	64	62			ocm	nimb	0				
1873-05-15	11	-12.05	-77.17			a		https://s3.amazonaws.com/NARAprodstorage/lz/dc-metro/rg-024/581208/2020-03/581208-omaha-004/581208-omaha-004-060.JPG	https://s3.amazonaws.com/NARAprodstorage/lz/dc-metro/rg-024/581208/2020-03/581208-omaha-004/581208-omaha-004-060.JPG	 						180	190	2	30.11	66	64	63			ocm	cum nim	0				
1873-05-15	12	-12.05	-77.17			a		https://s3.amazonaws.com/NARAprodstorage/lz/dc-metro/rg-024/581208/2020-03/581208-omaha-004/581208-omaha-004-060.JPG	https://s3.amazonaws.com/NARAprodstorage/lz/dc-metro/rg-024/581208/2020-03/581208-omaha-004/581208-omaha-004-060.JPG	"Noon: Callao, Peru"						180	190	2	30.11	66	64	63			ocm	cum nim	0				
1873-05-15	13	-12.05	-77.17			a		https://s3.amazonaws.com/NARAprodstorage/lz/dc-metro/rg-024/581208/2020-03/581208-omaha-004/581208-omaha-004-060.JPG	https://s3.amazonaws.com/NARAprodstorage/lz/dc-metro/rg-024/581208/2020-03/581208-omaha-004/581208-omaha-004-060.JPG	 						180	190	8	30.12	67	65	63	60		oc	nimb	0				
1873-05-15	14	-12.05	-77.17			a		https://s3.amazonaws.com/NARAprodstorage/lz/dc-metro/rg-024/581208/2020-03/581208-omaha-004/581208-omaha-004-060.JPG	https://s3.amazonaws.com/NARAprodstorage/lz/dc-metro/rg-024/581208/2020-03/581208-omaha-004/581208-omaha-004-060.JPG	 						180	190	8	30.12	67	65	63	60		oc	nimb	0				
1873-05-15	15	-12.05	-77.17			a		https://s3.amazonaws.com/NARAprodstorage/lz/dc-metro/rg-024/581208/2020-03/581208-omaha-004/581208-omaha-004-060.JPG	https://s3.amazonaws.com/NARAprodstorage/lz/dc-metro/rg-024/581208/2020-03/581208-omaha-004/581208-omaha-004-060.JPG	 						180	190	8	30.12	67	64	63	60		oc	nimb	0				
1873-05-15	16	-12.05	-77.17			a		https://s3.amazonaws.com/NARAprodstorage/lz/dc-metro/rg-024/581208/2020-03/581208-omaha-004/581208-omaha-004-060.JPG	https://s3.amazonaws.com/NARAprodstorage/lz/dc-metro/rg-024/581208/2020-03/581208-omaha-004/581208-omaha-004-060.JPG	 						180	190	8	30.12	67	64	63	60		oc	nimb	0				
1873-05-15	17	-12.05	-77.17			a		https://s3.amazonaws.com/NARAprodstorage/lz/dc-metro/rg-024/581208/2020-03/581208-omaha-004/581208-omaha-004-060.JPG	https://s3.amazonaws.com/NARAprodstorage/lz/dc-metro/rg-024/581208/2020-03/581208-omaha-004/581208-omaha-004-060.JPG	 						180	190	8	30.12	67	64	63	60		oc	nimb	0				
1873-05-15	18	-12.05	-77.17			a		https://s3.amazonaws.com/NARAprodstorage/lz/dc-metro/rg-024/581208/2020-03/581208-omaha-004/581208-omaha-004-060.JPG	https://s3.amazonaws.com/NARAprodstorage/lz/dc-metro/rg-024/581208/2020-03/581208-omaha-004/581208-omaha-004-060.JPG	 						180	190	8	30.12	67	64	63	60		oc	nimb	0				
1873-05-15	19	-12.05	-77.17			a		https://s3.amazonaws.com/NARAprodstorage/lz/dc-metro/rg-024/581208/2020-03/581208-omaha-004/581208-omaha-004-060.JPG	https://s3.amazonaws.com/NARAprodstorage/lz/dc-metro/rg-024/581208/2020-03/581208-omaha-004/581208-omaha-004-060.JPG	 						180	190	8	30.12	67	64	63	60		oc	nimb	0				
1873-05-15	20	-12.05	-77.17			a		https://s3.amazonaws.com/NARAprodstorage/lz/dc-metro/rg-024/581208/2020-03/581208-omaha-004/581208-omaha-004-060.JPG	https://s3.amazonaws.com/NARAprodstorage/lz/dc-metro/rg-024/581208/2020-03/581208-omaha-004/581208-omaha-004-060.JPG	 						180	190	8	30.12	67	64	63	60		oc	nimb	0				
1873-05-15	21	-12.05	-77.17			a		https://s3.amazonaws.com/NARAprodstorage/lz/dc-metro/rg-024/581208/2020-03/581208-omaha-004/581208-omaha-004-060.JPG	https://s3.amazonaws.com/NARAprodstorage/lz/dc-metro/rg-024/581208/2020-03/581208-omaha-004/581208-omaha-004-060.JPG	 						158	168	2	30.14	67	64	63	60		oc	nimb	0				
1873-05-15	22	-12.05	-77.17			a		https://s3.amazonaws.com/NARAprodstorage/lz/dc-metro/rg-024/581208/2020-03/581208-omaha-004/581208-omaha-004-060.JPG	https://s3.amazonaws.com/NARAprodstorage/lz/dc-metro/rg-024/581208/2020-03/581208-omaha-004/581208-omaha-004-060.JPG	 						158	168	2	30.14	67	64	63	60		oc	nimb	0				
1873-05-15	23	-12.05	-77.17			a		https://s3.amazonaws.com/NARAprodstorage/lz/dc-metro/rg-024/581208/2020-03/581208-omaha-004/581208-omaha-004-060.JPG	https://s3.amazonaws.com/NARAprodstorage/lz/dc-metro/rg-024/581208/2020-03/581208-omaha-004/581208-omaha-004-060.JPG	 						0	0	0	30.14	67	64	63	60		oc	nimb	0				
1873-05-15	24	-12.05	-77.17			a		https://s3.amazonaws.com/NARAprodstorage/lz/dc-metro/rg-024/581208/2020-03/581208-omaha-004/581208-omaha-004-060.JPG	https://s3.amazonaws.com/NARAprodstorage/lz/dc-metro/rg-024/581208/2020-03/581208-omaha-004/581208-omaha-004-060.JPG	 						0	0	0	30.14	67	64	63	60		oc	nimb	0				
1873-05-16	1	-12.05	-77.17			a		https://s3.amazonaws.com/NARAprodstorage/lz/dc-metro/rg-024/581208/2020-03/581208-omaha-004/581208-omaha-004-061.JPG	https://s3.amazonaws.com/NARAprodstorage/lz/dc-metro/rg-024/581208/2020-03/581208-omaha-004/581208-omaha-004-061.JPG	 						180	190	2	30.16	65	63	62			ocm	nimb	0				
1873-05-16	2	-12.05	-77.17			a		https://s3.amazonaws.com/NARAprodstorage/lz/dc-metro/rg-024/581208/2020-03/581208-omaha-004/581208-omaha-004-061.JPG	https://s3.amazonaws.com/NARAprodstorage/lz/dc-metro/rg-024/581208/2020-03/581208-omaha-004/581208-omaha-004-061.JPG	 						180	190	2	30.16	65	63	62			ocm	nimb	0				
1873-05-16	3	-12.05	-77.17			a		https://s3.amazonaws.com/NARAprodstorage/lz/dc-metro/rg-024/581208/2020-03/581208-omaha-004/581208-omaha-004-061.JPG	https://s3.amazonaws.com/NARAprodstorage/lz/dc-metro/rg-024/581208/2020-03/581208-omaha-004/581208-omaha-004-061.JPG	 						180	190	2	30.16	65	63	62			ocm	nimb	0				
1873-05-16	4	-12.05	-77.17			a		https://s3.amazonaws.com/NARAprodstorage/lz/dc-metro/rg-024/581208/2020-03/581208-omaha-004/581208-omaha-004-061.JPG	https://s3.amazonaws.com/NARAprodstorage/lz/dc-metro/rg-024/581208/2020-03/581208-omaha-004/581208-omaha-004-061.JPG	 						180	190	2	30.16	65	63	62			ocm	nimb	0				
1873-05-16	5	-12.05	-77.17			a		https://s3.amazonaws.com/NARAprodstorage/lz/dc-metro/rg-024/581208/2020-03/581208-omaha-004/581208-omaha-004-061.JPG	https://s3.amazonaws.com/NARAprodstorage/lz/dc-metro/rg-024/581208/2020-03/581208-omaha-004/581208-omaha-004-061.JPG	 						0	0	0	30.14	65	63	62			ocm	nimb	0				
1873-05-16	6	-12.05	-77.17			a		https://s3.amazonaws.com/NARAprodstorage/lz/dc-metro/rg-024/581208/2020-03/581208-omaha-004/581208-omaha-004-061.JPG	https://s3.amazonaws.com/NARAprodstorage/lz/dc-metro/rg-024/581208/2020-03/581208-omaha-004/581208-omaha-004-061.JPG	 						0	0	0	30.14	65	63	62			ocm	nimb	0				
1873-05-16	7	-12.05	-77.17			a		https://s3.amazonaws.com/NARAprodstorage/lz/dc-metro/rg-024/581208/2020-03/581208-omaha-004/581208-omaha-004-061.JPG	https://s3.amazonaws.com/NARAprodstorage/lz/dc-metro/rg-024/581208/2020-03/581208-omaha-004/581208-omaha-004-061.JPG	 						0	0	0	30.14	65	63	62			ocm	nimb	0				
1873-05-16	8	-12.05	-77.17			a		https://s3.amazonaws.com/NARAprodstorage/lz/dc-metro/rg-024/581208/2020-03/581208-omaha-004/581208-omaha-004-061.JPG	https://s3.amazonaws.com/NARAprodstorage/lz/dc-metro/rg-024/581208/2020-03/581208-omaha-004/581208-omaha-004-061.JPG	 						0	0	0	30.14	65	63	62			ocm	nimb	0				
1873-05-16	9	-12.05	-77.17			a		https://s3.amazonaws.com/NARAprodstorage/lz/dc-metro/rg-024/581208/2020-03/581208-omaha-004/581208-omaha-004-061.JPG	https://s3.amazonaws.com/NARAprodstorage/lz/dc-metro/rg-024/581208/2020-03/581208-omaha-004/581208-omaha-004-061.JPG	 						0	0	0	30.14	65	63	62	60		bc	nimb	0				
1873-05-16	10	-12.05	-77.17			a		https://s3.amazonaws.com/NARAprodstorage/lz/dc-metro/rg-024/581208/2020-03/581208-omaha-004/581208-omaha-004-061.JPG	https://s3.amazonaws.com/NARAprodstorage/lz/dc-metro/rg-024/581208/2020-03/581208-omaha-004/581208-omaha-004-061.JPG	 						0	0	0	30.18	66	65	63	60		bc	nimb	0				
1873-05-16	11	-12.05	-77.17			a		https://s3.amazonaws.com/NARAprodstorage/lz/dc-metro/rg-024/581208/2020-03/581208-omaha-004/581208-omaha-004-061.JPG	https://s3.amazonaws.com/NARAprodstorage/lz/dc-metro/rg-024/581208/2020-03/581208-omaha-004/581208-omaha-004-061.JPG	 						315	325	2	30.18	67	65	63	60		bc	nimb	0				
1873-05-16	12	-12.05	-77.17			a		https://s3.amazonaws.com/NARAprodstorage/lz/dc-metro/rg-024/581208/2020-03/581208-omaha-004/581208-omaha-004-061.JPG	https://s3.amazonaws.com/NARAprodstorage/lz/dc-metro/rg-024/581208/2020-03/581208-omaha-004/581208-omaha-004-061.JPG	"Noon: Callao, Peru"						315	325	2	30.22	67	65	63	60		bc	nimb	0				
1873-05-16	13	-12.05	-77.17			a		https://s3.amazonaws.com/NARAprodstorage/lz/dc-metro/rg-024/581208/2020-03/581208-omaha-004/581208-omaha-004-061.JPG	https://s3.amazonaws.com/NARAprodstorage/lz/dc-metro/rg-024/581208/2020-03/581208-omaha-004/581208-omaha-004-061.JPG	 						180	190	2	30.2	66	65	64			oc	nimb	0				
1873-05-16	14	-12.05	-77.17			a		https://s3.amazonaws.com/NARAprodstorage/lz/dc-metro/rg-024/581208/2020-03/581208-omaha-004/581208-omaha-004-061.JPG	https://s3.amazonaws.com/NARAprodstorage/lz/dc-metro/rg-024/581208/2020-03/581208-omaha-004/581208-omaha-004-061.JPG	 						180	190	2	30.2	66	65	64			oc	nimb	0				
1873-05-16	15	-12.05	-77.17			a		https://s3.amazonaws.com/NARAprodstorage/lz/dc-metro/rg-024/581208/2020-03/581208-omaha-004/581208-omaha-004-061.JPG	https://s3.amazonaws.com/NARAprodstorage/lz/dc-metro/rg-024/581208/2020-03/581208-omaha-004/581208-omaha-004-061.JPG	 						180	190	2	30.15	66	65	64			oc	nimb	0				
1873-05-16	16	-12.05	-77.17			a		https://s3.amazonaws.com/NARAprodstorage/lz/dc-metro/rg-024/581208/2020-03/581208-omaha-004/581208-omaha-004-061.JPG	https://s3.amazonaws.com/NARAprodstorage/lz/dc-metro/rg-024/581208/2020-03/581208-omaha-004/581208-omaha-004-061.JPG	 						180	190	2	30.15	66	65	63			oc	nimb	0				
1873-05-16	17	-12.05	-77.17			a		https://s3.amazonaws.com/NARAprodstorage/lz/dc-metro/rg-024/581208/2020-03/581208-omaha-004/581208-omaha-004-061.JPG	https://s3.amazonaws.com/NARAprodstorage/lz/dc-metro/rg-024/581208/2020-03/581208-omaha-004/581208-omaha-004-061.JPG	 						180	190	2	30.15	66	65	63	60		oc	nimb	0				
1873-05-16	18	-12.05	-77.17			a		https://s3.amazonaws.com/NARAprodstorage/lz/dc-metro/rg-024/581208/2020-03/581208-omaha-004/581208-omaha-004-061.JPG	https://s3.amazonaws.com/NARAprodstorage/lz/dc-metro/rg-024/581208/2020-03/581208-omaha-004/581208-omaha-004-061.JPG	 						180	190	2	30.15	66	65	63	60		oc	nimb	0				
1873-05-16	19	-12.05	-77.17			a		https://s3.amazonaws.com/NARAprodstorage/lz/dc-metro/rg-024/581208/2020-03/581208-omaha-004/581208-omaha-004-061.JPG	https://s3.amazonaws.com/NARAprodstorage/lz/dc-metro/rg-024/581208/2020-03/581208-omaha-004/581208-omaha-004-061.JPG	 						180	190	2	30.15	66	65	63	60		oc	nimb	0				
1873-05-16	20	-12.05	-77.17			a		https://s3.amazonaws.com/NARAprodstorage/lz/dc-metro/rg-024/581208/2020-03/581208-omaha-004/581208-omaha-004-061.JPG	https://s3.amazonaws.com/NARAprodstorage/lz/dc-metro/rg-024/581208/2020-03/581208-omaha-004/581208-omaha-004-061.JPG	 						180	190	2	30.15	66	65	63	60		oc	nimb	0				
1873-05-16	21	-12.05	-77.17			a		https://s3.amazonaws.com/NARAprodstorage/lz/dc-metro/rg-024/581208/2020-03/581208-omaha-004/581208-omaha-004-061.JPG	https://s3.amazonaws.com/NARAprodstorage/lz/dc-metro/rg-024/581208/2020-03/581208-omaha-004/581208-omaha-004-061.JPG	 						180	190	2	30.2	65	64	63			ocm	nimb	0				
1873-05-16	22	-12.05	-77.17			a		https://s3.amazonaws.com/NARAprodstorage/lz/dc-metro/rg-024/581208/2020-03/581208-omaha-004/581208-omaha-004-061.JPG	https://s3.amazonaws.com/NARAprodstorage/lz/dc-metro/rg-024/581208/2020-03/581208-omaha-004/581208-omaha-004-061.JPG	 						180	190	2	30.2	65	64	63			ocm	nimb	0				
1873-05-16	23	-12.05	-77.17			a		https://s3.amazonaws.com/NARAprodstorage/lz/dc-metro/rg-024/581208/2020-03/581208-omaha-004/581208-omaha-004-061.JPG	https://s3.amazonaws.com/NARAprodstorage/lz/dc-metro/rg-024/581208/2020-03/581208-omaha-004/581208-omaha-004-061.JPG	 						180	190	2	30.2	65	64	63			ocm	nimb	0				
1873-05-16	24	-12.05	-77.17			a		https://s3.amazonaws.com/NARAprodstorage/lz/dc-metro/rg-024/581208/2020-03/581208-omaha-004/581208-omaha-004-061.JPG	https://s3.amazonaws.com/NARAprodstorage/lz/dc-metro/rg-024/581208/2020-03/581208-omaha-004/581208-omaha-004-061.JPG	 						180	190	2	30.2	65	63	63			ocm	nimb	0				
1873-05-17	1	-12.05	-77.17			a		https://s3.amazonaws.com/NARAprodstorage/lz/dc-metro/rg-024/581208/2020-03/581208-omaha-004/581208-omaha-004-062.JPG	https://s3.amazonaws.com/NARAprodstorage/lz/dc-metro/rg-024/581208/2020-03/581208-omaha-004/581208-omaha-004-062.JPG	 						0	0	0	30.17	65	63	62			ocm	nimb	0				
1873-05-17	2	-12.05	-77.17			a		https://s3.amazonaws.com/NARAprodstorage/lz/dc-metro/rg-024/581208/2020-03/581208-omaha-004/581208-omaha-004-062.JPG	https://s3.amazonaws.com/NARAprodstorage/lz/dc-metro/rg-024/581208/2020-03/581208-omaha-004/581208-omaha-004-062.JPG	 						0	0	0	30.17	65	63	62			ocm	nimb	0				
1873-05-17	3	-12.05	-77.17			a		https://s3.amazonaws.com/NARAprodstorage/lz/dc-metro/rg-024/581208/2020-03/581208-omaha-004/581208-omaha-004-062.JPG	https://s3.amazonaws.com/NARAprodstorage/lz/dc-metro/rg-024/581208/2020-03/581208-omaha-004/581208-omaha-004-062.JPG	 						0	0	0	30.17	65	63	62			ocm	nimb	0				
1873-05-17	4	-12.05	-77.17			a		https://s3.amazonaws.com/NARAprodstorage/lz/dc-metro/rg-024/581208/2020-03/581208-omaha-004/581208-omaha-004-062.JPG	https://s3.amazonaws.com/NARAprodstorage/lz/dc-metro/rg-024/581208/2020-03/581208-omaha-004/581208-omaha-004-062.JPG	 						0	0	0	30.17	65	63	62			ocm	nimb	0				
1873-05-17	5	-12.05	-77.17			a		https://s3.amazonaws.com/NARAprodstorage/lz/dc-metro/rg-024/581208/2020-03/581208-omaha-004/581208-omaha-004-062.JPG	https://s3.amazonaws.com/NARAprodstorage/lz/dc-metro/rg-024/581208/2020-03/581208-omaha-004/581208-omaha-004-062.JPG	 						0	0	0	30.17	65	63	62			ocm	nimb	0				
1873-05-17	6	-12.05	-77.17			a		https://s3.amazonaws.com/NARAprodstorage/lz/dc-metro/rg-024/581208/2020-03/581208-omaha-004/581208-omaha-004-062.JPG	https://s3.amazonaws.com/NARAprodstorage/lz/dc-metro/rg-024/581208/2020-03/581208-omaha-004/581208-omaha-004-062.JPG	 						0	0	0	30.17	65	63	62			ocm	nimb	0				
1873-05-17	7	-12.05	-77.17			a		https://s3.amazonaws.com/NARAprodstorage/lz/dc-metro/rg-024/581208/2020-03/581208-omaha-004/581208-omaha-004-062.JPG	https://s3.amazonaws.com/NARAprodstorage/lz/dc-metro/rg-024/581208/2020-03/581208-omaha-004/581208-omaha-004-062.JPG	 						0	0	0	30.17	66	64	63			oc	nimb	0				
1873-05-17	8	-12.05	-77.17			a		https://s3.amazonaws.com/NARAprodstorage/lz/dc-metro/rg-024/581208/2020-03/581208-omaha-004/581208-omaha-004-062.JPG	https://s3.amazonaws.com/NARAprodstorage/lz/dc-metro/rg-024/581208/2020-03/581208-omaha-004/581208-omaha-004-062.JPG	 						0	0	0	30.18	66	64	63			oc	nimb	0				
1873-05-17	9	-12.05	-77.17			a		https://s3.amazonaws.com/NARAprodstorage/lz/dc-metro/rg-024/581208/2020-03/581208-omaha-004/581208-omaha-004-062.JPG	https://s3.amazonaws.com/NARAprodstorage/lz/dc-metro/rg-024/581208/2020-03/581208-omaha-004/581208-omaha-004-062.JPG	 						0	0	0	30.18	66	64	63			oc	nimb	0				
1873-05-17	10	-12.05	-77.17			a		https://s3.amazonaws.com/NARAprodstorage/lz/dc-metro/rg-024/581208/2020-03/581208-omaha-004/581208-omaha-004-062.JPG	https://s3.amazonaws.com/NARAprodstorage/lz/dc-metro/rg-024/581208/2020-03/581208-omaha-004/581208-omaha-004-062.JPG	 						0	0	0	30.18	66	65	64			oc	nimb	0				
1873-05-17	11	-12.05	-77.17			a		https://s3.amazonaws.com/NARAprodstorage/lz/dc-metro/rg-024/581208/2020-03/581208-omaha-004/581208-omaha-004-062.JPG	https://s3.amazonaws.com/NARAprodstorage/lz/dc-metro/rg-024/581208/2020-03/581208-omaha-004/581208-omaha-004-062.JPG	 						0	0	0	30.18	67	65	64			oc	nimb	0				
1873-05-17	12	-12.05	-77.17			a		https://s3.amazonaws.com/NARAprodstorage/lz/dc-metro/rg-024/581208/2020-03/581208-omaha-004/581208-omaha-004-062.JPG	https://s3.amazonaws.com/NARAprodstorage/lz/dc-metro/rg-024/581208/2020-03/581208-omaha-004/581208-omaha-004-062.JPG	"Noon: Callao, Peru"						0	0	0	30.18	67	65	64			oc	nimb	0				
1873-05-17	13	-12.05	-77.17			a		https://s3.amazonaws.com/NARAprodstorage/lz/dc-metro/rg-024/581208/2020-03/581208-omaha-004/581208-omaha-004-062.JPG	https://s3.amazonaws.com/NARAprodstorage/lz/dc-metro/rg-024/581208/2020-03/581208-omaha-004/581208-omaha-004-062.JPG	 						135	145	5	30.16	68	64	63			oc	nimb	0				
1873-05-17	14	-12.05	-77.17			a		https://s3.amazonaws.com/NARAprodstorage/lz/dc-metro/rg-024/581208/2020-03/581208-omaha-004/581208-omaha-004-062.JPG	https://s3.amazonaws.com/NARAprodstorage/lz/dc-metro/rg-024/581208/2020-03/581208-omaha-004/581208-omaha-004-062.JPG	 						135	145	5	30.15	68	64	63			oc	nimb	0				
1873-05-17	15	-12.05	-77.17			a		https://s3.amazonaws.com/NARAprodstorage/lz/dc-metro/rg-024/581208/2020-03/581208-omaha-004/581208-omaha-004-062.JPG	https://s3.amazonaws.com/NARAprodstorage/lz/dc-metro/rg-024/581208/2020-03/581208-omaha-004/581208-omaha-004-062.JPG	 						135	145	5	30.15	68	64	63			oc	nimb	0				
1873-05-17	16	-12.05	-77.17			a		https://s3.amazonaws.com/NARAprodstorage/lz/dc-metro/rg-024/581208/2020-03/581208-omaha-004/581208-omaha-004-062.JPG	https://s3.amazonaws.com/NARAprodstorage/lz/dc-metro/rg-024/581208/2020-03/581208-omaha-004/581208-omaha-004-062.JPG	 						135	145	5	30.15	68	64	63			oc	nimb	0				
1873-05-17	17	-12.05	-77.17			a		https://s3.amazonaws.com/NARAprodstorage/lz/dc-metro/rg-024/581208/2020-03/581208-omaha-004/581208-omaha-004-062.JPG	https://s3.amazonaws.com/NARAprodstorage/lz/dc-metro/rg-024/581208/2020-03/581208-omaha-004/581208-omaha-004-062.JPG	 						135	145	5	30.14	68	64	63			oc	nimb	0				
1873-05-17	18	-12.05	-77.17			a		https://s3.amazonaws.com/NARAprodstorage/lz/dc-metro/rg-024/581208/2020-03/581208-omaha-004/581208-omaha-004-062.JPG	https://s3.amazonaws.com/NARAprodstorage/lz/dc-metro/rg-024/581208/2020-03/581208-omaha-004/581208-omaha-004-062.JPG	 						135	145	5	30.14	68	64	63			ocf	nimb	0				
1873-05-17	19	-12.05	-77.17			a		https://s3.amazonaws.com/NARAprodstorage/lz/dc-metro/rg-024/581208/2020-03/581208-omaha-004/581208-omaha-004-062.JPG	https://s3.amazonaws.com/NARAprodstorage/lz/dc-metro/rg-024/581208/2020-03/581208-omaha-004/581208-omaha-004-062.JPG	 						135	145	5	30.12	66	64	62			ocf	nimb	0				
1873-05-17	20	-12.05	-77.17			a		https://s3.amazonaws.com/NARAprodstorage/lz/dc-metro/rg-024/581208/2020-03/581208-omaha-004/581208-omaha-004-062.JPG	https://s3.amazonaws.com/NARAprodstorage/lz/dc-metro/rg-024/581208/2020-03/581208-omaha-004/581208-omaha-004-062.JPG	 						135	145	5	30.12	66	64	62			ocf	nimb	0				
1873-05-17	21	-12.05	-77.17			a		https://s3.amazonaws.com/NARAprodstorage/lz/dc-metro/rg-024/581208/2020-03/581208-omaha-004/581208-omaha-004-062.JPG	https://s3.amazonaws.com/NARAprodstorage/lz/dc-metro/rg-024/581208/2020-03/581208-omaha-004/581208-omaha-004-062.JPG	 						135	145	5	30.2	66	63	62			ocm	nimb	0				
1873-05-17	22	-12.05	-77.17			a		https://s3.amazonaws.com/NARAprodstorage/lz/dc-metro/rg-024/581208/2020-03/581208-omaha-004/581208-omaha-004-062.JPG	https://s3.amazonaws.com/NARAprodstorage/lz/dc-metro/rg-024/581208/2020-03/581208-omaha-004/581208-omaha-004-062.JPG	 						135	145	5	30.18	66	63	62			ocm	nimb	0				
1873-05-17	23	-12.05	-77.17			a		https://s3.amazonaws.com/NARAprodstorage/lz/dc-metro/rg-024/581208/2020-03/581208-omaha-004/581208-omaha-004-062.JPG	https://s3.amazonaws.com/NARAprodstorage/lz/dc-metro/rg-024/581208/2020-03/581208-omaha-004/581208-omaha-004-062.JPG	 						135	145	5	30.17	66	63	62			ocm	nimb	0				
1873-05-17	24	-12.05	-77.17			a		https://s3.amazonaws.com/NARAprodstorage/lz/dc-metro/rg-024/581208/2020-03/581208-omaha-004/581208-omaha-004-062.JPG	https://s3.amazonaws.com/NARAprodstorage/lz/dc-metro/rg-024/581208/2020-03/581208-omaha-004/581208-omaha-004-062.JPG	 						135	145	5	30.17	66	63	62			ocm	nimb	0				
1873-05-18	1	-12.05	-77.17			a		https://s3.amazonaws.com/NARAprodstorage/lz/dc-metro/rg-024/581208/2020-03/581208-omaha-004/581208-omaha-004-063.JPG	https://s3.amazonaws.com/NARAprodstorage/lz/dc-metro/rg-024/581208/2020-03/581208-omaha-004/581208-omaha-004-063.JPG	 						0	0	0	30.12	65	63	62			bc	cum nim	2				
1873-05-18	2	-12.05	-77.17			a		https://s3.amazonaws.com/NARAprodstorage/lz/dc-metro/rg-024/581208/2020-03/581208-omaha-004/581208-omaha-004-063.JPG	https://s3.amazonaws.com/NARAprodstorage/lz/dc-metro/rg-024/581208/2020-03/581208-omaha-004/581208-omaha-004-063.JPG	 						0	0	0	30.12	65	63	62			bc	cum nim	2				
1873-05-18	3	-12.05	-77.17			a		https://s3.amazonaws.com/NARAprodstorage/lz/dc-metro/rg-024/581208/2020-03/581208-omaha-004/581208-omaha-004-063.JPG	https://s3.amazonaws.com/NARAprodstorage/lz/dc-metro/rg-024/581208/2020-03/581208-omaha-004/581208-omaha-004-063.JPG	 						0	0	0	30.12	65	63	62			bc	cum nim	2				
1873-05-18	4	-12.05	-77.17			a		https://s3.amazonaws.com/NARAprodstorage/lz/dc-metro/rg-024/581208/2020-03/581208-omaha-004/581208-omaha-004-063.JPG	https://s3.amazonaws.com/NARAprodstorage/lz/dc-metro/rg-024/581208/2020-03/581208-omaha-004/581208-omaha-004-063.JPG	 						0	0	0	30.12	65	63	62			bc	cum nim	2				
1873-05-18	5	-12.05	-77.17			a		https://s3.amazonaws.com/NARAprodstorage/lz/dc-metro/rg-024/581208/2020-03/581208-omaha-004/581208-omaha-004-063.JPG	https://s3.amazonaws.com/NARAprodstorage/lz/dc-metro/rg-024/581208/2020-03/581208-omaha-004/581208-omaha-004-063.JPG	 						0	0	0	30.15	65	63	62			oc	cum nim	0				
1873-05-18	6	-12.05	-77.17			a		https://s3.amazonaws.com/NARAprodstorage/lz/dc-metro/rg-024/581208/2020-03/581208-omaha-004/581208-omaha-004-063.JPG	https://s3.amazonaws.com/NARAprodstorage/lz/dc-metro/rg-024/581208/2020-03/581208-omaha-004/581208-omaha-004-063.JPG	 						0	0	0	30.15	65	63	62			oc	cum nim	0				
1873-05-18	7	-12.05	-77.17			a		https://s3.amazonaws.com/NARAprodstorage/lz/dc-metro/rg-024/581208/2020-03/581208-omaha-004/581208-omaha-004-063.JPG	https://s3.amazonaws.com/NARAprodstorage/lz/dc-metro/rg-024/581208/2020-03/581208-omaha-004/581208-omaha-004-063.JPG	 						0	0	0	30.15	65	64	63			oc	cum nim	0				
1873-05-18	8	-12.05	-77.17			a		https://s3.amazonaws.com/NARAprodstorage/lz/dc-metro/rg-024/581208/2020-03/581208-omaha-004/581208-omaha-004-063.JPG	https://s3.amazonaws.com/NARAprodstorage/lz/dc-metro/rg-024/581208/2020-03/581208-omaha-004/581208-omaha-004-063.JPG	 						0	0	0	30.15	65	64	63			oc	cum nim	0				
1873-05-18	9	-12.05	-77.17			a		https://s3.amazonaws.com/NARAprodstorage/lz/dc-metro/rg-024/581208/2020-03/581208-omaha-004/581208-omaha-004-063.JPG	https://s3.amazonaws.com/NARAprodstorage/lz/dc-metro/rg-024/581208/2020-03/581208-omaha-004/581208-omaha-004-063.JPG	 						0	0	0	30.17	67	64	63			oc	nimb	0				
1873-05-18	10	-12.05	-77.17			a		https://s3.amazonaws.com/NARAprodstorage/lz/dc-metro/rg-024/581208/2020-03/581208-omaha-004/581208-omaha-004-063.JPG	https://s3.amazonaws.com/NARAprodstorage/lz/dc-metro/rg-024/581208/2020-03/581208-omaha-004/581208-omaha-004-063.JPG	 						0	0	0	30.17	67	64	63			oc	nimb	0				
1873-05-18	11	-12.05	-77.17			a		https://s3.amazonaws.com/NARAprodstorage/lz/dc-metro/rg-024/581208/2020-03/581208-omaha-004/581208-omaha-004-063.JPG	https://s3.amazonaws.com/NARAprodstorage/lz/dc-metro/rg-024/581208/2020-03/581208-omaha-004/581208-omaha-004-063.JPG	 						0	0	0	30.17	67	64	63			oc	nimb	0				
1873-05-18	12	-12.05	-77.17			a		https://s3.amazonaws.com/NARAprodstorage/lz/dc-metro/rg-024/581208/2020-03/581208-omaha-004/581208-omaha-004-063.JPG	https://s3.amazonaws.com/NARAprodstorage/lz/dc-metro/rg-024/581208/2020-03/581208-omaha-004/581208-omaha-004-063.JPG	"Noon: Callao, Peru"						0	0	0	30.17	67	64	63			oc	nimb	0				
1873-05-18	13	-12.05	-77.17			a		https://s3.amazonaws.com/NARAprodstorage/lz/dc-metro/rg-024/581208/2020-03/581208-omaha-004/581208-omaha-004-063.JPG	https://s3.amazonaws.com/NARAprodstorage/lz/dc-metro/rg-024/581208/2020-03/581208-omaha-004/581208-omaha-004-063.JPG	 						0	0	0	30.15	67	64	62			bc	cum nim	1				
1873-05-18	14	-12.05	-77.17			a		https://s3.amazonaws.com/NARAprodstorage/lz/dc-metro/rg-024/581208/2020-03/581208-omaha-004/581208-omaha-004-063.JPG	https://s3.amazonaws.com/NARAprodstorage/lz/dc-metro/rg-024/581208/2020-03/581208-omaha-004/581208-omaha-004-063.JPG	 						0	0	0	30.15	67	64	62			bc	cum nim	1				
1873-05-18	15	-12.05	-77.17			a		https://s3.amazonaws.com/NARAprodstorage/lz/dc-metro/rg-024/581208/2020-03/581208-omaha-004/581208-omaha-004-063.JPG	https://s3.amazonaws.com/NARAprodstorage/lz/dc-metro/rg-024/581208/2020-03/581208-omaha-004/581208-omaha-004-063.JPG	 						135	145	3	30.16	68	65	63			ocm	nimb	0				
1873-05-18	16	-12.05	-77.17			a		https://s3.amazonaws.com/NARAprodstorage/lz/dc-metro/rg-024/581208/2020-03/581208-omaha-004/581208-omaha-004-063.JPG	https://s3.amazonaws.com/NARAprodstorage/lz/dc-metro/rg-024/581208/2020-03/581208-omaha-004/581208-omaha-004-063.JPG	 						135	145	5	30.16	68	65	63			ocm	nimb	0				
1873-05-18	17	-12.05	-77.17			a		https://s3.amazonaws.com/NARAprodstorage/lz/dc-metro/rg-024/581208/2020-03/581208-omaha-004/581208-omaha-004-063.JPG	https://s3.amazonaws.com/NARAprodstorage/lz/dc-metro/rg-024/581208/2020-03/581208-omaha-004/581208-omaha-004-063.JPG	 						135	145	2	30.16	68	64	62			oc	cum nim	0				
1873-05-18	18	-12.05	-77.17			a		https://s3.amazonaws.com/NARAprodstorage/lz/dc-metro/rg-024/581208/2020-03/581208-omaha-004/581208-omaha-004-063.JPG	https://s3.amazonaws.com/NARAprodstorage/lz/dc-metro/rg-024/581208/2020-03/581208-omaha-004/581208-omaha-004-063.JPG	 						135	145	2	30.17	68	64	62			oc	cum nim	0				
1873-05-18	19	-12.05	-77.17			a		https://s3.amazonaws.com/NARAprodstorage/lz/dc-metro/rg-024/581208/2020-03/581208-omaha-004/581208-omaha-004-063.JPG	https://s3.amazonaws.com/NARAprodstorage/lz/dc-metro/rg-024/581208/2020-03/581208-omaha-004/581208-omaha-004-063.JPG	 						135	145	2	30.17	68	64	62			oc	cum nim	0				
1873-05-18	20	-12.05	-77.17			a		https://s3.amazonaws.com/NARAprodstorage/lz/dc-metro/rg-024/581208/2020-03/581208-omaha-004/581208-omaha-004-063.JPG	https://s3.amazonaws.com/NARAprodstorage/lz/dc-metro/rg-024/581208/2020-03/581208-omaha-004/581208-omaha-004-063.JPG	 						135	145	2	30.17	68	64	62			oc	cum nim	0				
1873-05-18	21	-12.05	-77.17			a		https://s3.amazonaws.com/NARAprodstorage/lz/dc-metro/rg-024/581208/2020-03/581208-omaha-004/581208-omaha-004-063.JPG	https://s3.amazonaws.com/NARAprodstorage/lz/dc-metro/rg-024/581208/2020-03/581208-omaha-004/581208-omaha-004-063.JPG	 						135	145	2	30.17	67	63	62			ocm	cum nim	0				
1873-05-18	22	-12.05	-77.17			a		https://s3.amazonaws.com/NARAprodstorage/lz/dc-metro/rg-024/581208/2020-03/581208-omaha-004/581208-omaha-004-063.JPG	https://s3.amazonaws.com/NARAprodstorage/lz/dc-metro/rg-024/581208/2020-03/581208-omaha-004/581208-omaha-004-063.JPG	 						135	145	2	30.18	66	63	62			ocm	cum nim	0				
1873-05-18	23	-12.05	-77.17			a		https://s3.amazonaws.com/NARAprodstorage/lz/dc-metro/rg-024/581208/2020-03/581208-omaha-004/581208-omaha-004-063.JPG	https://s3.amazonaws.com/NARAprodstorage/lz/dc-metro/rg-024/581208/2020-03/581208-omaha-004/581208-omaha-004-063.JPG	 						135	145	2	30.18	66	62	61			ocm	cum nim	0				
1873-05-18	24	-12.05	-77.17			a		https://s3.amazonaws.com/NARAprodstorage/lz/dc-metro/rg-024/581208/2020-03/581208-omaha-004/581208-omaha-004-063.JPG	https://s3.amazonaws.com/NARAprodstorage/lz/dc-metro/rg-024/581208/2020-03/581208-omaha-004/581208-omaha-004-063.JPG	 						135	145	2	30.18	66	62	61			ocm	cum nim	0				
1873-05-19	1	-12.05	-77.17			a		https://s3.amazonaws.com/NARAprodstorage/lz/dc-metro/rg-024/581208/2020-03/581208-omaha-004/581208-omaha-004-064.JPG	https://s3.amazonaws.com/NARAprodstorage/lz/dc-metro/rg-024/581208/2020-03/581208-omaha-004/581208-omaha-004-064.JPG	 						0	0	0	30.2	66	65	64	60		oc	nimb	0				
1873-05-19	2	-12.05	-77.17			a		https://s3.amazonaws.com/NARAprodstorage/lz/dc-metro/rg-024/581208/2020-03/581208-omaha-004/581208-omaha-004-064.JPG	https://s3.amazonaws.com/NARAprodstorage/lz/dc-metro/rg-024/581208/2020-03/581208-omaha-004/581208-omaha-004-064.JPG	 						0	0	0	30.2	66	65	64	60		oc	nimb	0				
1873-05-19	3	-12.05	-77.17			a		https://s3.amazonaws.com/NARAprodstorage/lz/dc-metro/rg-024/581208/2020-03/581208-omaha-004/581208-omaha-004-064.JPG	https://s3.amazonaws.com/NARAprodstorage/lz/dc-metro/rg-024/581208/2020-03/581208-omaha-004/581208-omaha-004-064.JPG	 						0	0	0	30.2	66	65	64	60		oc	nimb	0				
1873-05-19	4	-12.05	-77.17			a		https://s3.amazonaws.com/NARAprodstorage/lz/dc-metro/rg-024/581208/2020-03/581208-omaha-004/581208-omaha-004-064.JPG	https://s3.amazonaws.com/NARAprodstorage/lz/dc-metro/rg-024/581208/2020-03/581208-omaha-004/581208-omaha-004-064.JPG	 						0	0	0	30.2	66	65	64	60		oc	nimb	0				
1873-05-19	5	-12.05	-77.17			a		https://s3.amazonaws.com/NARAprodstorage/lz/dc-metro/rg-024/581208/2020-03/581208-omaha-004/581208-omaha-004-064.JPG	https://s3.amazonaws.com/NARAprodstorage/lz/dc-metro/rg-024/581208/2020-03/581208-omaha-004/581208-omaha-004-064.JPG	 						0	0	0	30.24	68	68	67	60		oc	cum nim	0				
1873-05-19	6	-12.05	-77.17			a		https://s3.amazonaws.com/NARAprodstorage/lz/dc-metro/rg-024/581208/2020-03/581208-omaha-004/581208-omaha-004-064.JPG	https://s3.amazonaws.com/NARAprodstorage/lz/dc-metro/rg-024/581208/2020-03/581208-omaha-004/581208-omaha-004-064.JPG	 						0	0	0	30.24	68	68	67	60		oc	cum nim	0				
1873-05-19	7	-12.05	-77.17			a		https://s3.amazonaws.com/NARAprodstorage/lz/dc-metro/rg-024/581208/2020-03/581208-omaha-004/581208-omaha-004-064.JPG	https://s3.amazonaws.com/NARAprodstorage/lz/dc-metro/rg-024/581208/2020-03/581208-omaha-004/581208-omaha-004-064.JPG	 						0	0	0	30.24	68	68	67	60		oc	cum nim	0				
1873-05-19	8	-12.05	-77.17			a		https://s3.amazonaws.com/NARAprodstorage/lz/dc-metro/rg-024/581208/2020-03/581208-omaha-004/581208-omaha-004-064.JPG	https://s3.amazonaws.com/NARAprodstorage/lz/dc-metro/rg-024/581208/2020-03/581208-omaha-004/581208-omaha-004-064.JPG	 						0	0	0	30.24	68	68	67	60		oc	cum nim	0				
1873-05-19	9	-12.05	-77.17			a		https://s3.amazonaws.com/NARAprodstorage/lz/dc-metro/rg-024/581208/2020-03/581208-omaha-004/581208-omaha-004-064.JPG	https://s3.amazonaws.com/NARAprodstorage/lz/dc-metro/rg-024/581208/2020-03/581208-omaha-004/581208-omaha-004-064.JPG	 						45	55	2	30.26	67	67	64	60		bc	cum nim	5				
1873-05-19	10	-12.05	-77.17			a		https://s3.amazonaws.com/NARAprodstorage/lz/dc-metro/rg-024/581208/2020-03/581208-omaha-004/581208-omaha-004-064.JPG	https://s3.amazonaws.com/NARAprodstorage/lz/dc-metro/rg-024/581208/2020-03/581208-omaha-004/581208-omaha-004-064.JPG	 						45	55	2	30.26	67	67	64	60		bc	cum nim	5				
1873-05-19	11	-12.05	-77.17			a		https://s3.amazonaws.com/NARAprodstorage/lz/dc-metro/rg-024/581208/2020-03/581208-omaha-004/581208-omaha-004-064.JPG	https://s3.amazonaws.com/NARAprodstorage/lz/dc-metro/rg-024/581208/2020-03/581208-omaha-004/581208-omaha-004-064.JPG	 						45	55	2	30.26	67	67	64	60		bc	cum nim	5				
1873-05-19	12	-12.05	-77.17			a		https://s3.amazonaws.com/NARAprodstorage/lz/dc-metro/rg-024/581208/2020-03/581208-omaha-004/581208-omaha-004-064.JPG	https://s3.amazonaws.com/NARAprodstorage/lz/dc-metro/rg-024/581208/2020-03/581208-omaha-004/581208-omaha-004-064.JPG	"Noon: Callao, Peru"						45	55	2	30.26	67	67	64	60		bc	cum nim	5				
1873-05-19	13	-12.05	-77.17			a		https://s3.amazonaws.com/NARAprodstorage/lz/dc-metro/rg-024/581208/2020-03/581208-omaha-004/581208-omaha-004-064.JPG	https://s3.amazonaws.com/NARAprodstorage/lz/dc-metro/rg-024/581208/2020-03/581208-omaha-004/581208-omaha-004-064.JPG	 						248	258	8	30.22	67	66	64	60		bc	cir cum	9				
1873-05-19	14	-12.05	-77.17			a		https://s3.amazonaws.com/NARAprodstorage/lz/dc-metro/rg-024/581208/2020-03/581208-omaha-004/581208-omaha-004-064.JPG	https://s3.amazonaws.com/NARAprodstorage/lz/dc-metro/rg-024/581208/2020-03/581208-omaha-004/581208-omaha-004-064.JPG	 						225	235	8	30.22	67	66	64	60		bc	cir cum	9				
1873-05-19	15	-12.05	-77.17			a		https://s3.amazonaws.com/NARAprodstorage/lz/dc-metro/rg-024/581208/2020-03/581208-omaha-004/581208-omaha-004-064.JPG	https://s3.amazonaws.com/NARAprodstorage/lz/dc-metro/rg-024/581208/2020-03/581208-omaha-004/581208-omaha-004-064.JPG	 						202	212	5	30.22	68	66	64	60		bc	cir cum	8				
1873-05-19	16	-12.05	-77.17			a		https://s3.amazonaws.com/NARAprodstorage/lz/dc-metro/rg-024/581208/2020-03/581208-omaha-004/581208-omaha-004-064.JPG	https://s3.amazonaws.com/NARAprodstorage/lz/dc-metro/rg-024/581208/2020-03/581208-omaha-004/581208-omaha-004-064.JPG	 						180	190	5	30.18	68	66	64	60		bc	cir cum	8				
1873-05-19	17	-12.05	-77.17			a		https://s3.amazonaws.com/NARAprodstorage/lz/dc-metro/rg-024/581208/2020-03/581208-omaha-004/581208-omaha-004-064.JPG	https://s3.amazonaws.com/NARAprodstorage/lz/dc-metro/rg-024/581208/2020-03/581208-omaha-004/581208-omaha-004-064.JPG	 						180	190	5	30.18	68	66	64	60		bc	cir cum	8				
1873-05-19	18	-12.05	-77.17			a		https://s3.amazonaws.com/NARAprodstorage/lz/dc-metro/rg-024/581208/2020-03/581208-omaha-004/581208-omaha-004-064.JPG	https://s3.amazonaws.com/NARAprodstorage/lz/dc-metro/rg-024/581208/2020-03/581208-omaha-004/581208-omaha-004-064.JPG	 						135	145	6	30.17	67	65	63	61		bc	cir cum	5				
1873-05-19	19	-12.05	-77.17			a		https://s3.amazonaws.com/NARAprodstorage/lz/dc-metro/rg-024/581208/2020-03/581208-omaha-004/581208-omaha-004-064.JPG	https://s3.amazonaws.com/NARAprodstorage/lz/dc-metro/rg-024/581208/2020-03/581208-omaha-004/581208-omaha-004-064.JPG	 						135	145	5	30.17	67	65	63	61		bc	cir cum	5				
1873-05-19	20	-12.05	-77.17			a		https://s3.amazonaws.com/NARAprodstorage/lz/dc-metro/rg-024/581208/2020-03/581208-omaha-004/581208-omaha-004-064.JPG	https://s3.amazonaws.com/NARAprodstorage/lz/dc-metro/rg-024/581208/2020-03/581208-omaha-004/581208-omaha-004-064.JPG	 						135	145	2	30.17	67	65	63	61		bc	cir cum	5				
1873-05-19	21	-12.05	-77.17			a		https://s3.amazonaws.com/NARAprodstorage/lz/dc-metro/rg-024/581208/2020-03/581208-omaha-004/581208-omaha-004-064.JPG	https://s3.amazonaws.com/NARAprodstorage/lz/dc-metro/rg-024/581208/2020-03/581208-omaha-004/581208-omaha-004-064.JPG	 						135	145	5	30.17	67	65	63	61		bc	cir cum	9				
1873-05-19	22	-12.05	-77.17			a		https://s3.amazonaws.com/NARAprodstorage/lz/dc-metro/rg-024/581208/2020-03/581208-omaha-004/581208-omaha-004-064.JPG	https://s3.amazonaws.com/NARAprodstorage/lz/dc-metro/rg-024/581208/2020-03/581208-omaha-004/581208-omaha-004-064.JPG	 						135	145	5	30.18	67	64	63	61		bc	cir cum	9				
1873-05-19	23	-12.05	-77.17			a		https://s3.amazonaws.com/NARAprodstorage/lz/dc-metro/rg-024/581208/2020-03/581208-omaha-004/581208-omaha-004-064.JPG	https://s3.amazonaws.com/NARAprodstorage/lz/dc-metro/rg-024/581208/2020-03/581208-omaha-004/581208-omaha-004-064.JPG	 						135	145	5	30.18	67	64	63	61		bc	cir cum	9				
1873-05-19	24	-12.05	-77.17			a		https://s3.amazonaws.com/NARAprodstorage/lz/dc-metro/rg-024/581208/2020-03/581208-omaha-004/581208-omaha-004-064.JPG	https://s3.amazonaws.com/NARAprodstorage/lz/dc-metro/rg-024/581208/2020-03/581208-omaha-004/581208-omaha-004-064.JPG	 						135	145	5	30.2	67	64	63	61		bc	cir cum	9				
1873-05-20	1	-12.05	-77.17			a		https://s3.amazonaws.com/NARAprodstorage/lz/dc-metro/rg-024/581208/2020-03/581208-omaha-004/581208-omaha-004-065.JPG	https://s3.amazonaws.com/NARAprodstorage/lz/dc-metro/rg-024/581208/2020-03/581208-omaha-004/581208-omaha-004-065.JPG	 						135	145	2	30.2	65	63	62			bcm	cum nim	7				
1873-05-20	2	-12.05	-77.17			a		https://s3.amazonaws.com/NARAprodstorage/lz/dc-metro/rg-024/581208/2020-03/581208-omaha-004/581208-omaha-004-065.JPG	https://s3.amazonaws.com/NARAprodstorage/lz/dc-metro/rg-024/581208/2020-03/581208-omaha-004/581208-omaha-004-065.JPG	 						135	145	2	30.2	65	63	62			bcm	cum nim	7				
1873-05-20	3	-12.05	-77.17			a		https://s3.amazonaws.com/NARAprodstorage/lz/dc-metro/rg-024/581208/2020-03/581208-omaha-004/581208-omaha-004-065.JPG	https://s3.amazonaws.com/NARAprodstorage/lz/dc-metro/rg-024/581208/2020-03/581208-omaha-004/581208-omaha-004-065.JPG	 						135	145	2	30.2	65	63	62			bcm	cum nim	7				
1873-05-20	4	-12.05	-77.17			a		https://s3.amazonaws.com/NARAprodstorage/lz/dc-metro/rg-024/581208/2020-03/581208-omaha-004/581208-omaha-004-065.JPG	https://s3.amazonaws.com/NARAprodstorage/lz/dc-metro/rg-024/581208/2020-03/581208-omaha-004/581208-omaha-004-065.JPG	 						135	145	2	30.2	65	63	62			bcm	cum nim	7				
1873-05-20	5	-12.05	-77.17			a		https://s3.amazonaws.com/NARAprodstorage/lz/dc-metro/rg-024/581208/2020-03/581208-omaha-004/581208-omaha-004-065.JPG	https://s3.amazonaws.com/NARAprodstorage/lz/dc-metro/rg-024/581208/2020-03/581208-omaha-004/581208-omaha-004-065.JPG	 						135	145	2	30.2	65	63	62			bcm	cum nim	7				
1873-05-20	6	-12.05	-77.17			a		https://s3.amazonaws.com/NARAprodstorage/lz/dc-metro/rg-024/581208/2020-03/581208-omaha-004/581208-omaha-004-065.JPG	https://s3.amazonaws.com/NARAprodstorage/lz/dc-metro/rg-024/581208/2020-03/581208-omaha-004/581208-omaha-004-065.JPG	 						135	145	2	30.2	65	63	62			bcm	cum nim	7				
1873-05-20	7	-12.05	-77.17			a		https://s3.amazonaws.com/NARAprodstorage/lz/dc-metro/rg-024/581208/2020-03/581208-omaha-004/581208-omaha-004-065.JPG	https://s3.amazonaws.com/NARAprodstorage/lz/dc-metro/rg-024/581208/2020-03/581208-omaha-004/581208-omaha-004-065.JPG	 						135	145	2	30.2	65	63	62			bcm	cum nim	7				
1873-05-20	8	-12.05	-77.17			a		https://s3.amazonaws.com/NARAprodstorage/lz/dc-metro/rg-024/581208/2020-03/581208-omaha-004/581208-omaha-004-065.JPG	https://s3.amazonaws.com/NARAprodstorage/lz/dc-metro/rg-024/581208/2020-03/581208-omaha-004/581208-omaha-004-065.JPG	 						135	145	2	30.2	65	63	62			bcm	cum nim	7				
1873-05-20	9	-12.05	-77.17			a		https://s3.amazonaws.com/NARAprodstorage/lz/dc-metro/rg-024/581208/2020-03/581208-omaha-004/581208-omaha-004-065.JPG	https://s3.amazonaws.com/NARAprodstorage/lz/dc-metro/rg-024/581208/2020-03/581208-omaha-004/581208-omaha-004-065.JPG	 						0	0	0	30.2	66	65	63			bc	cum nim	8				
1873-05-20	10	-12.05	-77.17			a		https://s3.amazonaws.com/NARAprodstorage/lz/dc-metro/rg-024/581208/2020-03/581208-omaha-004/581208-omaha-004-065.JPG	https://s3.amazonaws.com/NARAprodstorage/lz/dc-metro/rg-024/581208/2020-03/581208-omaha-004/581208-omaha-004-065.JPG	 						338	348	2	30.2	66	65	63			bc	cum nim	8				
1873-05-20	11	-12.05	-77.17			a		https://s3.amazonaws.com/NARAprodstorage/lz/dc-metro/rg-024/581208/2020-03/581208-omaha-004/581208-omaha-004-065.JPG	https://s3.amazonaws.com/NARAprodstorage/lz/dc-metro/rg-024/581208/2020-03/581208-omaha-004/581208-omaha-004-065.JPG	 						338	348	2	30.2	66	67	64			bc	cum nim	8				
1873-05-20	12	-12.05	-77.17			a		https://s3.amazonaws.com/NARAprodstorage/lz/dc-metro/rg-024/581208/2020-03/581208-omaha-004/581208-omaha-004-065.JPG	https://s3.amazonaws.com/NARAprodstorage/lz/dc-metro/rg-024/581208/2020-03/581208-omaha-004/581208-omaha-004-065.JPG	"Noon: Callao, Peru"						338	348	2	30.2	66	67	64			bc	cum nim	9				
1873-05-20	13	-12.05	-77.17			a		https://s3.amazonaws.com/NARAprodstorage/lz/dc-metro/rg-024/581208/2020-03/581208-omaha-004/581208-omaha-004-065.JPG	https://s3.amazonaws.com/NARAprodstorage/lz/dc-metro/rg-024/581208/2020-03/581208-omaha-004/581208-omaha-004-065.JPG	 						135	145	2	30.15	66	67	64			bcm	nimb	8				
1873-05-20	14	-12.05	-77.17			a		https://s3.amazonaws.com/NARAprodstorage/lz/dc-metro/rg-024/581208/2020-03/581208-omaha-004/581208-omaha-004-065.JPG	https://s3.amazonaws.com/NARAprodstorage/lz/dc-metro/rg-024/581208/2020-03/581208-omaha-004/581208-omaha-004-065.JPG	 						135	145	2	30.15	66	67	64			bcm	nimb	8				
1873-05-20	15	-12.05	-77.17			a		https://s3.amazonaws.com/NARAprodstorage/lz/dc-metro/rg-024/581208/2020-03/581208-omaha-004/581208-omaha-004-065.JPG	https://s3.amazonaws.com/NARAprodstorage/lz/dc-metro/rg-024/581208/2020-03/581208-omaha-004/581208-omaha-004-065.JPG	 						135	145	2	30.15	66	66	64			bcm	nimb	8				
1873-05-20	16	-12.05	-77.17			a		https://s3.amazonaws.com/NARAprodstorage/lz/dc-metro/rg-024/581208/2020-03/581208-omaha-004/581208-omaha-004-065.JPG	https://s3.amazonaws.com/NARAprodstorage/lz/dc-metro/rg-024/581208/2020-03/581208-omaha-004/581208-omaha-004-065.JPG	 						135	145	2	30.15	66	66	64			bcm	nimb	8				
1873-05-20	17	-12.05	-77.17			a		https://s3.amazonaws.com/NARAprodstorage/lz/dc-metro/rg-024/581208/2020-03/581208-omaha-004/581208-omaha-004-065.JPG	https://s3.amazonaws.com/NARAprodstorage/lz/dc-metro/rg-024/581208/2020-03/581208-omaha-004/581208-omaha-004-065.JPG	 						135	145	2	30.15	66	66	64	60		bc	cum	6				
1873-05-20	18	-12.05	-77.17			a		https://s3.amazonaws.com/NARAprodstorage/lz/dc-metro/rg-024/581208/2020-03/581208-omaha-004/581208-omaha-004-065.JPG	https://s3.amazonaws.com/NARAprodstorage/lz/dc-metro/rg-024/581208/2020-03/581208-omaha-004/581208-omaha-004-065.JPG	 						135	145	2	30.15	66	65	64	60		bc	cum	4				
1873-05-20	19	-12.05	-77.17			a		https://s3.amazonaws.com/NARAprodstorage/lz/dc-metro/rg-024/581208/2020-03/581208-omaha-004/581208-omaha-004-065.JPG	https://s3.amazonaws.com/NARAprodstorage/lz/dc-metro/rg-024/581208/2020-03/581208-omaha-004/581208-omaha-004-065.JPG	 						135	145	2	30.15	66	65	64	60		bc	cum	2				
1873-05-20	20	-12.05	-77.17			a		https://s3.amazonaws.com/NARAprodstorage/lz/dc-metro/rg-024/581208/2020-03/581208-omaha-004/581208-omaha-004-065.JPG	https://s3.amazonaws.com/NARAprodstorage/lz/dc-metro/rg-024/581208/2020-03/581208-omaha-004/581208-omaha-004-065.JPG	 						135	145	2	30.15	66	65	64	60		bc	nimb	0				
1873-05-20	21	-12.05	-77.17			a		https://s3.amazonaws.com/NARAprodstorage/lz/dc-metro/rg-024/581208/2020-03/581208-omaha-004/581208-omaha-004-065.JPG	https://s3.amazonaws.com/NARAprodstorage/lz/dc-metro/rg-024/581208/2020-03/581208-omaha-004/581208-omaha-004-065.JPG	 						135	145	2	30.16	66	64	63			ocm	nimb	0				
1873-05-20	22	-12.05	-77.17			a		https://s3.amazonaws.com/NARAprodstorage/lz/dc-metro/rg-024/581208/2020-03/581208-omaha-004/581208-omaha-004-065.JPG	https://s3.amazonaws.com/NARAprodstorage/lz/dc-metro/rg-024/581208/2020-03/581208-omaha-004/581208-omaha-004-065.JPG	 						135	145	2	30.16	66	64	63			ocm	nimb	0				
1873-05-20	23	-12.05	-77.17			a		https://s3.amazonaws.com/NARAprodstorage/lz/dc-metro/rg-024/581208/2020-03/581208-omaha-004/581208-omaha-004-065.JPG	https://s3.amazonaws.com/NARAprodstorage/lz/dc-metro/rg-024/581208/2020-03/581208-omaha-004/581208-omaha-004-065.JPG	 						135	145	2	30.16	66	64	63			ocm	nimb	0				
1873-05-20	24	-12.05	-77.17			a		https://s3.amazonaws.com/NARAprodstorage/lz/dc-metro/rg-024/581208/2020-03/581208-omaha-004/581208-omaha-004-065.JPG	https://s3.amazonaws.com/NARAprodstorage/lz/dc-metro/rg-024/581208/2020-03/581208-omaha-004/581208-omaha-004-065.JPG	 						135	145	2	30.16	66	64	63			ocm	nimb	0				
1873-05-21	1	-12.05	-77.17			a		https://s3.amazonaws.com/NARAprodstorage/lz/dc-metro/rg-024/581208/2020-03/581208-omaha-004/581208-omaha-004-066.JPG	https://s3.amazonaws.com/NARAprodstorage/lz/dc-metro/rg-024/581208/2020-03/581208-omaha-004/581208-omaha-004-066.JPG	 						135	145	2	30.17	67	63	62			oc	nimb	0				
1873-05-21	2	-12.05	-77.17			a		https://s3.amazonaws.com/NARAprodstorage/lz/dc-metro/rg-024/581208/2020-03/581208-omaha-004/581208-omaha-004-066.JPG	https://s3.amazonaws.com/NARAprodstorage/lz/dc-metro/rg-024/581208/2020-03/581208-omaha-004/581208-omaha-004-066.JPG	 						135	145	2	30.17	67	63	62			oc	nimb	0				
1873-05-21	3	-12.05	-77.17			a		https://s3.amazonaws.com/NARAprodstorage/lz/dc-metro/rg-024/581208/2020-03/581208-omaha-004/581208-omaha-004-066.JPG	https://s3.amazonaws.com/NARAprodstorage/lz/dc-metro/rg-024/581208/2020-03/581208-omaha-004/581208-omaha-004-066.JPG	 						0	0	0	30.17	67	63	62			oc	nimb	0				
1873-05-21	4	-12.05	-77.17			a		https://s3.amazonaws.com/NARAprodstorage/lz/dc-metro/rg-024/581208/2020-03/581208-omaha-004/581208-omaha-004-066.JPG	https://s3.amazonaws.com/NARAprodstorage/lz/dc-metro/rg-024/581208/2020-03/581208-omaha-004/581208-omaha-004-066.JPG	 						0	0	0	30.17	67	63	62			oc	nimb	0				
1873-05-21	5	-12.05	-77.17			a		https://s3.amazonaws.com/NARAprodstorage/lz/dc-metro/rg-024/581208/2020-03/581208-omaha-004/581208-omaha-004-066.JPG	https://s3.amazonaws.com/NARAprodstorage/lz/dc-metro/rg-024/581208/2020-03/581208-omaha-004/581208-omaha-004-066.JPG	 						0	0	0	30.17	67	63	62	60		o	nimb	0				
1873-05-21	6	-12.05	-77.17			a		https://s3.amazonaws.com/NARAprodstorage/lz/dc-metro/rg-024/581208/2020-03/581208-omaha-004/581208-omaha-004-066.JPG	https://s3.amazonaws.com/NARAprodstorage/lz/dc-metro/rg-024/581208/2020-03/581208-omaha-004/581208-omaha-004-066.JPG	 						360	10	2	30.18	67	63	62	60		o	nimb	0				
1873-05-21	7	-12.05	-77.17			a		https://s3.amazonaws.com/NARAprodstorage/lz/dc-metro/rg-024/581208/2020-03/581208-omaha-004/581208-omaha-004-066.JPG	https://s3.amazonaws.com/NARAprodstorage/lz/dc-metro/rg-024/581208/2020-03/581208-omaha-004/581208-omaha-004-066.JPG	 						360	10	2	30.18	67	64	63	60		o	nimb	0				
1873-05-21	8	-12.05	-77.17			a		https://s3.amazonaws.com/NARAprodstorage/lz/dc-metro/rg-024/581208/2020-03/581208-omaha-004/581208-omaha-004-066.JPG	https://s3.amazonaws.com/NARAprodstorage/lz/dc-metro/rg-024/581208/2020-03/581208-omaha-004/581208-omaha-004-066.JPG	 						338	348	2	30.2	67	64	63	60		o	nimb	0				
1873-05-21	9	-12.05	-77.17			a		https://s3.amazonaws.com/NARAprodstorage/lz/dc-metro/rg-024/581208/2020-03/581208-omaha-004/581208-omaha-004-066.JPG	https://s3.amazonaws.com/NARAprodstorage/lz/dc-metro/rg-024/581208/2020-03/581208-omaha-004/581208-omaha-004-066.JPG	 						349	359	2	30.2	66	64	63			ocf	nimb	0				
1873-05-21	10	-12.05	-77.17			a		https://s3.amazonaws.com/NARAprodstorage/lz/dc-metro/rg-024/581208/2020-03/581208-omaha-004/581208-omaha-004-066.JPG	https://s3.amazonaws.com/NARAprodstorage/lz/dc-metro/rg-024/581208/2020-03/581208-omaha-004/581208-omaha-004-066.JPG	 						349	359	2	30.2	66	64	63			ocf	nimb	0				
1873-05-21	11	-12.05	-77.17			a		https://s3.amazonaws.com/NARAprodstorage/lz/dc-metro/rg-024/581208/2020-03/581208-omaha-004/581208-omaha-004-066.JPG	https://s3.amazonaws.com/NARAprodstorage/lz/dc-metro/rg-024/581208/2020-03/581208-omaha-004/581208-omaha-004-066.JPG	 						349	359	2	30.2	66	64	63			ocf	nimb	0				
1873-05-21	12	-12.05	-77.17			a		https://s3.amazonaws.com/NARAprodstorage/lz/dc-metro/rg-024/581208/2020-03/581208-omaha-004/581208-omaha-004-066.JPG	https://s3.amazonaws.com/NARAprodstorage/lz/dc-metro/rg-024/581208/2020-03/581208-omaha-004/581208-omaha-004-066.JPG	"Noon: Callao, Peru"						349	359	2	30.2	66	64	63			ocf	nimb	0				
1873-05-21	13	-12.05	-77.17			a		https://s3.amazonaws.com/NARAprodstorage/lz/dc-metro/rg-024/581208/2020-03/581208-omaha-004/581208-omaha-004-066.JPG	https://s3.amazonaws.com/NARAprodstorage/lz/dc-metro/rg-024/581208/2020-03/581208-omaha-004/581208-omaha-004-066.JPG	 						315	325	2	30.19	67	64	63			ocm	nimb	0				
1873-05-21	14	-12.05	-77.17			a		https://s3.amazonaws.com/NARAprodstorage/lz/dc-metro/rg-024/581208/2020-03/581208-omaha-004/581208-omaha-004-066.JPG	https://s3.amazonaws.com/NARAprodstorage/lz/dc-metro/rg-024/581208/2020-03/581208-omaha-004/581208-omaha-004-066.JPG	 						315	325	2	30.17	67	64	63			ocm	nimb	0				
1873-05-21	15	-12.05	-77.17			a		https://s3.amazonaws.com/NARAprodstorage/lz/dc-metro/rg-024/581208/2020-03/581208-omaha-004/581208-omaha-004-066.JPG	https://s3.amazonaws.com/NARAprodstorage/lz/dc-metro/rg-024/581208/2020-03/581208-omaha-004/581208-omaha-004-066.JPG	 						135	145	2	30.15	67	64	63			ocm	nimb	0				
1873-05-21	16	-12.05	-77.17			a		https://s3.amazonaws.com/NARAprodstorage/lz/dc-metro/rg-024/581208/2020-03/581208-omaha-004/581208-omaha-004-066.JPG	https://s3.amazonaws.com/NARAprodstorage/lz/dc-metro/rg-024/581208/2020-03/581208-omaha-004/581208-omaha-004-066.JPG	 						135	145	2	30.14	67	64	63			ocm	nimb	0				
1873-05-21	17	-12.05	-77.17			a		https://s3.amazonaws.com/NARAprodstorage/lz/dc-metro/rg-024/581208/2020-03/581208-omaha-004/581208-omaha-004-066.JPG	https://s3.amazonaws.com/NARAprodstorage/lz/dc-metro/rg-024/581208/2020-03/581208-omaha-004/581208-omaha-004-066.JPG	 						135	145	2	30.15	66	64	63			ocm	nimb	0				
1873-05-21	18	-12.05	-77.17			a		https://s3.amazonaws.com/NARAprodstorage/lz/dc-metro/rg-024/581208/2020-03/581208-omaha-004/581208-omaha-004-066.JPG	https://s3.amazonaws.com/NARAprodstorage/lz/dc-metro/rg-024/581208/2020-03/581208-omaha-004/581208-omaha-004-066.JPG	 						135	145	2	30.15	66	63	62			ocm	nimb	0				
1873-05-21	19	-12.05	-77.17			a		https://s3.amazonaws.com/NARAprodstorage/lz/dc-metro/rg-024/581208/2020-03/581208-omaha-004/581208-omaha-004-066.JPG	https://s3.amazonaws.com/NARAprodstorage/lz/dc-metro/rg-024/581208/2020-03/581208-omaha-004/581208-omaha-004-066.JPG	 						135	145	2	30.15	66	63	62			ocm	nimb	0				
1873-05-21	20	-12.05	-77.17			a		https://s3.amazonaws.com/NARAprodstorage/lz/dc-metro/rg-024/581208/2020-03/581208-omaha-004/581208-omaha-004-066.JPG	https://s3.amazonaws.com/NARAprodstorage/lz/dc-metro/rg-024/581208/2020-03/581208-omaha-004/581208-omaha-004-066.JPG	 						135	145	2	30.15	66	63	62			ocm	nimb	0				
1873-05-21	21	-12.05	-77.17			a		https://s3.amazonaws.com/NARAprodstorage/lz/dc-metro/rg-024/581208/2020-03/581208-omaha-004/581208-omaha-004-066.JPG	https://s3.amazonaws.com/NARAprodstorage/lz/dc-metro/rg-024/581208/2020-03/581208-omaha-004/581208-omaha-004-066.JPG	 						0	0	0	30.15	65	62	62			ocm	nimb	0				
1873-05-21	22	-12.05	-77.17			a		https://s3.amazonaws.com/NARAprodstorage/lz/dc-metro/rg-024/581208/2020-03/581208-omaha-004/581208-omaha-004-066.JPG	https://s3.amazonaws.com/NARAprodstorage/lz/dc-metro/rg-024/581208/2020-03/581208-omaha-004/581208-omaha-004-066.JPG	 						0	0	0	30.15	65	62	62			ocm	nimb	0				
1873-05-21	23	-12.05	-77.17			a		https://s3.amazonaws.com/NARAprodstorage/lz/dc-metro/rg-024/581208/2020-03/581208-omaha-004/581208-omaha-004-066.JPG	https://s3.amazonaws.com/NARAprodstorage/lz/dc-metro/rg-024/581208/2020-03/581208-omaha-004/581208-omaha-004-066.JPG	 						0	0	0	30.15	65	62	62			ocm	nimb	0				
1873-05-21	24	-12.05	-77.17			a		https://s3.amazonaws.com/NARAprodstorage/lz/dc-metro/rg-024/581208/2020-03/581208-omaha-004/581208-omaha-004-066.JPG	https://s3.amazonaws.com/NARAprodstorage/lz/dc-metro/rg-024/581208/2020-03/581208-omaha-004/581208-omaha-004-066.JPG	 						0	0	0	30.15	65	62	62			ocm	nimb	0				
1873-05-22	1	-12.05	-77.17			a		https://s3.amazonaws.com/NARAprodstorage/lz/dc-metro/rg-024/581208/2020-03/581208-omaha-004/581208-omaha-004-067.JPG	https://s3.amazonaws.com/NARAprodstorage/lz/dc-metro/rg-024/581208/2020-03/581208-omaha-004/581208-omaha-004-067.JPG	 						0	0	0	30.14	64	61	61			ocm	nimb	0				
1873-05-22	2	-12.05	-77.17			a		https://s3.amazonaws.com/NARAprodstorage/lz/dc-metro/rg-024/581208/2020-03/581208-omaha-004/581208-omaha-004-067.JPG	https://s3.amazonaws.com/NARAprodstorage/lz/dc-metro/rg-024/581208/2020-03/581208-omaha-004/581208-omaha-004-067.JPG	 						0	0	0	30.14	64	61	61			ocm	nimb	0				
1873-05-22	3	-12.05	-77.17			a		https://s3.amazonaws.com/NARAprodstorage/lz/dc-metro/rg-024/581208/2020-03/581208-omaha-004/581208-omaha-004-067.JPG	https://s3.amazonaws.com/NARAprodstorage/lz/dc-metro/rg-024/581208/2020-03/581208-omaha-004/581208-omaha-004-067.JPG	 						0	0	0	30.14	64	61	61			ocm	nimb	0				
1873-05-22	4	-12.05	-77.17			a		https://s3.amazonaws.com/NARAprodstorage/lz/dc-metro/rg-024/581208/2020-03/581208-omaha-004/581208-omaha-004-067.JPG	https://s3.amazonaws.com/NARAprodstorage/lz/dc-metro/rg-024/581208/2020-03/581208-omaha-004/581208-omaha-004-067.JPG	 						0	0	0	30.14	64	61	61			ocm	nimb	0				
1873-05-22	5	-12.05	-77.17			a		https://s3.amazonaws.com/NARAprodstorage/lz/dc-metro/rg-024/581208/2020-03/581208-omaha-004/581208-omaha-004-067.JPG	https://s3.amazonaws.com/NARAprodstorage/lz/dc-metro/rg-024/581208/2020-03/581208-omaha-004/581208-omaha-004-067.JPG	 						0	0	0	30.14	65	62	62			ocm	nimb	0				
1873-05-22	6	-12.05	-77.17			a		https://s3.amazonaws.com/NARAprodstorage/lz/dc-metro/rg-024/581208/2020-03/581208-omaha-004/581208-omaha-004-067.JPG	https://s3.amazonaws.com/NARAprodstorage/lz/dc-metro/rg-024/581208/2020-03/581208-omaha-004/581208-omaha-004-067.JPG	 						0	0	0	30.14	65	62	62			ocm	nimb	0				
1873-05-22	7	-12.05	-77.17			a		https://s3.amazonaws.com/NARAprodstorage/lz/dc-metro/rg-024/581208/2020-03/581208-omaha-004/581208-omaha-004-067.JPG	https://s3.amazonaws.com/NARAprodstorage/lz/dc-metro/rg-024/581208/2020-03/581208-omaha-004/581208-omaha-004-067.JPG	 						0	0	0	30.12	65	62	62			ocm	nimb	0				
1873-05-22	8	-12.05	-77.17			a		https://s3.amazonaws.com/NARAprodstorage/lz/dc-metro/rg-024/581208/2020-03/581208-omaha-004/581208-omaha-004-067.JPG	https://s3.amazonaws.com/NARAprodstorage/lz/dc-metro/rg-024/581208/2020-03/581208-omaha-004/581208-omaha-004-067.JPG	 						0	0	0	30.12	65	63	63			ocm	nimb	0				
1873-05-22	9	-12.05	-77.17			a		https://s3.amazonaws.com/NARAprodstorage/lz/dc-metro/rg-024/581208/2020-03/581208-omaha-004/581208-omaha-004-067.JPG	https://s3.amazonaws.com/NARAprodstorage/lz/dc-metro/rg-024/581208/2020-03/581208-omaha-004/581208-omaha-004-067.JPG	 						135	145	2	30.14	66	63	62			ocm	nimb	0				
1873-05-22	10	-12.05	-77.17			a		https://s3.amazonaws.com/NARAprodstorage/lz/dc-metro/rg-024/581208/2020-03/581208-omaha-004/581208-omaha-004-067.JPG	https://s3.amazonaws.com/NARAprodstorage/lz/dc-metro/rg-024/581208/2020-03/581208-omaha-004/581208-omaha-004-067.JPG	 						135	145	2	30.16	66	63	62			ocm	nimb	0				
1873-05-22	11	-12.05	-77.17			a		https://s3.amazonaws.com/NARAprodstorage/lz/dc-metro/rg-024/581208/2020-03/581208-omaha-004/581208-omaha-004-067.JPG	https://s3.amazonaws.com/NARAprodstorage/lz/dc-metro/rg-024/581208/2020-03/581208-omaha-004/581208-omaha-004-067.JPG	 						135	145	2	30.17	66	63	62			ocm	nimb	0				
1873-05-22	12	-12.05	-77.17			a		https://s3.amazonaws.com/NARAprodstorage/lz/dc-metro/rg-024/581208/2020-03/581208-omaha-004/581208-omaha-004-067.JPG	https://s3.amazonaws.com/NARAprodstorage/lz/dc-metro/rg-024/581208/2020-03/581208-omaha-004/581208-omaha-004-067.JPG	"Noon: Callao, Peru"						135	145	2	30.17	66	63	62			ocm	nimb	0				
1873-05-22	13	-12.05	-77.17			a		https://s3.amazonaws.com/NARAprodstorage/lz/dc-metro/rg-024/581208/2020-03/581208-omaha-004/581208-omaha-004-067.JPG	https://s3.amazonaws.com/NARAprodstorage/lz/dc-metro/rg-024/581208/2020-03/581208-omaha-004/581208-omaha-004-067.JPG	 						180	190	2	30.17	65	63	61			ocm	nimb	0				
1873-05-22	14	-12.05	-77.17			a		https://s3.amazonaws.com/NARAprodstorage/lz/dc-metro/rg-024/581208/2020-03/581208-omaha-004/581208-omaha-004-067.JPG	https://s3.amazonaws.com/NARAprodstorage/lz/dc-metro/rg-024/581208/2020-03/581208-omaha-004/581208-omaha-004-067.JPG	 						180	190	2	30.17	65	63	61			ocm	nimb	0				
1873-05-22	15	-12.05	-77.17			a		https://s3.amazonaws.com/NARAprodstorage/lz/dc-metro/rg-024/581208/2020-03/581208-omaha-004/581208-omaha-004-067.JPG	https://s3.amazonaws.com/NARAprodstorage/lz/dc-metro/rg-024/581208/2020-03/581208-omaha-004/581208-omaha-004-067.JPG	 						180	190	2	30.17	65	63	61			ocm	nimb	0				
1873-05-22	16	-12.05	-77.17			a		https://s3.amazonaws.com/NARAprodstorage/lz/dc-metro/rg-024/581208/2020-03/581208-omaha-004/581208-omaha-004-067.JPG	https://s3.amazonaws.com/NARAprodstorage/lz/dc-metro/rg-024/581208/2020-03/581208-omaha-004/581208-omaha-004-067.JPG	 						180	190	2	30.17	65	63	61			ocm	nimb	0				
1873-05-22	17	-12.05	-77.17			a		https://s3.amazonaws.com/NARAprodstorage/lz/dc-metro/rg-024/581208/2020-03/581208-omaha-004/581208-omaha-004-067.JPG	https://s3.amazonaws.com/NARAprodstorage/lz/dc-metro/rg-024/581208/2020-03/581208-omaha-004/581208-omaha-004-067.JPG	 						135	145	2	30.15	65	63	61			ocm	nimb	0				
1873-05-22	18	-12.05	-77.17			a		https://s3.amazonaws.com/NARAprodstorage/lz/dc-metro/rg-024/581208/2020-03/581208-omaha-004/581208-omaha-004-067.JPG	https://s3.amazonaws.com/NARAprodstorage/lz/dc-metro/rg-024/581208/2020-03/581208-omaha-004/581208-omaha-004-067.JPG	 						135	145	2	30.15	65	63	61			ocm	nimb	0				
1873-05-22	19	-12.05	-77.17			a		https://s3.amazonaws.com/NARAprodstorage/lz/dc-metro/rg-024/581208/2020-03/581208-omaha-004/581208-omaha-004-067.JPG	https://s3.amazonaws.com/NARAprodstorage/lz/dc-metro/rg-024/581208/2020-03/581208-omaha-004/581208-omaha-004-067.JPG	 						135	145	2	30.15	65	63	61			ocm	nimb	0				
1873-05-22	20	-12.05	-77.17			a		https://s3.amazonaws.com/NARAprodstorage/lz/dc-metro/rg-024/581208/2020-03/581208-omaha-004/581208-omaha-004-067.JPG	https://s3.amazonaws.com/NARAprodstorage/lz/dc-metro/rg-024/581208/2020-03/581208-omaha-004/581208-omaha-004-067.JPG	 						135	145	2	30.15	65	63	61			ocm	nimb	0				
1873-05-22	21	-12.05	-77.17			a		https://s3.amazonaws.com/NARAprodstorage/lz/dc-metro/rg-024/581208/2020-03/581208-omaha-004/581208-omaha-004-067.JPG	https://s3.amazonaws.com/NARAprodstorage/lz/dc-metro/rg-024/581208/2020-03/581208-omaha-004/581208-omaha-004-067.JPG	 						135	145	2	30.14	63	62	61			ocm	nimb	0				
1873-05-22	22	-12.05	-77.17			a		https://s3.amazonaws.com/NARAprodstorage/lz/dc-metro/rg-024/581208/2020-03/581208-omaha-004/581208-omaha-004-067.JPG	https://s3.amazonaws.com/NARAprodstorage/lz/dc-metro/rg-024/581208/2020-03/581208-omaha-004/581208-omaha-004-067.JPG	 						135	145	2	30.14	63	62	61			ocm	nimb	0				
1873-05-22	23	-12.05	-77.17			a		https://s3.amazonaws.com/NARAprodstorage/lz/dc-metro/rg-024/581208/2020-03/581208-omaha-004/581208-omaha-004-067.JPG	https://s3.amazonaws.com/NARAprodstorage/lz/dc-metro/rg-024/581208/2020-03/581208-omaha-004/581208-omaha-004-067.JPG	 						135	145	2	30.14	63	62	61			ocm	nimb	0				
1873-05-22	24	-12.05	-77.17			a		https://s3.amazonaws.com/NARAprodstorage/lz/dc-metro/rg-024/581208/2020-03/581208-omaha-004/581208-omaha-004-067.JPG	https://s3.amazonaws.com/NARAprodstorage/lz/dc-metro/rg-024/581208/2020-03/581208-omaha-004/581208-omaha-004-067.JPG	 						135	145	2	30.14	63	62	61			ocm	nimb	0				
1873-05-23	1	-12.05	-77.17			a		https://s3.amazonaws.com/NARAprodstorage/lz/dc-metro/rg-024/581208/2020-03/581208-omaha-004/581208-omaha-004-068.JPG	https://s3.amazonaws.com/NARAprodstorage/lz/dc-metro/rg-024/581208/2020-03/581208-omaha-004/581208-omaha-004-068.JPG	 						158	168	5	30.16	64	61	60	60		o	nimb	0				
1873-05-23	2	-12.05	-77.17			a		https://s3.amazonaws.com/NARAprodstorage/lz/dc-metro/rg-024/581208/2020-03/581208-omaha-004/581208-omaha-004-068.JPG	https://s3.amazonaws.com/NARAprodstorage/lz/dc-metro/rg-024/581208/2020-03/581208-omaha-004/581208-omaha-004-068.JPG	 						158	168	5	30.16	64	61	60	60		o	nimb	0				
1873-05-23	3	-12.05	-77.17			a		https://s3.amazonaws.com/NARAprodstorage/lz/dc-metro/rg-024/581208/2020-03/581208-omaha-004/581208-omaha-004-068.JPG	https://s3.amazonaws.com/NARAprodstorage/lz/dc-metro/rg-024/581208/2020-03/581208-omaha-004/581208-omaha-004-068.JPG	 						158	168	5	30.16	64	61	60	60		o	nimb	0				
1873-05-23	4	-12.05	-77.17			a		https://s3.amazonaws.com/NARAprodstorage/lz/dc-metro/rg-024/581208/2020-03/581208-omaha-004/581208-omaha-004-068.JPG	https://s3.amazonaws.com/NARAprodstorage/lz/dc-metro/rg-024/581208/2020-03/581208-omaha-004/581208-omaha-004-068.JPG	 						158	168	2	30.14	64	61	60	60		o	nimb	0				
1873-05-23	5	-12.05	-77.17			a		https://s3.amazonaws.com/NARAprodstorage/lz/dc-metro/rg-024/581208/2020-03/581208-omaha-004/581208-omaha-004-068.JPG	https://s3.amazonaws.com/NARAprodstorage/lz/dc-metro/rg-024/581208/2020-03/581208-omaha-004/581208-omaha-004-068.JPG	 						135	145	2	30.16	64	62	61	60		ocm	nimb	0				
1873-05-23	6	-12.05	-77.17			a		https://s3.amazonaws.com/NARAprodstorage/lz/dc-metro/rg-024/581208/2020-03/581208-omaha-004/581208-omaha-004-068.JPG	https://s3.amazonaws.com/NARAprodstorage/lz/dc-metro/rg-024/581208/2020-03/581208-omaha-004/581208-omaha-004-068.JPG	 						135	145	2	30.16	64	62	61			ocm	nimb	0				
1873-05-23	7	-12.05	-77.17			a		https://s3.amazonaws.com/NARAprodstorage/lz/dc-metro/rg-024/581208/2020-03/581208-omaha-004/581208-omaha-004-068.JPG	https://s3.amazonaws.com/NARAprodstorage/lz/dc-metro/rg-024/581208/2020-03/581208-omaha-004/581208-omaha-004-068.JPG	 						135	145	2	30.18	64	62	61			ocm	nimb	0				
1873-05-23	8	-12.05	-77.17			a		https://s3.amazonaws.com/NARAprodstorage/lz/dc-metro/rg-024/581208/2020-03/581208-omaha-004/581208-omaha-004-068.JPG	https://s3.amazonaws.com/NARAprodstorage/lz/dc-metro/rg-024/581208/2020-03/581208-omaha-004/581208-omaha-004-068.JPG	 						135	145	2	30.18	64	62	61			ocm	nimb	0				
1873-05-23	9	-12.05	-77.17			a		https://s3.amazonaws.com/NARAprodstorage/lz/dc-metro/rg-024/581208/2020-03/581208-omaha-004/581208-omaha-004-068.JPG	https://s3.amazonaws.com/NARAprodstorage/lz/dc-metro/rg-024/581208/2020-03/581208-omaha-004/581208-omaha-004-068.JPG	 						180	190	2	30.19	64	62	62			ocm	nimb	0				
1873-05-23	10	-12.05	-77.17			a		https://s3.amazonaws.com/NARAprodstorage/lz/dc-metro/rg-024/581208/2020-03/581208-omaha-004/581208-omaha-004-068.JPG	https://s3.amazonaws.com/NARAprodstorage/lz/dc-metro/rg-024/581208/2020-03/581208-omaha-004/581208-omaha-004-068.JPG	 						180	190	1	30.19	65	63	62			ocm	nimb	0				
1873-05-23	11	-12.05	-77.17			a		https://s3.amazonaws.com/NARAprodstorage/lz/dc-metro/rg-024/581208/2020-03/581208-omaha-004/581208-omaha-004-068.JPG	https://s3.amazonaws.com/NARAprodstorage/lz/dc-metro/rg-024/581208/2020-03/581208-omaha-004/581208-omaha-004-068.JPG	 						180	190	1	30.2	65	63	62			ocm	nimb	0				
1873-05-23	12	-12.05	-77.17			a		https://s3.amazonaws.com/NARAprodstorage/lz/dc-metro/rg-024/581208/2020-03/581208-omaha-004/581208-omaha-004-068.JPG	https://s3.amazonaws.com/NARAprodstorage/lz/dc-metro/rg-024/581208/2020-03/581208-omaha-004/581208-omaha-004-068.JPG	"Noon: Callao, Peru"						180	190	1	30.2	65	63	63			ocm	nimb	0				
1873-05-23	13	-12.05	-77.17			a		https://s3.amazonaws.com/NARAprodstorage/lz/dc-metro/rg-024/581208/2020-03/581208-omaha-004/581208-omaha-004-068.JPG	https://s3.amazonaws.com/NARAprodstorage/lz/dc-metro/rg-024/581208/2020-03/581208-omaha-004/581208-omaha-004-068.JPG	 						169	179	5	30.18	66	65	64	63		oc	nimb	0				
1873-05-23	14	-12.05	-77.17			a		https://s3.amazonaws.com/NARAprodstorage/lz/dc-metro/rg-024/581208/2020-03/581208-omaha-004/581208-omaha-004-068.JPG	https://s3.amazonaws.com/NARAprodstorage/lz/dc-metro/rg-024/581208/2020-03/581208-omaha-004/581208-omaha-004-068.JPG	 						169	179	5	30.18	66	65	64	63		oc	nimb	0				
1873-05-23	15	-12.05	-77.17			a		https://s3.amazonaws.com/NARAprodstorage/lz/dc-metro/rg-024/581208/2020-03/581208-omaha-004/581208-omaha-004-068.JPG	https://s3.amazonaws.com/NARAprodstorage/lz/dc-metro/rg-024/581208/2020-03/581208-omaha-004/581208-omaha-004-068.JPG	 						169	179	5	30.18	66	65	64	63		oc	nimb	0				
1873-05-23	16	-12.05	-77.17			a		https://s3.amazonaws.com/NARAprodstorage/lz/dc-metro/rg-024/581208/2020-03/581208-omaha-004/581208-omaha-004-068.JPG	https://s3.amazonaws.com/NARAprodstorage/lz/dc-metro/rg-024/581208/2020-03/581208-omaha-004/581208-omaha-004-068.JPG	 						169	179	5	30.18	66	65	64	63		oc	nimb	0				
1873-05-23	17	-12.05	-77.17			a		https://s3.amazonaws.com/NARAprodstorage/lz/dc-metro/rg-024/581208/2020-03/581208-omaha-004/581208-omaha-004-068.JPG	https://s3.amazonaws.com/NARAprodstorage/lz/dc-metro/rg-024/581208/2020-03/581208-omaha-004/581208-omaha-004-068.JPG	 						169	179	2	30.17	65	64	62	63		oc	nimb	0				
1873-05-23	18	-12.05	-77.17			a		https://s3.amazonaws.com/NARAprodstorage/lz/dc-metro/rg-024/581208/2020-03/581208-omaha-004/581208-omaha-004-068.JPG	https://s3.amazonaws.com/NARAprodstorage/lz/dc-metro/rg-024/581208/2020-03/581208-omaha-004/581208-omaha-004-068.JPG	 						169	179	2	30.17	65	64	62	63		oc	nimb	0				
1873-05-23	19	-12.05	-77.17			a		https://s3.amazonaws.com/NARAprodstorage/lz/dc-metro/rg-024/581208/2020-03/581208-omaha-004/581208-omaha-004-068.JPG	https://s3.amazonaws.com/NARAprodstorage/lz/dc-metro/rg-024/581208/2020-03/581208-omaha-004/581208-omaha-004-068.JPG	 						169	179	2	30.17	65	64	62	63		oc	nimb	0				
1873-05-23	20	-12.05	-77.17			a		https://s3.amazonaws.com/NARAprodstorage/lz/dc-metro/rg-024/581208/2020-03/581208-omaha-004/581208-omaha-004-068.JPG	https://s3.amazonaws.com/NARAprodstorage/lz/dc-metro/rg-024/581208/2020-03/581208-omaha-004/581208-omaha-004-068.JPG	 						169	179	2	30.16	63	62	60	63		oc	nimb	0				
1873-05-23	21	-12.05	-77.17			a		https://s3.amazonaws.com/NARAprodstorage/lz/dc-metro/rg-024/581208/2020-03/581208-omaha-004/581208-omaha-004-068.JPG	https://s3.amazonaws.com/NARAprodstorage/lz/dc-metro/rg-024/581208/2020-03/581208-omaha-004/581208-omaha-004-068.JPG	 						135	145	5	30.15	63	62	60	62		ocm	nimb	0				
1873-05-23	22	-12.05	-77.17			a		https://s3.amazonaws.com/NARAprodstorage/lz/dc-metro/rg-024/581208/2020-03/581208-omaha-004/581208-omaha-004-068.JPG	https://s3.amazonaws.com/NARAprodstorage/lz/dc-metro/rg-024/581208/2020-03/581208-omaha-004/581208-omaha-004-068.JPG	 						135	145	5	30.15	63	62	60	62		ocm	nimb	0				
1873-05-23	23	-12.05	-77.17			a		https://s3.amazonaws.com/NARAprodstorage/lz/dc-metro/rg-024/581208/2020-03/581208-omaha-004/581208-omaha-004-068.JPG	https://s3.amazonaws.com/NARAprodstorage/lz/dc-metro/rg-024/581208/2020-03/581208-omaha-004/581208-omaha-004-068.JPG	 						135	145	5	30.15	63	62	60	62		ocm	nimb	0				
1873-05-23	24	-12.05	-77.17			a		https://s3.amazonaws.com/NARAprodstorage/lz/dc-metro/rg-024/581208/2020-03/581208-omaha-004/581208-omaha-004-068.JPG	https://s3.amazonaws.com/NARAprodstorage/lz/dc-metro/rg-024/581208/2020-03/581208-omaha-004/581208-omaha-004-068.JPG	 						135	145	5	30.15	63	62	60	62		ocm	nimb	0				
1873-05-24	1	-12.05	-77.17			a		https://s3.amazonaws.com/NARAprodstorage/lz/dc-metro/rg-024/581208/2020-03/581208-omaha-004/581208-omaha-004-069.JPG	https://s3.amazonaws.com/NARAprodstorage/lz/dc-metro/rg-024/581208/2020-03/581208-omaha-004/581208-omaha-004-069.JPG	 						135	145	2	30.14	65	63	62			ocf	nimb	0				
1873-05-24	2	-12.05	-77.17			a		https://s3.amazonaws.com/NARAprodstorage/lz/dc-metro/rg-024/581208/2020-03/581208-omaha-004/581208-omaha-004-069.JPG	https://s3.amazonaws.com/NARAprodstorage/lz/dc-metro/rg-024/581208/2020-03/581208-omaha-004/581208-omaha-004-069.JPG	 						135	145	2	30.14	65	63	62			ocf	nimb	0				
1873-05-24	3	-12.05	-77.17			a		https://s3.amazonaws.com/NARAprodstorage/lz/dc-metro/rg-024/581208/2020-03/581208-omaha-004/581208-omaha-004-069.JPG	https://s3.amazonaws.com/NARAprodstorage/lz/dc-metro/rg-024/581208/2020-03/581208-omaha-004/581208-omaha-004-069.JPG	 						135	145	2	30.14	65	62	62			ocf	nimb	0				
1873-05-24	4	-12.05	-77.17			a		https://s3.amazonaws.com/NARAprodstorage/lz/dc-metro/rg-024/581208/2020-03/581208-omaha-004/581208-omaha-004-069.JPG	https://s3.amazonaws.com/NARAprodstorage/lz/dc-metro/rg-024/581208/2020-03/581208-omaha-004/581208-omaha-004-069.JPG	 						135	145	2	30.14	65	62	62			ocf	nimb	0				
1873-05-24	5	-12.05	-77.17			a		https://s3.amazonaws.com/NARAprodstorage/lz/dc-metro/rg-024/581208/2020-03/581208-omaha-004/581208-omaha-004-069.JPG	https://s3.amazonaws.com/NARAprodstorage/lz/dc-metro/rg-024/581208/2020-03/581208-omaha-004/581208-omaha-004-069.JPG	 						180	190	2	30.15	64	63	62			bc	nimb	0				
1873-05-24	6	-12.05	-77.17			a		https://s3.amazonaws.com/NARAprodstorage/lz/dc-metro/rg-024/581208/2020-03/581208-omaha-004/581208-omaha-004-069.JPG	https://s3.amazonaws.com/NARAprodstorage/lz/dc-metro/rg-024/581208/2020-03/581208-omaha-004/581208-omaha-004-069.JPG	 						180	190	2	30.15	64	63	62			bc	nimb	0				
1873-05-24	7	-12.05	-77.17			a		https://s3.amazonaws.com/NARAprodstorage/lz/dc-metro/rg-024/581208/2020-03/581208-omaha-004/581208-omaha-004-069.JPG	https://s3.amazonaws.com/NARAprodstorage/lz/dc-metro/rg-024/581208/2020-03/581208-omaha-004/581208-omaha-004-069.JPG	 						180	190	2	30.15	64	63	62			bc	nimb	0				
1873-05-24	8	-12.05	-77.17			a		https://s3.amazonaws.com/NARAprodstorage/lz/dc-metro/rg-024/581208/2020-03/581208-omaha-004/581208-omaha-004-069.JPG	https://s3.amazonaws.com/NARAprodstorage/lz/dc-metro/rg-024/581208/2020-03/581208-omaha-004/581208-omaha-004-069.JPG	 						180	190	2	30.15	64	63	62			bc	nimb	0				
1873-05-24	9	-12.05	-77.17			a		https://s3.amazonaws.com/NARAprodstorage/lz/dc-metro/rg-024/581208/2020-03/581208-omaha-004/581208-omaha-004-069.JPG	https://s3.amazonaws.com/NARAprodstorage/lz/dc-metro/rg-024/581208/2020-03/581208-omaha-004/581208-omaha-004-069.JPG	 						180	190	5	30.15	64	63	62			bc	nimb	0				
1873-05-24	10	-12.05	-77.17			a		https://s3.amazonaws.com/NARAprodstorage/lz/dc-metro/rg-024/581208/2020-03/581208-omaha-004/581208-omaha-004-069.JPG	https://s3.amazonaws.com/NARAprodstorage/lz/dc-metro/rg-024/581208/2020-03/581208-omaha-004/581208-omaha-004-069.JPG	 						180	190	5	30.15	64	63	62			bc	nimb	0				
1873-05-24	11	-12.05	-77.17			a		https://s3.amazonaws.com/NARAprodstorage/lz/dc-metro/rg-024/581208/2020-03/581208-omaha-004/581208-omaha-004-069.JPG	https://s3.amazonaws.com/NARAprodstorage/lz/dc-metro/rg-024/581208/2020-03/581208-omaha-004/581208-omaha-004-069.JPG	 						180	190	5	30.15	65	64	62			bc	nimb	0				
1873-05-24	12	-12.05	-77.17			a		https://s3.amazonaws.com/NARAprodstorage/lz/dc-metro/rg-024/581208/2020-03/581208-omaha-004/581208-omaha-004-069.JPG	https://s3.amazonaws.com/NARAprodstorage/lz/dc-metro/rg-024/581208/2020-03/581208-omaha-004/581208-omaha-004-069.JPG	"Noon: Callao, Peru"						180	190	5	30.12	65	64	62			bc	nimb	0				
1873-05-24	13	-12.05	-77.17			a		https://s3.amazonaws.com/NARAprodstorage/lz/dc-metro/rg-024/581208/2020-03/581208-omaha-004/581208-omaha-004-069.JPG	https://s3.amazonaws.com/NARAprodstorage/lz/dc-metro/rg-024/581208/2020-03/581208-omaha-004/581208-omaha-004-069.JPG	 						169	179	2	30.1	65	63	62			oc	nimb	0				
1873-05-24	14	-12.05	-77.17			a		https://s3.amazonaws.com/NARAprodstorage/lz/dc-metro/rg-024/581208/2020-03/581208-omaha-004/581208-omaha-004-069.JPG	https://s3.amazonaws.com/NARAprodstorage/lz/dc-metro/rg-024/581208/2020-03/581208-omaha-004/581208-omaha-004-069.JPG	 						169	179	2	30.1	65	63	62			oc	nimb	0				
1873-05-24	15	-12.05	-77.17			a		https://s3.amazonaws.com/NARAprodstorage/lz/dc-metro/rg-024/581208/2020-03/581208-omaha-004/581208-omaha-004-069.JPG	https://s3.amazonaws.com/NARAprodstorage/lz/dc-metro/rg-024/581208/2020-03/581208-omaha-004/581208-omaha-004-069.JPG	 						169	179	2	30.1	65	63	62			oc	nimb	0				
1873-05-24	16	-12.05	-77.17			a		https://s3.amazonaws.com/NARAprodstorage/lz/dc-metro/rg-024/581208/2020-03/581208-omaha-004/581208-omaha-004-069.JPG	https://s3.amazonaws.com/NARAprodstorage/lz/dc-metro/rg-024/581208/2020-03/581208-omaha-004/581208-omaha-004-069.JPG	 						169	179	2	30.1	65	63	62			ocf	nimb	0				
1873-05-24	17	-12.05	-77.17			a		https://s3.amazonaws.com/NARAprodstorage/lz/dc-metro/rg-024/581208/2020-03/581208-omaha-004/581208-omaha-004-069.JPG	https://s3.amazonaws.com/NARAprodstorage/lz/dc-metro/rg-024/581208/2020-03/581208-omaha-004/581208-omaha-004-069.JPG	 						180	190	2	30.1	65	63	62			oc	nimb	0				
1873-05-24	18	-12.05	-77.17			a		https://s3.amazonaws.com/NARAprodstorage/lz/dc-metro/rg-024/581208/2020-03/581208-omaha-004/581208-omaha-004-069.JPG	https://s3.amazonaws.com/NARAprodstorage/lz/dc-metro/rg-024/581208/2020-03/581208-omaha-004/581208-omaha-004-069.JPG	 						180	190	2	30.1	65	63	62			oc	nimb	0				
1873-05-24	19	-12.05	-77.17			a		https://s3.amazonaws.com/NARAprodstorage/lz/dc-metro/rg-024/581208/2020-03/581208-omaha-004/581208-omaha-004-069.JPG	https://s3.amazonaws.com/NARAprodstorage/lz/dc-metro/rg-024/581208/2020-03/581208-omaha-004/581208-omaha-004-069.JPG	 						180	190	2	30.1	65	63	62			oc	nimb	0				
1873-05-24	20	-12.05	-77.17			a		https://s3.amazonaws.com/NARAprodstorage/lz/dc-metro/rg-024/581208/2020-03/581208-omaha-004/581208-omaha-004-069.JPG	https://s3.amazonaws.com/NARAprodstorage/lz/dc-metro/rg-024/581208/2020-03/581208-omaha-004/581208-omaha-004-069.JPG	 						180	190	2	30.12	65	62	61			oc	nimb	0				
1873-05-24	21	-12.05	-77.17			a		https://s3.amazonaws.com/NARAprodstorage/lz/dc-metro/rg-024/581208/2020-03/581208-omaha-004/581208-omaha-004-069.JPG	https://s3.amazonaws.com/NARAprodstorage/lz/dc-metro/rg-024/581208/2020-03/581208-omaha-004/581208-omaha-004-069.JPG	 						169	179	2	30.12	65	62	62			ocm	nimb	0				
1873-05-24	22	-12.05	-77.17			a		https://s3.amazonaws.com/NARAprodstorage/lz/dc-metro/rg-024/581208/2020-03/581208-omaha-004/581208-omaha-004-069.JPG	https://s3.amazonaws.com/NARAprodstorage/lz/dc-metro/rg-024/581208/2020-03/581208-omaha-004/581208-omaha-004-069.JPG	 						169	179	2	30.12	65	62	62			ocm	nimb	0				
1873-05-24	23	-12.05	-77.17			a		https://s3.amazonaws.com/NARAprodstorage/lz/dc-metro/rg-024/581208/2020-03/581208-omaha-004/581208-omaha-004-069.JPG	https://s3.amazonaws.com/NARAprodstorage/lz/dc-metro/rg-024/581208/2020-03/581208-omaha-004/581208-omaha-004-069.JPG	 						169	179	2	30.12	65	62	62			ocm	nimb	0				
1873-05-24	24	-12.05	-77.17			a		https://s3.amazonaws.com/NARAprodstorage/lz/dc-metro/rg-024/581208/2020-03/581208-omaha-004/581208-omaha-004-069.JPG	https://s3.amazonaws.com/NARAprodstorage/lz/dc-metro/rg-024/581208/2020-03/581208-omaha-004/581208-omaha-004-069.JPG	 						169	179	2	30.12	65	62	62			ocm	nimb	0				
1873-05-25	1	-12.05	-77.17			a		https://s3.amazonaws.com/NARAprodstorage/lz/dc-metro/rg-024/581208/2020-03/581208-omaha-004/581208-omaha-004-070.JPG	https://s3.amazonaws.com/NARAprodstorage/lz/dc-metro/rg-024/581208/2020-03/581208-omaha-004/581208-omaha-004-070.JPG	 						0	0	0	30.12	65	63	62			oc	nimb	0				
1873-05-25	2	-12.05	-77.17			a		https://s3.amazonaws.com/NARAprodstorage/lz/dc-metro/rg-024/581208/2020-03/581208-omaha-004/581208-omaha-004-070.JPG	https://s3.amazonaws.com/NARAprodstorage/lz/dc-metro/rg-024/581208/2020-03/581208-omaha-004/581208-omaha-004-070.JPG	 						0	0	0	30.12	65	63	62			oc	nimb	0				
1873-05-25	3	-12.05	-77.17			a		https://s3.amazonaws.com/NARAprodstorage/lz/dc-metro/rg-024/581208/2020-03/581208-omaha-004/581208-omaha-004-070.JPG	https://s3.amazonaws.com/NARAprodstorage/lz/dc-metro/rg-024/581208/2020-03/581208-omaha-004/581208-omaha-004-070.JPG	 						0	0	0	30.12	65	63	62			oc	nimb	0				
1873-05-25	4	-12.05	-77.17			a		https://s3.amazonaws.com/NARAprodstorage/lz/dc-metro/rg-024/581208/2020-03/581208-omaha-004/581208-omaha-004-070.JPG	https://s3.amazonaws.com/NARAprodstorage/lz/dc-metro/rg-024/581208/2020-03/581208-omaha-004/581208-omaha-004-070.JPG	 						0	0	0	30.12	65	63	62			oc	nimb	0				
1873-05-25	5	-12.05	-77.17			a		https://s3.amazonaws.com/NARAprodstorage/lz/dc-metro/rg-024/581208/2020-03/581208-omaha-004/581208-omaha-004-070.JPG	https://s3.amazonaws.com/NARAprodstorage/lz/dc-metro/rg-024/581208/2020-03/581208-omaha-004/581208-omaha-004-070.JPG	 						0	0	0	30.12	65	63	62			oc	nimb	0				
1873-05-25	6	-12.05	-77.17			a		https://s3.amazonaws.com/NARAprodstorage/lz/dc-metro/rg-024/581208/2020-03/581208-omaha-004/581208-omaha-004-070.JPG	https://s3.amazonaws.com/NARAprodstorage/lz/dc-metro/rg-024/581208/2020-03/581208-omaha-004/581208-omaha-004-070.JPG	 						315	325	2	30.15	65	63	62			oc	nimb	0				
1873-05-25	7	-12.05	-77.17			a		https://s3.amazonaws.com/NARAprodstorage/lz/dc-metro/rg-024/581208/2020-03/581208-omaha-004/581208-omaha-004-070.JPG	https://s3.amazonaws.com/NARAprodstorage/lz/dc-metro/rg-024/581208/2020-03/581208-omaha-004/581208-omaha-004-070.JPG	 						315	325	2	30.15	65	63	62			oc	nimb	0				
1873-05-25	8	-12.05	-77.17			a		https://s3.amazonaws.com/NARAprodstorage/lz/dc-metro/rg-024/581208/2020-03/581208-omaha-004/581208-omaha-004-070.JPG	https://s3.amazonaws.com/NARAprodstorage/lz/dc-metro/rg-024/581208/2020-03/581208-omaha-004/581208-omaha-004-070.JPG	 						315	325	2	30.17	65	63	62			oc	nimb	0				
1873-05-25	9	-12.05	-77.17			a		https://s3.amazonaws.com/NARAprodstorage/lz/dc-metro/rg-024/581208/2020-03/581208-omaha-004/581208-omaha-004-070.JPG	https://s3.amazonaws.com/NARAprodstorage/lz/dc-metro/rg-024/581208/2020-03/581208-omaha-004/581208-omaha-004-070.JPG	 						315	325	2	30.18	66	64	63			oc	nimb	0				
1873-05-25	10	-12.05	-77.17			a		https://s3.amazonaws.com/NARAprodstorage/lz/dc-metro/rg-024/581208/2020-03/581208-omaha-004/581208-omaha-004-070.JPG	https://s3.amazonaws.com/NARAprodstorage/lz/dc-metro/rg-024/581208/2020-03/581208-omaha-004/581208-omaha-004-070.JPG	 						315	325	2	30.18	66	64	63			bc	cum nim	2				
1873-05-25	11	-12.05	-77.17			a		https://s3.amazonaws.com/NARAprodstorage/lz/dc-metro/rg-024/581208/2020-03/581208-omaha-004/581208-omaha-004-070.JPG	https://s3.amazonaws.com/NARAprodstorage/lz/dc-metro/rg-024/581208/2020-03/581208-omaha-004/581208-omaha-004-070.JPG	 						315	325	2	30.18	66	65	63			bc	cum nim	4				
1873-05-25	12	-12.05	-77.17			a		https://s3.amazonaws.com/NARAprodstorage/lz/dc-metro/rg-024/581208/2020-03/581208-omaha-004/581208-omaha-004-070.JPG	https://s3.amazonaws.com/NARAprodstorage/lz/dc-metro/rg-024/581208/2020-03/581208-omaha-004/581208-omaha-004-070.JPG	"Noon: Callao, Peru"						315	325	2	30.18	66	65	63			bc	cum nim	6				
1873-05-25	13	-12.05	-77.17			a		https://s3.amazonaws.com/NARAprodstorage/lz/dc-metro/rg-024/581208/2020-03/581208-omaha-004/581208-omaha-004-070.JPG	https://s3.amazonaws.com/NARAprodstorage/lz/dc-metro/rg-024/581208/2020-03/581208-omaha-004/581208-omaha-004-070.JPG	 						315	325	5	30.16	67	65	63			bc	cum nim	3				
1873-05-25	14	-12.05	-77.17			a		https://s3.amazonaws.com/NARAprodstorage/lz/dc-metro/rg-024/581208/2020-03/581208-omaha-004/581208-omaha-004-070.JPG	https://s3.amazonaws.com/NARAprodstorage/lz/dc-metro/rg-024/581208/2020-03/581208-omaha-004/581208-omaha-004-070.JPG	 						315	325	5	30.16	67	65	63			bc	cum nim	3				
1873-05-25	15	-12.05	-77.17			a		https://s3.amazonaws.com/NARAprodstorage/lz/dc-metro/rg-024/581208/2020-03/581208-omaha-004/581208-omaha-004-070.JPG	https://s3.amazonaws.com/NARAprodstorage/lz/dc-metro/rg-024/581208/2020-03/581208-omaha-004/581208-omaha-004-070.JPG	 						315	325	5	30.14	67	65	63			bc	cum nim	4				
1873-05-25	16	-12.05	-77.17			a		https://s3.amazonaws.com/NARAprodstorage/lz/dc-metro/rg-024/581208/2020-03/581208-omaha-004/581208-omaha-004-070.JPG	https://s3.amazonaws.com/NARAprodstorage/lz/dc-metro/rg-024/581208/2020-03/581208-omaha-004/581208-omaha-004-070.JPG	 						315	325	5	30.14	67	65	63			bc	cum nim	2				
1873-05-25	17	-12.05	-77.17			a		https://s3.amazonaws.com/NARAprodstorage/lz/dc-metro/rg-024/581208/2020-03/581208-omaha-004/581208-omaha-004-070.JPG	https://s3.amazonaws.com/NARAprodstorage/lz/dc-metro/rg-024/581208/2020-03/581208-omaha-004/581208-omaha-004-070.JPG	 						315	325	2	30.14	66	65	63			bc	cum nim	1				
1873-05-25	18	-12.05	-77.17			a		https://s3.amazonaws.com/NARAprodstorage/lz/dc-metro/rg-024/581208/2020-03/581208-omaha-004/581208-omaha-004-070.JPG	https://s3.amazonaws.com/NARAprodstorage/lz/dc-metro/rg-024/581208/2020-03/581208-omaha-004/581208-omaha-004-070.JPG	 						315	325	2	30.14	66	64	63			oc	cum nim	0				
1873-05-25	19	-12.05	-77.17			a		https://s3.amazonaws.com/NARAprodstorage/lz/dc-metro/rg-024/581208/2020-03/581208-omaha-004/581208-omaha-004-070.JPG	https://s3.amazonaws.com/NARAprodstorage/lz/dc-metro/rg-024/581208/2020-03/581208-omaha-004/581208-omaha-004-070.JPG	 						315	325	2	30.14	66	64	63			oc	cum nim	0				
1873-05-25	20	-12.05	-77.17			a		https://s3.amazonaws.com/NARAprodstorage/lz/dc-metro/rg-024/581208/2020-03/581208-omaha-004/581208-omaha-004-070.JPG	https://s3.amazonaws.com/NARAprodstorage/lz/dc-metro/rg-024/581208/2020-03/581208-omaha-004/581208-omaha-004-070.JPG	 						315	325	2	30.14	66	64	63			oc	cum nim	0				
1873-05-25	21	-12.05	-77.17			a		https://s3.amazonaws.com/NARAprodstorage/lz/dc-metro/rg-024/581208/2020-03/581208-omaha-004/581208-omaha-004-070.JPG	https://s3.amazonaws.com/NARAprodstorage/lz/dc-metro/rg-024/581208/2020-03/581208-omaha-004/581208-omaha-004-070.JPG	 						0	0	0	30.18	65	63	61			ocm	nimb	0				
1873-05-25	22	-12.05	-77.17			a		https://s3.amazonaws.com/NARAprodstorage/lz/dc-metro/rg-024/581208/2020-03/581208-omaha-004/581208-omaha-004-070.JPG	https://s3.amazonaws.com/NARAprodstorage/lz/dc-metro/rg-024/581208/2020-03/581208-omaha-004/581208-omaha-004-070.JPG	 						135	145	2	30.18	65	63	61			ocm	nimb	0				
1873-05-25	23	-12.05	-77.17			a		https://s3.amazonaws.com/NARAprodstorage/lz/dc-metro/rg-024/581208/2020-03/581208-omaha-004/581208-omaha-004-070.JPG	https://s3.amazonaws.com/NARAprodstorage/lz/dc-metro/rg-024/581208/2020-03/581208-omaha-004/581208-omaha-004-070.JPG	 						135	145	2	30.18	65	63	61			ocm	nimb	0				
1873-05-25	24	-12.05	-77.17			a		https://s3.amazonaws.com/NARAprodstorage/lz/dc-metro/rg-024/581208/2020-03/581208-omaha-004/581208-omaha-004-070.JPG	https://s3.amazonaws.com/NARAprodstorage/lz/dc-metro/rg-024/581208/2020-03/581208-omaha-004/581208-omaha-004-070.JPG	 						135	145	2	30.18	65	63	61			ocm	nimb	0				
1873-05-26	1	-12.05	-77.17			a		https://s3.amazonaws.com/NARAprodstorage/lz/dc-metro/rg-024/581208/2020-03/581208-omaha-004/581208-omaha-004-071.JPG	https://s3.amazonaws.com/NARAprodstorage/lz/dc-metro/rg-024/581208/2020-03/581208-omaha-004/581208-omaha-004-071.JPG	 						0	0	0	30.15	64	61	61			ocf	nimb	0				
1873-05-26	2	-12.05	-77.17			a		https://s3.amazonaws.com/NARAprodstorage/lz/dc-metro/rg-024/581208/2020-03/581208-omaha-004/581208-omaha-004-071.JPG	https://s3.amazonaws.com/NARAprodstorage/lz/dc-metro/rg-024/581208/2020-03/581208-omaha-004/581208-omaha-004-071.JPG	 						0	0	0	30.15	64	61	61			ocf	nimb	0				
1873-05-26	3	-12.05	-77.17			a		https://s3.amazonaws.com/NARAprodstorage/lz/dc-metro/rg-024/581208/2020-03/581208-omaha-004/581208-omaha-004-071.JPG	https://s3.amazonaws.com/NARAprodstorage/lz/dc-metro/rg-024/581208/2020-03/581208-omaha-004/581208-omaha-004-071.JPG	 						0	0	0	30.15	64	61	61			ocf	nimb	0				
1873-05-26	4	-12.05	-77.17			a		https://s3.amazonaws.com/NARAprodstorage/lz/dc-metro/rg-024/581208/2020-03/581208-omaha-004/581208-omaha-004-071.JPG	https://s3.amazonaws.com/NARAprodstorage/lz/dc-metro/rg-024/581208/2020-03/581208-omaha-004/581208-omaha-004-071.JPG	 						0	0	0	30.15	64	61	61			ocf	nimb	0				
1873-05-26	5	-12.05	-77.17			a		https://s3.amazonaws.com/NARAprodstorage/lz/dc-metro/rg-024/581208/2020-03/581208-omaha-004/581208-omaha-004-071.JPG	https://s3.amazonaws.com/NARAprodstorage/lz/dc-metro/rg-024/581208/2020-03/581208-omaha-004/581208-omaha-004-071.JPG	 						0	0	0	30.18	65	62	62			ocff	nimb	0				
1873-05-26	6	-12.05	-77.17			a		https://s3.amazonaws.com/NARAprodstorage/lz/dc-metro/rg-024/581208/2020-03/581208-omaha-004/581208-omaha-004-071.JPG	https://s3.amazonaws.com/NARAprodstorage/lz/dc-metro/rg-024/581208/2020-03/581208-omaha-004/581208-omaha-004-071.JPG	 						0	0	0	30.18	65	62	62			ocff	nimb	0				
1873-05-26	7	-12.05	-77.17			a		https://s3.amazonaws.com/NARAprodstorage/lz/dc-metro/rg-024/581208/2020-03/581208-omaha-004/581208-omaha-004-071.JPG	https://s3.amazonaws.com/NARAprodstorage/lz/dc-metro/rg-024/581208/2020-03/581208-omaha-004/581208-omaha-004-071.JPG	 						0	0	0	30.18	65	62	62			ocff	nimb	0				
1873-05-26	8	-12.05	-77.17			a		https://s3.amazonaws.com/NARAprodstorage/lz/dc-metro/rg-024/581208/2020-03/581208-omaha-004/581208-omaha-004-071.JPG	https://s3.amazonaws.com/NARAprodstorage/lz/dc-metro/rg-024/581208/2020-03/581208-omaha-004/581208-omaha-004-071.JPG	 						0	0	0	30.18	65	63	63			ocm	nimb	0				
1873-05-26	9	-12.05	-77.17			a		https://s3.amazonaws.com/NARAprodstorage/lz/dc-metro/rg-024/581208/2020-03/581208-omaha-004/581208-omaha-004-071.JPG	https://s3.amazonaws.com/NARAprodstorage/lz/dc-metro/rg-024/581208/2020-03/581208-omaha-004/581208-omaha-004-071.JPG	 						0	0	0	30.16	65	64	63			oc	cum nim	0				
1873-05-26	10	-12.05	-77.17			a		https://s3.amazonaws.com/NARAprodstorage/lz/dc-metro/rg-024/581208/2020-03/581208-omaha-004/581208-omaha-004-071.JPG	https://s3.amazonaws.com/NARAprodstorage/lz/dc-metro/rg-024/581208/2020-03/581208-omaha-004/581208-omaha-004-071.JPG	 						0	0	0	30.14	65	64	63			oc	cum nim	0				
1873-05-26	11	-12.05	-77.17			a		https://s3.amazonaws.com/NARAprodstorage/lz/dc-metro/rg-024/581208/2020-03/581208-omaha-004/581208-omaha-004-071.JPG	https://s3.amazonaws.com/NARAprodstorage/lz/dc-metro/rg-024/581208/2020-03/581208-omaha-004/581208-omaha-004-071.JPG	 						0	0	0	30.12	65	64	63			oc	cum nim	0				
1873-05-26	12	-12.05	-77.17			a		https://s3.amazonaws.com/NARAprodstorage/lz/dc-metro/rg-024/581208/2020-03/581208-omaha-004/581208-omaha-004-071.JPG	https://s3.amazonaws.com/NARAprodstorage/lz/dc-metro/rg-024/581208/2020-03/581208-omaha-004/581208-omaha-004-071.JPG	"Noon: Callao, Peru"						315	325	2	30.12	65	64	63			oc	cum nim	0				
1873-05-26	13	-12.05	-77.17			a		https://s3.amazonaws.com/NARAprodstorage/lz/dc-metro/rg-024/581208/2020-03/581208-omaha-004/581208-omaha-004-071.JPG	https://s3.amazonaws.com/NARAprodstorage/lz/dc-metro/rg-024/581208/2020-03/581208-omaha-004/581208-omaha-004-071.JPG	 						270	280	5	30.18	67	65	63			bc	cum nimb	1				
1873-05-26	14	-12.05	-77.17			a		https://s3.amazonaws.com/NARAprodstorage/lz/dc-metro/rg-024/581208/2020-03/581208-omaha-004/581208-omaha-004-071.JPG	https://s3.amazonaws.com/NARAprodstorage/lz/dc-metro/rg-024/581208/2020-03/581208-omaha-004/581208-omaha-004-071.JPG	 						270	280	5	30.18	67	65	63			bc	cum nimb	1				
1873-05-26	15	-12.05	-77.17			a		https://s3.amazonaws.com/NARAprodstorage/lz/dc-metro/rg-024/581208/2020-03/581208-omaha-004/581208-omaha-004-071.JPG	https://s3.amazonaws.com/NARAprodstorage/lz/dc-metro/rg-024/581208/2020-03/581208-omaha-004/581208-omaha-004-071.JPG	 						270	280	5	30.18	67	65	63			bc	cum nimb	1				
1873-05-26	16	-12.05	-77.17			a		https://s3.amazonaws.com/NARAprodstorage/lz/dc-metro/rg-024/581208/2020-03/581208-omaha-004/581208-omaha-004-071.JPG	https://s3.amazonaws.com/NARAprodstorage/lz/dc-metro/rg-024/581208/2020-03/581208-omaha-004/581208-omaha-004-071.JPG	 						270	280	5	30.18	67	65	63			bc	cum nimb	1				
1873-05-26	17	-12.05	-77.17			a		https://s3.amazonaws.com/NARAprodstorage/lz/dc-metro/rg-024/581208/2020-03/581208-omaha-004/581208-omaha-004-071.JPG	https://s3.amazonaws.com/NARAprodstorage/lz/dc-metro/rg-024/581208/2020-03/581208-omaha-004/581208-omaha-004-071.JPG	 						315	325	2	30.16	66	65	63			bc	cum nimb	2				
1873-05-26	18	-12.05	-77.17			a		https://s3.amazonaws.com/NARAprodstorage/lz/dc-metro/rg-024/581208/2020-03/581208-omaha-004/581208-omaha-004-071.JPG	https://s3.amazonaws.com/NARAprodstorage/lz/dc-metro/rg-024/581208/2020-03/581208-omaha-004/581208-omaha-004-071.JPG	 						315	325	2	30.16	66	65	63			bc	cum nimb	3				
1873-05-26	19	-12.05	-77.17			a		https://s3.amazonaws.com/NARAprodstorage/lz/dc-metro/rg-024/581208/2020-03/581208-omaha-004/581208-omaha-004-071.JPG	https://s3.amazonaws.com/NARAprodstorage/lz/dc-metro/rg-024/581208/2020-03/581208-omaha-004/581208-omaha-004-071.JPG	 						0	0	0	30.16	66	65	63			bc	cum nimb	3				
1873-05-26	20	-12.05	-77.17			a		https://s3.amazonaws.com/NARAprodstorage/lz/dc-metro/rg-024/581208/2020-03/581208-omaha-004/581208-omaha-004-071.JPG	https://s3.amazonaws.com/NARAprodstorage/lz/dc-metro/rg-024/581208/2020-03/581208-omaha-004/581208-omaha-004-071.JPG	 						0	0	0	30.16	66	65	63			bc	cum nimb	3				
1873-05-26	21	-12.05	-77.17			a		https://s3.amazonaws.com/NARAprodstorage/lz/dc-metro/rg-024/581208/2020-03/581208-omaha-004/581208-omaha-004-071.JPG	https://s3.amazonaws.com/NARAprodstorage/lz/dc-metro/rg-024/581208/2020-03/581208-omaha-004/581208-omaha-004-071.JPG	 						0	0	0	30.18	66	65	63			bc	cum nimb	2				
1873-05-26	22	-12.05	-77.17			a		https://s3.amazonaws.com/NARAprodstorage/lz/dc-metro/rg-024/581208/2020-03/581208-omaha-004/581208-omaha-004-071.JPG	https://s3.amazonaws.com/NARAprodstorage/lz/dc-metro/rg-024/581208/2020-03/581208-omaha-004/581208-omaha-004-071.JPG	 						0	0	0	30.18	66	64	62			bc	cum nimb	2				
1873-05-26	23	-12.05	-77.17			a		https://s3.amazonaws.com/NARAprodstorage/lz/dc-metro/rg-024/581208/2020-03/581208-omaha-004/581208-omaha-004-071.JPG	https://s3.amazonaws.com/NARAprodstorage/lz/dc-metro/rg-024/581208/2020-03/581208-omaha-004/581208-omaha-004-071.JPG	 						0	0	0	30.2	65	64	62			bc	cum nimb	2				
1873-05-26	24	-12.05	-77.17			a		https://s3.amazonaws.com/NARAprodstorage/lz/dc-metro/rg-024/581208/2020-03/581208-omaha-004/581208-omaha-004-071.JPG	https://s3.amazonaws.com/NARAprodstorage/lz/dc-metro/rg-024/581208/2020-03/581208-omaha-004/581208-omaha-004-071.JPG	 						0	0	0	30.2	65	63	62			bc	cum nimb	2				
1873-05-27	1	-12.05	-77.17			a		https://s3.amazonaws.com/NARAprodstorage/lz/dc-metro/rg-024/581208/2020-03/581208-omaha-004/581208-omaha-004-072.JPG	https://s3.amazonaws.com/NARAprodstorage/lz/dc-metro/rg-024/581208/2020-03/581208-omaha-004/581208-omaha-004-072.JPG	 						0	0	0	30.19	65	64	63	63		o	nimb	0				
1873-05-27	2	-12.05	-77.17			a		https://s3.amazonaws.com/NARAprodstorage/lz/dc-metro/rg-024/581208/2020-03/581208-omaha-004/581208-omaha-004-072.JPG	https://s3.amazonaws.com/NARAprodstorage/lz/dc-metro/rg-024/581208/2020-03/581208-omaha-004/581208-omaha-004-072.JPG	 						0	0	0	30.19	65	64	63	63		o	nimb	0				
1873-05-27	3	-12.05	-77.17			a		https://s3.amazonaws.com/NARAprodstorage/lz/dc-metro/rg-024/581208/2020-03/581208-omaha-004/581208-omaha-004-072.JPG	https://s3.amazonaws.com/NARAprodstorage/lz/dc-metro/rg-024/581208/2020-03/581208-omaha-004/581208-omaha-004-072.JPG	 						0	0	0	30.19	65	64	63	63		o	nimb	0				
1873-05-27	4	-12.05	-77.17			a		https://s3.amazonaws.com/NARAprodstorage/lz/dc-metro/rg-024/581208/2020-03/581208-omaha-004/581208-omaha-004-072.JPG	https://s3.amazonaws.com/NARAprodstorage/lz/dc-metro/rg-024/581208/2020-03/581208-omaha-004/581208-omaha-004-072.JPG	 						0	0	0	30.18	65	64	63	63		o	nimb	0				
1873-05-27	5	-12.05	-77.17			a		https://s3.amazonaws.com/NARAprodstorage/lz/dc-metro/rg-024/581208/2020-03/581208-omaha-004/581208-omaha-004-072.JPG	https://s3.amazonaws.com/NARAprodstorage/lz/dc-metro/rg-024/581208/2020-03/581208-omaha-004/581208-omaha-004-072.JPG	 						0	0	0	30.2	65	64	63			oc	nimb	0				
1873-05-27	6	-12.05	-77.17			a		https://s3.amazonaws.com/NARAprodstorage/lz/dc-metro/rg-024/581208/2020-03/581208-omaha-004/581208-omaha-004-072.JPG	https://s3.amazonaws.com/NARAprodstorage/lz/dc-metro/rg-024/581208/2020-03/581208-omaha-004/581208-omaha-004-072.JPG	 						0	0	0	30.22	65	64	63			oc	nimb	0				
1873-05-27	7	-12.05	-77.17			a		https://s3.amazonaws.com/NARAprodstorage/lz/dc-metro/rg-024/581208/2020-03/581208-omaha-004/581208-omaha-004-072.JPG	https://s3.amazonaws.com/NARAprodstorage/lz/dc-metro/rg-024/581208/2020-03/581208-omaha-004/581208-omaha-004-072.JPG	 						0	0	0	30.22	65	64	63			oc	nimb	0				
1873-05-27	8	-12.05	-77.17			a		https://s3.amazonaws.com/NARAprodstorage/lz/dc-metro/rg-024/581208/2020-03/581208-omaha-004/581208-omaha-004-072.JPG	https://s3.amazonaws.com/NARAprodstorage/lz/dc-metro/rg-024/581208/2020-03/581208-omaha-004/581208-omaha-004-072.JPG	 						0	0	0	30.22	65	64	63			oc	nimb	0				
1873-05-27	9	-12.05	-77.17			a		https://s3.amazonaws.com/NARAprodstorage/lz/dc-metro/rg-024/581208/2020-03/581208-omaha-004/581208-omaha-004-072.JPG	https://s3.amazonaws.com/NARAprodstorage/lz/dc-metro/rg-024/581208/2020-03/581208-omaha-004/581208-omaha-004-072.JPG	 						158	168	2	30.22	65	63	63			ocm	nimb	0				
1873-05-27	10	-12.05	-77.17			a		https://s3.amazonaws.com/NARAprodstorage/lz/dc-metro/rg-024/581208/2020-03/581208-omaha-004/581208-omaha-004-072.JPG	https://s3.amazonaws.com/NARAprodstorage/lz/dc-metro/rg-024/581208/2020-03/581208-omaha-004/581208-omaha-004-072.JPG	 						158	168	2	30.22	65	63	63			ocm	nimb	0				
1873-05-27	11	-12.05	-77.17			a		https://s3.amazonaws.com/NARAprodstorage/lz/dc-metro/rg-024/581208/2020-03/581208-omaha-004/581208-omaha-004-072.JPG	https://s3.amazonaws.com/NARAprodstorage/lz/dc-metro/rg-024/581208/2020-03/581208-omaha-004/581208-omaha-004-072.JPG	 						158	168	2	30.22	65	63	63			ocm	nimb	0				
1873-05-27	12	-12.05	-77.17			a		https://s3.amazonaws.com/NARAprodstorage/lz/dc-metro/rg-024/581208/2020-03/581208-omaha-004/581208-omaha-004-072.JPG	https://s3.amazonaws.com/NARAprodstorage/lz/dc-metro/rg-024/581208/2020-03/581208-omaha-004/581208-omaha-004-072.JPG	"Noon: Callao, Peru"						158	168	2	30.22	65	63	63			ocm	nimb	0				
1873-05-27	13	-12.05	-77.17			a		https://s3.amazonaws.com/NARAprodstorage/lz/dc-metro/rg-024/581208/2020-03/581208-omaha-004/581208-omaha-004-072.JPG	https://s3.amazonaws.com/NARAprodstorage/lz/dc-metro/rg-024/581208/2020-03/581208-omaha-004/581208-omaha-004-072.JPG	 						158	168	8	30.2	65	64	63	63		oc	nimb	0				
1873-05-27	14	-12.05	-77.17			a		https://s3.amazonaws.com/NARAprodstorage/lz/dc-metro/rg-024/581208/2020-03/581208-omaha-004/581208-omaha-004-072.JPG	https://s3.amazonaws.com/NARAprodstorage/lz/dc-metro/rg-024/581208/2020-03/581208-omaha-004/581208-omaha-004-072.JPG	 						158	168	8	30.2	65	64	63	63		oc	nimb	0				
1873-05-27	15	-12.05	-77.17			a		https://s3.amazonaws.com/NARAprodstorage/lz/dc-metro/rg-024/581208/2020-03/581208-omaha-004/581208-omaha-004-072.JPG	https://s3.amazonaws.com/NARAprodstorage/lz/dc-metro/rg-024/581208/2020-03/581208-omaha-004/581208-omaha-004-072.JPG	 						158	168	8	30.2	65	64	63	63		oc	nimb	0				
1873-05-27	16	-12.05	-77.17			a		https://s3.amazonaws.com/NARAprodstorage/lz/dc-metro/rg-024/581208/2020-03/581208-omaha-004/581208-omaha-004-072.JPG	https://s3.amazonaws.com/NARAprodstorage/lz/dc-metro/rg-024/581208/2020-03/581208-omaha-004/581208-omaha-004-072.JPG	 						158	168	8	30.18	65	64	63	63		oc	nimb	0				
1873-05-27	17	-12.05	-77.17			a		https://s3.amazonaws.com/NARAprodstorage/lz/dc-metro/rg-024/581208/2020-03/581208-omaha-004/581208-omaha-004-072.JPG	https://s3.amazonaws.com/NARAprodstorage/lz/dc-metro/rg-024/581208/2020-03/581208-omaha-004/581208-omaha-004-072.JPG	 						158	168	8	30.17	64	63	63	63		oc	cum nim	2				
1873-05-27	18	-12.05	-77.17			a		https://s3.amazonaws.com/NARAprodstorage/lz/dc-metro/rg-024/581208/2020-03/581208-omaha-004/581208-omaha-004-072.JPG	https://s3.amazonaws.com/NARAprodstorage/lz/dc-metro/rg-024/581208/2020-03/581208-omaha-004/581208-omaha-004-072.JPG	 						158	168	8	30.17	64	63	63	63		oc	cum nim	2				
1873-05-27	19	-12.05	-77.17			a		https://s3.amazonaws.com/NARAprodstorage/lz/dc-metro/rg-024/581208/2020-03/581208-omaha-004/581208-omaha-004-072.JPG	https://s3.amazonaws.com/NARAprodstorage/lz/dc-metro/rg-024/581208/2020-03/581208-omaha-004/581208-omaha-004-072.JPG	 						158	168	8	30.16	64	62	63	63		oc	cum nim	2				
1873-05-27	20	-12.05	-77.17			a		https://s3.amazonaws.com/NARAprodstorage/lz/dc-metro/rg-024/581208/2020-03/581208-omaha-004/581208-omaha-004-072.JPG	https://s3.amazonaws.com/NARAprodstorage/lz/dc-metro/rg-024/581208/2020-03/581208-omaha-004/581208-omaha-004-072.JPG	 						158	168	8	30.16	64	62	63	63		oc	cum nim	2				
1873-05-27	21	-12.05	-77.17			a		https://s3.amazonaws.com/NARAprodstorage/lz/dc-metro/rg-024/581208/2020-03/581208-omaha-004/581208-omaha-004-072.JPG	https://s3.amazonaws.com/NARAprodstorage/lz/dc-metro/rg-024/581208/2020-03/581208-omaha-004/581208-omaha-004-072.JPG	 						135	145	8	30.15	64	64	63	62		oc	cum nim	0				
1873-05-27	22	-12.05	-77.17			a		https://s3.amazonaws.com/NARAprodstorage/lz/dc-metro/rg-024/581208/2020-03/581208-omaha-004/581208-omaha-004-072.JPG	https://s3.amazonaws.com/NARAprodstorage/lz/dc-metro/rg-024/581208/2020-03/581208-omaha-004/581208-omaha-004-072.JPG	 						135	145	8	30.17	64	64	63	62		oc	cum nim	0				
1873-05-27	23	-12.05	-77.17			a		https://s3.amazonaws.com/NARAprodstorage/lz/dc-metro/rg-024/581208/2020-03/581208-omaha-004/581208-omaha-004-072.JPG	https://s3.amazonaws.com/NARAprodstorage/lz/dc-metro/rg-024/581208/2020-03/581208-omaha-004/581208-omaha-004-072.JPG	 						135	145	5	30.18	63	64	63	62		oc	cum nim	0				
1873-05-27	24	-12.05	-77.17			a		https://s3.amazonaws.com/NARAprodstorage/lz/dc-metro/rg-024/581208/2020-03/581208-omaha-004/581208-omaha-004-072.JPG	https://s3.amazonaws.com/NARAprodstorage/lz/dc-metro/rg-024/581208/2020-03/581208-omaha-004/581208-omaha-004-072.JPG	 						135	145	2	30.17	63	64	63	62		oc	cum nim	0				
1873-05-28	1	-12.05	-77.17			a		https://s3.amazonaws.com/NARAprodstorage/lz/dc-metro/rg-024/581208/2020-03/581208-omaha-004/581208-omaha-004-073.JPG	https://s3.amazonaws.com/NARAprodstorage/lz/dc-metro/rg-024/581208/2020-03/581208-omaha-004/581208-omaha-004-073.JPG	 						135	145	2	30.18	65	63	62			oc	nimb	0				
1873-05-28	2	-12.05	-77.17			a		https://s3.amazonaws.com/NARAprodstorage/lz/dc-metro/rg-024/581208/2020-03/581208-omaha-004/581208-omaha-004-073.JPG	https://s3.amazonaws.com/NARAprodstorage/lz/dc-metro/rg-024/581208/2020-03/581208-omaha-004/581208-omaha-004-073.JPG	 						135	145	2	30.18	65	63	62			oc	nimb	0				
1873-05-28	3	-12.05	-77.17			a		https://s3.amazonaws.com/NARAprodstorage/lz/dc-metro/rg-024/581208/2020-03/581208-omaha-004/581208-omaha-004-073.JPG	https://s3.amazonaws.com/NARAprodstorage/lz/dc-metro/rg-024/581208/2020-03/581208-omaha-004/581208-omaha-004-073.JPG	 						135	145	2	30.18	65	63	62			oc	nimb	0				
1873-05-28	4	-12.05	-77.17			a		https://s3.amazonaws.com/NARAprodstorage/lz/dc-metro/rg-024/581208/2020-03/581208-omaha-004/581208-omaha-004-073.JPG	https://s3.amazonaws.com/NARAprodstorage/lz/dc-metro/rg-024/581208/2020-03/581208-omaha-004/581208-omaha-004-073.JPG	 						135	145	2	30.18	65	63	62			oc	nimb	0				
1873-05-28	5	-12.05	-77.17			a		https://s3.amazonaws.com/NARAprodstorage/lz/dc-metro/rg-024/581208/2020-03/581208-omaha-004/581208-omaha-004-073.JPG	https://s3.amazonaws.com/NARAprodstorage/lz/dc-metro/rg-024/581208/2020-03/581208-omaha-004/581208-omaha-004-073.JPG	 						135	145	2	30.2	64	62	61			oc	nimb	0				
1873-05-28	6	-12.05	-77.17			a		https://s3.amazonaws.com/NARAprodstorage/lz/dc-metro/rg-024/581208/2020-03/581208-omaha-004/581208-omaha-004-073.JPG	https://s3.amazonaws.com/NARAprodstorage/lz/dc-metro/rg-024/581208/2020-03/581208-omaha-004/581208-omaha-004-073.JPG	 						135	145	2	30.2	64	62	61			oc	nimb	0				
1873-05-28	7	-12.05	-77.17			a		https://s3.amazonaws.com/NARAprodstorage/lz/dc-metro/rg-024/581208/2020-03/581208-omaha-004/581208-omaha-004-073.JPG	https://s3.amazonaws.com/NARAprodstorage/lz/dc-metro/rg-024/581208/2020-03/581208-omaha-004/581208-omaha-004-073.JPG	 						135	145	2	30.2	64	62	61			oc	nimb	0				
1873-05-28	8	-12.05	-77.17			a		https://s3.amazonaws.com/NARAprodstorage/lz/dc-metro/rg-024/581208/2020-03/581208-omaha-004/581208-omaha-004-073.JPG	https://s3.amazonaws.com/NARAprodstorage/lz/dc-metro/rg-024/581208/2020-03/581208-omaha-004/581208-omaha-004-073.JPG	 						135	145	2	30.2	64	62	61			oc	nimb	0				
1873-05-28	9	-12.05	-77.17			a		https://s3.amazonaws.com/NARAprodstorage/lz/dc-metro/rg-024/581208/2020-03/581208-omaha-004/581208-omaha-004-073.JPG	https://s3.amazonaws.com/NARAprodstorage/lz/dc-metro/rg-024/581208/2020-03/581208-omaha-004/581208-omaha-004-073.JPG	 						0	0	0	30.2	65	64	62			ocm	nimb	0				
1873-05-28	10	-12.05	-77.17			a		https://s3.amazonaws.com/NARAprodstorage/lz/dc-metro/rg-024/581208/2020-03/581208-omaha-004/581208-omaha-004-073.JPG	https://s3.amazonaws.com/NARAprodstorage/lz/dc-metro/rg-024/581208/2020-03/581208-omaha-004/581208-omaha-004-073.JPG	 						0	0	0	30.2	65	64	62			ocm	nimb	0				
1873-05-28	11	-12.05	-77.17			a		https://s3.amazonaws.com/NARAprodstorage/lz/dc-metro/rg-024/581208/2020-03/581208-omaha-004/581208-omaha-004-073.JPG	https://s3.amazonaws.com/NARAprodstorage/lz/dc-metro/rg-024/581208/2020-03/581208-omaha-004/581208-omaha-004-073.JPG	 						0	0	0	30.2	65	64	62			ocm	nimb	0				
1873-05-28	12	-12.05	-77.17			a		https://s3.amazonaws.com/NARAprodstorage/lz/dc-metro/rg-024/581208/2020-03/581208-omaha-004/581208-omaha-004-073.JPG	https://s3.amazonaws.com/NARAprodstorage/lz/dc-metro/rg-024/581208/2020-03/581208-omaha-004/581208-omaha-004-073.JPG	"Noon: Callao, Peru"						0	0	0	30.2	65	64	62			ocm	nimb	0				
1873-05-28	13	-12.05	-77.17			a		https://s3.amazonaws.com/NARAprodstorage/lz/dc-metro/rg-024/581208/2020-03/581208-omaha-004/581208-omaha-004-073.JPG	https://s3.amazonaws.com/NARAprodstorage/lz/dc-metro/rg-024/581208/2020-03/581208-omaha-004/581208-omaha-004-073.JPG	 						169	179	2	30.14	66	64	63			oc	nimb	0				
1873-05-28	14	-12.05	-77.17			a		https://s3.amazonaws.com/NARAprodstorage/lz/dc-metro/rg-024/581208/2020-03/581208-omaha-004/581208-omaha-004-073.JPG	https://s3.amazonaws.com/NARAprodstorage/lz/dc-metro/rg-024/581208/2020-03/581208-omaha-004/581208-omaha-004-073.JPG	 						169	179	2	30.14	66	64	63			oc	nimb	0				
1873-05-28	15	-12.05	-77.17			a		https://s3.amazonaws.com/NARAprodstorage/lz/dc-metro/rg-024/581208/2020-03/581208-omaha-004/581208-omaha-004-073.JPG	https://s3.amazonaws.com/NARAprodstorage/lz/dc-metro/rg-024/581208/2020-03/581208-omaha-004/581208-omaha-004-073.JPG	 						169	179	2	30.12	66	64	63			oc	nimb	0				
1873-05-28	16	-12.05	-77.17			a		https://s3.amazonaws.com/NARAprodstorage/lz/dc-metro/rg-024/581208/2020-03/581208-omaha-004/581208-omaha-004-073.JPG	https://s3.amazonaws.com/NARAprodstorage/lz/dc-metro/rg-024/581208/2020-03/581208-omaha-004/581208-omaha-004-073.JPG	 						169	179	2	30.12	66	64	63			oc	nimb	0				
1873-05-28	17	-12.05	-77.17			a		https://s3.amazonaws.com/NARAprodstorage/lz/dc-metro/rg-024/581208/2020-03/581208-omaha-004/581208-omaha-004-073.JPG	https://s3.amazonaws.com/NARAprodstorage/lz/dc-metro/rg-024/581208/2020-03/581208-omaha-004/581208-omaha-004-073.JPG	 						180	190	2	30.12	66	64	63			oc	nimb	0				
1873-05-28	18	-12.05	-77.17			a		https://s3.amazonaws.com/NARAprodstorage/lz/dc-metro/rg-024/581208/2020-03/581208-omaha-004/581208-omaha-004-073.JPG	https://s3.amazonaws.com/NARAprodstorage/lz/dc-metro/rg-024/581208/2020-03/581208-omaha-004/581208-omaha-004-073.JPG	 						180	190	2	30.14	66	64	63			oc	nimb	0				
1873-05-28	19	-12.05	-77.17			a		https://s3.amazonaws.com/NARAprodstorage/lz/dc-metro/rg-024/581208/2020-03/581208-omaha-004/581208-omaha-004-073.JPG	https://s3.amazonaws.com/NARAprodstorage/lz/dc-metro/rg-024/581208/2020-03/581208-omaha-004/581208-omaha-004-073.JPG	 						0	0	0	30.16	66	63				oc	nimb	0				
1873-05-28	20	-12.05	-77.17			a		https://s3.amazonaws.com/NARAprodstorage/lz/dc-metro/rg-024/581208/2020-03/581208-omaha-004/581208-omaha-004-073.JPG	https://s3.amazonaws.com/NARAprodstorage/lz/dc-metro/rg-024/581208/2020-03/581208-omaha-004/581208-omaha-004-073.JPG	 						0	0	0	30.18	67	63	62			oc	nimb	0				
1873-05-28	21	-12.05	-77.17			a		https://s3.amazonaws.com/NARAprodstorage/lz/dc-metro/rg-024/581208/2020-03/581208-omaha-004/581208-omaha-004-073.JPG	https://s3.amazonaws.com/NARAprodstorage/lz/dc-metro/rg-024/581208/2020-03/581208-omaha-004/581208-omaha-004-073.JPG	 						0	0	0	30.16	66	63	63			oc	nimb	0				
1873-05-28	22	-12.05	-77.17			a		https://s3.amazonaws.com/NARAprodstorage/lz/dc-metro/rg-024/581208/2020-03/581208-omaha-004/581208-omaha-004-073.JPG	https://s3.amazonaws.com/NARAprodstorage/lz/dc-metro/rg-024/581208/2020-03/581208-omaha-004/581208-omaha-004-073.JPG	 						0	0	0	30.16	66	63	63			oc	nimb	0				
1873-05-28	23	-12.05	-77.17			a		https://s3.amazonaws.com/NARAprodstorage/lz/dc-metro/rg-024/581208/2020-03/581208-omaha-004/581208-omaha-004-073.JPG	https://s3.amazonaws.com/NARAprodstorage/lz/dc-metro/rg-024/581208/2020-03/581208-omaha-004/581208-omaha-004-073.JPG	 						0	0	0	30.16	65	63	63			oc	nimb	0				
1873-05-28	24	-12.05	-77.17			a		https://s3.amazonaws.com/NARAprodstorage/lz/dc-metro/rg-024/581208/2020-03/581208-omaha-004/581208-omaha-004-073.JPG	https://s3.amazonaws.com/NARAprodstorage/lz/dc-metro/rg-024/581208/2020-03/581208-omaha-004/581208-omaha-004-073.JPG	 						0	0	0	30.14	65	63	63			oc	nimb	0				
1873-05-29	1	-12.05	-77.17			a		https://s3.amazonaws.com/NARAprodstorage/lz/dc-metro/rg-024/581208/2020-03/581208-omaha-004/581208-omaha-004-074.JPG	https://s3.amazonaws.com/NARAprodstorage/lz/dc-metro/rg-024/581208/2020-03/581208-omaha-004/581208-omaha-004-074.JPG	 						0	0	0	30.13	65	63	62			oc	nimb	0				
1873-05-29	2	-12.05	-77.17			a		https://s3.amazonaws.com/NARAprodstorage/lz/dc-metro/rg-024/581208/2020-03/581208-omaha-004/581208-omaha-004-074.JPG	https://s3.amazonaws.com/NARAprodstorage/lz/dc-metro/rg-024/581208/2020-03/581208-omaha-004/581208-omaha-004-074.JPG	 						0	0	0	30.13	65	63	62			oc	nimb	0				
1873-05-29	3	-12.05	-77.17			a		https://s3.amazonaws.com/NARAprodstorage/lz/dc-metro/rg-024/581208/2020-03/581208-omaha-004/581208-omaha-004-074.JPG	https://s3.amazonaws.com/NARAprodstorage/lz/dc-metro/rg-024/581208/2020-03/581208-omaha-004/581208-omaha-004-074.JPG	 						0	0	0	30.13	65	63	62			ocm	nimb	0				
1873-05-29	4	-12.05	-77.17			a		https://s3.amazonaws.com/NARAprodstorage/lz/dc-metro/rg-024/581208/2020-03/581208-omaha-004/581208-omaha-004-074.JPG	https://s3.amazonaws.com/NARAprodstorage/lz/dc-metro/rg-024/581208/2020-03/581208-omaha-004/581208-omaha-004-074.JPG	 						0	0	0	30.13	65	63	62			ocm	nimb	0				
1873-05-29	5	-12.05	-77.17			a		https://s3.amazonaws.com/NARAprodstorage/lz/dc-metro/rg-024/581208/2020-03/581208-omaha-004/581208-omaha-004-074.JPG	https://s3.amazonaws.com/NARAprodstorage/lz/dc-metro/rg-024/581208/2020-03/581208-omaha-004/581208-omaha-004-074.JPG	 						0	0	0	30.13	65	61	61			ocm	nimb	0				
1873-05-29	6	-12.05	-77.17			a		https://s3.amazonaws.com/NARAprodstorage/lz/dc-metro/rg-024/581208/2020-03/581208-omaha-004/581208-omaha-004-074.JPG	https://s3.amazonaws.com/NARAprodstorage/lz/dc-metro/rg-024/581208/2020-03/581208-omaha-004/581208-omaha-004-074.JPG	 						360	10	2	30.13	65	61	61			ocm	nimb	0				
1873-05-29	7	-12.05	-77.17			a		https://s3.amazonaws.com/NARAprodstorage/lz/dc-metro/rg-024/581208/2020-03/581208-omaha-004/581208-omaha-004-074.JPG	https://s3.amazonaws.com/NARAprodstorage/lz/dc-metro/rg-024/581208/2020-03/581208-omaha-004/581208-omaha-004-074.JPG	 						360	10	2	30.13	65	61	61			ocm	nimb	0				
1873-05-29	8	-12.05	-77.17			a		https://s3.amazonaws.com/NARAprodstorage/lz/dc-metro/rg-024/581208/2020-03/581208-omaha-004/581208-omaha-004-074.JPG	https://s3.amazonaws.com/NARAprodstorage/lz/dc-metro/rg-024/581208/2020-03/581208-omaha-004/581208-omaha-004-074.JPG	 						360	10	2	30.13	65	61	61			ocm	nimb	0				
1873-05-29	9	-12.05	-77.17			a		https://s3.amazonaws.com/NARAprodstorage/lz/dc-metro/rg-024/581208/2020-03/581208-omaha-004/581208-omaha-004-074.JPG	https://s3.amazonaws.com/NARAprodstorage/lz/dc-metro/rg-024/581208/2020-03/581208-omaha-004/581208-omaha-004-074.JPG	 						349	359	2	30.16	66	64	62			oc	cum nimb	0				
1873-05-29	10	-12.05	-77.17			a		https://s3.amazonaws.com/NARAprodstorage/lz/dc-metro/rg-024/581208/2020-03/581208-omaha-004/581208-omaha-004-074.JPG	https://s3.amazonaws.com/NARAprodstorage/lz/dc-metro/rg-024/581208/2020-03/581208-omaha-004/581208-omaha-004-074.JPG	 						349	359	2	30.16	66	64	63			oc	cum nimb	0				
1873-05-29	11	-12.05	-77.17			a		https://s3.amazonaws.com/NARAprodstorage/lz/dc-metro/rg-024/581208/2020-03/581208-omaha-004/581208-omaha-004-074.JPG	https://s3.amazonaws.com/NARAprodstorage/lz/dc-metro/rg-024/581208/2020-03/581208-omaha-004/581208-omaha-004-074.JPG	 						349	359	2	30.18	66	64	63			oc	cum nimb	0				
1873-05-29	12	-12.05	-77.17			a		https://s3.amazonaws.com/NARAprodstorage/lz/dc-metro/rg-024/581208/2020-03/581208-omaha-004/581208-omaha-004-074.JPG	https://s3.amazonaws.com/NARAprodstorage/lz/dc-metro/rg-024/581208/2020-03/581208-omaha-004/581208-omaha-004-074.JPG	"Noon: Callao, Peru"						349	359	2	30.18	66	64	63			bc	cum nimb	1				
1873-05-29	13	-12.05	-77.17			a		https://s3.amazonaws.com/NARAprodstorage/lz/dc-metro/rg-024/581208/2020-03/581208-omaha-004/581208-omaha-004-074.JPG	https://s3.amazonaws.com/NARAprodstorage/lz/dc-metro/rg-024/581208/2020-03/581208-omaha-004/581208-omaha-004-074.JPG	 						315	325	5	30.15	66	63	62			bc	cum nim	2				
1873-05-29	14	-12.05	-77.17			a		https://s3.amazonaws.com/NARAprodstorage/lz/dc-metro/rg-024/581208/2020-03/581208-omaha-004/581208-omaha-004-074.JPG	https://s3.amazonaws.com/NARAprodstorage/lz/dc-metro/rg-024/581208/2020-03/581208-omaha-004/581208-omaha-004-074.JPG	 						315	325	5	30.15	66	63	62			bc	cum nim	2				
1873-05-29	15	-12.05	-77.17			a		https://s3.amazonaws.com/NARAprodstorage/lz/dc-metro/rg-024/581208/2020-03/581208-omaha-004/581208-omaha-004-074.JPG	https://s3.amazonaws.com/NARAprodstorage/lz/dc-metro/rg-024/581208/2020-03/581208-omaha-004/581208-omaha-004-074.JPG	 						315	325	5	30.15	66	63	62			bc	cum nim	1				
1873-05-29	16	-12.05	-77.17			a		https://s3.amazonaws.com/NARAprodstorage/lz/dc-metro/rg-024/581208/2020-03/581208-omaha-004/581208-omaha-004-074.JPG	https://s3.amazonaws.com/NARAprodstorage/lz/dc-metro/rg-024/581208/2020-03/581208-omaha-004/581208-omaha-004-074.JPG	 						315	325	5	30.15	66	63	62			bc	cum nim	1				
1873-05-29	17	-12.05	-77.17			a		https://s3.amazonaws.com/NARAprodstorage/lz/dc-metro/rg-024/581208/2020-03/581208-omaha-004/581208-omaha-004-074.JPG	https://s3.amazonaws.com/NARAprodstorage/lz/dc-metro/rg-024/581208/2020-03/581208-omaha-004/581208-omaha-004-074.JPG	 						315	325	2	30.15	65	63	62			oc	cum nim	0				
1873-05-29	18	-12.05	-77.17			a		https://s3.amazonaws.com/NARAprodstorage/lz/dc-metro/rg-024/581208/2020-03/581208-omaha-004/581208-omaha-004-074.JPG	https://s3.amazonaws.com/NARAprodstorage/lz/dc-metro/rg-024/581208/2020-03/581208-omaha-004/581208-omaha-004-074.JPG	 						315	325	2	30.15	65	62	62			oc	cum nim	0				
1873-05-29	19	-12.05	-77.17			a		https://s3.amazonaws.com/NARAprodstorage/lz/dc-metro/rg-024/581208/2020-03/581208-omaha-004/581208-omaha-004-074.JPG	https://s3.amazonaws.com/NARAprodstorage/lz/dc-metro/rg-024/581208/2020-03/581208-omaha-004/581208-omaha-004-074.JPG	 						315	325	2	30.15	65	62	62			oc	cum nim	0				
1873-05-29	20	-12.05	-77.17			a		https://s3.amazonaws.com/NARAprodstorage/lz/dc-metro/rg-024/581208/2020-03/581208-omaha-004/581208-omaha-004-074.JPG	https://s3.amazonaws.com/NARAprodstorage/lz/dc-metro/rg-024/581208/2020-03/581208-omaha-004/581208-omaha-004-074.JPG	 						315	325	2	30.15	65	62	61			oc	cum nim	0				
1873-05-29	21	-12.05	-77.17			a		https://s3.amazonaws.com/NARAprodstorage/lz/dc-metro/rg-024/581208/2020-03/581208-omaha-004/581208-omaha-004-074.JPG	https://s3.amazonaws.com/NARAprodstorage/lz/dc-metro/rg-024/581208/2020-03/581208-omaha-004/581208-omaha-004-074.JPG	 						135	145	2	30.16	65	62	61			ocm	cum nim	0				
1873-05-29	22	-12.05	-77.17			a		https://s3.amazonaws.com/NARAprodstorage/lz/dc-metro/rg-024/581208/2020-03/581208-omaha-004/581208-omaha-004-074.JPG	https://s3.amazonaws.com/NARAprodstorage/lz/dc-metro/rg-024/581208/2020-03/581208-omaha-004/581208-omaha-004-074.JPG	 						135	145	2	30.16	65	62	61			ocm	cum nim	0				
1873-05-29	23	-12.05	-77.17			a		https://s3.amazonaws.com/NARAprodstorage/lz/dc-metro/rg-024/581208/2020-03/581208-omaha-004/581208-omaha-004-074.JPG	https://s3.amazonaws.com/NARAprodstorage/lz/dc-metro/rg-024/581208/2020-03/581208-omaha-004/581208-omaha-004-074.JPG	 						135	145	2	30.16	65	62	61			ocm	cum nim	0				
1873-05-29	24	-12.05	-77.17			a		https://s3.amazonaws.com/NARAprodstorage/lz/dc-metro/rg-024/581208/2020-03/581208-omaha-004/581208-omaha-004-074.JPG	https://s3.amazonaws.com/NARAprodstorage/lz/dc-metro/rg-024/581208/2020-03/581208-omaha-004/581208-omaha-004-074.JPG	 						135	145	2	30.16	65	62	61			ocm	cum nim	0				
1873-05-30	1	-12.05	-77.17			a		https://s3.amazonaws.com/NARAprodstorage/lz/dc-metro/rg-024/581208/2020-03/581208-omaha-004/581208-omaha-004-075.JPG	https://s3.amazonaws.com/NARAprodstorage/lz/dc-metro/rg-024/581208/2020-03/581208-omaha-004/581208-omaha-004-075.JPG	 						135	145	5	30.16	67	63	63			ocm	cir	0				
1873-05-30	2	-12.05	-77.17			a		https://s3.amazonaws.com/NARAprodstorage/lz/dc-metro/rg-024/581208/2020-03/581208-omaha-004/581208-omaha-004-075.JPG	https://s3.amazonaws.com/NARAprodstorage/lz/dc-metro/rg-024/581208/2020-03/581208-omaha-004/581208-omaha-004-075.JPG	 						135	145	5	30.16	67	63	63			ocm	cir	0				
1873-05-30	3	-12.05	-77.17			a		https://s3.amazonaws.com/NARAprodstorage/lz/dc-metro/rg-024/581208/2020-03/581208-omaha-004/581208-omaha-004-075.JPG	https://s3.amazonaws.com/NARAprodstorage/lz/dc-metro/rg-024/581208/2020-03/581208-omaha-004/581208-omaha-004-075.JPG	 						135	145	5	30.16	67	63	63			ocm	cir	0				
1873-05-30	4	-12.05	-77.17			a		https://s3.amazonaws.com/NARAprodstorage/lz/dc-metro/rg-024/581208/2020-03/581208-omaha-004/581208-omaha-004-075.JPG	https://s3.amazonaws.com/NARAprodstorage/lz/dc-metro/rg-024/581208/2020-03/581208-omaha-004/581208-omaha-004-075.JPG	 						135	145	5	30.16	67	63	63			ocm	cir	0				
1873-05-30	5	-12.05	-77.17			a		https://s3.amazonaws.com/NARAprodstorage/lz/dc-metro/rg-024/581208/2020-03/581208-omaha-004/581208-omaha-004-075.JPG	https://s3.amazonaws.com/NARAprodstorage/lz/dc-metro/rg-024/581208/2020-03/581208-omaha-004/581208-omaha-004-075.JPG	 						0	0	0	30.18	64	62	63			ocf	nimb	0				
1873-05-30	6	-12.05	-77.17			a		https://s3.amazonaws.com/NARAprodstorage/lz/dc-metro/rg-024/581208/2020-03/581208-omaha-004/581208-omaha-004-075.JPG	https://s3.amazonaws.com/NARAprodstorage/lz/dc-metro/rg-024/581208/2020-03/581208-omaha-004/581208-omaha-004-075.JPG	 						349	359	2	30.18	64	61	61			ocf	nimb	0				
1873-05-30	7	-12.05	-77.17			a		https://s3.amazonaws.com/NARAprodstorage/lz/dc-metro/rg-024/581208/2020-03/581208-omaha-004/581208-omaha-004-075.JPG	https://s3.amazonaws.com/NARAprodstorage/lz/dc-metro/rg-024/581208/2020-03/581208-omaha-004/581208-omaha-004-075.JPG	 						349	359	2	30.2	64	61	61			ocf	nimb	0				
1873-05-30	8	-12.05	-77.17			a		https://s3.amazonaws.com/NARAprodstorage/lz/dc-metro/rg-024/581208/2020-03/581208-omaha-004/581208-omaha-004-075.JPG	https://s3.amazonaws.com/NARAprodstorage/lz/dc-metro/rg-024/581208/2020-03/581208-omaha-004/581208-omaha-004-075.JPG	 						349	359	2	30.2	64	61	61			ocf	nimb	0				
1873-05-30	9	-12.05	-77.17			a		https://s3.amazonaws.com/NARAprodstorage/lz/dc-metro/rg-024/581208/2020-03/581208-omaha-004/581208-omaha-004-075.JPG	https://s3.amazonaws.com/NARAprodstorage/lz/dc-metro/rg-024/581208/2020-03/581208-omaha-004/581208-omaha-004-075.JPG	 						315	325	2	30.22	66	64	62			ocm	cum nimb	0				
1873-05-30	10	-12.05	-77.17			a		https://s3.amazonaws.com/NARAprodstorage/lz/dc-metro/rg-024/581208/2020-03/581208-omaha-004/581208-omaha-004-075.JPG	https://s3.amazonaws.com/NARAprodstorage/lz/dc-metro/rg-024/581208/2020-03/581208-omaha-004/581208-omaha-004-075.JPG	 						315	325	2	30.22	66	64	62			ocm	cum nimb	0				
1873-05-30	11	-12.05	-77.17			a		https://s3.amazonaws.com/NARAprodstorage/lz/dc-metro/rg-024/581208/2020-03/581208-omaha-004/581208-omaha-004-075.JPG	https://s3.amazonaws.com/NARAprodstorage/lz/dc-metro/rg-024/581208/2020-03/581208-omaha-004/581208-omaha-004-075.JPG	 						315	325	2	30.22	66	64	62			bc	cum nimb	4				
1873-05-30	12	-12.05	-77.17			a		https://s3.amazonaws.com/NARAprodstorage/lz/dc-metro/rg-024/581208/2020-03/581208-omaha-004/581208-omaha-004-075.JPG	https://s3.amazonaws.com/NARAprodstorage/lz/dc-metro/rg-024/581208/2020-03/581208-omaha-004/581208-omaha-004-075.JPG	"Noon: Callao, Peru"						0	0	0	30.22	66	64	62			bc	cum nimb	3				
1873-05-30	13	-12.05	-77.17			a		https://s3.amazonaws.com/NARAprodstorage/lz/dc-metro/rg-024/581208/2020-03/581208-omaha-004/581208-omaha-004-075.JPG	https://s3.amazonaws.com/NARAprodstorage/lz/dc-metro/rg-024/581208/2020-03/581208-omaha-004/581208-omaha-004-075.JPG	 						135	145	2	30.2	66	64	62			bc	cum nim	2				
1873-05-30	14	-12.05	-77.17			a		https://s3.amazonaws.com/NARAprodstorage/lz/dc-metro/rg-024/581208/2020-03/581208-omaha-004/581208-omaha-004-075.JPG	https://s3.amazonaws.com/NARAprodstorage/lz/dc-metro/rg-024/581208/2020-03/581208-omaha-004/581208-omaha-004-075.JPG	 						135	145	2	30.2	66	64	62			bc	cum nim	2				
1873-05-30	15	-12.05	-77.17			a		https://s3.amazonaws.com/NARAprodstorage/lz/dc-metro/rg-024/581208/2020-03/581208-omaha-004/581208-omaha-004-075.JPG	https://s3.amazonaws.com/NARAprodstorage/lz/dc-metro/rg-024/581208/2020-03/581208-omaha-004/581208-omaha-004-075.JPG	 						135	145	2	30.2	66	64	62			b	nimb	0				
1873-05-30	16	-12.05	-77.17			a		https://s3.amazonaws.com/NARAprodstorage/lz/dc-metro/rg-024/581208/2020-03/581208-omaha-004/581208-omaha-004-075.JPG	https://s3.amazonaws.com/NARAprodstorage/lz/dc-metro/rg-024/581208/2020-03/581208-omaha-004/581208-omaha-004-075.JPG	 						135	145	2	30.12	66	64	62			b	nimb	0				
1873-05-30	17	-12.05	-77.17			a		https://s3.amazonaws.com/NARAprodstorage/lz/dc-metro/rg-024/581208/2020-03/581208-omaha-004/581208-omaha-004-075.JPG	https://s3.amazonaws.com/NARAprodstorage/lz/dc-metro/rg-024/581208/2020-03/581208-omaha-004/581208-omaha-004-075.JPG	 						135	145	2	30.1	65	63	61			bc	cum nimb	1				
1873-05-30	18	-12.05	-77.17			a		https://s3.amazonaws.com/NARAprodstorage/lz/dc-metro/rg-024/581208/2020-03/581208-omaha-004/581208-omaha-004-075.JPG	https://s3.amazonaws.com/NARAprodstorage/lz/dc-metro/rg-024/581208/2020-03/581208-omaha-004/581208-omaha-004-075.JPG	 						135	145	2	30.1	65	63	61			bc	cum nimb	1				
1873-05-30	19	-12.05	-77.17			a		https://s3.amazonaws.com/NARAprodstorage/lz/dc-metro/rg-024/581208/2020-03/581208-omaha-004/581208-omaha-004-075.JPG	https://s3.amazonaws.com/NARAprodstorage/lz/dc-metro/rg-024/581208/2020-03/581208-omaha-004/581208-omaha-004-075.JPG	 						135	145	2	30.1	65	63	61			bc	cum nimb	1				
1873-05-30	20	-12.05	-77.17			a		https://s3.amazonaws.com/NARAprodstorage/lz/dc-metro/rg-024/581208/2020-03/581208-omaha-004/581208-omaha-004-075.JPG	https://s3.amazonaws.com/NARAprodstorage/lz/dc-metro/rg-024/581208/2020-03/581208-omaha-004/581208-omaha-004-075.JPG	 						135	145	2	30.1	65	63	61			bc	cum nimb	1				
1873-05-30	21	-12.05	-77.17			a		https://s3.amazonaws.com/NARAprodstorage/lz/dc-metro/rg-024/581208/2020-03/581208-omaha-004/581208-omaha-004-075.JPG	https://s3.amazonaws.com/NARAprodstorage/lz/dc-metro/rg-024/581208/2020-03/581208-omaha-004/581208-omaha-004-075.JPG	 						135	145	2	30.12	65	63	61			bc	cum nimb	1				
1873-05-30	22	-12.05	-77.17			a		https://s3.amazonaws.com/NARAprodstorage/lz/dc-metro/rg-024/581208/2020-03/581208-omaha-004/581208-omaha-004-075.JPG	https://s3.amazonaws.com/NARAprodstorage/lz/dc-metro/rg-024/581208/2020-03/581208-omaha-004/581208-omaha-004-075.JPG	 						135	145	2	30.12	65	63	61			bc	cum nimb	1				
1873-05-30	23	-12.05	-77.17			a		https://s3.amazonaws.com/NARAprodstorage/lz/dc-metro/rg-024/581208/2020-03/581208-omaha-004/581208-omaha-004-075.JPG	https://s3.amazonaws.com/NARAprodstorage/lz/dc-metro/rg-024/581208/2020-03/581208-omaha-004/581208-omaha-004-075.JPG	 						135	145	2	30.12	65	63	61			oc	nimb	0				
1873-05-30	24	-12.05	-77.17			a		https://s3.amazonaws.com/NARAprodstorage/lz/dc-metro/rg-024/581208/2020-03/581208-omaha-004/581208-omaha-004-075.JPG	https://s3.amazonaws.com/NARAprodstorage/lz/dc-metro/rg-024/581208/2020-03/581208-omaha-004/581208-omaha-004-075.JPG	 						135	145	2	30.14	65	63	61			oc	nimb	0				
1873-05-31	1	-12.05	-77.17			a		https://s3.amazonaws.com/NARAprodstorage/lz/dc-metro/rg-024/581208/2020-03/581208-omaha-004/581208-omaha-004-076.JPG	https://s3.amazonaws.com/NARAprodstorage/lz/dc-metro/rg-024/581208/2020-03/581208-omaha-004/581208-omaha-004-076.JPG	 						169	179	2	30.15	64	63	62			oc	nimb	0				
1873-05-31	2	-12.05	-77.17			a		https://s3.amazonaws.com/NARAprodstorage/lz/dc-metro/rg-024/581208/2020-03/581208-omaha-004/581208-omaha-004-076.JPG	https://s3.amazonaws.com/NARAprodstorage/lz/dc-metro/rg-024/581208/2020-03/581208-omaha-004/581208-omaha-004-076.JPG	 						169	179	2	30.15	64	63	62			oc	nimb	0				
1873-05-31	3	-12.05	-77.17			a		https://s3.amazonaws.com/NARAprodstorage/lz/dc-metro/rg-024/581208/2020-03/581208-omaha-004/581208-omaha-004-076.JPG	https://s3.amazonaws.com/NARAprodstorage/lz/dc-metro/rg-024/581208/2020-03/581208-omaha-004/581208-omaha-004-076.JPG	 						169	179	2	30.15	64	62	61			oc	nimb	0				
1873-05-31	4	-12.05	-77.17			a		https://s3.amazonaws.com/NARAprodstorage/lz/dc-metro/rg-024/581208/2020-03/581208-omaha-004/581208-omaha-004-076.JPG	https://s3.amazonaws.com/NARAprodstorage/lz/dc-metro/rg-024/581208/2020-03/581208-omaha-004/581208-omaha-004-076.JPG	 						169	179	2	30.15	64	62	61			oc	nimb	0				
1873-05-31	5	-12.05	-77.17			a		https://s3.amazonaws.com/NARAprodstorage/lz/dc-metro/rg-024/581208/2020-03/581208-omaha-004/581208-omaha-004-076.JPG	https://s3.amazonaws.com/NARAprodstorage/lz/dc-metro/rg-024/581208/2020-03/581208-omaha-004/581208-omaha-004-076.JPG	 						0	0	0	30.17	65	62	60			ocm	cum nim	0				
1873-05-31	6	-12.05	-77.17			a		https://s3.amazonaws.com/NARAprodstorage/lz/dc-metro/rg-024/581208/2020-03/581208-omaha-004/581208-omaha-004-076.JPG	https://s3.amazonaws.com/NARAprodstorage/lz/dc-metro/rg-024/581208/2020-03/581208-omaha-004/581208-omaha-004-076.JPG	 						888	888	2	30.17	65	62	60			ocm	cum nim	0				
1873-05-31	7	-12.05	-77.17			a		https://s3.amazonaws.com/NARAprodstorage/lz/dc-metro/rg-024/581208/2020-03/581208-omaha-004/581208-omaha-004-076.JPG	https://s3.amazonaws.com/NARAprodstorage/lz/dc-metro/rg-024/581208/2020-03/581208-omaha-004/581208-omaha-004-076.JPG	 						888	888	2	30.17	65	62	60			bc	cum nim	3				
1873-05-31	8	-12.05	-77.17			a		https://s3.amazonaws.com/NARAprodstorage/lz/dc-metro/rg-024/581208/2020-03/581208-omaha-004/581208-omaha-004-076.JPG	https://s3.amazonaws.com/NARAprodstorage/lz/dc-metro/rg-024/581208/2020-03/581208-omaha-004/581208-omaha-004-076.JPG	 						0	0	0	30.17	65	62	60			bc	cum nim	4				
1873-05-31	9	-12.05	-77.17			a		https://s3.amazonaws.com/NARAprodstorage/lz/dc-metro/rg-024/581208/2020-03/581208-omaha-004/581208-omaha-004-076.JPG	https://s3.amazonaws.com/NARAprodstorage/lz/dc-metro/rg-024/581208/2020-03/581208-omaha-004/581208-omaha-004-076.JPG	 						0	0	0	30.17	65	62	60			bc	cum nim	4				
1873-05-31	10	-12.05	-77.17			a		https://s3.amazonaws.com/NARAprodstorage/lz/dc-metro/rg-024/581208/2020-03/581208-omaha-004/581208-omaha-004-076.JPG	https://s3.amazonaws.com/NARAprodstorage/lz/dc-metro/rg-024/581208/2020-03/581208-omaha-004/581208-omaha-004-076.JPG	 						0	0	0	30.15	65	63	63			bc	cum nim	4				
1873-05-31	11	-12.05	-77.17			a		https://s3.amazonaws.com/NARAprodstorage/lz/dc-metro/rg-024/581208/2020-03/581208-omaha-004/581208-omaha-004-076.JPG	https://s3.amazonaws.com/NARAprodstorage/lz/dc-metro/rg-024/581208/2020-03/581208-omaha-004/581208-omaha-004-076.JPG	 						0	0	0	30.15	65	63	63			bc	cum nim	3				
1873-05-31	12	-12.05	-77.17			a		https://s3.amazonaws.com/NARAprodstorage/lz/dc-metro/rg-024/581208/2020-03/581208-omaha-004/581208-omaha-004-076.JPG	https://s3.amazonaws.com/NARAprodstorage/lz/dc-metro/rg-024/581208/2020-03/581208-omaha-004/581208-omaha-004-076.JPG	"Noon: Callao, Peru"						0	0	0	30.1	67	65	63			bc	cum nim	3				
1873-05-31	13	-12.05	-77.17			a		https://s3.amazonaws.com/NARAprodstorage/lz/dc-metro/rg-024/581208/2020-03/581208-omaha-004/581208-omaha-004-076.JPG	https://s3.amazonaws.com/NARAprodstorage/lz/dc-metro/rg-024/581208/2020-03/581208-omaha-004/581208-omaha-004-076.JPG	 						0	0	0	30.1	66	65	64			oc	nimb	0				
1873-05-31	14	-12.05	-77.17			a		https://s3.amazonaws.com/NARAprodstorage/lz/dc-metro/rg-024/581208/2020-03/581208-omaha-004/581208-omaha-004-076.JPG	https://s3.amazonaws.com/NARAprodstorage/lz/dc-metro/rg-024/581208/2020-03/581208-omaha-004/581208-omaha-004-076.JPG	 						0	0	0	30.1	66	65	64			oc	nimb	0				
1873-05-31	15	-12.05	-77.17			a		https://s3.amazonaws.com/NARAprodstorage/lz/dc-metro/rg-024/581208/2020-03/581208-omaha-004/581208-omaha-004-076.JPG	https://s3.amazonaws.com/NARAprodstorage/lz/dc-metro/rg-024/581208/2020-03/581208-omaha-004/581208-omaha-004-076.JPG	 						0	0	0	30.1	66	64	63			oc	nimb	0				
1873-05-31	16	-12.05	-77.17			a		https://s3.amazonaws.com/NARAprodstorage/lz/dc-metro/rg-024/581208/2020-03/581208-omaha-004/581208-omaha-004-076.JPG	https://s3.amazonaws.com/NARAprodstorage/lz/dc-metro/rg-024/581208/2020-03/581208-omaha-004/581208-omaha-004-076.JPG	 						0	0	0	30.1	66	64	63			oc	nimb	0				
1873-05-31	17	-12.05	-77.17			a		https://s3.amazonaws.com/NARAprodstorage/lz/dc-metro/rg-024/581208/2020-03/581208-omaha-004/581208-omaha-004-076.JPG	https://s3.amazonaws.com/NARAprodstorage/lz/dc-metro/rg-024/581208/2020-03/581208-omaha-004/581208-omaha-004-076.JPG	 						0	0	0	30.1	66	64	63			oc	nimb	0				
1873-05-31	18	-12.05	-77.17			a		https://s3.amazonaws.com/NARAprodstorage/lz/dc-metro/rg-024/581208/2020-03/581208-omaha-004/581208-omaha-004-076.JPG	https://s3.amazonaws.com/NARAprodstorage/lz/dc-metro/rg-024/581208/2020-03/581208-omaha-004/581208-omaha-004-076.JPG	 						0	0	0	30.1	66	64	63			oc	nimb	0				
1873-05-31	19	-12.05	-77.17			a		https://s3.amazonaws.com/NARAprodstorage/lz/dc-metro/rg-024/581208/2020-03/581208-omaha-004/581208-omaha-004-076.JPG	https://s3.amazonaws.com/NARAprodstorage/lz/dc-metro/rg-024/581208/2020-03/581208-omaha-004/581208-omaha-004-076.JPG	 						0	0	0	30.1	66	64	63			oc	nimb	0				
1873-05-31	20	-12.05	-77.17			a		https://s3.amazonaws.com/NARAprodstorage/lz/dc-metro/rg-024/581208/2020-03/581208-omaha-004/581208-omaha-004-076.JPG	https://s3.amazonaws.com/NARAprodstorage/lz/dc-metro/rg-024/581208/2020-03/581208-omaha-004/581208-omaha-004-076.JPG	 						0	0	0	30.12	66	64	63			oc	nimb	0				
1873-05-31	21	-12.05	-77.17			a		https://s3.amazonaws.com/NARAprodstorage/lz/dc-metro/rg-024/581208/2020-03/581208-omaha-004/581208-omaha-004-076.JPG	https://s3.amazonaws.com/NARAprodstorage/lz/dc-metro/rg-024/581208/2020-03/581208-omaha-004/581208-omaha-004-076.JPG	 						169	179	2	30.12	65	63	62			ocm	nimb	0				
1873-05-31	22	-12.05	-77.17			a		https://s3.amazonaws.com/NARAprodstorage/lz/dc-metro/rg-024/581208/2020-03/581208-omaha-004/581208-omaha-004-076.JPG	https://s3.amazonaws.com/NARAprodstorage/lz/dc-metro/rg-024/581208/2020-03/581208-omaha-004/581208-omaha-004-076.JPG	 						169	179	2	30.1	65	63	62			ocm	nimb	0				
1873-05-31	23	-12.05	-77.17			a		https://s3.amazonaws.com/NARAprodstorage/lz/dc-metro/rg-024/581208/2020-03/581208-omaha-004/581208-omaha-004-076.JPG	https://s3.amazonaws.com/NARAprodstorage/lz/dc-metro/rg-024/581208/2020-03/581208-omaha-004/581208-omaha-004-076.JPG	 						169	179	2	30.1	65	63	62			ocm	nimb	0				
1873-05-31	24	-12.05	-77.17			a		https://s3.amazonaws.com/NARAprodstorage/lz/dc-metro/rg-024/581208/2020-03/581208-omaha-004/581208-omaha-004-076.JPG	https://s3.amazonaws.com/NARAprodstorage/lz/dc-metro/rg-024/581208/2020-03/581208-omaha-004/581208-omaha-004-076.JPG	 						169	179	2	30.1	65	62	61			ocm	nimb	0				
1873-06-01	1	-12.05	-77.17			a		https://s3.amazonaws.com/NARAprodstorage/lz/dc-metro/rg-024/581208/2020-03/581208-omaha-004/581208-omaha-004-077.JPG	https://s3.amazonaws.com/NARAprodstorage/lz/dc-metro/rg-024/581208/2020-03/581208-omaha-004/581208-omaha-004-077.JPG	 						169	179	2	30.16	64	62	61			ocm	nimb	0				
1873-06-01	2	-12.05	-77.17			a		https://s3.amazonaws.com/NARAprodstorage/lz/dc-metro/rg-024/581208/2020-03/581208-omaha-004/581208-omaha-004-077.JPG	https://s3.amazonaws.com/NARAprodstorage/lz/dc-metro/rg-024/581208/2020-03/581208-omaha-004/581208-omaha-004-077.JPG	 						169	179	2	30.16	64	62	61			ocm	nimb	0				
1873-06-01	3	-12.05	-77.17			a		https://s3.amazonaws.com/NARAprodstorage/lz/dc-metro/rg-024/581208/2020-03/581208-omaha-004/581208-omaha-004-077.JPG	https://s3.amazonaws.com/NARAprodstorage/lz/dc-metro/rg-024/581208/2020-03/581208-omaha-004/581208-omaha-004-077.JPG	 						169	179	2	30.16	64	62	61			ocd	nimb	0				
1873-06-01	4	-12.05	-77.17			a		https://s3.amazonaws.com/NARAprodstorage/lz/dc-metro/rg-024/581208/2020-03/581208-omaha-004/581208-omaha-004-077.JPG	https://s3.amazonaws.com/NARAprodstorage/lz/dc-metro/rg-024/581208/2020-03/581208-omaha-004/581208-omaha-004-077.JPG	 						169	179	2	30.16	64	62	61			ocd	nimb	0				
1873-06-01	5	-12.05	-77.17			a		https://s3.amazonaws.com/NARAprodstorage/lz/dc-metro/rg-024/581208/2020-03/581208-omaha-004/581208-omaha-004-077.JPG	https://s3.amazonaws.com/NARAprodstorage/lz/dc-metro/rg-024/581208/2020-03/581208-omaha-004/581208-omaha-004-077.JPG	 						169	179	2	30.16	64	62	61			ocm	nimb	0				
1873-06-01	6	-12.05	-77.17			a		https://s3.amazonaws.com/NARAprodstorage/lz/dc-metro/rg-024/581208/2020-03/581208-omaha-004/581208-omaha-004-077.JPG	https://s3.amazonaws.com/NARAprodstorage/lz/dc-metro/rg-024/581208/2020-03/581208-omaha-004/581208-omaha-004-077.JPG	 						169	179	2	30.16	64	62	61			ocm	nimb	0				
1873-06-01	7	-12.05	-77.17			a		https://s3.amazonaws.com/NARAprodstorage/lz/dc-metro/rg-024/581208/2020-03/581208-omaha-004/581208-omaha-004-077.JPG	https://s3.amazonaws.com/NARAprodstorage/lz/dc-metro/rg-024/581208/2020-03/581208-omaha-004/581208-omaha-004-077.JPG	 						169	179	2	30.16	64	62	61			ocm	nimb	0				
1873-06-01	8	-12.05	-77.17			a		https://s3.amazonaws.com/NARAprodstorage/lz/dc-metro/rg-024/581208/2020-03/581208-omaha-004/581208-omaha-004-077.JPG	https://s3.amazonaws.com/NARAprodstorage/lz/dc-metro/rg-024/581208/2020-03/581208-omaha-004/581208-omaha-004-077.JPG	 						0	0	0	30.18	64	63	62			ocm	nimb	0				
1873-06-01	9	-12.05	-77.17			a		https://s3.amazonaws.com/NARAprodstorage/lz/dc-metro/rg-024/581208/2020-03/581208-omaha-004/581208-omaha-004-077.JPG	https://s3.amazonaws.com/NARAprodstorage/lz/dc-metro/rg-024/581208/2020-03/581208-omaha-004/581208-omaha-004-077.JPG	 						0	0	0	30.18	65	63	62			oc	nimb	0				
1873-06-01	10	-12.05	-77.17			a		https://s3.amazonaws.com/NARAprodstorage/lz/dc-metro/rg-024/581208/2020-03/581208-omaha-004/581208-omaha-004-077.JPG	https://s3.amazonaws.com/NARAprodstorage/lz/dc-metro/rg-024/581208/2020-03/581208-omaha-004/581208-omaha-004-077.JPG	 						135	145	2	30.18	65	64	63			oc	nimb	0				
1873-06-01	11	-12.05	-77.17			a		https://s3.amazonaws.com/NARAprodstorage/lz/dc-metro/rg-024/581208/2020-03/581208-omaha-004/581208-omaha-004-077.JPG	https://s3.amazonaws.com/NARAprodstorage/lz/dc-metro/rg-024/581208/2020-03/581208-omaha-004/581208-omaha-004-077.JPG	 						135	145	2	30.18	65	64	63			oc	nimb	0				
1873-06-01	12	-12.05	-77.17			a		https://s3.amazonaws.com/NARAprodstorage/lz/dc-metro/rg-024/581208/2020-03/581208-omaha-004/581208-omaha-004-077.JPG	https://s3.amazonaws.com/NARAprodstorage/lz/dc-metro/rg-024/581208/2020-03/581208-omaha-004/581208-omaha-004-077.JPG	"Noon: Callao, Peru"						135	145	2	30.2	65	64	63			oc	nimb	0				
1873-06-01	13	-12.05	-77.17			a		https://s3.amazonaws.com/NARAprodstorage/lz/dc-metro/rg-024/581208/2020-03/581208-omaha-004/581208-omaha-004-077.JPG	https://s3.amazonaws.com/NARAprodstorage/lz/dc-metro/rg-024/581208/2020-03/581208-omaha-004/581208-omaha-004-077.JPG	 						158	168	5	30.18	66	63	62			bc	nimb	0				
1873-06-01	14	-12.05	-77.17			a		https://s3.amazonaws.com/NARAprodstorage/lz/dc-metro/rg-024/581208/2020-03/581208-omaha-004/581208-omaha-004-077.JPG	https://s3.amazonaws.com/NARAprodstorage/lz/dc-metro/rg-024/581208/2020-03/581208-omaha-004/581208-omaha-004-077.JPG	 						158	168	5	30.16	66	63	62			bc	nimb	0				
1873-06-01	15	-12.05	-77.17			a		https://s3.amazonaws.com/NARAprodstorage/lz/dc-metro/rg-024/581208/2020-03/581208-omaha-004/581208-omaha-004-077.JPG	https://s3.amazonaws.com/NARAprodstorage/lz/dc-metro/rg-024/581208/2020-03/581208-omaha-004/581208-omaha-004-077.JPG	 						158	168	5	30.14	66	63	62			bc	nimb	0				
1873-06-01	16	-12.05	-77.17			a		https://s3.amazonaws.com/NARAprodstorage/lz/dc-metro/rg-024/581208/2020-03/581208-omaha-004/581208-omaha-004-077.JPG	https://s3.amazonaws.com/NARAprodstorage/lz/dc-metro/rg-024/581208/2020-03/581208-omaha-004/581208-omaha-004-077.JPG	 						158	168	5	30.14	66	63	62			bc	nimb	0				
1873-06-01	17	-12.05	-77.17			a		https://s3.amazonaws.com/NARAprodstorage/lz/dc-metro/rg-024/581208/2020-03/581208-omaha-004/581208-omaha-004-077.JPG	https://s3.amazonaws.com/NARAprodstorage/lz/dc-metro/rg-024/581208/2020-03/581208-omaha-004/581208-omaha-004-077.JPG	 						135	145	2	30.14	66	63	62			bc	nimb	0				
1873-06-01	18	-12.05	-77.17			a		https://s3.amazonaws.com/NARAprodstorage/lz/dc-metro/rg-024/581208/2020-03/581208-omaha-004/581208-omaha-004-077.JPG	https://s3.amazonaws.com/NARAprodstorage/lz/dc-metro/rg-024/581208/2020-03/581208-omaha-004/581208-omaha-004-077.JPG	 						135	145	2	30.16	65	63	62			bc	nimb	0				
1873-06-01	19	-12.05	-77.17			a		https://s3.amazonaws.com/NARAprodstorage/lz/dc-metro/rg-024/581208/2020-03/581208-omaha-004/581208-omaha-004-077.JPG	https://s3.amazonaws.com/NARAprodstorage/lz/dc-metro/rg-024/581208/2020-03/581208-omaha-004/581208-omaha-004-077.JPG	 						135	145	2	30.16	65	62	61			bc	nimb	0				
1873-06-01	20	-12.05	-77.17			a		https://s3.amazonaws.com/NARAprodstorage/lz/dc-metro/rg-024/581208/2020-03/581208-omaha-004/581208-omaha-004-077.JPG	https://s3.amazonaws.com/NARAprodstorage/lz/dc-metro/rg-024/581208/2020-03/581208-omaha-004/581208-omaha-004-077.JPG	 						135	145	2	30.18	65	62	61			bc	nimb	0				
1873-06-01	21	-12.05	-77.17			a		https://s3.amazonaws.com/NARAprodstorage/lz/dc-metro/rg-024/581208/2020-03/581208-omaha-004/581208-omaha-004-077.JPG	https://s3.amazonaws.com/NARAprodstorage/lz/dc-metro/rg-024/581208/2020-03/581208-omaha-004/581208-omaha-004-077.JPG	 						135	145	2	30.19	65	62	61			ocm	nimb	0				
1873-06-01	22	-12.05	-77.17			a		https://s3.amazonaws.com/NARAprodstorage/lz/dc-metro/rg-024/581208/2020-03/581208-omaha-004/581208-omaha-004-077.JPG	https://s3.amazonaws.com/NARAprodstorage/lz/dc-metro/rg-024/581208/2020-03/581208-omaha-004/581208-omaha-004-077.JPG	 						135	145	2	30.19	65	62	61			ocm	nimb	0				
1873-06-01	23	-12.05	-77.17			a		https://s3.amazonaws.com/NARAprodstorage/lz/dc-metro/rg-024/581208/2020-03/581208-omaha-004/581208-omaha-004-077.JPG	https://s3.amazonaws.com/NARAprodstorage/lz/dc-metro/rg-024/581208/2020-03/581208-omaha-004/581208-omaha-004-077.JPG	 						135	145	2	30.19	65	62	61			ocm	nimb	0				
1873-06-01	24	-12.05	-77.17			a		https://s3.amazonaws.com/NARAprodstorage/lz/dc-metro/rg-024/581208/2020-03/581208-omaha-004/581208-omaha-004-077.JPG	https://s3.amazonaws.com/NARAprodstorage/lz/dc-metro/rg-024/581208/2020-03/581208-omaha-004/581208-omaha-004-077.JPG							135	145	2	30.19	65	62	61			ocm	nimb	0				
1873-06-02	1	-12.05	-77.17			a		https://s3.amazonaws.com/NARAprodstorage/lz/dc-metro/rg-024/581208/2020-03/581208-omaha-004/581208-omaha-004-078.JPG	https://s3.amazonaws.com/NARAprodstorage/lz/dc-metro/rg-024/581208/2020-03/581208-omaha-004/581208-omaha-004-078.JPG	 						135	145	5	30.18	65	62	61			ocm	nimb	0				
1873-06-02	2	-12.05	-77.17			a		https://s3.amazonaws.com/NARAprodstorage/lz/dc-metro/rg-024/581208/2020-03/581208-omaha-004/581208-omaha-004-078.JPG	https://s3.amazonaws.com/NARAprodstorage/lz/dc-metro/rg-024/581208/2020-03/581208-omaha-004/581208-omaha-004-078.JPG	 						135	145	5	30.18	65	62	61			ocm	nimb	0				
1873-06-02	3	-12.05	-77.17			a		https://s3.amazonaws.com/NARAprodstorage/lz/dc-metro/rg-024/581208/2020-03/581208-omaha-004/581208-omaha-004-078.JPG	https://s3.amazonaws.com/NARAprodstorage/lz/dc-metro/rg-024/581208/2020-03/581208-omaha-004/581208-omaha-004-078.JPG	 						135	145	5	30.17	64	62	62			ocm	nimb	0				
1873-06-02	4	-12.05	-77.17			a		https://s3.amazonaws.com/NARAprodstorage/lz/dc-metro/rg-024/581208/2020-03/581208-omaha-004/581208-omaha-004-078.JPG	https://s3.amazonaws.com/NARAprodstorage/lz/dc-metro/rg-024/581208/2020-03/581208-omaha-004/581208-omaha-004-078.JPG	 						169	179	5	30.17	64	62	62			ocm	nimb	0				
1873-06-02	5	-12.05	-77.17			a		https://s3.amazonaws.com/NARAprodstorage/lz/dc-metro/rg-024/581208/2020-03/581208-omaha-004/581208-omaha-004-078.JPG	https://s3.amazonaws.com/NARAprodstorage/lz/dc-metro/rg-024/581208/2020-03/581208-omaha-004/581208-omaha-004-078.JPG	 						169	179	8	30.16	64	61	60			oc	nimb	0				
1873-06-02	6	-12.05	-77.17			a		https://s3.amazonaws.com/NARAprodstorage/lz/dc-metro/rg-024/581208/2020-03/581208-omaha-004/581208-omaha-004-078.JPG	https://s3.amazonaws.com/NARAprodstorage/lz/dc-metro/rg-024/581208/2020-03/581208-omaha-004/581208-omaha-004-078.JPG	 						169	179	8	30.16	64	61	60			oc	nimb	0				
1873-06-02	7	-12.05	-77.17			a		https://s3.amazonaws.com/NARAprodstorage/lz/dc-metro/rg-024/581208/2020-03/581208-omaha-004/581208-omaha-004-078.JPG	https://s3.amazonaws.com/NARAprodstorage/lz/dc-metro/rg-024/581208/2020-03/581208-omaha-004/581208-omaha-004-078.JPG	 						169	179	8	30.16	64	62	61			oc	nimb	0				
1873-06-02	8	-12.05	-77.17			a		https://s3.amazonaws.com/NARAprodstorage/lz/dc-metro/rg-024/581208/2020-03/581208-omaha-004/581208-omaha-004-078.JPG	https://s3.amazonaws.com/NARAprodstorage/lz/dc-metro/rg-024/581208/2020-03/581208-omaha-004/581208-omaha-004-078.JPG	 						135	145	5	30.18	65	62	61			oc	nimb	0				
1873-06-02	9	-12.05	-77.17			a		https://s3.amazonaws.com/NARAprodstorage/lz/dc-metro/rg-024/581208/2020-03/581208-omaha-004/581208-omaha-004-078.JPG	https://s3.amazonaws.com/NARAprodstorage/lz/dc-metro/rg-024/581208/2020-03/581208-omaha-004/581208-omaha-004-078.JPG	 						135	145	5	30.18	64	62	61			ocm	nimb	0				
1873-06-02	10	-12.05	-77.17			a		https://s3.amazonaws.com/NARAprodstorage/lz/dc-metro/rg-024/581208/2020-03/581208-omaha-004/581208-omaha-004-078.JPG	https://s3.amazonaws.com/NARAprodstorage/lz/dc-metro/rg-024/581208/2020-03/581208-omaha-004/581208-omaha-004-078.JPG	1020: Got Underway						135	145	5	30.18	64	62	61			ocm	nimb	0				
1873-06-02	11	-11.99	-77.21	888		4		https://s3.amazonaws.com/NARAprodstorage/lz/dc-metro/rg-024/581208/2020-03/581208-omaha-004/581208-omaha-004-078.JPG	https://s3.amazonaws.com/NARAprodstorage/lz/dc-metro/rg-024/581208/2020-03/581208-omaha-004/581208-omaha-004-078.JPG	1110: End of San Lorenzo Id S3/4W.						169	179	5	30.2	63	62	62			ocm	cum nim	0				
1873-06-02	12	-11.96	-77.27	888		4		https://s3.amazonaws.com/NARAprodstorage/lz/dc-metro/rg-024/581208/2020-03/581208-omaha-004/581208-omaha-004-078.JPG	https://s3.amazonaws.com/NARAprodstorage/lz/dc-metro/rg-024/581208/2020-03/581208-omaha-004/581208-omaha-004-078.JPG	Noon: cc WxN1/2N.						135	145	5	30.2	63	62	62			ocm	cum nim	0				
1873-06-02	13	-11.91	-77.35	292.5		5		https://s3.amazonaws.com/NARAprodstorage/lz/dc-metro/rg-024/581208/2020-03/581208-omaha-004/581208-omaha-004-078.JPG	https://s3.amazonaws.com/NARAprodstorage/lz/dc-metro/rg-024/581208/2020-03/581208-omaha-004/581208-omaha-004-078.JPG	 					wnw	158	168	5	30.1	65	63	61	59		oc	cum nim	0				
1873-06-02	14	-11.88	-77.41	286.88		4		https://s3.amazonaws.com/NARAprodstorage/lz/dc-metro/rg-024/581208/2020-03/581208-omaha-004/581208-omaha-004-078.JPG	https://s3.amazonaws.com/NARAprodstorage/lz/dc-metro/rg-024/581208/2020-03/581208-omaha-004/581208-omaha-004-078.JPG	 					wxn1/2n	180	190	5	30.14	65	63	61	59		oc	cum nim	0				
1873-06-02	15	-11.85	-77.47	286.88		4		https://s3.amazonaws.com/NARAprodstorage/lz/dc-metro/rg-024/581208/2020-03/581208-omaha-004/581208-omaha-004-078.JPG	https://s3.amazonaws.com/NARAprodstorage/lz/dc-metro/rg-024/581208/2020-03/581208-omaha-004/581208-omaha-004-078.JPG	 					wxn1/2n	180	190	5	30.13	65	63	61	59		oc	cum nim	0				
1873-06-02	16	-11.81	-77.55	286.88		5		https://s3.amazonaws.com/NARAprodstorage/lz/dc-metro/rg-024/581208/2020-03/581208-omaha-004/581208-omaha-004-078.JPG	https://s3.amazonaws.com/NARAprodstorage/lz/dc-metro/rg-024/581208/2020-03/581208-omaha-004/581208-omaha-004-078.JPG	 					wxn1/2n	180	190	8	30.11	65	63	61	59		oc	cum nim	0				
1873-06-02	17	-11.78	-77.62	286.88		4.4		https://s3.amazonaws.com/NARAprodstorage/lz/dc-metro/rg-024/581208/2020-03/581208-omaha-004/581208-omaha-004-078.JPG	https://s3.amazonaws.com/NARAprodstorage/lz/dc-metro/rg-024/581208/2020-03/581208-omaha-004/581208-omaha-004-078.JPG	 					wxn1/2n	180	190	8	30.13	66	62	61	59		oc	cum nim	0				
1873-06-02	18	-11.74	-77.69	286.88		4.6		https://s3.amazonaws.com/NARAprodstorage/lz/dc-metro/rg-024/581208/2020-03/581208-omaha-004/581208-omaha-004-078.JPG	https://s3.amazonaws.com/NARAprodstorage/lz/dc-metro/rg-024/581208/2020-03/581208-omaha-004/581208-omaha-004-078.JPG	1800: Islote Pelado brg NNW1/2W.					wxn1/2n	180	190	8	30.13	65	63	62	59		oc	nimb	0				
1873-06-02	19	-11.71	-77.76	286.88		4.4		https://s3.amazonaws.com/NARAprodstorage/lz/dc-metro/rg-024/581208/2020-03/581208-omaha-004/581208-omaha-004-078.JPG	https://s3.amazonaws.com/NARAprodstorage/lz/dc-metro/rg-024/581208/2020-03/581208-omaha-004/581208-omaha-004-078.JPG	 					wxn1/2n	180	190	8	30.16	64	62	60	59		oc	nimb	0				
1873-06-02	20	-11.68	-77.82	286.88		3.6		https://s3.amazonaws.com/NARAprodstorage/lz/dc-metro/rg-024/581208/2020-03/581208-omaha-004/581208-omaha-004-078.JPG	https://s3.amazonaws.com/NARAprodstorage/lz/dc-metro/rg-024/581208/2020-03/581208-omaha-004/581208-omaha-004-078.JPG	 					wxn1/2n	169	179	3	30.16	64	62	60	59		ocm	nimb	0				
1873-06-02	21	-11.64	-77.89	286.88		4.4		https://s3.amazonaws.com/NARAprodstorage/lz/dc-metro/rg-024/581208/2020-03/581208-omaha-004/581208-omaha-004-078.JPG	https://s3.amazonaws.com/NARAprodstorage/lz/dc-metro/rg-024/581208/2020-03/581208-omaha-004/581208-omaha-004-078.JPG	 					wxn1/2n	158	168	5	30.14	63	62	60	59		oc	nimb	0				
1873-06-02	22	-11.61	-77.95	286.88		4		https://s3.amazonaws.com/NARAprodstorage/lz/dc-metro/rg-024/581208/2020-03/581208-omaha-004/581208-omaha-004-078.JPG	https://s3.amazonaws.com/NARAprodstorage/lz/dc-metro/rg-024/581208/2020-03/581208-omaha-004/581208-omaha-004-078.JPG	 					wxn1/2n	158	168	3	30.16	63	62	60	59		oc	nimb	0				
1873-06-02	23	-11.58	-78.02	286.88		4		https://s3.amazonaws.com/NARAprodstorage/lz/dc-metro/rg-024/581208/2020-03/581208-omaha-004/581208-omaha-004-078.JPG	https://s3.amazonaws.com/NARAprodstorage/lz/dc-metro/rg-024/581208/2020-03/581208-omaha-004/581208-omaha-004-078.JPG	 					wxn1/2n	169	179	3	30.18	63	62	60	59		ocm	nimb	0				
1873-06-02	24	-11.55	-78.08	286.88		4		https://s3.amazonaws.com/NARAprodstorage/lz/dc-metro/rg-024/581208/2020-03/581208-omaha-004/581208-omaha-004-078.JPG	https://s3.amazonaws.com/NARAprodstorage/lz/dc-metro/rg-024/581208/2020-03/581208-omaha-004/581208-omaha-004-078.JPG	0000: cc WNW.					wxn1/2n	169	179	5	30.18	63	62	60	59		ocm	nimb	0				
1873-06-03	1	-11.5	-78.15	292.5		5		https://s3.amazonaws.com/NARAprodstorage/lz/dc-metro/rg-024/581208/2020-03/581208-omaha-004/581208-omaha-004-079.JPG	https://s3.amazonaws.com/NARAprodstorage/lz/dc-metro/rg-024/581208/2020-03/581208-omaha-004/581208-omaha-004-080.JPG	 					wnw	202	212	8	30.18	63	61	60	58		om	nimb	0				
1873-06-03	2	-11.46	-78.23	292.5		5		https://s3.amazonaws.com/NARAprodstorage/lz/dc-metro/rg-024/581208/2020-03/581208-omaha-004/581208-omaha-004-079.JPG	https://s3.amazonaws.com/NARAprodstorage/lz/dc-metro/rg-024/581208/2020-03/581208-omaha-004/581208-omaha-004-079.JPG	 					wnw	202	212	8	30.18	63	61	60	58		om	nimb	0				
1873-06-03	3	-11.42	-78.29	292.5		4		https://s3.amazonaws.com/NARAprodstorage/lz/dc-metro/rg-024/581208/2020-03/581208-omaha-004/581208-omaha-004-079.JPG	https://s3.amazonaws.com/NARAprodstorage/lz/dc-metro/rg-024/581208/2020-03/581208-omaha-004/581208-omaha-004-079.JPG	 					wnw	225	235	5	30.18	63	61	60	58		om	nimb	0				
1873-06-03	4	-11.37	-78.36	292.5		5		https://s3.amazonaws.com/NARAprodstorage/lz/dc-metro/rg-024/581208/2020-03/581208-omaha-004/581208-omaha-004-079.JPG	https://s3.amazonaws.com/NARAprodstorage/lz/dc-metro/rg-024/581208/2020-03/581208-omaha-004/581208-omaha-004-079.JPG	 					wnw	169	179	5	30.18	63	61	60	58		om	nimb	0				
1873-06-03	5	-11.33	-78.43	292.5		5		https://s3.amazonaws.com/NARAprodstorage/lz/dc-metro/rg-024/581208/2020-03/581208-omaha-004/581208-omaha-004-079.JPG	https://s3.amazonaws.com/NARAprodstorage/lz/dc-metro/rg-024/581208/2020-03/581208-omaha-004/581208-omaha-004-079.JPG	 					wnw	202	212	5	30.18	63	61	60	58		om	nimb	0				
1873-06-03	6	-11.3	-78.48	292.5		3		https://s3.amazonaws.com/NARAprodstorage/lz/dc-metro/rg-024/581208/2020-03/581208-omaha-004/581208-omaha-004-079.JPG	https://s3.amazonaws.com/NARAprodstorage/lz/dc-metro/rg-024/581208/2020-03/581208-omaha-004/581208-omaha-004-079.JPG	 					wnw	191	201	2	30.16	63	63	60	58		om	nimb	0				
1873-06-03	7	-11.26	-78.54	292.5		4		https://s3.amazonaws.com/NARAprodstorage/lz/dc-metro/rg-024/581208/2020-03/581208-omaha-004/581208-omaha-004-079.JPG	https://s3.amazonaws.com/NARAprodstorage/lz/dc-metro/rg-024/581208/2020-03/581208-omaha-004/581208-omaha-004-079.JPG	 					wnw	191	201	5	30.16	63	63	60	58		om	nimb	0				
1873-06-03	8	-11.23	-78.6	292.5		4		https://s3.amazonaws.com/NARAprodstorage/lz/dc-metro/rg-024/581208/2020-03/581208-omaha-004/581208-omaha-004-079.JPG	https://s3.amazonaws.com/NARAprodstorage/lz/dc-metro/rg-024/581208/2020-03/581208-omaha-004/581208-omaha-004-079.JPG	 					wnw	191	201	5	30.18	64	62	60	58		om	nimb	0				
1873-06-03	9	-11.19	-78.65	292.5		3.4		https://s3.amazonaws.com/NARAprodstorage/lz/dc-metro/rg-024/581208/2020-03/581208-omaha-004/581208-omaha-004-079.JPG	https://s3.amazonaws.com/NARAprodstorage/lz/dc-metro/rg-024/581208/2020-03/581208-omaha-004/581208-omaha-004-079.JPG	 					wnw	180	190	3	30.18	64	62	60	58		oc	nimb	0				
1873-06-03	10	-11.16	-78.71	292.5		4		https://s3.amazonaws.com/NARAprodstorage/lz/dc-metro/rg-024/581208/2020-03/581208-omaha-004/581208-omaha-004-079.JPG	https://s3.amazonaws.com/NARAprodstorage/lz/dc-metro/rg-024/581208/2020-03/581208-omaha-004/581208-omaha-004-079.JPG	 					wnw	888	888	5	30.2	65	63	61	59		oc	nimb	0				
1873-06-03	11	-11.13	-78.76	292.5		3.4		https://s3.amazonaws.com/NARAprodstorage/lz/dc-metro/rg-024/581208/2020-03/581208-omaha-004/581208-omaha-004-079.JPG	https://s3.amazonaws.com/NARAprodstorage/lz/dc-metro/rg-024/581208/2020-03/581208-omaha-004/581208-omaha-004-079.JPG	 					wnw	888	888	3	30.2	65	63	61	60		oc	cum nim	0				
1873-06-03	12	-11.1	-78.8	292.5		2.6		https://s3.amazonaws.com/NARAprodstorage/lz/dc-metro/rg-024/581208/2020-03/581208-omaha-004/581208-omaha-004-079.JPG	https://s3.amazonaws.com/NARAprodstorage/lz/dc-metro/rg-024/581208/2020-03/581208-omaha-004/581208-omaha-004-079.JPG	 			11 6S	78 48W	wnw	888	888	3	30.2	65	63	61	60		oc	cum nim	0				
1873-06-03	13	-11.06	-78.85	303.75		3.4		https://s3.amazonaws.com/NARAprodstorage/lz/dc-metro/rg-024/581208/2020-03/581208-omaha-004/581208-omaha-004-079.JPG	https://s3.amazonaws.com/NARAprodstorage/lz/dc-metro/rg-024/581208/2020-03/581208-omaha-004/581208-omaha-004-079.JPG	 					nwxw	888	888	3	30.2	65	64	62	60		bc	cum nim	0				
1873-06-03	14	-11.02	-78.9	303.75		4		https://s3.amazonaws.com/NARAprodstorage/lz/dc-metro/rg-024/581208/2020-03/581208-omaha-004/581208-omaha-004-079.JPG	https://s3.amazonaws.com/NARAprodstorage/lz/dc-metro/rg-024/581208/2020-03/581208-omaha-004/581208-omaha-004-079.JPG	 					nwxw	888	888	3	30.12	64	64	62	60		bc	cum nim	0				
1873-06-03	15	-10.97	-78.95	303.75		4.4		https://s3.amazonaws.com/NARAprodstorage/lz/dc-metro/rg-024/581208/2020-03/581208-omaha-004/581208-omaha-004-079.JPG	https://s3.amazonaws.com/NARAprodstorage/lz/dc-metro/rg-024/581208/2020-03/581208-omaha-004/581208-omaha-004-079.JPG	 					nwxw	191	201	6	30.1	62	61	59	59		bc	cum nim	0				
1873-06-03	16	-10.91	-79.02	303.75		5.2		https://s3.amazonaws.com/NARAprodstorage/lz/dc-metro/rg-024/581208/2020-03/581208-omaha-004/581208-omaha-004-079.JPG	https://s3.amazonaws.com/NARAprodstorage/lz/dc-metro/rg-024/581208/2020-03/581208-omaha-004/581208-omaha-004-079.JPG	 					nwxw	158	168	6	30.1	62	61	59	59		bc	cum nim	0				
1873-06-03	17	-10.86	-79.09	303.75		5		https://s3.amazonaws.com/NARAprodstorage/lz/dc-metro/rg-024/581208/2020-03/581208-omaha-004/581208-omaha-004-079.JPG	https://s3.amazonaws.com/NARAprodstorage/lz/dc-metro/rg-024/581208/2020-03/581208-omaha-004/581208-omaha-004-079.JPG	 					nwxw	158	168	8	30.12	62	61	59	59		bc	cum nim	0				
1873-06-03	18	-10.82	-79.14	303.75		4		https://s3.amazonaws.com/NARAprodstorage/lz/dc-metro/rg-024/581208/2020-03/581208-omaha-004/581208-omaha-004-079.JPG	https://s3.amazonaws.com/NARAprodstorage/lz/dc-metro/rg-024/581208/2020-03/581208-omaha-004/581208-omaha-004-079.JPG	 					nwxw	158	168	8	30.14	62	61	59	59		bc	cum nim	0				
1873-06-03	19	-10.77	-79.19	303.75		4		https://s3.amazonaws.com/NARAprodstorage/lz/dc-metro/rg-024/581208/2020-03/581208-omaha-004/581208-omaha-004-079.JPG	https://s3.amazonaws.com/NARAprodstorage/lz/dc-metro/rg-024/581208/2020-03/581208-omaha-004/581208-omaha-004-079.JPG	 					nwxw	158	168	8	30.16	63	63	61	59		bc	nimb	0				
1873-06-03	20	-10.73	-79.24	303.75		4		https://s3.amazonaws.com/NARAprodstorage/lz/dc-metro/rg-024/581208/2020-03/581208-omaha-004/581208-omaha-004-079.JPG	https://s3.amazonaws.com/NARAprodstorage/lz/dc-metro/rg-024/581208/2020-03/581208-omaha-004/581208-omaha-004-079.JPG	2000: cc NW1/2W.					nwxw	158	168	5	30.16	63	62	61	59		bc	nimb	0				
1873-06-03	21	-10.69	-79.28	309.38		3.6		https://s3.amazonaws.com/NARAprodstorage/lz/dc-metro/rg-024/581208/2020-03/581208-omaha-004/581208-omaha-004-079.JPG	https://s3.amazonaws.com/NARAprodstorage/lz/dc-metro/rg-024/581208/2020-03/581208-omaha-004/581208-omaha-004-079.JPG	 					nw1/2w	208	218	2	30.18	63	62	61	59		bc	nimb	0				
1873-06-03	22	-10.65	-79.32	309.38		3		https://s3.amazonaws.com/NARAprodstorage/lz/dc-metro/rg-024/581208/2020-03/581208-omaha-004/581208-omaha-004-079.JPG	https://s3.amazonaws.com/NARAprodstorage/lz/dc-metro/rg-024/581208/2020-03/581208-omaha-004/581208-omaha-004-079.JPG	 					nw1/2w	191	201	2	30.21	65	65	62	59		bcm	nimb	0				
1873-06-03	23	-10.61	-79.36	309.38		3		https://s3.amazonaws.com/NARAprodstorage/lz/dc-metro/rg-024/581208/2020-03/581208-omaha-004/581208-omaha-004-079.JPG	https://s3.amazonaws.com/NARAprodstorage/lz/dc-metro/rg-024/581208/2020-03/581208-omaha-004/581208-omaha-004-079.JPG	 					nw1/2w	191	201	2	30.21	65	65	62	60		bcm	nimb	0				
1873-06-03	24	-10.56	-79.41	309.38		4.2		https://s3.amazonaws.com/NARAprodstorage/lz/dc-metro/rg-024/581208/2020-03/581208-omaha-004/581208-omaha-004-079.JPG	https://s3.amazonaws.com/NARAprodstorage/lz/dc-metro/rg-024/581208/2020-03/581208-omaha-004/581208-omaha-004-079.JPG	 					nw1/2w	191	201	5	30.2	64	62	61	60		oc	nimb	0				
1873-06-04	1	-10.52	-79.45	309.38		4		https://s3.amazonaws.com/NARAprodstorage/lz/dc-metro/rg-024/581208/2020-03/581208-omaha-004/581208-omaha-004-081.JPG	https://s3.amazonaws.com/NARAprodstorage/lz/dc-metro/rg-024/581208/2020-03/581208-omaha-004/581208-omaha-004-081.JPG	 					nw1/2w	197	207	5	30.2	63	62	62	59		oc	cum nim	0				
1873-06-04	2	-10.48	-79.49	309.38		3		https://s3.amazonaws.com/NARAprodstorage/lz/dc-metro/rg-024/581208/2020-03/581208-omaha-004/581208-omaha-004-081.JPG	https://s3.amazonaws.com/NARAprodstorage/lz/dc-metro/rg-024/581208/2020-03/581208-omaha-004/581208-omaha-004-081.JPG	 					nw1/2w	197	207	3	30.2	63	62	62	59		oc	cum nim	0				
1873-06-04	3	-10.44	-79.53	309.38		3		https://s3.amazonaws.com/NARAprodstorage/lz/dc-metro/rg-024/581208/2020-03/581208-omaha-004/581208-omaha-004-081.JPG	https://s3.amazonaws.com/NARAprodstorage/lz/dc-metro/rg-024/581208/2020-03/581208-omaha-004/581208-omaha-004-081.JPG	 					nw1/2w	158	168	3	30.18	63	60	62	59		oc	cum nim	0				
1873-06-04	4	-10.4	-79.57	309.38		3.4		https://s3.amazonaws.com/NARAprodstorage/lz/dc-metro/rg-024/581208/2020-03/581208-omaha-004/581208-omaha-004-081.JPG	https://s3.amazonaws.com/NARAprodstorage/lz/dc-metro/rg-024/581208/2020-03/581208-omaha-004/581208-omaha-004-081.JPG	 					nw1/2w	158	168	3	30.18	63	62	62	59		oc	cum nim	0				
1873-06-04	5	-10.36	-79.61	309.38		4		https://s3.amazonaws.com/NARAprodstorage/lz/dc-metro/rg-024/581208/2020-03/581208-omaha-004/581208-omaha-004-081.JPG	https://s3.amazonaws.com/NARAprodstorage/lz/dc-metro/rg-024/581208/2020-03/581208-omaha-004/581208-omaha-004-081.JPG	 					nw1/2w	158	168	3	30.18	63	63	62	59		oc	cum nim	0				
1873-06-04	6	-10.32	-79.65	309.38		3.4		https://s3.amazonaws.com/NARAprodstorage/lz/dc-metro/rg-024/581208/2020-03/581208-omaha-004/581208-omaha-004-081.JPG	https://s3.amazonaws.com/NARAprodstorage/lz/dc-metro/rg-024/581208/2020-03/581208-omaha-004/581208-omaha-004-081.JPG	 					nw1/2w	158	168	3	30.18	64	64	62	59		oc	cum nim	0				
1873-06-04	7	-10.27	-79.7	309.38		3.6		https://s3.amazonaws.com/NARAprodstorage/lz/dc-metro/rg-024/581208/2020-03/581208-omaha-004/581208-omaha-004-081.JPG	https://s3.amazonaws.com/NARAprodstorage/lz/dc-metro/rg-024/581208/2020-03/581208-omaha-004/581208-omaha-004-081.JPG	 					nw1/2w	158	168	3	30.16	66	65	62	59		oc	cum nim	0				
1873-06-04	8	-10.22	-79.74	309.38		4		https://s3.amazonaws.com/NARAprodstorage/lz/dc-metro/rg-024/581208/2020-03/581208-omaha-004/581208-omaha-004-081.JPG	https://s3.amazonaws.com/NARAprodstorage/lz/dc-metro/rg-024/581208/2020-03/581208-omaha-004/581208-omaha-004-081.JPG	 					nw1/2w	158	168	3	30.15	65	65	63	63		oc	cum nim	3				
1873-06-04	9	-10.16	-79.8	309.38		5		https://s3.amazonaws.com/NARAprodstorage/lz/dc-metro/rg-024/581208/2020-03/581208-omaha-004/581208-omaha-004-081.JPG	https://s3.amazonaws.com/NARAprodstorage/lz/dc-metro/rg-024/581208/2020-03/581208-omaha-004/581208-omaha-004-081.JPG	 					nw1/2w	158	168	5	30.2	65	65	63	65		bc	cum nim	1				
1873-06-04	10	-10.17	-79.81			0		https://s3.amazonaws.com/NARAprodstorage/lz/dc-metro/rg-024/581208/2020-03/581208-omaha-004/581208-omaha-004-081.JPG	https://s3.amazonaws.com/NARAprodstorage/lz/dc-metro/rg-024/581208/2020-03/581208-omaha-004/581208-omaha-004-081.JPG	 					v	158	168	5	30.2	65	65	63	65		bc	cum nim	2				
1873-06-04	11	-10.14	-79.81	348.75		1.4		https://s3.amazonaws.com/NARAprodstorage/lz/dc-metro/rg-024/581208/2020-03/581208-omaha-004/581208-omaha-004-081.JPG	https://s3.amazonaws.com/NARAprodstorage/lz/dc-metro/rg-024/581208/2020-03/581208-omaha-004/581208-omaha-004-081.JPG	1115: cc var for target practice.					nxw	158	168	5	30.2	65	65	63	65		bc	cum nim	2				
1873-06-04	12	-10.08	-79.87	309.38		5		https://s3.amazonaws.com/NARAprodstorage/lz/dc-metro/rg-024/581208/2020-03/581208-omaha-004/581208-omaha-004-081.JPG	https://s3.amazonaws.com/NARAprodstorage/lz/dc-metro/rg-024/581208/2020-03/581208-omaha-004/581208-omaha-004-081.JPG	Noon: cc NW.			10 5S	79 52W	nw1/2w	158	168	5	30.2	66	64	62	67		bc	cum nim	2				
1873-06-04	13	-10.04	-79.91	315		4.6		https://s3.amazonaws.com/NARAprodstorage/lz/dc-metro/rg-024/581208/2020-03/581208-omaha-004/581208-omaha-004-081.JPG	https://s3.amazonaws.com/NARAprodstorage/lz/dc-metro/rg-024/581208/2020-03/581208-omaha-004/581208-omaha-004-081.JPG	 					nw	214	224	6	30.18	65	62	64	67		bc	cum nim	0				
1873-06-04	14	-9.99	-79.96	315		4.6		https://s3.amazonaws.com/NARAprodstorage/lz/dc-metro/rg-024/581208/2020-03/581208-omaha-004/581208-omaha-004-081.JPG	https://s3.amazonaws.com/NARAprodstorage/lz/dc-metro/rg-024/581208/2020-03/581208-omaha-004/581208-omaha-004-081.JPG	 					nw	214	224	6	30.18	65	62	64	67		bc	cum nim	0				
1873-06-04	15	-9.94	-80	315		4.6		https://s3.amazonaws.com/NARAprodstorage/lz/dc-metro/rg-024/581208/2020-03/581208-omaha-004/581208-omaha-004-081.JPG	https://s3.amazonaws.com/NARAprodstorage/lz/dc-metro/rg-024/581208/2020-03/581208-omaha-004/581208-omaha-004-081.JPG	 					nw	158	168	5	30.14	65	62	64	67		bc	cum nim	0				
1873-06-04	16	-9.9	-80.05	315		4.5		https://s3.amazonaws.com/NARAprodstorage/lz/dc-metro/rg-024/581208/2020-03/581208-omaha-004/581208-omaha-004-081.JPG	https://s3.amazonaws.com/NARAprodstorage/lz/dc-metro/rg-024/581208/2020-03/581208-omaha-004/581208-omaha-004-081.JPG	 					nw	888	888	5	30.18	65	65	65	66		bc	cum nim	0				
1873-06-04	17	-9.85	-80.09	315		4.6		https://s3.amazonaws.com/NARAprodstorage/lz/dc-metro/rg-024/581208/2020-03/581208-omaha-004/581208-omaha-004-081.JPG	https://s3.amazonaws.com/NARAprodstorage/lz/dc-metro/rg-024/581208/2020-03/581208-omaha-004/581208-omaha-004-081.JPG	 					nw	135	145	8	30.16	65	67	67	64		bc	cum nim	0				
1873-06-04	18	-9.81	-80.13	315		4		https://s3.amazonaws.com/NARAprodstorage/lz/dc-metro/rg-024/581208/2020-03/581208-omaha-004/581208-omaha-004-081.JPG	https://s3.amazonaws.com/NARAprodstorage/lz/dc-metro/rg-024/581208/2020-03/581208-omaha-004/581208-omaha-004-081.JPG	 					nw	124	134	5	30.16	65	67	67	64		bc	cum nim	1				
1873-06-04	19	-9.79	-80.16	315		3		https://s3.amazonaws.com/NARAprodstorage/lz/dc-metro/rg-024/581208/2020-03/581208-omaha-004/581208-omaha-004-081.JPG	https://s3.amazonaws.com/NARAprodstorage/lz/dc-metro/rg-024/581208/2020-03/581208-omaha-004/581208-omaha-004-081.JPG	 					nw	135	145	2	30.14	66	65	63	66		bc	cum nim	2				
1873-06-04	20	-9.76	-80.19	315		3		https://s3.amazonaws.com/NARAprodstorage/lz/dc-metro/rg-024/581208/2020-03/581208-omaha-004/581208-omaha-004-081.JPG	https://s3.amazonaws.com/NARAprodstorage/lz/dc-metro/rg-024/581208/2020-03/581208-omaha-004/581208-omaha-004-081.JPG	 					nw	888	888	2	30.15	66	65	63	66		bc	cum nim	3				
1873-06-04	21	-9.73	-80.22	315		3.5		https://s3.amazonaws.com/NARAprodstorage/lz/dc-metro/rg-024/581208/2020-03/581208-omaha-004/581208-omaha-004-081.JPG	https://s3.amazonaws.com/NARAprodstorage/lz/dc-metro/rg-024/581208/2020-03/581208-omaha-004/581208-omaha-004-081.JPG	 					nw	135	145	3	30.14	67	64	62	66		oc	cum nim	0				
1873-06-04	22	-9.7	-80.26	315		3.6		https://s3.amazonaws.com/NARAprodstorage/lz/dc-metro/rg-024/581208/2020-03/581208-omaha-004/581208-omaha-004-081.JPG	https://s3.amazonaws.com/NARAprodstorage/lz/dc-metro/rg-024/581208/2020-03/581208-omaha-004/581208-omaha-004-081.JPG	 					nw	135	145	3	30.14	67	64	62	66		oc	cum nim	0				
1873-06-04	23	-9.64	-80.31	315		5		https://s3.amazonaws.com/NARAprodstorage/lz/dc-metro/rg-024/581208/2020-03/581208-omaha-004/581208-omaha-004-081.JPG	https://s3.amazonaws.com/NARAprodstorage/lz/dc-metro/rg-024/581208/2020-03/581208-omaha-004/581208-omaha-004-081.JPG	 					nw	202	212	6	30.14	65	63	61	65		oc	cum nim	0				
1873-06-04	24	-9.59	-80.36	315		5		https://s3.amazonaws.com/NARAprodstorage/lz/dc-metro/rg-024/581208/2020-03/581208-omaha-004/581208-omaha-004-081.JPG	https://s3.amazonaws.com/NARAprodstorage/lz/dc-metro/rg-024/581208/2020-03/581208-omaha-004/581208-omaha-004-081.JPG	 					nw	888	888	6	30.14	65	63	61	65		oc	cum nim	0				
1873-06-05	1	-9.52	-80.42	315		6.4		https://s3.amazonaws.com/NARAprodstorage/lz/dc-metro/rg-024/581208/2020-03/581208-omaha-004/581208-omaha-004-082.JPG	https://s3.amazonaws.com/NARAprodstorage/lz/dc-metro/rg-024/581208/2020-03/581208-omaha-004/581208-omaha-004-082.JPG	 					nw	180	190	8	30.16	66	66	63	60		oc	cum nim	0				
1873-06-05	2	-9.45	-80.48	315		6.4		https://s3.amazonaws.com/NARAprodstorage/lz/dc-metro/rg-024/581208/2020-03/581208-omaha-004/581208-omaha-004-082.JPG	https://s3.amazonaws.com/NARAprodstorage/lz/dc-metro/rg-024/581208/2020-03/581208-omaha-004/581208-omaha-004-082.JPG	 					nw	180	190	8	30.16	66	65	63	59		oc	cum nim	0				
1873-06-05	3	-9.38	-80.54	315		6.4		https://s3.amazonaws.com/NARAprodstorage/lz/dc-metro/rg-024/581208/2020-03/581208-omaha-004/581208-omaha-004-082.JPG	https://s3.amazonaws.com/NARAprodstorage/lz/dc-metro/rg-024/581208/2020-03/581208-omaha-004/581208-omaha-004-082.JPG	 					nw	180	190	9	30.16	66	65	63	59		oc	cum nim	0				
1873-06-05	4	-9.32	-80.6	315		5.4		https://s3.amazonaws.com/NARAprodstorage/lz/dc-metro/rg-024/581208/2020-03/581208-omaha-004/581208-omaha-004-082.JPG	https://s3.amazonaws.com/NARAprodstorage/lz/dc-metro/rg-024/581208/2020-03/581208-omaha-004/581208-omaha-004-082.JPG	 					nw	135	145	10	30.16	65	64	62	59		oc	cum nim	0				
1873-06-05	5	-9.27	-80.65	315		5		https://s3.amazonaws.com/NARAprodstorage/lz/dc-metro/rg-024/581208/2020-03/581208-omaha-004/581208-omaha-004-082.JPG	https://s3.amazonaws.com/NARAprodstorage/lz/dc-metro/rg-024/581208/2020-03/581208-omaha-004/581208-omaha-004-082.JPG	 					nw	135	145	8	30.16	65	64	62	59		oc	cum nim	0				
1873-06-05	6	-9.21	-80.7	315		5.4		https://s3.amazonaws.com/NARAprodstorage/lz/dc-metro/rg-024/581208/2020-03/581208-omaha-004/581208-omaha-004-082.JPG	https://s3.amazonaws.com/NARAprodstorage/lz/dc-metro/rg-024/581208/2020-03/581208-omaha-004/581208-omaha-004-082.JPG	 					nw	135	145	8	30.16	65	64	62	59		oc	cum nim	0				
1873-06-05	7	-9.15	-80.75	315		5.4		https://s3.amazonaws.com/NARAprodstorage/lz/dc-metro/rg-024/581208/2020-03/581208-omaha-004/581208-omaha-004-082.JPG	https://s3.amazonaws.com/NARAprodstorage/lz/dc-metro/rg-024/581208/2020-03/581208-omaha-004/581208-omaha-004-082.JPG	 					nw	146	156	5	30.14	65	64	63	62		oc	cum nim	0				
1873-06-05	8	-9.1	-80.8	315		5		https://s3.amazonaws.com/NARAprodstorage/lz/dc-metro/rg-024/581208/2020-03/581208-omaha-004/581208-omaha-004-082.JPG	https://s3.amazonaws.com/NARAprodstorage/lz/dc-metro/rg-024/581208/2020-03/581208-omaha-004/581208-omaha-004-082.JPG	 					nw	146	156	5	30.18	66	65	63	62		oc	cum nim	0				
1873-06-05	9	-9.05	-80.85	315		5		https://s3.amazonaws.com/NARAprodstorage/lz/dc-metro/rg-024/581208/2020-03/581208-omaha-004/581208-omaha-004-082.JPG	https://s3.amazonaws.com/NARAprodstorage/lz/dc-metro/rg-024/581208/2020-03/581208-omaha-004/581208-omaha-004-082.JPG	 					nw	888	888	5	30.18	66	65	63	62		oc	nimb	0				
1873-06-05	10	-8.99	-80.9	315		5		https://s3.amazonaws.com/NARAprodstorage/lz/dc-metro/rg-024/581208/2020-03/581208-omaha-004/581208-omaha-004-082.JPG	https://s3.amazonaws.com/NARAprodstorage/lz/dc-metro/rg-024/581208/2020-03/581208-omaha-004/581208-omaha-004-082.JPG	 					nw	888	888	5	30.2	66	65	63	62		oc	nimb	0				
1873-06-05	11	-8.94	-80.95	315		5.4		https://s3.amazonaws.com/NARAprodstorage/lz/dc-metro/rg-024/581208/2020-03/581208-omaha-004/581208-omaha-004-082.JPG	https://s3.amazonaws.com/NARAprodstorage/lz/dc-metro/rg-024/581208/2020-03/581208-omaha-004/581208-omaha-004-082.JPG	 					nw	888	888	8	30.2	66	67	64	62		bc	cum nim	2				
1873-06-05	12	-8.88	-81	315		5		https://s3.amazonaws.com/NARAprodstorage/lz/dc-metro/rg-024/581208/2020-03/581208-omaha-004/581208-omaha-004-082.JPG	https://s3.amazonaws.com/NARAprodstorage/lz/dc-metro/rg-024/581208/2020-03/581208-omaha-004/581208-omaha-004-082.JPG	 			8 53S	81W	nw	888	888	6	30.2	68	67	64	62		bc	cum nim	1				
1873-06-05	13	-8.83	-81.05	315		5		https://s3.amazonaws.com/NARAprodstorage/lz/dc-metro/rg-024/581208/2020-03/581208-omaha-004/581208-omaha-004-082.JPG	https://s3.amazonaws.com/NARAprodstorage/lz/dc-metro/rg-024/581208/2020-03/581208-omaha-004/581208-omaha-004-082.JPG	 					nw	146	155	8	30.16	69	69	64	66		bc	cum nim	2				
1873-06-05	14	-8.77	-81.1	315		5		https://s3.amazonaws.com/NARAprodstorage/lz/dc-metro/rg-024/581208/2020-03/581208-omaha-004/581208-omaha-004-082.JPG	https://s3.amazonaws.com/NARAprodstorage/lz/dc-metro/rg-024/581208/2020-03/581208-omaha-004/581208-omaha-004-082.JPG	1400: cc NW1/2W.					nw	146	155	8	30.13	69	69	64	66		bc	cum nim	2				
1873-06-05	15	-8.71	-81.14	320.62		5		https://s3.amazonaws.com/NARAprodstorage/lz/dc-metro/rg-024/581208/2020-03/581208-omaha-004/581208-omaha-004-082.JPG	https://s3.amazonaws.com/NARAprodstorage/lz/dc-metro/rg-024/581208/2020-03/581208-omaha-004/581208-omaha-004-082.JPG	 					nw1/2n	146	155	8	30.13	69	69	64	66		bc	cum str	4				
1873-06-05	16	-8.65	-81.18	320.62		5		https://s3.amazonaws.com/NARAprodstorage/lz/dc-metro/rg-024/581208/2020-03/581208-omaha-004/581208-omaha-004-082.JPG	https://s3.amazonaws.com/NARAprodstorage/lz/dc-metro/rg-024/581208/2020-03/581208-omaha-004/581208-omaha-004-082.JPG	 					nw1/2n	146	155	8	30.13	69	69	64	66		bc	cir c um	7				
1873-06-05	17	-8.58	-81.23	320.62		5		https://s3.amazonaws.com/NARAprodstorage/lz/dc-metro/rg-024/581208/2020-03/581208-omaha-004/581208-omaha-004-082.JPG	https://s3.amazonaws.com/NARAprodstorage/lz/dc-metro/rg-024/581208/2020-03/581208-omaha-004/581208-omaha-004-082.JPG	 					nw1/2n	135	144	8	30.12	69	68	65	65		bc	cir c um	6				
1873-06-05	18	-8.53	-81.27	320.62		4.6		https://s3.amazonaws.com/NARAprodstorage/lz/dc-metro/rg-024/581208/2020-03/581208-omaha-004/581208-omaha-004-082.JPG	https://s3.amazonaws.com/NARAprodstorage/lz/dc-metro/rg-024/581208/2020-03/581208-omaha-004/581208-omaha-004-082.JPG	 					nw1/2n	135	144	5	30.13	68	68	64	65		oc	cir c um					
1873-06-05	19	-8.47	-81.3	320.62		4.4		https://s3.amazonaws.com/NARAprodstorage/lz/dc-metro/rg-024/581208/2020-03/581208-omaha-004/581208-omaha-004-082.JPG	https://s3.amazonaws.com/NARAprodstorage/lz/dc-metro/rg-024/581208/2020-03/581208-omaha-004/581208-omaha-004-082.JPG	 					nw1/2n	135	144	5	30.13	68	66	63	64		bc	cir c um	2				
1873-06-05	20	-8.42	-81.34	320.62		4.6		https://s3.amazonaws.com/NARAprodstorage/lz/dc-metro/rg-024/581208/2020-03/581208-omaha-004/581208-omaha-004-082.JPG	https://s3.amazonaws.com/NARAprodstorage/lz/dc-metro/rg-024/581208/2020-03/581208-omaha-004/581208-omaha-004-082.JPG	 					nw1/2n	888	888	3	30.13	68	66	63	64		bc	cir c um	1				
1873-06-05	21	-8.36	-81.39	320.62		5		https://s3.amazonaws.com/NARAprodstorage/lz/dc-metro/rg-024/581208/2020-03/581208-omaha-004/581208-omaha-004-082.JPG	https://s3.amazonaws.com/NARAprodstorage/lz/dc-metro/rg-024/581208/2020-03/581208-omaha-004/581208-omaha-004-082.JPG	 					nw1/2n	146	155	3	30.17	67	67	63	62		bc	cir c um	2				
1873-06-05	22	-8.3	-81.42	320.62		4.4		https://s3.amazonaws.com/NARAprodstorage/lz/dc-metro/rg-024/581208/2020-03/581208-omaha-004/581208-omaha-004-082.JPG	https://s3.amazonaws.com/NARAprodstorage/lz/dc-metro/rg-024/581208/2020-03/581208-omaha-004/581208-omaha-004-082.JPG	 					nw1/2n	146	155	5	30.14	67	67	63	62		bc	cir c um	2				
1873-06-05	23	-8.22	-81.48	320.62		6.4		https://s3.amazonaws.com/NARAprodstorage/lz/dc-metro/rg-024/581208/2020-03/581208-omaha-004/581208-omaha-004-082.JPG	https://s3.amazonaws.com/NARAprodstorage/lz/dc-metro/rg-024/581208/2020-03/581208-omaha-004/581208-omaha-004-082.JPG	 					nw1/2n	146	155	5	30.2	67	64	63	61		bc	cir c um	2				
1873-06-05	24	-8.15	-81.53	320.62		6		https://s3.amazonaws.com/NARAprodstorage/lz/dc-metro/rg-024/581208/2020-03/581208-omaha-004/581208-omaha-004-082.JPG	https://s3.amazonaws.com/NARAprodstorage/lz/dc-metro/rg-024/581208/2020-03/581208-omaha-004/581208-omaha-004-082.JPG	 					nw1/2n	112	122	5	30.2	67	64	63	61		bc	cir c um	2				
1873-06-06	1	-8.08	-81.57	320.62		5		https://s3.amazonaws.com/NARAprodstorage/lz/dc-metro/rg-024/581208/2020-03/581208-omaha-004/581208-omaha-004-083.JPG	https://s3.amazonaws.com/NARAprodstorage/lz/dc-metro/rg-024/581208/2020-03/581208-omaha-004/581208-omaha-004-083.JPG	 					nw1/2n	112	122	5	30.2	67	66	63	66		bc	cir nim	4				
1873-06-06	2	-8.02	-81.61	320.62		5		https://s3.amazonaws.com/NARAprodstorage/lz/dc-metro/rg-024/581208/2020-03/581208-omaha-004/581208-omaha-004-083.JPG	https://s3.amazonaws.com/NARAprodstorage/lz/dc-metro/rg-024/581208/2020-03/581208-omaha-004/581208-omaha-004-083.JPG	 					nw1/2n	112	122	5	30.18	67	67	64	66		bc	nim cir cum	4				
1873-06-06	3	-7.95	-81.66	320.62		5.4		https://s3.amazonaws.com/NARAprodstorage/lz/dc-metro/rg-024/581208/2020-03/581208-omaha-004/581208-omaha-004-083.JPG	https://s3.amazonaws.com/NARAprodstorage/lz/dc-metro/rg-024/581208/2020-03/581208-omaha-004/581208-omaha-004-083.JPG	 					nw1/2n	135	144	8	30.18	67	67	64	66		bc	nim cir cum	4				
1873-06-06	4	-7.88	-81.71	320.62		6		https://s3.amazonaws.com/NARAprodstorage/lz/dc-metro/rg-024/581208/2020-03/581208-omaha-004/581208-omaha-004-083.JPG	https://s3.amazonaws.com/NARAprodstorage/lz/dc-metro/rg-024/581208/2020-03/581208-omaha-004/581208-omaha-004-083.JPG	 					nw1/2n	135	144	8	30.16	67	67	64	66		bc	nim cir cum	4				
1873-06-06	5	-7.81	-81.76	320.62		5.4		https://s3.amazonaws.com/NARAprodstorage/lz/dc-metro/rg-024/581208/2020-03/581208-omaha-004/581208-omaha-004-083.JPG	https://s3.amazonaws.com/NARAprodstorage/lz/dc-metro/rg-024/581208/2020-03/581208-omaha-004/581208-omaha-004-083.JPG	 					nw1/2n	135	144	8	30.16	67	67	64	66		bc	nim cir cum	3				
1873-06-06	6	-7.75	-81.8	320.62		5		https://s3.amazonaws.com/NARAprodstorage/lz/dc-metro/rg-024/581208/2020-03/581208-omaha-004/581208-omaha-004-083.JPG	https://s3.amazonaws.com/NARAprodstorage/lz/dc-metro/rg-024/581208/2020-03/581208-omaha-004/581208-omaha-004-083.JPG	 					nw1/2n	888	888	8	30.16	67	67	64	66		bc	nim cir cum	3				
1873-06-06	7	-7.69	-81.84	320.62		5		https://s3.amazonaws.com/NARAprodstorage/lz/dc-metro/rg-024/581208/2020-03/581208-omaha-004/581208-omaha-004-083.JPG	https://s3.amazonaws.com/NARAprodstorage/lz/dc-metro/rg-024/581208/2020-03/581208-omaha-004/581208-omaha-004-083.JPG	 					nw1/2n	888	888	6	30.18	68	66	64	65		bc	nim cir cum	3				
1873-06-06	8	-7.62	-81.89	320.62		5.4		https://s3.amazonaws.com/NARAprodstorage/lz/dc-metro/rg-024/581208/2020-03/581208-omaha-004/581208-omaha-004-083.JPG	https://s3.amazonaws.com/NARAprodstorage/lz/dc-metro/rg-024/581208/2020-03/581208-omaha-004/581208-omaha-004-083.JPG	 					nw1/2n	135	144	8	30.2	68	66	64	65		bc	Cir str cum nim cum str	1				
1873-06-06	9	-7.54	-81.94	320.62		6		https://s3.amazonaws.com/NARAprodstorage/lz/dc-metro/rg-024/581208/2020-03/581208-omaha-004/581208-omaha-004-083.JPG	https://s3.amazonaws.com/NARAprodstorage/lz/dc-metro/rg-024/581208/2020-03/581208-omaha-004/581208-omaha-004-083.JPG	 					nw1/2n	135	144	8	30.21	69	67	64	66		bc	nim	0				
1873-06-06	10	-7.47	-81.99	320.62		6		https://s3.amazonaws.com/NARAprodstorage/lz/dc-metro/rg-024/581208/2020-03/581208-omaha-004/581208-omaha-004-083.JPG	https://s3.amazonaws.com/NARAprodstorage/lz/dc-metro/rg-024/581208/2020-03/581208-omaha-004/581208-omaha-004-083.JPG	 					nw1/2n	135	144	8	30.21	69	67	64	66		bc	nim	0				
1873-06-06	11	-7.39	-82.04	320.62		6.4		https://s3.amazonaws.com/NARAprodstorage/lz/dc-metro/rg-024/581208/2020-03/581208-omaha-004/581208-omaha-004-083.JPG	https://s3.amazonaws.com/NARAprodstorage/lz/dc-metro/rg-024/581208/2020-03/581208-omaha-004/581208-omaha-004-083.JPG	 					nw1/2n	135	144	8	30.2	69	69	64	67		bc	cum nim	4				
1873-06-06	12	-7.3	-82.1	320.62		6.6		https://s3.amazonaws.com/NARAprodstorage/lz/dc-metro/rg-024/581208/2020-03/581208-omaha-004/581208-omaha-004-083.JPG	https://s3.amazonaws.com/NARAprodstorage/lz/dc-metro/rg-024/581208/2020-03/581208-omaha-004/581208-omaha-004-083.JPG	 			7 18S	82 6W	nw1/2n	135	144	8	30.18	69	67	66	68		bc	str cum	8				
1873-06-06	13	-7.21	-82.16	326.25		6.4		https://s3.amazonaws.com/NARAprodstorage/lz/dc-metro/rg-024/581208/2020-03/581208-omaha-004/581208-omaha-004-083.JPG	https://s3.amazonaws.com/NARAprodstorage/lz/dc-metro/rg-024/581208/2020-03/581208-omaha-004/581208-omaha-004-083.JPG	 					nwxn	146	155	8	30.16	70	69	66	68		bc	cir cum	5				
1873-06-06	14	-7.14	-82.19	337.5		5		https://s3.amazonaws.com/NARAprodstorage/lz/dc-metro/rg-024/581208/2020-03/581208-omaha-004/581208-omaha-004-083.JPG	https://s3.amazonaws.com/NARAprodstorage/lz/dc-metro/rg-024/581208/2020-03/581208-omaha-004/581208-omaha-004-083.JPG	 					nnw	146	155	8	30.16	71	70	66	68		oc	cir nim	0				
1873-06-06	15	-7.07	-82.21	337.5		4.4		https://s3.amazonaws.com/NARAprodstorage/lz/dc-metro/rg-024/581208/2020-03/581208-omaha-004/581208-omaha-004-083.JPG	https://s3.amazonaws.com/NARAprodstorage/lz/dc-metro/rg-024/581208/2020-03/581208-omaha-004/581208-omaha-004-083.JPG	 					nnw	135	144	8	30.16	71	70	66	68		bc	cir nim	5				
1873-06-06	16	-7.01	-82.24	337.5		4		https://s3.amazonaws.com/NARAprodstorage/lz/dc-metro/rg-024/581208/2020-03/581208-omaha-004/581208-omaha-004-083.JPG	https://s3.amazonaws.com/NARAprodstorage/lz/dc-metro/rg-024/581208/2020-03/581208-omaha-004/581208-omaha-004-083.JPG	 					nnw	158	166	5	30.13	70	69	66	68		oc	nim	0				
1873-06-06	17	-6.95	-82.27	337.5		4.4		https://s3.amazonaws.com/NARAprodstorage/lz/dc-metro/rg-024/581208/2020-03/581208-omaha-004/581208-omaha-004-083.JPG	https://s3.amazonaws.com/NARAprodstorage/lz/dc-metro/rg-024/581208/2020-03/581208-omaha-004/581208-omaha-004-083.JPG	 					nnw	158	166	6	30.13	70	68	64	67		oc	nim	0				
1873-06-06	18	-6.87	-82.3	337.5		5		https://s3.amazonaws.com/NARAprodstorage/lz/dc-metro/rg-024/581208/2020-03/581208-omaha-004/581208-omaha-004-083.JPG	https://s3.amazonaws.com/NARAprodstorage/lz/dc-metro/rg-024/581208/2020-03/581208-omaha-004/581208-omaha-004-083.JPG	 					nnw	158	166	6	30.18	70	68	64	67		oc	nim	1				
1873-06-06	19	-6.78	-82.33	337.5		6.2		https://s3.amazonaws.com/NARAprodstorage/lz/dc-metro/rg-024/581208/2020-03/581208-omaha-004/581208-omaha-004-083.JPG	https://s3.amazonaws.com/NARAprodstorage/lz/dc-metro/rg-024/581208/2020-03/581208-omaha-004/581208-omaha-004-083.JPG	 					nnw	143	152	8	30.2	70	68	64	67		bc	nim cum	1				
1873-06-06	20	-6.69	-82.36	337.5		5.6		https://s3.amazonaws.com/NARAprodstorage/lz/dc-metro/rg-024/581208/2020-03/581208-omaha-004/581208-omaha-004-083.JPG	https://s3.amazonaws.com/NARAprodstorage/lz/dc-metro/rg-024/581208/2020-03/581208-omaha-004/581208-omaha-004-083.JPG	 					nnw	141	150	8	30.2	69	67	64	67		oc	nim cum	0				
1873-06-06	21	-6.6	-82.4	337.5		6		https://s3.amazonaws.com/NARAprodstorage/lz/dc-metro/rg-024/581208/2020-03/581208-omaha-004/581208-omaha-004-083.JPG	https://s3.amazonaws.com/NARAprodstorage/lz/dc-metro/rg-024/581208/2020-03/581208-omaha-004/581208-omaha-004-083.JPG	 					nnw	135	144	8	30.19	70	68	66	67		oc	nim	0				
1873-06-06	22	-6.52	-82.43	337.5		5.4		https://s3.amazonaws.com/NARAprodstorage/lz/dc-metro/rg-024/581208/2020-03/581208-omaha-004/581208-omaha-004-083.JPG	https://s3.amazonaws.com/NARAprodstorage/lz/dc-metro/rg-024/581208/2020-03/581208-omaha-004/581208-omaha-004-083.JPG	 					nnw	135	144	5	30.2	70	68	66	67		oc	nim	0				
1873-06-06	23	-6.46	-82.46	337.5		4.4		https://s3.amazonaws.com/NARAprodstorage/lz/dc-metro/rg-024/581208/2020-03/581208-omaha-004/581208-omaha-004-083.JPG	https://s3.amazonaws.com/NARAprodstorage/lz/dc-metro/rg-024/581208/2020-03/581208-omaha-004/581208-omaha-004-083.JPG	 					nnw	152	161	5	30.2	70	68	66	67		bc	Cirrus nim	3				
1873-06-06	24	-6.37	-82.49	337.5		5.4		https://s3.amazonaws.com/NARAprodstorage/lz/dc-metro/rg-024/581208/2020-03/581208-omaha-004/581208-omaha-004-083.JPG	https://s3.amazonaws.com/NARAprodstorage/lz/dc-metro/rg-024/581208/2020-03/581208-omaha-004/581208-omaha-004-083.JPG	 					nnw	152	161	5	30.2	70	68	66	67		bc	Cirrus nim	3				
1873-06-07	1	-6.31	-82.52	337.5		4.6		https://s3.amazonaws.com/NARAprodstorage/lz/dc-metro/rg-024/581208/2020-03/581208-omaha-004/581208-omaha-004-084.JPG	https://s3.amazonaws.com/NARAprodstorage/lz/dc-metro/rg-024/581208/2020-03/581208-omaha-004/581208-omaha-004-084.JPG	 					nnw	146	155	5	30.2	67	67	65	65		bc	cum str	2				
1873-06-07	2	-6.23	-82.55	337.5		5		https://s3.amazonaws.com/NARAprodstorage/lz/dc-metro/rg-024/581208/2020-03/581208-omaha-004/581208-omaha-004-084.JPG	https://s3.amazonaws.com/NARAprodstorage/lz/dc-metro/rg-024/581208/2020-03/581208-omaha-004/581208-omaha-004-084.JPG	 					nnw	888	888	5	30.2	67	67	65	65		bc	nimb	0				
1873-06-07	3	-6.15	-82.58	337.5		5.2		https://s3.amazonaws.com/NARAprodstorage/lz/dc-metro/rg-024/581208/2020-03/581208-omaha-004/581208-omaha-004-084.JPG	https://s3.amazonaws.com/NARAprodstorage/lz/dc-metro/rg-024/581208/2020-03/581208-omaha-004/581208-omaha-004-084.JPG	 					nnw	888	888	5	30.18	67	67	65	65		bc	nimb	0				
1873-06-07	4	-6.08	-82.61	337.5		5		https://s3.amazonaws.com/NARAprodstorage/lz/dc-metro/rg-024/581208/2020-03/581208-omaha-004/581208-omaha-004-084.JPG	https://s3.amazonaws.com/NARAprodstorage/lz/dc-metro/rg-024/581208/2020-03/581208-omaha-004/581208-omaha-004-084.JPG	 					nnw	888	888	5	30.18	67	67	65	65		bc	cum nim	3				
1873-06-07	5	-6	-82.64	337.5		5		https://s3.amazonaws.com/NARAprodstorage/lz/dc-metro/rg-024/581208/2020-03/581208-omaha-004/581208-omaha-004-084.JPG	https://s3.amazonaws.com/NARAprodstorage/lz/dc-metro/rg-024/581208/2020-03/581208-omaha-004/581208-omaha-004-084.JPG	 					nnw	135	144	8	30.18	68	66	64	65		oc	nimb	0				
1873-06-07	6	-5.91	-82.67	337.5		6		https://s3.amazonaws.com/NARAprodstorage/lz/dc-metro/rg-024/581208/2020-03/581208-omaha-004/581208-omaha-004-084.JPG	https://s3.amazonaws.com/NARAprodstorage/lz/dc-metro/rg-024/581208/2020-03/581208-omaha-004/581208-omaha-004-084.JPG	 					nnw	135	144	8	30.2	68	66	64	66		oc	nimb	0				
1873-06-07	7	-5.82	-82.71	337.5		6		https://s3.amazonaws.com/NARAprodstorage/lz/dc-metro/rg-024/581208/2020-03/581208-omaha-004/581208-omaha-004-084.JPG	https://s3.amazonaws.com/NARAprodstorage/lz/dc-metro/rg-024/581208/2020-03/581208-omaha-004/581208-omaha-004-084.JPG	 					nnw	135	144	8	30.2	68	66	64	67		oc	cum nim	0				
1873-06-07	8	-5.75	-82.74	337.5		5		https://s3.amazonaws.com/NARAprodstorage/lz/dc-metro/rg-024/581208/2020-03/581208-omaha-004/581208-omaha-004-084.JPG	https://s3.amazonaws.com/NARAprodstorage/lz/dc-metro/rg-024/581208/2020-03/581208-omaha-004/581208-omaha-004-084.JPG	 					nnw	135	144	8	30.2	69	66	65	67		oc	cum nim	0				
1873-06-07	9	-5.66	-82.77	337.5		6		https://s3.amazonaws.com/NARAprodstorage/lz/dc-metro/rg-024/581208/2020-03/581208-omaha-004/581208-omaha-004-084.JPG	https://s3.amazonaws.com/NARAprodstorage/lz/dc-metro/rg-024/581208/2020-03/581208-omaha-004/581208-omaha-004-084.JPG	 					nnw	135	144	8	30.24	70	66	65	68		bc	cum nim	4				
1873-06-07	10	-5.57	-82.8	337.5		5.6		https://s3.amazonaws.com/NARAprodstorage/lz/dc-metro/rg-024/581208/2020-03/581208-omaha-004/581208-omaha-004-084.JPG	https://s3.amazonaws.com/NARAprodstorage/lz/dc-metro/rg-024/581208/2020-03/581208-omaha-004/581208-omaha-004-084.JPG	 					nnw	135	144	8	30.25	70	68	69	67		bc	cir nim	4				
1873-06-07	11	-5.49	-82.83	337.5		5.4		https://s3.amazonaws.com/NARAprodstorage/lz/dc-metro/rg-024/581208/2020-03/581208-omaha-004/581208-omaha-004-084.JPG	https://s3.amazonaws.com/NARAprodstorage/lz/dc-metro/rg-024/581208/2020-03/581208-omaha-004/581208-omaha-004-084.JPG	 					nnw	135	144	8	30.25	70	69	67	67		bc	cir nim	4				
1873-06-07	12	-5.4	-82.87	337.5		6		https://s3.amazonaws.com/NARAprodstorage/lz/dc-metro/rg-024/581208/2020-03/581208-omaha-004/581208-omaha-004-084.JPG	https://s3.amazonaws.com/NARAprodstorage/lz/dc-metro/rg-024/581208/2020-03/581208-omaha-004/581208-omaha-004-084.JPG	1230: cc N.			5 24S	82 52W	nnw	135	144	8	30.22	70	66	67	67		bc	cir str nim	4				
1873-06-07	13	-5.31	-82.88	357		5.6		https://s3.amazonaws.com/NARAprodstorage/lz/dc-metro/rg-024/581208/2020-03/581208-omaha-004/581208-omaha-004-084.JPG	https://s3.amazonaws.com/NARAprodstorage/lz/dc-metro/rg-024/581208/2020-03/581208-omaha-004/581208-omaha-004-084.JPG	 					n1/2w	158	166	8	30.22	72	70	68	68		bc	cum cir cum	8				
1873-06-07	14	-5.22	-82.88	360		5.4		https://s3.amazonaws.com/NARAprodstorage/lz/dc-metro/rg-024/581208/2020-03/581208-omaha-004/581208-omaha-004-084.JPG	https://s3.amazonaws.com/NARAprodstorage/lz/dc-metro/rg-024/581208/2020-03/581208-omaha-004/581208-omaha-004-084.JPG	 					n	158	166	8	30.22	72	70	68	68		bc	cum cir cum	8				
1873-06-07	15	-5.12	-82.89	360		6		https://s3.amazonaws.com/NARAprodstorage/lz/dc-metro/rg-024/581208/2020-03/581208-omaha-004/581208-omaha-004-084.JPG	https://s3.amazonaws.com/NARAprodstorage/lz/dc-metro/rg-024/581208/2020-03/581208-omaha-004/581208-omaha-004-084.JPG	 					n	158	166	10	30.14	72	70	68	68		bc	cum cir cum	9				
1873-06-07	16	-5.02	-82.89	360		6		https://s3.amazonaws.com/NARAprodstorage/lz/dc-metro/rg-024/581208/2020-03/581208-omaha-004/581208-omaha-004-084.JPG	https://s3.amazonaws.com/NARAprodstorage/lz/dc-metro/rg-024/581208/2020-03/581208-omaha-004/581208-omaha-004-084.JPG	 					n	158	166	8	30.1	70	70	67	68		bc	cum cir cum	9				
1873-06-07	17	-4.92	-82.9	360		6.2		https://s3.amazonaws.com/NARAprodstorage/lz/dc-metro/rg-024/581208/2020-03/581208-omaha-004/581208-omaha-004-084.JPG	https://s3.amazonaws.com/NARAprodstorage/lz/dc-metro/rg-024/581208/2020-03/581208-omaha-004/581208-omaha-004-084.JPG	 					n	158	166	8	30.1	71	70	67	68		bc	nim cir nim	8				
1873-06-07	18	-4.8	-82.9	360		7		https://s3.amazonaws.com/NARAprodstorage/lz/dc-metro/rg-024/581208/2020-03/581208-omaha-004/581208-omaha-004-084.JPG	https://s3.amazonaws.com/NARAprodstorage/lz/dc-metro/rg-024/581208/2020-03/581208-omaha-004/581208-omaha-004-084.JPG	 					n	158	166	8	30.1	70	69	64	67		oc	nim cir nim	0				
1873-06-07	19	-4.7	-82.91	360		6.4		https://s3.amazonaws.com/NARAprodstorage/lz/dc-metro/rg-024/581208/2020-03/581208-omaha-004/581208-omaha-004-084.JPG	https://s3.amazonaws.com/NARAprodstorage/lz/dc-metro/rg-024/581208/2020-03/581208-omaha-004/581208-omaha-004-084.JPG	 					n	158	166	8	30.1	70	69	64	67		oc	nim cir nim	0				
1873-06-07	20	-4.58	-82.91	360		7		https://s3.amazonaws.com/NARAprodstorage/lz/dc-metro/rg-024/581208/2020-03/581208-omaha-004/581208-omaha-004-084.JPG	https://s3.amazonaws.com/NARAprodstorage/lz/dc-metro/rg-024/581208/2020-03/581208-omaha-004/581208-omaha-004-084.JPG	 					n	158	166	13	30.16	71	69	64	67		oc	nim cir nim	0				
1873-06-07	21	-4.47	-82.91	360		6.6		https://s3.amazonaws.com/NARAprodstorage/lz/dc-metro/rg-024/581208/2020-03/581208-omaha-004/581208-omaha-004-084.JPG	https://s3.amazonaws.com/NARAprodstorage/lz/dc-metro/rg-024/581208/2020-03/581208-omaha-004/581208-omaha-004-084.JPG	 					n	146	155	13	30.16	71	69	64	67		oc	nim cir nim	0				
1873-06-07	22	-4.37	-82.92	360		6.4		https://s3.amazonaws.com/NARAprodstorage/lz/dc-metro/rg-024/581208/2020-03/581208-omaha-004/581208-omaha-004-084.JPG	https://s3.amazonaws.com/NARAprodstorage/lz/dc-metro/rg-024/581208/2020-03/581208-omaha-004/581208-omaha-004-084.JPG	 					n	146	155	10	30.2	70	69	64	67		bc	cir nim	5				
1873-06-07	23	-4.27	-82.92	360		6		https://s3.amazonaws.com/NARAprodstorage/lz/dc-metro/rg-024/581208/2020-03/581208-omaha-004/581208-omaha-004-084.JPG	https://s3.amazonaws.com/NARAprodstorage/lz/dc-metro/rg-024/581208/2020-03/581208-omaha-004/581208-omaha-004-084.JPG	 					n	158	166	8	30.2	70	69	64	66		oc	cum nim	0				
1873-06-07	24	-4.16	-82.92	360		6.6		https://s3.amazonaws.com/NARAprodstorage/lz/dc-metro/rg-024/581208/2020-03/581208-omaha-004/581208-omaha-004-084.JPG	https://s3.amazonaws.com/NARAprodstorage/lz/dc-metro/rg-024/581208/2020-03/581208-omaha-004/581208-omaha-004-084.JPG	 					n	146	154	10	30.2	70	68	65	65		oc	cum nim	0				
1873-06-08	1	-4.06	-82.93	360		6.2		https://s3.amazonaws.com/NARAprodstorage/lz/dc-metro/rg-024/581208/2020-03/581208-omaha-004/581208-omaha-004-085.JPG	https://s3.amazonaws.com/NARAprodstorage/lz/dc-metro/rg-024/581208/2020-03/581208-omaha-004/581208-omaha-004-085.JPG	 					n	169	177	5	30.2	69	67	65	70		oc	Cum + cum nim	0				
1873-06-08	2	-3.97	-82.93	360		5.4		https://s3.amazonaws.com/NARAprodstorage/lz/dc-metro/rg-024/581208/2020-03/581208-omaha-004/581208-omaha-004-085.JPG	https://s3.amazonaws.com/NARAprodstorage/lz/dc-metro/rg-024/581208/2020-03/581208-omaha-004/581208-omaha-004-085.JPG	 					n	169	177	5	30.2	69	67	65	70		oc	Cum + cum nim	0				
1873-06-08	3	-3.86	-82.94	360		6.2		https://s3.amazonaws.com/NARAprodstorage/lz/dc-metro/rg-024/581208/2020-03/581208-omaha-004/581208-omaha-004-085.JPG	https://s3.amazonaws.com/NARAprodstorage/lz/dc-metro/rg-024/581208/2020-03/581208-omaha-004/581208-omaha-004-085.JPG	 					n	169	177	8	30.18	69	67	65	70		oc	Cum + cum nim	0				
1873-06-08	4	-3.75	-82.94	360		7		https://s3.amazonaws.com/NARAprodstorage/lz/dc-metro/rg-024/581208/2020-03/581208-omaha-004/581208-omaha-004-085.JPG	https://s3.amazonaws.com/NARAprodstorage/lz/dc-metro/rg-024/581208/2020-03/581208-omaha-004/581208-omaha-004-085.JPG	 					n	169	177	8	30.18	69	67	65	70		oc	nim	0				
1873-06-08	5	-3.63	-82.94	360		7.4		https://s3.amazonaws.com/NARAprodstorage/lz/dc-metro/rg-024/581208/2020-03/581208-omaha-004/581208-omaha-004-085.JPG	https://s3.amazonaws.com/NARAprodstorage/lz/dc-metro/rg-024/581208/2020-03/581208-omaha-004/581208-omaha-004-085.JPG	 					n	169	177	13	30.18	69	67	65	70		ocq	nim	0				
1873-06-08	6	-3.51	-82.95	360		7.2		https://s3.amazonaws.com/NARAprodstorage/lz/dc-metro/rg-024/581208/2020-03/581208-omaha-004/581208-omaha-004-085.JPG	https://s3.amazonaws.com/NARAprodstorage/lz/dc-metro/rg-024/581208/2020-03/581208-omaha-004/581208-omaha-004-085.JPG	 					n	169	177	13	30.12	70	68	68	70		ocr	nim	0				
1873-06-08	7	-3.37	-82.95	360		8.2		https://s3.amazonaws.com/NARAprodstorage/lz/dc-metro/rg-024/581208/2020-03/581208-omaha-004/581208-omaha-004-085.JPG	https://s3.amazonaws.com/NARAprodstorage/lz/dc-metro/rg-024/581208/2020-03/581208-omaha-004/581208-omaha-004-085.JPG	 					n	169	177	19	30.12	70	68	68	70		ocqr	nim	0				
1873-06-08	8	-3.23	-82.95	360		8.4		https://s3.amazonaws.com/NARAprodstorage/lz/dc-metro/rg-024/581208/2020-03/581208-omaha-004/581208-omaha-004-085.JPG	https://s3.amazonaws.com/NARAprodstorage/lz/dc-metro/rg-024/581208/2020-03/581208-omaha-004/581208-omaha-004-085.JPG	 					n	169	177	19	30.16	70	69	68	71		ocqr	nim	0				
1873-06-08	9	-3.09	-82.94	360		8.4		https://s3.amazonaws.com/NARAprodstorage/lz/dc-metro/rg-024/581208/2020-03/581208-omaha-004/581208-omaha-004-085.JPG	https://s3.amazonaws.com/NARAprodstorage/lz/dc-metro/rg-024/581208/2020-03/581208-omaha-004/581208-omaha-004-085.JPG	 					n	169	177	19	30.18	70	68	67	71		ocq	nim	0				
1873-06-08	10	-2.97	-82.95	360		7.2		https://s3.amazonaws.com/NARAprodstorage/lz/dc-metro/rg-024/581208/2020-03/581208-omaha-004/581208-omaha-004-085.JPG	https://s3.amazonaws.com/NARAprodstorage/lz/dc-metro/rg-024/581208/2020-03/581208-omaha-004/581208-omaha-004-085.JPG	 					n	169	177	13	30.18	70	68	67	71		bc	cum nim	1				
1873-06-08	11	-2.85	-82.95	360		7.6		https://s3.amazonaws.com/NARAprodstorage/lz/dc-metro/rg-024/581208/2020-03/581208-omaha-004/581208-omaha-004-085.JPG	https://s3.amazonaws.com/NARAprodstorage/lz/dc-metro/rg-024/581208/2020-03/581208-omaha-004/581208-omaha-004-085.JPG	 					n	169	177	13	30.16	70	68	67	71		oc	nim	1				
1873-06-08	12	-2.73	-82.95	360		7		https://s3.amazonaws.com/NARAprodstorage/lz/dc-metro/rg-024/581208/2020-03/581208-omaha-004/581208-omaha-004-085.JPG	https://s3.amazonaws.com/NARAprodstorage/lz/dc-metro/rg-024/581208/2020-03/581208-omaha-004/581208-omaha-004-085.JPG	 			2 44S	82 57W	n	169	177	10	30.16	72	70	68	71		bc	cum nim	1				
1873-06-08	13	-2.59	-82.94	16.88		6.6		https://s3.amazonaws.com/NARAprodstorage/lz/dc-metro/rg-024/581208/2020-03/581208-omaha-004/581208-omaha-004-085.JPG	https://s3.amazonaws.com/NARAprodstorage/lz/dc-metro/rg-024/581208/2020-03/581208-omaha-004/581208-omaha-004-085.JPG	 					nxe1/2e	158	166	8	30.13	71	71	69	71		oc	nim cum	0				
1873-06-08	14	-2.46	-82.93	16.88		6.4		https://s3.amazonaws.com/NARAprodstorage/lz/dc-metro/rg-024/581208/2020-03/581208-omaha-004/581208-omaha-004-085.JPG	https://s3.amazonaws.com/NARAprodstorage/lz/dc-metro/rg-024/581208/2020-03/581208-omaha-004/581208-omaha-004-085.JPG	 					nxe1/2e	158	166	8	30.11	72	72	69	71		bc	nim cum	2				
1873-06-08	15	-2.34	-82.93	16.88		5.6		https://s3.amazonaws.com/NARAprodstorage/lz/dc-metro/rg-024/581208/2020-03/581208-omaha-004/581208-omaha-004-085.JPG	https://s3.amazonaws.com/NARAprodstorage/lz/dc-metro/rg-024/581208/2020-03/581208-omaha-004/581208-omaha-004-085.JPG	 					nxe1/2e	158	166	9	30.09	72	72	69	71		oc	nim cum	0				
1873-06-08	16	-2.23	-82.94	16.88		4.6		https://s3.amazonaws.com/NARAprodstorage/lz/dc-metro/rg-024/581208/2020-03/581208-omaha-004/581208-omaha-004-085.JPG	https://s3.amazonaws.com/NARAprodstorage/lz/dc-metro/rg-024/581208/2020-03/581208-omaha-004/581208-omaha-004-085.JPG	 					nxe1/2e	174	182	6	30.09	72	72	69	71		oc	nim cum	0				
1873-06-08	17	-2.11	-82.94	16.88		5.2		https://s3.amazonaws.com/NARAprodstorage/lz/dc-metro/rg-024/581208/2020-03/581208-omaha-004/581208-omaha-004-085.JPG	https://s3.amazonaws.com/NARAprodstorage/lz/dc-metro/rg-024/581208/2020-03/581208-omaha-004/581208-omaha-004-085.JPG	 					nxe1/2e	158	166	5	30.09	72	72	69	71		ocr	nim cum	0				
1873-06-08	18	-1.99	-82.93	16.88		5.6		https://s3.amazonaws.com/NARAprodstorage/lz/dc-metro/rg-024/581208/2020-03/581208-omaha-004/581208-omaha-004-085.JPG	https://s3.amazonaws.com/NARAprodstorage/lz/dc-metro/rg-024/581208/2020-03/581208-omaha-004/581208-omaha-004-085.JPG	 					nxe1/2e	158	166	5	30.09	72	72	69	71		bc	nim cum	3				
1873-06-08	19	-1.9	-82.95	16.88		3.4		https://s3.amazonaws.com/NARAprodstorage/lz/dc-metro/rg-024/581208/2020-03/581208-omaha-004/581208-omaha-004-085.JPG	https://s3.amazonaws.com/NARAprodstorage/lz/dc-metro/rg-024/581208/2020-03/581208-omaha-004/581208-omaha-004-085.JPG	 					nxe1/2e	158	166	5	30.04	71	70	68	71		bc	nim cum	2				
1873-06-08	20	-1.77	-82.95	16.88		5.4		https://s3.amazonaws.com/NARAprodstorage/lz/dc-metro/rg-024/581208/2020-03/581208-omaha-004/581208-omaha-004-085.JPG	https://s3.amazonaws.com/NARAprodstorage/lz/dc-metro/rg-024/581208/2020-03/581208-omaha-004/581208-omaha-004-085.JPG	 					nxe1/2e	158	166	8	30.04	71	70	68	71		ocqr	nim	0				
1873-06-08	21	-1.67	-82.95	16.88		4.4		https://s3.amazonaws.com/NARAprodstorage/lz/dc-metro/rg-024/581208/2020-03/581208-omaha-004/581208-omaha-004-085.JPG	https://s3.amazonaws.com/NARAprodstorage/lz/dc-metro/rg-024/581208/2020-03/581208-omaha-004/581208-omaha-004-085.JPG	 					nxe1/2e	158	166	5	30.14	71	70	68	71		bcqr	nim	2				
1873-06-08	22	-1.57	-82.96	16.88		4		https://s3.amazonaws.com/NARAprodstorage/lz/dc-metro/rg-024/581208/2020-03/581208-omaha-004/581208-omaha-004-085.JPG	https://s3.amazonaws.com/NARAprodstorage/lz/dc-metro/rg-024/581208/2020-03/581208-omaha-004/581208-omaha-004-085.JPG	 					nxe1/2e	158	166	5	30.16	72	70	68	71		bcq	nim	2				
1873-06-08	23	-1.47	-82.97	16.88		4		https://s3.amazonaws.com/NARAprodstorage/lz/dc-metro/rg-024/581208/2020-03/581208-omaha-004/581208-omaha-004-085.JPG	https://s3.amazonaws.com/NARAprodstorage/lz/dc-metro/rg-024/581208/2020-03/581208-omaha-004/581208-omaha-004-085.JPG	 					nxe1/2e	158	166	5	30.16	72	70	68	71		bcqr	nim	2				
1873-06-08	24	-1.35	-82.97	16.88		5.4		https://s3.amazonaws.com/NARAprodstorage/lz/dc-metro/rg-024/581208/2020-03/581208-omaha-004/581208-omaha-004-085.JPG	https://s3.amazonaws.com/NARAprodstorage/lz/dc-metro/rg-024/581208/2020-03/581208-omaha-004/581208-omaha-004-085.JPG	 					nxe1/2e	158	166	5	30.18	72	70	68	71		bcqr	nim	2				
1873-06-09	1	-1.27	-82.93	50.62		5		https://s3.amazonaws.com/NARAprodstorage/lz/dc-metro/rg-024/581208/2020-03/581208-omaha-004/581208-omaha-004-086.JPG	https://s3.amazonaws.com/NARAprodstorage/lz/dc-metro/rg-024/581208/2020-03/581208-omaha-004/581208-omaha-004-086.JPG	 					ne1/2e	169	177	8	30.18	72	70	68	71		oc	nimb	0				
1873-06-09	2	-1.19	-82.91	50.62		4.4		https://s3.amazonaws.com/NARAprodstorage/lz/dc-metro/rg-024/581208/2020-03/581208-omaha-004/581208-omaha-004-086.JPG	https://s3.amazonaws.com/NARAprodstorage/lz/dc-metro/rg-024/581208/2020-03/581208-omaha-004/581208-omaha-004-086.JPG	 					ne1/2e	208	216	5	30.12	72	70	69	70		oc	nimb	0				
1873-06-09	3	-1.11	-82.88	50.62		4.4		https://s3.amazonaws.com/NARAprodstorage/lz/dc-metro/rg-024/581208/2020-03/581208-omaha-004/581208-omaha-004-086.JPG	https://s3.amazonaws.com/NARAprodstorage/lz/dc-metro/rg-024/581208/2020-03/581208-omaha-004/581208-omaha-004-086.JPG	 					ne1/2e	208	216	6	30.1	71	70	69	69		ocm	nimb	0				
1873-06-09	4	-1.04	-82.86	50.62		4		https://s3.amazonaws.com/NARAprodstorage/lz/dc-metro/rg-024/581208/2020-03/581208-omaha-004/581208-omaha-004-086.JPG	https://s3.amazonaws.com/NARAprodstorage/lz/dc-metro/rg-024/581208/2020-03/581208-omaha-004/581208-omaha-004-086.JPG	 					ne1/2e	208	216		30.1	71	69	68	69		ocm	nimb	0				
1873-06-09	5	-0.96	-82.84	50.62		4.4		https://s3.amazonaws.com/NARAprodstorage/lz/dc-metro/rg-024/581208/2020-03/581208-omaha-004/581208-omaha-004-086.JPG	https://s3.amazonaws.com/NARAprodstorage/lz/dc-metro/rg-024/581208/2020-03/581208-omaha-004/581208-omaha-004-086.JPG	 					ne1/2e	208	216	5	30.08	70	70	68	70		bcm	nimb	0				
1873-06-09	6	-0.89	-82.82	50.62		4		https://s3.amazonaws.com/NARAprodstorage/lz/dc-metro/rg-024/581208/2020-03/581208-omaha-004/581208-omaha-004-086.JPG	https://s3.amazonaws.com/NARAprodstorage/lz/dc-metro/rg-024/581208/2020-03/581208-omaha-004/581208-omaha-004-086.JPG	 					ne1/2e	208	216	8	30.08	70	70	68	71		ocr	nimb	0				
1873-06-09	7	-0.8	-82.78	50.62		5.2		https://s3.amazonaws.com/NARAprodstorage/lz/dc-metro/rg-024/581208/2020-03/581208-omaha-004/581208-omaha-004-086.JPG	https://s3.amazonaws.com/NARAprodstorage/lz/dc-metro/rg-024/581208/2020-03/581208-omaha-004/581208-omaha-004-086.JPG	 					ne1/2e	180	188	8	30.08	70	70	68	71		ocqr	nimb	0				
1873-06-09	8	-0.72	-82.74	50.62		5.2		https://s3.amazonaws.com/NARAprodstorage/lz/dc-metro/rg-024/581208/2020-03/581208-omaha-004/581208-omaha-004-086.JPG	https://s3.amazonaws.com/NARAprodstorage/lz/dc-metro/rg-024/581208/2020-03/581208-omaha-004/581208-omaha-004-086.JPG	 					ne1/2e	180	188	8	30.08	70	70	68	71		ocqr	nimb	0				
1873-06-09	9	-0.64	-82.71	50.62		5		https://s3.amazonaws.com/NARAprodstorage/lz/dc-metro/rg-024/581208/2020-03/581208-omaha-004/581208-omaha-004-086.JPG	https://s3.amazonaws.com/NARAprodstorage/lz/dc-metro/rg-024/581208/2020-03/581208-omaha-004/581208-omaha-004-086.JPG	 					ne1/2e	180	188	8	30.12	72	70	69	71		ocqr	nimb	0				
1873-06-09	10	-0.56	-82.68	50.62		4.4		https://s3.amazonaws.com/NARAprodstorage/lz/dc-metro/rg-024/581208/2020-03/581208-omaha-004/581208-omaha-004-086.JPG	https://s3.amazonaws.com/NARAprodstorage/lz/dc-metro/rg-024/581208/2020-03/581208-omaha-004/581208-omaha-004-086.JPG	 					ne1/2e	180	188	8	30.14	72	71	70	71		ocqr	nimb	0				
1873-06-09	11	-0.49	-82.67	50.62		3.4		https://s3.amazonaws.com/NARAprodstorage/lz/dc-metro/rg-024/581208/2020-03/581208-omaha-004/581208-omaha-004-086.JPG	https://s3.amazonaws.com/NARAprodstorage/lz/dc-metro/rg-024/581208/2020-03/581208-omaha-004/581208-omaha-004-086.JPG	 					ne1/2e	180	188	8	30.14	72	72	71	71		bc	nim cum	2				
1873-06-09	12	-0.42	-82.65	50.62		4		https://s3.amazonaws.com/NARAprodstorage/lz/dc-metro/rg-024/581208/2020-03/581208-omaha-004/581208-omaha-004-086.JPG	https://s3.amazonaws.com/NARAprodstorage/lz/dc-metro/rg-024/581208/2020-03/581208-omaha-004/581208-omaha-004-086.JPG	1220: cc NNE1/2E.			0 25S	82 39W	ne1/2e	180	188	8	30.12	73	72	71	72		bc	nim cum	4				
1873-06-09	13	-0.34	-82.62	21		4.5		https://s3.amazonaws.com/NARAprodstorage/lz/dc-metro/rg-024/581208/2020-03/581208-omaha-004/581208-omaha-004-086.JPG	https://s3.amazonaws.com/NARAprodstorage/lz/dc-metro/rg-024/581208/2020-03/581208-omaha-004/581208-omaha-004-086.JPG	 					nne1/2e	191	199	8	30.11	73	73	70	72		bc	nim cum	5				
1873-06-09	14	-0.26	-82.57	28.12		5.4		https://s3.amazonaws.com/NARAprodstorage/lz/dc-metro/rg-024/581208/2020-03/581208-omaha-004/581208-omaha-004-086.JPG	https://s3.amazonaws.com/NARAprodstorage/lz/dc-metro/rg-024/581208/2020-03/581208-omaha-004/581208-omaha-004-086.JPG	 					nne1/2e	191	199	8	30.08	74	73	71	74		bc	nim cum	5				
1873-06-09	15	-0.18	-82.53	28.12		5		https://s3.amazonaws.com/NARAprodstorage/lz/dc-metro/rg-024/581208/2020-03/581208-omaha-004/581208-omaha-004-086.JPG	https://s3.amazonaws.com/NARAprodstorage/lz/dc-metro/rg-024/581208/2020-03/581208-omaha-004/581208-omaha-004-086.JPG	 					nne1/2e	202	210	8	30.08	74	73	71	74		bc	nim cum	5				
1873-06-09	16	-0.11	-82.49	28.12		4.4		https://s3.amazonaws.com/NARAprodstorage/lz/dc-metro/rg-024/581208/2020-03/581208-omaha-004/581208-omaha-004-086.JPG	https://s3.amazonaws.com/NARAprodstorage/lz/dc-metro/rg-024/581208/2020-03/581208-omaha-004/581208-omaha-004-086.JPG	 					nne1/2e	214	222	8	30.05	74	73	71	74		bc	nim	0				
1873-06-09	17	-0.05	-82.45	28.12		4.2		https://s3.amazonaws.com/NARAprodstorage/lz/dc-metro/rg-024/581208/2020-03/581208-omaha-004/581208-omaha-004-086.JPG	https://s3.amazonaws.com/NARAprodstorage/lz/dc-metro/rg-024/581208/2020-03/581208-omaha-004/581208-omaha-004-086.JPG	 					nne1/2e	202	210	5	30.07	74	73	71	74		bc	cum nim	0				
1873-06-09	18	0.02	-82.41	28.12		4.4		https://s3.amazonaws.com/NARAprodstorage/lz/dc-metro/rg-024/581208/2020-03/581208-omaha-004/581208-omaha-004-086.JPG	https://s3.amazonaws.com/NARAprodstorage/lz/dc-metro/rg-024/581208/2020-03/581208-omaha-004/581208-omaha-004-086.JPG	 					nne1/2e	202	210	8	30.07	72	71	70	74		bc	cum nim	3				
1873-06-09	19	0.09	-82.37	28.12		4.2		https://s3.amazonaws.com/NARAprodstorage/lz/dc-metro/rg-024/581208/2020-03/581208-omaha-004/581208-omaha-004-086.JPG	https://s3.amazonaws.com/NARAprodstorage/lz/dc-metro/rg-024/581208/2020-03/581208-omaha-004/581208-omaha-004-086.JPG	 					nne1/2e	202	210	8	30.09	72	71	70	73		bc	cum nim	1				
1873-06-09	20	0.14	-82.35	28.12		3.4		https://s3.amazonaws.com/NARAprodstorage/lz/dc-metro/rg-024/581208/2020-03/581208-omaha-004/581208-omaha-004-086.JPG	https://s3.amazonaws.com/NARAprodstorage/lz/dc-metro/rg-024/581208/2020-03/581208-omaha-004/581208-omaha-004-086.JPG	2000: cc NExN.					nne1/2e	202	210	5	30.09	73	73	70	73		bc	cum nim	4				
1873-06-09	21	0.2	-82.31	33.75		4		https://s3.amazonaws.com/NARAprodstorage/lz/dc-metro/rg-024/581208/2020-03/581208-omaha-004/581208-omaha-004-086.JPG	https://s3.amazonaws.com/NARAprodstorage/lz/dc-metro/rg-024/581208/2020-03/581208-omaha-004/581208-omaha-004-086.JPG	 					nexn	202	210	5	30.15	74	74	70	73		ocr	cum nim	0				
1873-06-09	22	0.26	-82.27	33.75		3.4		https://s3.amazonaws.com/NARAprodstorage/lz/dc-metro/rg-024/581208/2020-03/581208-omaha-004/581208-omaha-004-086.JPG	https://s3.amazonaws.com/NARAprodstorage/lz/dc-metro/rg-024/581208/2020-03/581208-omaha-004/581208-omaha-004-086.JPG	 					nexn	888	888	3	30.16	74	74	70	73		ocqr	cum nim	0				
1873-06-09	23	0.31	-82.24	33.75		3.4		https://s3.amazonaws.com/NARAprodstorage/lz/dc-metro/rg-024/581208/2020-03/581208-omaha-004/581208-omaha-004-086.JPG	https://s3.amazonaws.com/NARAprodstorage/lz/dc-metro/rg-024/581208/2020-03/581208-omaha-004/581208-omaha-004-086.JPG	 					nexn	214	222	3	30.16	74	74	70	73		ocqr	cum nim	0				
1873-06-09	24	0.36	-82.21	33.75		3.2		https://s3.amazonaws.com/NARAprodstorage/lz/dc-metro/rg-024/581208/2020-03/581208-omaha-004/581208-omaha-004-086.JPG	https://s3.amazonaws.com/NARAprodstorage/lz/dc-metro/rg-024/581208/2020-03/581208-omaha-004/581208-omaha-004-086.JPG	 					nexn	214	222	3	30.16	74	74	70	73		ocqr	cum nim	0				
1873-06-10	1	0.42	-82.17	33.75		4.2		https://s3.amazonaws.com/NARAprodstorage/lz/dc-metro/rg-024/581208/2020-03/581208-omaha-004/581208-omaha-004-087.JPG	https://s3.amazonaws.com/NARAprodstorage/lz/dc-metro/rg-024/581208/2020-03/581208-omaha-004/581208-omaha-004-087.JPG	 					nexn	202	210	5	30.16	74	72	71	74		bcq	nimb	3				
1873-06-10	2	0.5	-82.11	33.75		5.6		https://s3.amazonaws.com/NARAprodstorage/lz/dc-metro/rg-024/581208/2020-03/581208-omaha-004/581208-omaha-004-087.JPG	https://s3.amazonaws.com/NARAprodstorage/lz/dc-metro/rg-024/581208/2020-03/581208-omaha-004/581208-omaha-004-087.JPG	 					nexn	202	210	8	30.16	74	72	71	74		ocqr	nimb	0				
1873-06-10	3	0.58	-82.05	33.75		5.6		https://s3.amazonaws.com/NARAprodstorage/lz/dc-metro/rg-024/581208/2020-03/581208-omaha-004/581208-omaha-004-087.JPG	https://s3.amazonaws.com/NARAprodstorage/lz/dc-metro/rg-024/581208/2020-03/581208-omaha-004/581208-omaha-004-087.JPG	 					nexn	202	210	8	30.14	74	72	71	73		ocqr	nimb	0				
1873-06-10	4	0.65	-82	33.75		5		https://s3.amazonaws.com/NARAprodstorage/lz/dc-metro/rg-024/581208/2020-03/581208-omaha-004/581208-omaha-004-087.JPG	https://s3.amazonaws.com/NARAprodstorage/lz/dc-metro/rg-024/581208/2020-03/581208-omaha-004/581208-omaha-004-087.JPG	 					nexn	214	222	8	30.14	74	72	71	73		ocqr	nimb	0				
1873-06-10	5	0.74	-81.94	33.75		6		https://s3.amazonaws.com/NARAprodstorage/lz/dc-metro/rg-024/581208/2020-03/581208-omaha-004/581208-omaha-004-087.JPG	https://s3.amazonaws.com/NARAprodstorage/lz/dc-metro/rg-024/581208/2020-03/581208-omaha-004/581208-omaha-004-087.JPG	 					nexn	208	216	8	30.12	74	72	70	73		bcq	cum nim	2				
1873-06-10	6	0.81	-81.88	33.75		5.4		https://s3.amazonaws.com/NARAprodstorage/lz/dc-metro/rg-024/581208/2020-03/581208-omaha-004/581208-omaha-004-087.JPG	https://s3.amazonaws.com/NARAprodstorage/lz/dc-metro/rg-024/581208/2020-03/581208-omaha-004/581208-omaha-004-087.JPG	 					nexn	208	215	8	30.09	74	73	72	73		bc	cum nim	5				
1873-06-10	7	0.91	-81.81	33.75		6.6		https://s3.amazonaws.com/NARAprodstorage/lz/dc-metro/rg-024/581208/2020-03/581208-omaha-004/581208-omaha-004-087.JPG	https://s3.amazonaws.com/NARAprodstorage/lz/dc-metro/rg-024/581208/2020-03/581208-omaha-004/581208-omaha-004-087.JPG	 					nexn	208	215	8	30.1	73	74	73	74		bc	cir cum	2				
1873-06-10	8	0.99	-81.75	33.75		6		https://s3.amazonaws.com/NARAprodstorage/lz/dc-metro/rg-024/581208/2020-03/581208-omaha-004/581208-omaha-004-087.JPG	https://s3.amazonaws.com/NARAprodstorage/lz/dc-metro/rg-024/581208/2020-03/581208-omaha-004/581208-omaha-004-087.JPG	 					nexn	208	215	8	30.1	73	74	73	74		bc	cum nim	4				
1873-06-10	9	1.07	-81.69	33.75		6		https://s3.amazonaws.com/NARAprodstorage/lz/dc-metro/rg-024/581208/2020-03/581208-omaha-004/581208-omaha-004-087.JPG	https://s3.amazonaws.com/NARAprodstorage/lz/dc-metro/rg-024/581208/2020-03/581208-omaha-004/581208-omaha-004-087.JPG	 					nexn	214	221	13	30.16	75	75	73	78		bc	nim cir cum	4				
1873-06-10	10	1.17	-81.62	33.75		6.6		https://s3.amazonaws.com/NARAprodstorage/lz/dc-metro/rg-024/581208/2020-03/581208-omaha-004/581208-omaha-004-087.JPG	https://s3.amazonaws.com/NARAprodstorage/lz/dc-metro/rg-024/581208/2020-03/581208-omaha-004/581208-omaha-004-087.JPG	 					nexn	214	221	8	30.16	75	75	73	78		bc	nim cir cum	0				
1873-06-10	11	1.26	-81.56	33.75		6.4		https://s3.amazonaws.com/NARAprodstorage/lz/dc-metro/rg-024/581208/2020-03/581208-omaha-004/581208-omaha-004-087.JPG	https://s3.amazonaws.com/NARAprodstorage/lz/dc-metro/rg-024/581208/2020-03/581208-omaha-004/581208-omaha-004-087.JPG	 					nexn	214	221	8	30.16	76	75	73	78		oc	nim cir cum	0				
1873-06-10	12	1.33	-81.5	33.75		5.4		https://s3.amazonaws.com/NARAprodstorage/lz/dc-metro/rg-024/581208/2020-03/581208-omaha-004/581208-omaha-004-087.JPG	https://s3.amazonaws.com/NARAprodstorage/lz/dc-metro/rg-024/581208/2020-03/581208-omaha-004/581208-omaha-004-087.JPG	 			1 20N	81 30W	nexn	214	221	8	30.16	75	76	73	78		bc	nim cir cum	5				
1873-06-10	13	1.4	-81.45	33.75		5.2		https://s3.amazonaws.com/NARAprodstorage/lz/dc-metro/rg-024/581208/2020-03/581208-omaha-004/581208-omaha-004-087.JPG	https://s3.amazonaws.com/NARAprodstorage/lz/dc-metro/rg-024/581208/2020-03/581208-omaha-004/581208-omaha-004-087.JPG	 					nexn	214	221	8	30.1	76	76	74	78		bc	cum nim	1				
1873-06-10	14	1.48	-81.42	22.5		5		https://s3.amazonaws.com/NARAprodstorage/lz/dc-metro/rg-024/581208/2020-03/581208-omaha-004/581208-omaha-004-087.JPG	https://s3.amazonaws.com/NARAprodstorage/lz/dc-metro/rg-024/581208/2020-03/581208-omaha-004/581208-omaha-004-087.JPG	 					nne	214	221	8	30.08	76	76	74	78		bc	cum nim	4				
1873-06-10	15	1.55	-81.38	22.5		5		https://s3.amazonaws.com/NARAprodstorage/lz/dc-metro/rg-024/581208/2020-03/581208-omaha-004/581208-omaha-004-087.JPG	https://s3.amazonaws.com/NARAprodstorage/lz/dc-metro/rg-024/581208/2020-03/581208-omaha-004/581208-omaha-004-087.JPG	 					nne	214	221	8	30.08	76	76	74	78		bc	cum nim	5				
1873-06-10	16	1.63	-81.35	22.5		5		https://s3.amazonaws.com/NARAprodstorage/lz/dc-metro/rg-024/581208/2020-03/581208-omaha-004/581208-omaha-004-087.JPG	https://s3.amazonaws.com/NARAprodstorage/lz/dc-metro/rg-024/581208/2020-03/581208-omaha-004/581208-omaha-004-087.JPG	 					nne	214	221	8	30.08	76	76	74	78		bc	cum nim	3				
1873-06-10	17	1.72	-81.31	22.5		6		https://s3.amazonaws.com/NARAprodstorage/lz/dc-metro/rg-024/581208/2020-03/581208-omaha-004/581208-omaha-004-087.JPG	https://s3.amazonaws.com/NARAprodstorage/lz/dc-metro/rg-024/581208/2020-03/581208-omaha-004/581208-omaha-004-087.JPG	 					nne	214	221	8	30.14	76	76	74	78		bc	cum nim	6				
1873-06-10	18	1.81	-81.26	22.5		6		https://s3.amazonaws.com/NARAprodstorage/lz/dc-metro/rg-024/581208/2020-03/581208-omaha-004/581208-omaha-004-087.JPG	https://s3.amazonaws.com/NARAprodstorage/lz/dc-metro/rg-024/581208/2020-03/581208-omaha-004/581208-omaha-004-087.JPG	 					nne	214	221	13	30.14	76	76	74	77		oc	cum nim	0				
1873-06-10	19	1.9	-81.22	22.5		6		https://s3.amazonaws.com/NARAprodstorage/lz/dc-metro/rg-024/581208/2020-03/581208-omaha-004/581208-omaha-004-087.JPG	https://s3.amazonaws.com/NARAprodstorage/lz/dc-metro/rg-024/581208/2020-03/581208-omaha-004/581208-omaha-004-087.JPG	 					nne	202	210	8	30.14	76	76	74	77		bc	cum nim	5				
1873-06-10	20	1.97	-81.19	22.5		5		https://s3.amazonaws.com/NARAprodstorage/lz/dc-metro/rg-024/581208/2020-03/581208-omaha-004/581208-omaha-004-087.JPG	https://s3.amazonaws.com/NARAprodstorage/lz/dc-metro/rg-024/581208/2020-03/581208-omaha-004/581208-omaha-004-087.JPG	 					nne	202	210	8	30.11	75	76	73	77		bc	cum nim	5				
1873-06-10	21	2.05	-81.15	22.5		5.4		https://s3.amazonaws.com/NARAprodstorage/lz/dc-metro/rg-024/581208/2020-03/581208-omaha-004/581208-omaha-004-087.JPG	https://s3.amazonaws.com/NARAprodstorage/lz/dc-metro/rg-024/581208/2020-03/581208-omaha-004/581208-omaha-004-087.JPG	 					nne	202	210	8	30.11	75	76	73	77		bc	cum nim	6				
1873-06-10	22	2.13	-81.11	22.5		5.4		https://s3.amazonaws.com/NARAprodstorage/lz/dc-metro/rg-024/581208/2020-03/581208-omaha-004/581208-omaha-004-087.JPG	https://s3.amazonaws.com/NARAprodstorage/lz/dc-metro/rg-024/581208/2020-03/581208-omaha-004/581208-omaha-004-087.JPG	 					nne	202	210	8	30.11	76	76	73	79		bc	cir nim	7				
1873-06-10	23	2.21	-81.08	22.5		5.4		https://s3.amazonaws.com/NARAprodstorage/lz/dc-metro/rg-024/581208/2020-03/581208-omaha-004/581208-omaha-004-087.JPG	https://s3.amazonaws.com/NARAprodstorage/lz/dc-metro/rg-024/581208/2020-03/581208-omaha-004/581208-omaha-004-087.JPG	 					nne	202	210	8	30.11	76	76	73	79		bc	cir nim	2				
1873-06-10	24	2.29	-81.04	22.5		5.2		https://s3.amazonaws.com/NARAprodstorage/lz/dc-metro/rg-024/581208/2020-03/581208-omaha-004/581208-omaha-004-087.JPG	https://s3.amazonaws.com/NARAprodstorage/lz/dc-metro/rg-024/581208/2020-03/581208-omaha-004/581208-omaha-004-087.JPG	 					nne	202	210	8	30.11	76	76	73	79		bc	cir nim					
1873-06-11	1	2.38	-81	22.5		6.2		https://s3.amazonaws.com/NARAprodstorage/lz/dc-metro/rg-024/581208/2020-03/581208-omaha-004/581208-omaha-004-088.JPG	https://s3.amazonaws.com/NARAprodstorage/lz/dc-metro/rg-024/581208/2020-03/581208-omaha-004/581208-omaha-004-088.JPG	 					nne	202	210	13	30.11	76	75	73	78		bc	cum nim	3				
1873-06-11	2	2.47	-80.96	22.5		6		https://s3.amazonaws.com/NARAprodstorage/lz/dc-metro/rg-024/581208/2020-03/581208-omaha-004/581208-omaha-004-088.JPG	https://s3.amazonaws.com/NARAprodstorage/lz/dc-metro/rg-024/581208/2020-03/581208-omaha-004/581208-omaha-004-088.JPG	 					nne	202	210	13	30.11	75	74	72	77		bc	cum nim	4				
1873-06-11	3	2.56	-80.91	22.5		6		https://s3.amazonaws.com/NARAprodstorage/lz/dc-metro/rg-024/581208/2020-03/581208-omaha-004/581208-omaha-004-088.JPG	https://s3.amazonaws.com/NARAprodstorage/lz/dc-metro/rg-024/581208/2020-03/581208-omaha-004/581208-omaha-004-088.JPG	 					nne	202	210	13	30.11	75	74	72	77		bc	cum nim	4				
1873-06-11	4	2.65	-80.87	22.5		6		https://s3.amazonaws.com/NARAprodstorage/lz/dc-metro/rg-024/581208/2020-03/581208-omaha-004/581208-omaha-004-088.JPG	https://s3.amazonaws.com/NARAprodstorage/lz/dc-metro/rg-024/581208/2020-03/581208-omaha-004/581208-omaha-004-088.JPG	 					nne	202	210	13	30.11	75	74	72	77		bc	cum nim	7				
1873-06-11	5	2.74	-80.83	22.5		5.6		https://s3.amazonaws.com/NARAprodstorage/lz/dc-metro/rg-024/581208/2020-03/581208-omaha-004/581208-omaha-004-088.JPG	https://s3.amazonaws.com/NARAprodstorage/lz/dc-metro/rg-024/581208/2020-03/581208-omaha-004/581208-omaha-004-088.JPG	 					nne	202	210	10	30.11	75	74	72	77		bc	cum nim	2				
1873-06-11	6	2.81	-80.8	22.5		5		https://s3.amazonaws.com/NARAprodstorage/lz/dc-metro/rg-024/581208/2020-03/581208-omaha-004/581208-omaha-004-088.JPG	https://s3.amazonaws.com/NARAprodstorage/lz/dc-metro/rg-024/581208/2020-03/581208-omaha-004/581208-omaha-004-088.JPG	 					nne	202	210	10	30.14	76	76	77	80		bc	cum nim	2				
1873-06-11	7	2.89	-80.76	22.5		5.4		https://s3.amazonaws.com/NARAprodstorage/lz/dc-metro/rg-024/581208/2020-03/581208-omaha-004/581208-omaha-004-088.JPG	https://s3.amazonaws.com/NARAprodstorage/lz/dc-metro/rg-024/581208/2020-03/581208-omaha-004/581208-omaha-004-088.JPG	 					nne	202	210	10	30.17	77	77	75	80		bc	cum nim	3				
1873-06-11	8	2.97	-80.72	22.5		5.2		https://s3.amazonaws.com/NARAprodstorage/lz/dc-metro/rg-024/581208/2020-03/581208-omaha-004/581208-omaha-004-088.JPG	https://s3.amazonaws.com/NARAprodstorage/lz/dc-metro/rg-024/581208/2020-03/581208-omaha-004/581208-omaha-004-088.JPG	 					nne	202	210	10	30.17	77	77	75	80		bc	cum nim	3				
1873-06-11	9	3.04	-80.69	22.5		4.6		https://s3.amazonaws.com/NARAprodstorage/lz/dc-metro/rg-024/581208/2020-03/581208-omaha-004/581208-omaha-004-088.JPG	https://s3.amazonaws.com/NARAprodstorage/lz/dc-metro/rg-024/581208/2020-03/581208-omaha-004/581208-omaha-004-088.JPG	 					nne	202	210	5	30.17	77	76	75	80		bc	cir str	4				
1873-06-11	10	3.11	-80.66	22.5		5		https://s3.amazonaws.com/NARAprodstorage/lz/dc-metro/rg-024/581208/2020-03/581208-omaha-004/581208-omaha-004-088.JPG	https://s3.amazonaws.com/NARAprodstorage/lz/dc-metro/rg-024/581208/2020-03/581208-omaha-004/581208-omaha-004-088.JPG	 					nne	202	210	8	30.18	81	78	78	80		bc	cum nim	1				
1873-06-11	11	3.18	-80.63	22.5		4.6		https://s3.amazonaws.com/NARAprodstorage/lz/dc-metro/rg-024/581208/2020-03/581208-omaha-004/581208-omaha-004-088.JPG	https://s3.amazonaws.com/NARAprodstorage/lz/dc-metro/rg-024/581208/2020-03/581208-omaha-004/581208-omaha-004-088.JPG	 					nne	202	210	8	30.18	87	81	75	82		bc	cir cum cum nim	2				
1873-06-11	12	3.25	-80.6	22.5		4.4		https://s3.amazonaws.com/NARAprodstorage/lz/dc-metro/rg-024/581208/2020-03/581208-omaha-004/581208-omaha-004-088.JPG	https://s3.amazonaws.com/NARAprodstorage/lz/dc-metro/rg-024/581208/2020-03/581208-omaha-004/581208-omaha-004-088.JPG	 			3 15N	80 36W	nne	202	210	8	30.18	87	81	75	82		bc	cir cum cum nim	5				
1873-06-11	13	3.33	-80.56	22.5		5		https://s3.amazonaws.com/NARAprodstorage/lz/dc-metro/rg-024/581208/2020-03/581208-omaha-004/581208-omaha-004-088.JPG	https://s3.amazonaws.com/NARAprodstorage/lz/dc-metro/rg-024/581208/2020-03/581208-omaha-004/581208-omaha-004-088.JPG	 					nne	202	210	8	30.12	78	82	79	82		bc	cum nim	4				
1873-06-11	14	3.42	-80.52	22.5		5.4		https://s3.amazonaws.com/NARAprodstorage/lz/dc-metro/rg-024/581208/2020-03/581208-omaha-004/581208-omaha-004-088.JPG	https://s3.amazonaws.com/NARAprodstorage/lz/dc-metro/rg-024/581208/2020-03/581208-omaha-004/581208-omaha-004-088.JPG	 					nne	191	198	8	30.1	78	82	79	82		bc	cum nim	3				
1873-06-11	15	3.51	-80.47	22.5		5.6		https://s3.amazonaws.com/NARAprodstorage/lz/dc-metro/rg-024/581208/2020-03/581208-omaha-004/581208-omaha-004-088.JPG	https://s3.amazonaws.com/NARAprodstorage/lz/dc-metro/rg-024/581208/2020-03/581208-omaha-004/581208-omaha-004-088.JPG	 					nne	191	198	13	30.08	78	81	78	82		oc	cum nim	0				
1873-06-11	16	3.63	-80.41	22.5		7.6		https://s3.amazonaws.com/NARAprodstorage/lz/dc-metro/rg-024/581208/2020-03/581208-omaha-004/581208-omaha-004-088.JPG	https://s3.amazonaws.com/NARAprodstorage/lz/dc-metro/rg-024/581208/2020-03/581208-omaha-004/581208-omaha-004-088.JPG	 					nne	191	198	8	30.08	78	80	76	82		oc	cum nim	0				
1873-06-11	17	3.74	-80.35	22.5		7.4		https://s3.amazonaws.com/NARAprodstorage/lz/dc-metro/rg-024/581208/2020-03/581208-omaha-004/581208-omaha-004-088.JPG	https://s3.amazonaws.com/NARAprodstorage/lz/dc-metro/rg-024/581208/2020-03/581208-omaha-004/581208-omaha-004-088.JPG	 					nne	191	198	13	30.1	80	80	75	82		bc	cum nim	5				
1873-06-11	18	3.83	-80.31	22.5		5.4		https://s3.amazonaws.com/NARAprodstorage/lz/dc-metro/rg-024/581208/2020-03/581208-omaha-004/581208-omaha-004-088.JPG	https://s3.amazonaws.com/NARAprodstorage/lz/dc-metro/rg-024/581208/2020-03/581208-omaha-004/581208-omaha-004-088.JPG	 					nne	202	210	13	30.11	81	80	75	82		bc	cum nim	4				
1873-06-11	19	3.9	-80.27	22.5		4.4		https://s3.amazonaws.com/NARAprodstorage/lz/dc-metro/rg-024/581208/2020-03/581208-omaha-004/581208-omaha-004-088.JPG	https://s3.amazonaws.com/NARAprodstorage/lz/dc-metro/rg-024/581208/2020-03/581208-omaha-004/581208-omaha-004-088.JPG	 					nne	248	254	8	30.11	81	80	75	82		ocrqm	nim	0				
1873-06-11	20	3.98	-80.23	22.5		4.6		https://s3.amazonaws.com/NARAprodstorage/lz/dc-metro/rg-024/581208/2020-03/581208-omaha-004/581208-omaha-004-088.JPG	https://s3.amazonaws.com/NARAprodstorage/lz/dc-metro/rg-024/581208/2020-03/581208-omaha-004/581208-omaha-004-088.JPG	 					nne	248	254	8	30.16	81	80	76	82		bc	cum nim	4				
1873-06-11	21	4.06	-80.19	22.5		5.2		https://s3.amazonaws.com/NARAprodstorage/lz/dc-metro/rg-024/581208/2020-03/581208-omaha-004/581208-omaha-004-088.JPG	https://s3.amazonaws.com/NARAprodstorage/lz/dc-metro/rg-024/581208/2020-03/581208-omaha-004/581208-omaha-004-088.JPG	 					nne	281	288	8	30.18	81	79	75	81		bc	cum nim	3				
1873-06-11	22	4.16	-80.14	22.5		6.4		https://s3.amazonaws.com/NARAprodstorage/lz/dc-metro/rg-024/581208/2020-03/581208-omaha-004/581208-omaha-004-088.JPG	https://s3.amazonaws.com/NARAprodstorage/lz/dc-metro/rg-024/581208/2020-03/581208-omaha-004/581208-omaha-004-088.JPG	 					nne	281	288	10	30.18	79	79	75	81		bc	cum nim	4				
1873-06-11	23	4.26	-80.09	22.5		6		https://s3.amazonaws.com/NARAprodstorage/lz/dc-metro/rg-024/581208/2020-03/581208-omaha-004/581208-omaha-004-088.JPG	https://s3.amazonaws.com/NARAprodstorage/lz/dc-metro/rg-024/581208/2020-03/581208-omaha-004/581208-omaha-004-088.JPG	 					nne	281	288	10	30.2	79	78	75	80		oc bc	nim	0				
1873-06-11	24	4.35	-80.05	22.5		5.6		https://s3.amazonaws.com/NARAprodstorage/lz/dc-metro/rg-024/581208/2020-03/581208-omaha-004/581208-omaha-004-088.JPG	https://s3.amazonaws.com/NARAprodstorage/lz/dc-metro/rg-024/581208/2020-03/581208-omaha-004/581208-omaha-004-088.JPG	 					nne	281	288	10	30.2	79	78	75	80		oc bc	nim cum	1				
1873-06-12	1	4.41	-80.01	22.5		4		https://s3.amazonaws.com/NARAprodstorage/lz/dc-metro/rg-024/581208/2020-03/581208-omaha-004/581208-omaha-004-089.JPG	https://s3.amazonaws.com/NARAprodstorage/lz/dc-metro/rg-024/581208/2020-03/581208-omaha-004/581208-omaha-004-089.JPG	 					nne	888	888	5	30.2	80	79	78	85		ocqr	nimb	0				
1873-06-12	2	4.5	-79.97	22.5		5.4		https://s3.amazonaws.com/NARAprodstorage/lz/dc-metro/rg-024/581208/2020-03/581208-omaha-004/581208-omaha-004-089.JPG	https://s3.amazonaws.com/NARAprodstorage/lz/dc-metro/rg-024/581208/2020-03/581208-omaha-004/581208-omaha-004-089.JPG	 					nne	202	210	5	30.15	79	79	76	85		bcqld	nimb	2				
1873-06-12	3	4.6	-79.92	22.5		6.2		https://s3.amazonaws.com/NARAprodstorage/lz/dc-metro/rg-024/581208/2020-03/581208-omaha-004/581208-omaha-004-089.JPG	https://s3.amazonaws.com/NARAprodstorage/lz/dc-metro/rg-024/581208/2020-03/581208-omaha-004/581208-omaha-004-089.JPG	 					nne	202	210	8	30.12	79	79	76	85		bcqr	nimb	0				
1873-06-12	4	4.7	-79.87	22.5		6.2		https://s3.amazonaws.com/NARAprodstorage/lz/dc-metro/rg-024/581208/2020-03/581208-omaha-004/581208-omaha-004-089.JPG	https://s3.amazonaws.com/NARAprodstorage/lz/dc-metro/rg-024/581208/2020-03/581208-omaha-004/581208-omaha-004-089.JPG	 					nne	202	210	8	30.12	79	79	76	85		bc	nimb	2				
1873-06-12	5	4.79	-79.82	22.5		6		https://s3.amazonaws.com/NARAprodstorage/lz/dc-metro/rg-024/581208/2020-03/581208-omaha-004/581208-omaha-004-089.JPG	https://s3.amazonaws.com/NARAprodstorage/lz/dc-metro/rg-024/581208/2020-03/581208-omaha-004/581208-omaha-004-089.JPG	 					nne	225	232	8	30.12	79	79	76	85		bc	nimb	4				
1873-06-12	6	4.87	-79.78	22.5		5		https://s3.amazonaws.com/NARAprodstorage/lz/dc-metro/rg-024/581208/2020-03/581208-omaha-004/581208-omaha-004-089.JPG	https://s3.amazonaws.com/NARAprodstorage/lz/dc-metro/rg-024/581208/2020-03/581208-omaha-004/581208-omaha-004-089.JPG	 					nne	225	232	8	30.12	79	79	76	85		bcrq	nimb	2				
1873-06-12	7	4.97	-79.73	22.5		6		https://s3.amazonaws.com/NARAprodstorage/lz/dc-metro/rg-024/581208/2020-03/581208-omaha-004/581208-omaha-004-089.JPG	https://s3.amazonaws.com/NARAprodstorage/lz/dc-metro/rg-024/581208/2020-03/581208-omaha-004/581208-omaha-004-089.JPG	 					nne	259	266	5	30.12	79	79	76	85		bcrq	nimb	0				
1873-06-12	8	5.05	-79.69	22.5		5.4		https://s3.amazonaws.com/NARAprodstorage/lz/dc-metro/rg-024/581208/2020-03/581208-omaha-004/581208-omaha-004-089.JPG	https://s3.amazonaws.com/NARAprodstorage/lz/dc-metro/rg-024/581208/2020-03/581208-omaha-004/581208-omaha-004-089.JPG	 					nne	259	266	5	30.12	79	79	76	85		ocr	nimb	0				
1873-06-12	9	5.12	-79.66	22.5		4		https://s3.amazonaws.com/NARAprodstorage/lz/dc-metro/rg-024/581208/2020-03/581208-omaha-004/581208-omaha-004-089.JPG	https://s3.amazonaws.com/NARAprodstorage/lz/dc-metro/rg-024/581208/2020-03/581208-omaha-004/581208-omaha-004-089.JPG	 					nne	270	277	5	30.13	78	79	76	84		oc	cum nim	1				
1873-06-12	10	5.19	-79.62	22.5		4		https://s3.amazonaws.com/NARAprodstorage/lz/dc-metro/rg-024/581208/2020-03/581208-omaha-004/581208-omaha-004-089.JPG	https://s3.amazonaws.com/NARAprodstorage/lz/dc-metro/rg-024/581208/2020-03/581208-omaha-004/581208-omaha-004-089.JPG	 					nne	270	277	8	30.14	78	79	76	84		oc	cum nim	2				
1873-06-12	11	5.25	-79.59	22.5		4		https://s3.amazonaws.com/NARAprodstorage/lz/dc-metro/rg-024/581208/2020-03/581208-omaha-004/581208-omaha-004-089.JPG	https://s3.amazonaws.com/NARAprodstorage/lz/dc-metro/rg-024/581208/2020-03/581208-omaha-004/581208-omaha-004-089.JPG	 					nne	259	266	8	30.15	78	81	79	84		oc	cum nim	0				
1873-06-12	12	5.33	-79.55	22.5		5		https://s3.amazonaws.com/NARAprodstorage/lz/dc-metro/rg-024/581208/2020-03/581208-omaha-004/581208-omaha-004-089.JPG	https://s3.amazonaws.com/NARAprodstorage/lz/dc-metro/rg-024/581208/2020-03/581208-omaha-004/581208-omaha-004-089.JPG	 			5 20N	79 33W	nne	259	265	8	30.16	79	81	79	84		oc	cum nim	0				
1873-06-12	13	5.4	-79.51	14.06		4.6		https://s3.amazonaws.com/NARAprodstorage/lz/dc-metro/rg-024/581208/2020-03/581208-omaha-004/581208-omaha-004-089.JPG	https://s3.amazonaws.com/NARAprodstorage/lz/dc-metro/rg-024/581208/2020-03/581208-omaha-004/581208-omaha-004-089.JPG	 					nxe1/4e	315	321	5	30.1	80	81	78	82		bc	cir nim	4				
1873-06-12	14	5.47	-79.49	11.25		4		https://s3.amazonaws.com/NARAprodstorage/lz/dc-metro/rg-024/581208/2020-03/581208-omaha-004/581208-omaha-004-089.JPG	https://s3.amazonaws.com/NARAprodstorage/lz/dc-metro/rg-024/581208/2020-03/581208-omaha-004/581208-omaha-004-089.JPG	 					nxe	315	321	2	30.11	80	82	77	82		bc	cir cum nim	4				
1873-06-12	15	5.51	-79.46	11.25		3		https://s3.amazonaws.com/NARAprodstorage/lz/dc-metro/rg-024/581208/2020-03/581208-omaha-004/581208-omaha-004-089.JPG	https://s3.amazonaws.com/NARAprodstorage/lz/dc-metro/rg-024/581208/2020-03/581208-omaha-004/581208-omaha-004-089.JPG	 					nxe	338	344	2	30.11	80	82	77	82		oc	cir cum nim	0				
1873-06-12	16	5.56	-79.44	11.25		3.2		https://s3.amazonaws.com/NARAprodstorage/lz/dc-metro/rg-024/581208/2020-03/581208-omaha-004/581208-omaha-004-089.JPG	https://s3.amazonaws.com/NARAprodstorage/lz/dc-metro/rg-024/581208/2020-03/581208-omaha-004/581208-omaha-004-089.JPG	 					nxe	338	344	2	30.05	81	82	78	82		bc	cir cum nim	2				
1873-06-12	17	5.62	-79.41	11.25		3.6		https://s3.amazonaws.com/NARAprodstorage/lz/dc-metro/rg-024/581208/2020-03/581208-omaha-004/581208-omaha-004-089.JPG	https://s3.amazonaws.com/NARAprodstorage/lz/dc-metro/rg-024/581208/2020-03/581208-omaha-004/581208-omaha-004-089.JPG	 					nxe	338	344	5	30.05	81	82	77	82		bc	cum nim	1				
1873-06-12	18	5.68	-79.38	11.25		4.4		https://s3.amazonaws.com/NARAprodstorage/lz/dc-metro/rg-024/581208/2020-03/581208-omaha-004/581208-omaha-004-089.JPG	https://s3.amazonaws.com/NARAprodstorage/lz/dc-metro/rg-024/581208/2020-03/581208-omaha-004/581208-omaha-004-089.JPG	 					nxe	326	332	2	30.05	81	82	77	82		bc	cum nim	2				
1873-06-12	19	5.73	-79.35	19.69		3		https://s3.amazonaws.com/NARAprodstorage/lz/dc-metro/rg-024/581208/2020-03/581208-omaha-004/581208-omaha-004-089.JPG	https://s3.amazonaws.com/NARAprodstorage/lz/dc-metro/rg-024/581208/2020-03/581208-omaha-004/581208-omaha-004-089.JPG	 					nxe3/4e	338	344	2	30.1	80	82	77	82		bc	cum nim	5				
1873-06-12	20	5.78	-79.33	2.81		3.4		https://s3.amazonaws.com/NARAprodstorage/lz/dc-metro/rg-024/581208/2020-03/581208-omaha-004/581208-omaha-004-089.JPG	https://s3.amazonaws.com/NARAprodstorage/lz/dc-metro/rg-024/581208/2020-03/581208-omaha-004/581208-omaha-004-089.JPG	 					n1/4e	281	287	5	30.12	80	77	77	82		bc	cum nim	7				
1873-06-12	21	5.83	-79.31	8.44		3		https://s3.amazonaws.com/NARAprodstorage/lz/dc-metro/rg-024/581208/2020-03/581208-omaha-004/581208-omaha-004-089.JPG	https://s3.amazonaws.com/NARAprodstorage/lz/dc-metro/rg-024/581208/2020-03/581208-omaha-004/581208-omaha-004-089.JPG	 					n3/4e	281	287	2	30.1	81	77	77	82		bc	cum nim	6				
1873-06-12	22	5.88	-79.28	8.44		3.4		https://s3.amazonaws.com/NARAprodstorage/lz/dc-metro/rg-024/581208/2020-03/581208-omaha-004/581208-omaha-004-089.JPG	https://s3.amazonaws.com/NARAprodstorage/lz/dc-metro/rg-024/581208/2020-03/581208-omaha-004/581208-omaha-004-089.JPG	 					n3/4e	281	287	5	30.14	81	79	79	82		bcl	cum nim	6				
1873-06-12	23	5.96	-79.26	5.62		4.6		https://s3.amazonaws.com/NARAprodstorage/lz/dc-metro/rg-024/581208/2020-03/581208-omaha-004/581208-omaha-004-089.JPG	https://s3.amazonaws.com/NARAprodstorage/lz/dc-metro/rg-024/581208/2020-03/581208-omaha-004/581208-omaha-004-089.JPG	 					n1/2e	281	287	5	30.13	80	77	79	82		bcl	cir cum nim	4				
1873-06-12	24	6.02	-79.23	8.44		4.4		https://s3.amazonaws.com/NARAprodstorage/lz/dc-metro/rg-024/581208/2020-03/581208-omaha-004/581208-omaha-004-089.JPG	https://s3.amazonaws.com/NARAprodstorage/lz/dc-metro/rg-024/581208/2020-03/581208-omaha-004/581208-omaha-004-089.JPG	 					n3/4e	281	287	2	30.13	79	77	79	82		bcl	cir cum nim	2				
1873-06-13	1	6.08	-79.21	2.81		3.6		https://s3.amazonaws.com/NARAprodstorage/lz/dc-metro/rg-024/581208/2020-03/581208-omaha-004/581208-omaha-004-090.JPG	https://s3.amazonaws.com/NARAprodstorage/lz/dc-metro/rg-024/581208/2020-03/581208-omaha-004/581208-omaha-004-090.JPG	 					n1/4e	338	344	5	30.12	80	79	80	82		bc	cum nim	2				
1873-06-13	2	6.15	-79.19	360		4		https://s3.amazonaws.com/NARAprodstorage/lz/dc-metro/rg-024/581208/2020-03/581208-omaha-004/581208-omaha-004-090.JPG	https://s3.amazonaws.com/NARAprodstorage/lz/dc-metro/rg-024/581208/2020-03/581208-omaha-004/581208-omaha-004-090.JPG	 					n	202	208	5	30.1	79	79	79	81		oc	nim	1				
1873-06-13	3	6.21	-79.18	360		4		https://s3.amazonaws.com/NARAprodstorage/lz/dc-metro/rg-024/581208/2020-03/581208-omaha-004/581208-omaha-004-090.JPG	https://s3.amazonaws.com/NARAprodstorage/lz/dc-metro/rg-024/581208/2020-03/581208-omaha-004/581208-omaha-004-090.JPG	 					n	202	208	5	30.06	79	79	79	81		oc	nim	0				
1873-06-13	4	6.27	-79.16	360		3.4		https://s3.amazonaws.com/NARAprodstorage/lz/dc-metro/rg-024/581208/2020-03/581208-omaha-004/581208-omaha-004-090.JPG	https://s3.amazonaws.com/NARAprodstorage/lz/dc-metro/rg-024/581208/2020-03/581208-omaha-004/581208-omaha-004-090.JPG	 					n	281	287	3	30.06	79	79	79	81		bc	cum nim	2				
1873-06-13	5	6.3	-79.15	360		2		https://s3.amazonaws.com/NARAprodstorage/lz/dc-metro/rg-024/581208/2020-03/581208-omaha-004/581208-omaha-004-090.JPG	https://s3.amazonaws.com/NARAprodstorage/lz/dc-metro/rg-024/581208/2020-03/581208-omaha-004/581208-omaha-004-090.JPG	 					n	888	888	2	30.07	79	79	79	81		bcqr	nim	0				
1873-06-13	6	6.31	-79.14	360		1		https://s3.amazonaws.com/NARAprodstorage/lz/dc-metro/rg-024/581208/2020-03/581208-omaha-004/581208-omaha-004-090.JPG	https://s3.amazonaws.com/NARAprodstorage/lz/dc-metro/rg-024/581208/2020-03/581208-omaha-004/581208-omaha-004-090.JPG	 					n	888	888	2	30.08	80	79	78	81		bcqr	nim	0				
1873-06-13	7	6.36	-79.12	360		3		https://s3.amazonaws.com/NARAprodstorage/lz/dc-metro/rg-024/581208/2020-03/581208-omaha-004/581208-omaha-004-090.JPG	https://s3.amazonaws.com/NARAprodstorage/lz/dc-metro/rg-024/581208/2020-03/581208-omaha-004/581208-omaha-004-090.JPG	 					n	270	276	3	30.08	80	79		81		ocr	nim	0				
1873-06-13	8	6.4	-79.11	360		2.4		https://s3.amazonaws.com/NARAprodstorage/lz/dc-metro/rg-024/581208/2020-03/581208-omaha-004/581208-omaha-004-090.JPG	https://s3.amazonaws.com/NARAprodstorage/lz/dc-metro/rg-024/581208/2020-03/581208-omaha-004/581208-omaha-004-090.JPG	 					n	888	888	5	30.08	80	79		81		ocr	nim	0				
1873-06-13	9	6.43	-79.08	24		2.4		https://s3.amazonaws.com/NARAprodstorage/lz/dc-metro/rg-024/581208/2020-03/581208-omaha-004/581208-omaha-004-090.JPG	https://s3.amazonaws.com/NARAprodstorage/lz/dc-metro/rg-024/581208/2020-03/581208-omaha-004/581208-omaha-004-090.JPG	 					exn | n	888	888	2	30.1	81	80	77	82		bcq	cir nim	2				
1873-06-13	10	6.47	-79.07	360		2.4		https://s3.amazonaws.com/NARAprodstorage/lz/dc-metro/rg-024/581208/2020-03/581208-omaha-004/581208-omaha-004-090.JPG	https://s3.amazonaws.com/NARAprodstorage/lz/dc-metro/rg-024/581208/2020-03/581208-omaha-004/581208-omaha-004-090.JPG	 					n	888	888	2	30.13	81	80	78	82		bcq	cir nim	2				
1873-06-13	11	6.51	-79.05	360		2.6		https://s3.amazonaws.com/NARAprodstorage/lz/dc-metro/rg-024/581208/2020-03/581208-omaha-004/581208-omaha-004-090.JPG	https://s3.amazonaws.com/NARAprodstorage/lz/dc-metro/rg-024/581208/2020-03/581208-omaha-004/581208-omaha-004-090.JPG	 					n	248	254	2	30.11	81	81	78	82		bcqlt	cir nim	2				
1873-06-13	12	6.58	-79.03	360		4.6		https://s3.amazonaws.com/NARAprodstorage/lz/dc-metro/rg-024/581208/2020-03/581208-omaha-004/581208-omaha-004-090.JPG	https://s3.amazonaws.com/NARAprodstorage/lz/dc-metro/rg-024/581208/2020-03/581208-omaha-004/581208-omaha-004-090.JPG	 			6 35N	79 2W	n	248	254	2	30.1	82	82	79	82		bcqt	cir nim	3				
1873-06-13	13	6.63	-79.03	354.38		3		https://s3.amazonaws.com/NARAprodstorage/lz/dc-metro/rg-024/581208/2020-03/581208-omaha-004/581208-omaha-004-090.JPG	https://s3.amazonaws.com/NARAprodstorage/lz/dc-metro/rg-024/581208/2020-03/581208-omaha-004/581208-omaha-004-090.JPG	 					N1/2W	281	287	2	30.08	81	82	77	83		CUM NIM	bc	2				
1873-06-13	14	6.68	-79.03	354.38		3		https://s3.amazonaws.com/NARAprodstorage/lz/dc-metro/rg-024/581208/2020-03/581208-omaha-004/581208-omaha-004-090.JPG	https://s3.amazonaws.com/NARAprodstorage/lz/dc-metro/rg-024/581208/2020-03/581208-omaha-004/581208-omaha-004-090.JPG	1400: cc NW.					N1/2W	888	888	2	30.06	81	82	79	83		NIMB	bcqr	2				
1873-06-13	15	6.74	-79.03	354.38		3.6		https://s3.amazonaws.com/NARAprodstorage/lz/dc-metro/rg-024/581208/2020-03/581208-omaha-004/581208-omaha-004-090.JPG	https://s3.amazonaws.com/NARAprodstorage/lz/dc-metro/rg-024/581208/2020-03/581208-omaha-004/581208-omaha-004-090.JPG	 					N1/2W	281	287	3	30.02	84	82	79	83		CIR CUM CUM NIM	bc	4				
1873-06-13	16	6.82	-79.03	354.38		5		https://s3.amazonaws.com/NARAprodstorage/lz/dc-metro/rg-024/581208/2020-03/581208-omaha-004/581208-omaha-004-090.JPG	https://s3.amazonaws.com/NARAprodstorage/lz/dc-metro/rg-024/581208/2020-03/581208-omaha-004/581208-omaha-004-090.JPG	 					N1/2W	281	287	8	30	82	82	79	83		CIR CUM CUM NIM	bc	2				
1873-06-13	17	6.91	-79.03	354.38		5		https://s3.amazonaws.com/NARAprodstorage/lz/dc-metro/rg-024/581208/2020-03/581208-omaha-004/581208-omaha-004-090.JPG	https://s3.amazonaws.com/NARAprodstorage/lz/dc-metro/rg-024/581208/2020-03/581208-omaha-004/581208-omaha-004-090.JPG	 					N1/2W	281	287	8	30.02	84	82	79	83		CIR CUM CUM NIM	oc	0				
1873-06-13	18	7	-79	8.44		5.6		https://s3.amazonaws.com/NARAprodstorage/lz/dc-metro/rg-024/581208/2020-03/581208-omaha-004/581208-omaha-004-090.JPG	https://s3.amazonaws.com/NARAprodstorage/lz/dc-metro/rg-024/581208/2020-03/581208-omaha-004/581208-omaha-004-090.JPG	 					N3/4E	292	298	8	30.02	84	82	79	83		CIR CUM CUM NIM	bc	1				
1873-06-13	19	7.05	-79	360		3.2		https://s3.amazonaws.com/NARAprodstorage/lz/dc-metro/rg-024/581208/2020-03/581208-omaha-004/581208-omaha-004-090.JPG	https://s3.amazonaws.com/NARAprodstorage/lz/dc-metro/rg-024/581208/2020-03/581208-omaha-004/581208-omaha-004-090.JPG	 					N	888	888	2	30.06	81	82	79	83		CIR CUM CUM NIM	bcqlt	4				
1873-06-13	20	7.08	-78.99	360		2		https://s3.amazonaws.com/NARAprodstorage/lz/dc-metro/rg-024/581208/2020-03/581208-omaha-004/581208-omaha-004-090.JPG	https://s3.amazonaws.com/NARAprodstorage/lz/dc-metro/rg-024/581208/2020-03/581208-omaha-004/581208-omaha-004-090.JPG	 					N	888	888	2	30.06	81	82	79	83		CIR CUM CUM NIM	bcqlt	4				
1873-06-13	21	7.1	-78.99	357.19		1.2		https://s3.amazonaws.com/NARAprodstorage/lz/dc-metro/rg-024/581208/2020-03/581208-omaha-004/581208-omaha-004-090.JPG	https://s3.amazonaws.com/NARAprodstorage/lz/dc-metro/rg-024/581208/2020-03/581208-omaha-004/581208-omaha-004-090.JPG	 					N1/4W	281	287	2	30.06	80	80	70	83		CIR CUM CUM NIM	bc	5				
1873-06-13	22	7.13	-78.98	2.81		1.6		https://s3.amazonaws.com/NARAprodstorage/lz/dc-metro/rg-024/581208/2020-03/581208-omaha-004/581208-omaha-004-090.JPG	https://s3.amazonaws.com/NARAprodstorage/lz/dc-metro/rg-024/581208/2020-03/581208-omaha-004/581208-omaha-004-090.JPG	 					N1/4E	281	287	1	30.06	80	80	70	83		CIR CUM CUM NIM	bc	2				
1873-06-13	23	7.14	-78.98	2.81		1		https://s3.amazonaws.com/NARAprodstorage/lz/dc-metro/rg-024/581208/2020-03/581208-omaha-004/581208-omaha-004-090.JPG	https://s3.amazonaws.com/NARAprodstorage/lz/dc-metro/rg-024/581208/2020-03/581208-omaha-004/581208-omaha-004-090.JPG	 					N1/4E	270	276	1	30.06	80	80	70	83		nim	oc	1				
1873-06-13	24	7.17	-78.97	11.25		1.4		https://s3.amazonaws.com/NARAprodstorage/lz/dc-metro/rg-024/581208/2020-03/581208-omaha-004/581208-omaha-004-090.JPG	https://s3.amazonaws.com/NARAprodstorage/lz/dc-metro/rg-024/581208/2020-03/581208-omaha-004/581208-omaha-004-090.JPG	 					NXE	270	276	1	30.06	80	80	70	83		nim	oc	4				
1873-06-14	1	7.2	-78.98	337.5		2		https://s3.amazonaws.com/NARAprodstorage/lz/dc-metro/rg-024/581208/2020-03/581208-omaha-004/581208-omaha-004-091.JPG	https://s3.amazonaws.com/NARAprodstorage/lz/dc-metro/rg-024/581208/2020-03/581208-omaha-004/581208-omaha-004-091.JPG	 					nnw	270	276	2	30.04	80	80	79	82		bc	cum nim	2				
1873-06-14	2	7.25	-78.99	337.5		3.4		https://s3.amazonaws.com/NARAprodstorage/lz/dc-metro/rg-024/581208/2020-03/581208-omaha-004/581208-omaha-004-091.JPG	https://s3.amazonaws.com/NARAprodstorage/lz/dc-metro/rg-024/581208/2020-03/581208-omaha-004/581208-omaha-004-091.JPG	 					nnw	259	265	5	30.08	80	79	78	81		ocqr	nim	0				
1873-06-14	3	7.34	-78.97	11.25		5.4		https://s3.amazonaws.com/NARAprodstorage/lz/dc-metro/rg-024/581208/2020-03/581208-omaha-004/581208-omaha-004-091.JPG	https://s3.amazonaws.com/NARAprodstorage/lz/dc-metro/rg-024/581208/2020-03/581208-omaha-004/581208-omaha-004-091.JPG	 					nxe	304	310	8	30.08	80	78	77	80		ocqr	nim	0				
1873-06-14	4	7.41	-78.89	39.38		6.4		https://s3.amazonaws.com/NARAprodstorage/lz/dc-metro/rg-024/581208/2020-03/581208-omaha-004/581208-omaha-004-091.JPG	https://s3.amazonaws.com/NARAprodstorage/lz/dc-metro/rg-024/581208/2020-03/581208-omaha-004/581208-omaha-004-091.JPG	 					ne1/2n	270	276	19	30.08	80	78	77	80		ocqr	nim	0				
1873-06-14	5	7.46	-78.88	360		3		https://s3.amazonaws.com/NARAprodstorage/lz/dc-metro/rg-024/581208/2020-03/581208-omaha-004/581208-omaha-004-091.JPG	https://s3.amazonaws.com/NARAprodstorage/lz/dc-metro/rg-024/581208/2020-03/581208-omaha-004/581208-omaha-004-091.JPG	 					n	888	888	13	30.05	80	77	77	80		ocqrlt	nim	0				
1873-06-14	6	7.51	-78.9	337.5		3		https://s3.amazonaws.com/NARAprodstorage/lz/dc-metro/rg-024/581208/2020-03/581208-omaha-004/581208-omaha-004-091.JPG	https://s3.amazonaws.com/NARAprodstorage/lz/dc-metro/rg-024/581208/2020-03/581208-omaha-004/581208-omaha-004-091.JPG	 					nnw	298	304	13	30.05	80	77	77	80		ocqrlt	nim	0				
1873-06-14	7	7.53	-78.87	33.75		2		https://s3.amazonaws.com/NARAprodstorage/lz/dc-metro/rg-024/581208/2020-03/581208-omaha-004/581208-omaha-004-091.JPG	https://s3.amazonaws.com/NARAprodstorage/lz/dc-metro/rg-024/581208/2020-03/581208-omaha-004/581208-omaha-004-091.JPG	 					nexn	287	293	2	30.05	80	77	77	80		ocqrlt	nim	0				
1873-06-14	8	7.56	-78.88	330		1.9		https://s3.amazonaws.com/NARAprodstorage/lz/dc-metro/rg-024/581208/2020-03/581208-omaha-004/581208-omaha-004-091.JPG	https://s3.amazonaws.com/NARAprodstorage/lz/dc-metro/rg-024/581208/2020-03/581208-omaha-004/581208-omaha-004-091.JPG	 					n|wsw	888	888	2	30.05	80	77	77	80		ocqrlt	nim	0				
1873-06-14	9	7.53	-78.89	191.25		2		https://s3.amazonaws.com/NARAprodstorage/lz/dc-metro/rg-024/581208/2020-03/581208-omaha-004/581208-omaha-004-091.JPG	https://s3.amazonaws.com/NARAprodstorage/lz/dc-metro/rg-024/581208/2020-03/581208-omaha-004/581208-omaha-004-091.JPG	 					sxw	888	888	5	30.05	80	77	77	80		ocqrlt	nim	0				
1873-06-14	10	7.49	-78.9	194		2.2		https://s3.amazonaws.com/NARAprodstorage/lz/dc-metro/rg-024/581208/2020-03/581208-omaha-004/581208-omaha-004-091.JPG	https://s3.amazonaws.com/NARAprodstorage/lz/dc-metro/rg-024/581208/2020-03/581208-omaha-004/581208-omaha-004-091.JPG	 					s|nwxn	225	231	16	30.05	80	77	77	80		ocqrlt	nim	0				
1873-06-14	11	7.58	-78.95	326.25		6		https://s3.amazonaws.com/NARAprodstorage/lz/dc-metro/rg-024/581208/2020-03/581208-omaha-004/581208-omaha-004-091.JPG	https://s3.amazonaws.com/NARAprodstorage/lz/dc-metro/rg-024/581208/2020-03/581208-omaha-004/581208-omaha-004-091.JPG	 					nwxn	248	254	13	30.05	80	77	77	80		ocqrlt	nim	0				
1873-06-14	12	7.63	-78.98	320.62		4		https://s3.amazonaws.com/NARAprodstorage/lz/dc-metro/rg-024/581208/2020-03/581208-omaha-004/581208-omaha-004-091.JPG	https://s3.amazonaws.com/NARAprodstorage/lz/dc-metro/rg-024/581208/2020-03/581208-omaha-004/581208-omaha-004-091.JPG	 			7 38N	78 59W	nw1/2n	248	254	5	30.05	80	77	77	80		ocqrlt	nim	0				
1873-06-14	13	7.68	-79.02	309.38		3		https://s3.amazonaws.com/NARAprodstorage/lz/dc-metro/rg-024/581208/2020-03/581208-omaha-004/581208-omaha-004-091.JPG	https://s3.amazonaws.com/NARAprodstorage/lz/dc-metro/rg-024/581208/2020-03/581208-omaha-004/581208-omaha-004-091.JPG	 					nw1/2w	248	254	5	30.05	80	79	76	82		ocr	nim	0				
1873-06-14	14	7.7	-79.02	11.25		1.2		https://s3.amazonaws.com/NARAprodstorage/lz/dc-metro/rg-024/581208/2020-03/581208-omaha-004/581208-omaha-004-091.JPG	https://s3.amazonaws.com/NARAprodstorage/lz/dc-metro/rg-024/581208/2020-03/581208-omaha-004/581208-omaha-004-091.JPG	 					nxe	338	344	2	30.03	80	79	76	82		oc	nim	0				
1873-06-14	15	7.71	-79.02			0		https://s3.amazonaws.com/NARAprodstorage/lz/dc-metro/rg-024/581208/2020-03/581208-omaha-004/581208-omaha-004-091.JPG	https://s3.amazonaws.com/NARAprodstorage/lz/dc-metro/rg-024/581208/2020-03/581208-omaha-004/581208-omaha-004-091.JPG	1510: Got Underway. Steam only.						0	0	0	30.01	79	78	76	82		oc	nim	0				
1873-06-14	16	7.76	-79.1	292.5		5.2		https://s3.amazonaws.com/NARAprodstorage/lz/dc-metro/rg-024/581208/2020-03/581208-omaha-004/581208-omaha-004-091.JPG	https://s3.amazonaws.com/NARAprodstorage/lz/dc-metro/rg-024/581208/2020-03/581208-omaha-004/581208-omaha-004-091.JPG	 						315	321	5	30.01	79	78	76	82		oc	nim	0				
1873-06-14	17	7.81	-79.19	292.5		6		https://s3.amazonaws.com/NARAprodstorage/lz/dc-metro/rg-024/581208/2020-03/581208-omaha-004/581208-omaha-004-091.JPG	https://s3.amazonaws.com/NARAprodstorage/lz/dc-metro/rg-024/581208/2020-03/581208-omaha-004/581208-omaha-004-091.JPG	"1700: Sighted Isla del Rey N4E, dist 18 mi, cc NWxW. 1750 cc NNW"					wnw	270	276	2	30.05	79	79	74	82		oc	nim	0				
1873-06-14	18	7.86	-79.28	292.5		6		https://s3.amazonaws.com/NARAprodstorage/lz/dc-metro/rg-024/581208/2020-03/581208-omaha-004/581208-omaha-004-091.JPG	https://s3.amazonaws.com/NARAprodstorage/lz/dc-metro/rg-024/581208/2020-03/581208-omaha-004/581208-omaha-004-091.JPG	 					wnw	270	276	2	30.05	81	80	76	82		oc	nim	0				
1873-06-14	19	7.97	-79.32	337.5		6.4		https://s3.amazonaws.com/NARAprodstorage/lz/dc-metro/rg-024/581208/2020-03/581208-omaha-004/581208-omaha-004-091.JPG	https://s3.amazonaws.com/NARAprodstorage/lz/dc-metro/rg-024/581208/2020-03/581208-omaha-004/581208-omaha-004-091.JPG	 					nnw	292	298	2	30.05	80	79	76	82		bc	cum nim	2				
1873-06-14	20	8.06	-79.33	346		5		https://s3.amazonaws.com/NARAprodstorage/lz/dc-metro/rg-024/581208/2020-03/581208-omaha-004/581208-omaha-004-091.JPG	https://s3.amazonaws.com/NARAprodstorage/lz/dc-metro/rg-024/581208/2020-03/581208-omaha-004/581208-omaha-004-091.JPG	 					nxw	292	298	2	30.05	80	79	76	82		bcm	cum nim	6				
1873-06-14	21	8.14	-79.35	343.12		4.4		https://s3.amazonaws.com/NARAprodstorage/lz/dc-metro/rg-024/581208/2020-03/581208-omaha-004/581208-omaha-004-091.JPG	https://s3.amazonaws.com/NARAprodstorage/lz/dc-metro/rg-024/581208/2020-03/581208-omaha-004/581208-omaha-004-091.JPG	 					nxw1/2w	315	321	2	30.1	79	78	76	81		bc	cum nim	2				
1873-06-14	22	8.22	-79.37	343.12		4.6		https://s3.amazonaws.com/NARAprodstorage/lz/dc-metro/rg-024/581208/2020-03/581208-omaha-004/581208-omaha-004-091.JPG	https://s3.amazonaws.com/NARAprodstorage/lz/dc-metro/rg-024/581208/2020-03/581208-omaha-004/581208-omaha-004-091.JPG	 					nxw1/2w	0	0	0	30.12	79	78	76	81		bc	cum nim	2				
1873-06-14	23	8.3	-79.39	343.12		4.4		https://s3.amazonaws.com/NARAprodstorage/lz/dc-metro/rg-024/581208/2020-03/581208-omaha-004/581208-omaha-004-091.JPG	https://s3.amazonaws.com/NARAprodstorage/lz/dc-metro/rg-024/581208/2020-03/581208-omaha-004/581208-omaha-004-091.JPG	 					nxw1/2w	0	0	0	30.12	79	78	76	80		bc	cum nim	2				
1873-06-14	24	8.4	-79.41	343.12		5.4		https://s3.amazonaws.com/NARAprodstorage/lz/dc-metro/rg-024/581208/2020-03/581208-omaha-004/581208-omaha-004-091.JPG	https://s3.amazonaws.com/NARAprodstorage/lz/dc-metro/rg-024/581208/2020-03/581208-omaha-004/581208-omaha-004-091.JPG	 					nxw1/2w	360	6	5	30.14	79	78	76	80		oc	cum nim	0				
1873-06-15	1	8.48	-79.43	340.31		4.6		https://s3.amazonaws.com/NARAprodstorage/lz/dc-metro/rg-024/581208/2020-03/581208-omaha-004/581208-omaha-004-092.JPG	https://s3.amazonaws.com/NARAprodstorage/lz/dc-metro/rg-024/581208/2020-03/581208-omaha-004/581208-omaha-004-092.JPG	 					nxw3/4w	338	344	2	30.13	80	80	78	82		oc	nim	0				
1873-06-15	2	8.56	-79.45	340.31		4.4		https://s3.amazonaws.com/NARAprodstorage/lz/dc-metro/rg-024/581208/2020-03/581208-omaha-004/581208-omaha-004-092.JPG	https://s3.amazonaws.com/NARAprodstorage/lz/dc-metro/rg-024/581208/2020-03/581208-omaha-004/581208-omaha-004-092.JPG	 					nxw3/4w	338	344	2	30.12	80	81	78	83		ocqrt	nim	0				
1873-06-15	3	8.64	-79.47	340.31		4.4		https://s3.amazonaws.com/NARAprodstorage/lz/dc-metro/rg-024/581208/2020-03/581208-omaha-004/581208-omaha-004-092.JPG	https://s3.amazonaws.com/NARAprodstorage/lz/dc-metro/rg-024/581208/2020-03/581208-omaha-004/581208-omaha-004-092.JPG	0300: cc SxE1/2E.					nxw3/4w	338	344	2	30.12	80	81	78	83		ocr	nim	0				
1873-06-15	4	8.57	-79.46	163.12		4.6		https://s3.amazonaws.com/NARAprodstorage/lz/dc-metro/rg-024/581208/2020-03/581208-omaha-004/581208-omaha-004-092.JPG	https://s3.amazonaws.com/NARAprodstorage/lz/dc-metro/rg-024/581208/2020-03/581208-omaha-004/581208-omaha-004-092.JPG	0400: cc N1/2W.					sxe1/2e	338	344	2	30.12	80	81	78	83		ocr	nim	0				
1873-06-15	5	8.64	-79.45	360		4		https://s3.amazonaws.com/NARAprodstorage/lz/dc-metro/rg-024/581208/2020-03/581208-omaha-004/581208-omaha-004-092.JPG	https://s3.amazonaws.com/NARAprodstorage/lz/dc-metro/rg-024/581208/2020-03/581208-omaha-004/581208-omaha-004-092.JPG	0520: Sighted Taboga Island brg NNW. 					n	22	28	2	30.12	80	81	78	83		oc	nim	1				
1873-06-15	6	8.74	-79.47	348.75		5.4		https://s3.amazonaws.com/NARAprodstorage/lz/dc-metro/rg-024/581208/2020-03/581208-omaha-004/581208-omaha-004-092.JPG	https://s3.amazonaws.com/NARAprodstorage/lz/dc-metro/rg-024/581208/2020-03/581208-omaha-004/581208-omaha-004-092.JPG	 					nxw	22	28	2	30.12	80	81	78	83		bc	cum nim nim	4				
1873-06-15	7	8.83	-79.49	888		5.4		https://s3.amazonaws.com/NARAprodstorage/lz/dc-metro/rg-024/581208/2020-03/581208-omaha-004/581208-omaha-004-092.JPG	https://s3.amazonaws.com/NARAprodstorage/lz/dc-metro/rg-024/581208/2020-03/581208-omaha-004/581208-omaha-004-092.JPG	 						22	28	2	30.12	80	81	78	83		bc	cum nim nim	4				
1873-06-15	8	8.92	-79.52	888		5		https://s3.amazonaws.com/NARAprodstorage/lz/dc-metro/rg-024/581208/2020-03/581208-omaha-004/581208-omaha-004-092.JPG	https://s3.amazonaws.com/NARAprodstorage/lz/dc-metro/rg-024/581208/2020-03/581208-omaha-004/581208-omaha-004-092.JPG	"0800: Anchored. Panama Roads. Brgs: San Jose Id brg SxE1/2E, Perico Id WSW. 8.9178,  -79.5151"						22	28	2	30.12	80	81	78	83		bc	cum nim nim	4				
1873-06-15	9	8.92	-79.52			a		https://s3.amazonaws.com/NARAprodstorage/lz/dc-metro/rg-024/581208/2020-03/581208-omaha-004/581208-omaha-004-092.JPG	https://s3.amazonaws.com/NARAprodstorage/lz/dc-metro/rg-024/581208/2020-03/581208-omaha-004/581208-omaha-004-092.JPG	 						888	888	2	30.15	82	82	80	83		ocr	cum nim	0				
1873-06-15	10	8.92	-79.52			a		https://s3.amazonaws.com/NARAprodstorage/lz/dc-metro/rg-024/581208/2020-03/581208-omaha-004/581208-omaha-004-092.JPG	https://s3.amazonaws.com/NARAprodstorage/lz/dc-metro/rg-024/581208/2020-03/581208-omaha-004/581208-omaha-004-092.JPG	 						0	0	0	30.15	82	82	80	83		ocr	cum nim	0				
1873-06-15	11	8.92	-79.52			a		https://s3.amazonaws.com/NARAprodstorage/lz/dc-metro/rg-024/581208/2020-03/581208-omaha-004/581208-omaha-004-092.JPG	https://s3.amazonaws.com/NARAprodstorage/lz/dc-metro/rg-024/581208/2020-03/581208-omaha-004/581208-omaha-004-092.JPG	 						0	0	0	30.15	82	82	80	83		bc	cum	6				
1873-06-15	12	8.92	-79.52			a		https://s3.amazonaws.com/NARAprodstorage/lz/dc-metro/rg-024/581208/2020-03/581208-omaha-004/581208-omaha-004-092.JPG	https://s3.amazonaws.com/NARAprodstorage/lz/dc-metro/rg-024/581208/2020-03/581208-omaha-004/581208-omaha-004-092.JPG	Noon: Off Panama						169	175	2	30.15	84	84	80	83		bc	cum	6				
1873-06-15	13	8.92	-79.52			a		https://s3.amazonaws.com/NARAprodstorage/lz/dc-metro/rg-024/581208/2020-03/581208-omaha-004/581208-omaha-004-092.JPG	https://s3.amazonaws.com/NARAprodstorage/lz/dc-metro/rg-024/581208/2020-03/581208-omaha-004/581208-omaha-004-092.JPG	 						888	888	5	30.14	87	87	85			bc	cum nim	6				
1873-06-15	14	8.92	-79.52			a		https://s3.amazonaws.com/NARAprodstorage/lz/dc-metro/rg-024/581208/2020-03/581208-omaha-004/581208-omaha-004-092.JPG	https://s3.amazonaws.com/NARAprodstorage/lz/dc-metro/rg-024/581208/2020-03/581208-omaha-004/581208-omaha-004-092.JPG	 						888	888	5	30.12	87	87	85			bcq	cum nim	6				
1873-06-15	15	8.92	-79.52			a		https://s3.amazonaws.com/NARAprodstorage/lz/dc-metro/rg-024/581208/2020-03/581208-omaha-004/581208-omaha-004-092.JPG	https://s3.amazonaws.com/NARAprodstorage/lz/dc-metro/rg-024/581208/2020-03/581208-omaha-004/581208-omaha-004-092.JPG	 						888	888	5	30.12	87	87	85			bcqr	cum nim	4				
1873-06-15	16	8.92	-79.52			a		https://s3.amazonaws.com/NARAprodstorage/lz/dc-metro/rg-024/581208/2020-03/581208-omaha-004/581208-omaha-004-092.JPG	https://s3.amazonaws.com/NARAprodstorage/lz/dc-metro/rg-024/581208/2020-03/581208-omaha-004/581208-omaha-004-092.JPG	 						888	888	5	30.12	87	87	85			bcqr	cum nim	3				
1873-06-15	17	8.92	-79.52			a		https://s3.amazonaws.com/NARAprodstorage/lz/dc-metro/rg-024/581208/2020-03/581208-omaha-004/581208-omaha-004-092.JPG	https://s3.amazonaws.com/NARAprodstorage/lz/dc-metro/rg-024/581208/2020-03/581208-omaha-004/581208-omaha-004-092.JPG	 						888	888	5	30.12	87	87	85			bcqr	cum nim	3				
1873-06-15	18	8.92	-79.52			a		https://s3.amazonaws.com/NARAprodstorage/lz/dc-metro/rg-024/581208/2020-03/581208-omaha-004/581208-omaha-004-092.JPG	https://s3.amazonaws.com/NARAprodstorage/lz/dc-metro/rg-024/581208/2020-03/581208-omaha-004/581208-omaha-004-092.JPG	 						888	888	5	30.12	87	87	85			bcqr	cum nim	3				
1873-06-15	19	8.92	-79.52			a		https://s3.amazonaws.com/NARAprodstorage/lz/dc-metro/rg-024/581208/2020-03/581208-omaha-004/581208-omaha-004-092.JPG	https://s3.amazonaws.com/NARAprodstorage/lz/dc-metro/rg-024/581208/2020-03/581208-omaha-004/581208-omaha-004-092.JPG	 						888	888	5	30.12	87	87	85			bcqr	cum nim	3				
1873-06-15	20	8.92	-79.52			a		https://s3.amazonaws.com/NARAprodstorage/lz/dc-metro/rg-024/581208/2020-03/581208-omaha-004/581208-omaha-004-092.JPG	https://s3.amazonaws.com/NARAprodstorage/lz/dc-metro/rg-024/581208/2020-03/581208-omaha-004/581208-omaha-004-092.JPG	 						888	888	5	30.12	87	87	85			bcqr	cum nim	3				
1873-06-15	21	8.92	-79.52			a		https://s3.amazonaws.com/NARAprodstorage/lz/dc-metro/rg-024/581208/2020-03/581208-omaha-004/581208-omaha-004-092.JPG	https://s3.amazonaws.com/NARAprodstorage/lz/dc-metro/rg-024/581208/2020-03/581208-omaha-004/581208-omaha-004-092.JPG	 						888	888	5	30.12	87	87	85			bcqr	cum nim	3				
1873-06-15	22	8.92	-79.52			a		https://s3.amazonaws.com/NARAprodstorage/lz/dc-metro/rg-024/581208/2020-03/581208-omaha-004/581208-omaha-004-092.JPG	https://s3.amazonaws.com/NARAprodstorage/lz/dc-metro/rg-024/581208/2020-03/581208-omaha-004/581208-omaha-004-092.JPG	 						888	888	5	30.12	87	87	85			bcqr	cum nim	3				
1873-06-15	23	8.92	-79.52			a		https://s3.amazonaws.com/NARAprodstorage/lz/dc-metro/rg-024/581208/2020-03/581208-omaha-004/581208-omaha-004-092.JPG	https://s3.amazonaws.com/NARAprodstorage/lz/dc-metro/rg-024/581208/2020-03/581208-omaha-004/581208-omaha-004-092.JPG	 						888	888	5	30.12	87	87	85			bcqr	cum nim	3				
1873-06-15	24	8.92	-79.52			a		https://s3.amazonaws.com/NARAprodstorage/lz/dc-metro/rg-024/581208/2020-03/581208-omaha-004/581208-omaha-004-092.JPG	https://s3.amazonaws.com/NARAprodstorage/lz/dc-metro/rg-024/581208/2020-03/581208-omaha-004/581208-omaha-004-092.JPG	 						888	888	5	30.12	87	87	85			bcqr	cum nim	3				
1873-06-16	1	8.92	-79.52			a		https://s3.amazonaws.com/NARAprodstorage/lz/dc-metro/rg-024/581208/2020-03/581208-omaha-004/581208-omaha-004-093.JPG	https://s3.amazonaws.com/NARAprodstorage/lz/dc-metro/rg-024/581208/2020-03/581208-omaha-004/581208-omaha-004-093.JPG	 						315	321	5	30.14	80	80	73			bc	cum nim	2				
1873-06-16	2	8.92	-79.52			a		https://s3.amazonaws.com/NARAprodstorage/lz/dc-metro/rg-024/581208/2020-03/581208-omaha-004/581208-omaha-004-093.JPG	https://s3.amazonaws.com/NARAprodstorage/lz/dc-metro/rg-024/581208/2020-03/581208-omaha-004/581208-omaha-004-093.JPG	 						315	321	5	30.14	80	80	73			bc	cum nim	4				
1873-06-16	3	8.92	-79.52			a		https://s3.amazonaws.com/NARAprodstorage/lz/dc-metro/rg-024/581208/2020-03/581208-omaha-004/581208-omaha-004-093.JPG	https://s3.amazonaws.com/NARAprodstorage/lz/dc-metro/rg-024/581208/2020-03/581208-omaha-004/581208-omaha-004-093.JPG	 						315	321	2	30.14	80	80	73			bc	cum nim	3				
1873-06-16	4	8.92	-79.52			a		https://s3.amazonaws.com/NARAprodstorage/lz/dc-metro/rg-024/581208/2020-03/581208-omaha-004/581208-omaha-004-093.JPG	https://s3.amazonaws.com/NARAprodstorage/lz/dc-metro/rg-024/581208/2020-03/581208-omaha-004/581208-omaha-004-093.JPG	 						0	0	0	30.13	79	79	75			bc	cum nim	0				
1873-06-16	5	8.92	-79.52			a		https://s3.amazonaws.com/NARAprodstorage/lz/dc-metro/rg-024/581208/2020-03/581208-omaha-004/581208-omaha-004-093.JPG	https://s3.amazonaws.com/NARAprodstorage/lz/dc-metro/rg-024/581208/2020-03/581208-omaha-004/581208-omaha-004-093.JPG	 						0	0	0	30.13	79	79	75			oc	nim	0				
1873-06-16	6	8.92	-79.52			a		https://s3.amazonaws.com/NARAprodstorage/lz/dc-metro/rg-024/581208/2020-03/581208-omaha-004/581208-omaha-004-093.JPG	https://s3.amazonaws.com/NARAprodstorage/lz/dc-metro/rg-024/581208/2020-03/581208-omaha-004/581208-omaha-004-093.JPG	 						0	0	0	30.13	79	79	75			oc	nim	0				
1873-06-16	7	8.92	-79.52			a		https://s3.amazonaws.com/NARAprodstorage/lz/dc-metro/rg-024/581208/2020-03/581208-omaha-004/581208-omaha-004-093.JPG	https://s3.amazonaws.com/NARAprodstorage/lz/dc-metro/rg-024/581208/2020-03/581208-omaha-004/581208-omaha-004-093.JPG	 						0	0	0	30.13	79	79	75			oc	nim	0				
1873-06-16	8	8.92	-79.52			a		https://s3.amazonaws.com/NARAprodstorage/lz/dc-metro/rg-024/581208/2020-03/581208-omaha-004/581208-omaha-004-093.JPG	https://s3.amazonaws.com/NARAprodstorage/lz/dc-metro/rg-024/581208/2020-03/581208-omaha-004/581208-omaha-004-093.JPG	 						0	0	0	30.13	79	79	75			oc	nim	0				
1873-06-16	9	8.92	-79.52			a		https://s3.amazonaws.com/NARAprodstorage/lz/dc-metro/rg-024/581208/2020-03/581208-omaha-004/581208-omaha-004-093.JPG	https://s3.amazonaws.com/NARAprodstorage/lz/dc-metro/rg-024/581208/2020-03/581208-omaha-004/581208-omaha-004-093.JPG	 						888	888	1	30.13	80	79	78			ocr	nim	0				
1873-06-16	10	8.92	-79.52			a		https://s3.amazonaws.com/NARAprodstorage/lz/dc-metro/rg-024/581208/2020-03/581208-omaha-004/581208-omaha-004-093.JPG	https://s3.amazonaws.com/NARAprodstorage/lz/dc-metro/rg-024/581208/2020-03/581208-omaha-004/581208-omaha-004-093.JPG	 						888	888	1	30.13	80	80	78			ocr	nim	0				
1873-06-16	11	8.92	-79.52			a		https://s3.amazonaws.com/NARAprodstorage/lz/dc-metro/rg-024/581208/2020-03/581208-omaha-004/581208-omaha-004-093.JPG	https://s3.amazonaws.com/NARAprodstorage/lz/dc-metro/rg-024/581208/2020-03/581208-omaha-004/581208-omaha-004-093.JPG	 						888	888	1	30.13	80	80	78			ocr	nim	0				
1873-06-16	12	8.92	-79.52			a		https://s3.amazonaws.com/NARAprodstorage/lz/dc-metro/rg-024/581208/2020-03/581208-omaha-004/581208-omaha-004-093.JPG	https://s3.amazonaws.com/NARAprodstorage/lz/dc-metro/rg-024/581208/2020-03/581208-omaha-004/581208-omaha-004-093.JPG	Noon: Off Panama						888	888	1	30.1	80	80	78			ocr	nim	0				
1873-06-16	13	8.92	-79.52			a		https://s3.amazonaws.com/NARAprodstorage/lz/dc-metro/rg-024/581208/2020-03/581208-omaha-004/581208-omaha-004-093.JPG	https://s3.amazonaws.com/NARAprodstorage/lz/dc-metro/rg-024/581208/2020-03/581208-omaha-004/581208-omaha-004-093.JPG	 						888	888	5	30.1	80	81	79			ocr	nim	0				
1873-06-16	14	8.92	-79.52			a		https://s3.amazonaws.com/NARAprodstorage/lz/dc-metro/rg-024/581208/2020-03/581208-omaha-004/581208-omaha-004-093.JPG	https://s3.amazonaws.com/NARAprodstorage/lz/dc-metro/rg-024/581208/2020-03/581208-omaha-004/581208-omaha-004-093.JPG	 						888	888	5	30.1	80	81	79			ocr	nim	0				
1873-06-16	15	8.92	-79.52			a		https://s3.amazonaws.com/NARAprodstorage/lz/dc-metro/rg-024/581208/2020-03/581208-omaha-004/581208-omaha-004-093.JPG	https://s3.amazonaws.com/NARAprodstorage/lz/dc-metro/rg-024/581208/2020-03/581208-omaha-004/581208-omaha-004-093.JPG	 						888	888	5	30.1	80	81	79			ocr	nim	0				
1873-06-16	16	8.92	-79.52			a		https://s3.amazonaws.com/NARAprodstorage/lz/dc-metro/rg-024/581208/2020-03/581208-omaha-004/581208-omaha-004-093.JPG	https://s3.amazonaws.com/NARAprodstorage/lz/dc-metro/rg-024/581208/2020-03/581208-omaha-004/581208-omaha-004-093.JPG	 						888	888	5	30.1	80	81	79			ocr	nim	0				
1873-06-16	17	8.92	-79.52			a		https://s3.amazonaws.com/NARAprodstorage/lz/dc-metro/rg-024/581208/2020-03/581208-omaha-004/581208-omaha-004-093.JPG	https://s3.amazonaws.com/NARAprodstorage/lz/dc-metro/rg-024/581208/2020-03/581208-omaha-004/581208-omaha-004-093.JPG	 						45	51	2	30.1	80	82	79			bc	cum nim	3				
1873-06-16	18	8.92	-79.52			a		https://s3.amazonaws.com/NARAprodstorage/lz/dc-metro/rg-024/581208/2020-03/581208-omaha-004/581208-omaha-004-093.JPG	https://s3.amazonaws.com/NARAprodstorage/lz/dc-metro/rg-024/581208/2020-03/581208-omaha-004/581208-omaha-004-093.JPG	 						45	51	2	30.1	80	82	79			bc	cum nim	4				
1873-06-16	19	8.92	-79.52			a		https://s3.amazonaws.com/NARAprodstorage/lz/dc-metro/rg-024/581208/2020-03/581208-omaha-004/581208-omaha-004-093.JPG	https://s3.amazonaws.com/NARAprodstorage/lz/dc-metro/rg-024/581208/2020-03/581208-omaha-004/581208-omaha-004-093.JPG	 						45	51	2	30.13	80	82	79			bc	cum nim	4				
1873-06-16	20	8.92	-79.52			a		https://s3.amazonaws.com/NARAprodstorage/lz/dc-metro/rg-024/581208/2020-03/581208-omaha-004/581208-omaha-004-093.JPG	https://s3.amazonaws.com/NARAprodstorage/lz/dc-metro/rg-024/581208/2020-03/581208-omaha-004/581208-omaha-004-093.JPG	 						45	51	2	30.13	80	82	79			bc	cum nim	4				
1873-06-16	21	8.92	-79.52			a		https://s3.amazonaws.com/NARAprodstorage/lz/dc-metro/rg-024/581208/2020-03/581208-omaha-004/581208-omaha-004-093.JPG	https://s3.amazonaws.com/NARAprodstorage/lz/dc-metro/rg-024/581208/2020-03/581208-omaha-004/581208-omaha-004-093.JPG	 						0	0	0	30.13	80	82	79			bc	cum nim	4				
1873-06-16	22	8.92	-79.52			a		https://s3.amazonaws.com/NARAprodstorage/lz/dc-metro/rg-024/581208/2020-03/581208-omaha-004/581208-omaha-004-093.JPG	https://s3.amazonaws.com/NARAprodstorage/lz/dc-metro/rg-024/581208/2020-03/581208-omaha-004/581208-omaha-004-093.JPG	 						0	0	0	30.13	80	82	79			bc	cum nim	4				
1873-06-16	23	8.92	-79.52			a		https://s3.amazonaws.com/NARAprodstorage/lz/dc-metro/rg-024/581208/2020-03/581208-omaha-004/581208-omaha-004-093.JPG	https://s3.amazonaws.com/NARAprodstorage/lz/dc-metro/rg-024/581208/2020-03/581208-omaha-004/581208-omaha-004-093.JPG	 						0	0	0	30.13	80	82	79			bc	cum nim	4				
1873-06-16	24	8.92	-79.52			a		https://s3.amazonaws.com/NARAprodstorage/lz/dc-metro/rg-024/581208/2020-03/581208-omaha-004/581208-omaha-004-093.JPG	https://s3.amazonaws.com/NARAprodstorage/lz/dc-metro/rg-024/581208/2020-03/581208-omaha-004/581208-omaha-004-093.JPG	 						0	0	0	30.13	80	82	79			bc	cum nim	4				
1873-06-17	1	8.92	-79.52			a		https://s3.amazonaws.com/NARAprodstorage/lz/dc-metro/rg-024/581208/2020-03/581208-omaha-004/581208-omaha-004-094.JPG	https://s3.amazonaws.com/NARAprodstorage/lz/dc-metro/rg-024/581208/2020-03/581208-omaha-004/581208-omaha-004-094.JPG	 						315	321	5	30.14	81	82	80			bc	cum	6				
1873-06-17	2	8.92	-79.52			a		https://s3.amazonaws.com/NARAprodstorage/lz/dc-metro/rg-024/581208/2020-03/581208-omaha-004/581208-omaha-004-094.JPG	https://s3.amazonaws.com/NARAprodstorage/lz/dc-metro/rg-024/581208/2020-03/581208-omaha-004/581208-omaha-004-094.JPG	 						315	321	2	30.14	81	82	80			bc	cum	6				
1873-06-17	3	8.92	-79.52			a		https://s3.amazonaws.com/NARAprodstorage/lz/dc-metro/rg-024/581208/2020-03/581208-omaha-004/581208-omaha-004-094.JPG	https://s3.amazonaws.com/NARAprodstorage/lz/dc-metro/rg-024/581208/2020-03/581208-omaha-004/581208-omaha-004-094.JPG	 						315	321	2	30.14	81	82	80			bc	cum	6				
1873-06-17	4	8.92	-79.52			a		https://s3.amazonaws.com/NARAprodstorage/lz/dc-metro/rg-024/581208/2020-03/581208-omaha-004/581208-omaha-004-094.JPG	https://s3.amazonaws.com/NARAprodstorage/lz/dc-metro/rg-024/581208/2020-03/581208-omaha-004/581208-omaha-004-094.JPG	 						315	321	2	30.14	81	82	80			bc	cum	6				
1873-06-17	5	8.92	-79.52			a		https://s3.amazonaws.com/NARAprodstorage/lz/dc-metro/rg-024/581208/2020-03/581208-omaha-004/581208-omaha-004-094.JPG	https://s3.amazonaws.com/NARAprodstorage/lz/dc-metro/rg-024/581208/2020-03/581208-omaha-004/581208-omaha-004-094.JPG	 						315	321	5	30.16	80	81	79			bc	cum nim	6				
1873-06-17	6	8.92	-79.52			a		https://s3.amazonaws.com/NARAprodstorage/lz/dc-metro/rg-024/581208/2020-03/581208-omaha-004/581208-omaha-004-094.JPG	https://s3.amazonaws.com/NARAprodstorage/lz/dc-metro/rg-024/581208/2020-03/581208-omaha-004/581208-omaha-004-094.JPG	 						315	321	5	30.16	80	81	79			bc	cum nim	5				
1873-06-17	7	8.92	-79.52			a		https://s3.amazonaws.com/NARAprodstorage/lz/dc-metro/rg-024/581208/2020-03/581208-omaha-004/581208-omaha-004-094.JPG	https://s3.amazonaws.com/NARAprodstorage/lz/dc-metro/rg-024/581208/2020-03/581208-omaha-004/581208-omaha-004-094.JPG	 						315	321	5	30.16	80	81	79			bc	cum nim	5				
1873-06-17	8	8.92	-79.52			a		https://s3.amazonaws.com/NARAprodstorage/lz/dc-metro/rg-024/581208/2020-03/581208-omaha-004/581208-omaha-004-094.JPG	https://s3.amazonaws.com/NARAprodstorage/lz/dc-metro/rg-024/581208/2020-03/581208-omaha-004/581208-omaha-004-094.JPG	 						45	51	5	30.16	80	81	79			bc	cum nim	3				
1873-06-17	9	8.92	-79.52			a		https://s3.amazonaws.com/NARAprodstorage/lz/dc-metro/rg-024/581208/2020-03/581208-omaha-004/581208-omaha-004-094.JPG	https://s3.amazonaws.com/NARAprodstorage/lz/dc-metro/rg-024/581208/2020-03/581208-omaha-004/581208-omaha-004-094.JPG	 						135	141	2	30.16	80	81	79			bc	cum nim	0				
1873-06-17	10	8.92	-79.52			a		https://s3.amazonaws.com/NARAprodstorage/lz/dc-metro/rg-024/581208/2020-03/581208-omaha-004/581208-omaha-004-094.JPG	https://s3.amazonaws.com/NARAprodstorage/lz/dc-metro/rg-024/581208/2020-03/581208-omaha-004/581208-omaha-004-094.JPG	 						135	141	2	30.16	80	81	79			bc	cum nim	0				
1873-06-17	11	8.92	-79.52			a		https://s3.amazonaws.com/NARAprodstorage/lz/dc-metro/rg-024/581208/2020-03/581208-omaha-004/581208-omaha-004-094.JPG	https://s3.amazonaws.com/NARAprodstorage/lz/dc-metro/rg-024/581208/2020-03/581208-omaha-004/581208-omaha-004-094.JPG	 						135	141	2	30.16	80	81	79			bc	cum nim	0				
1873-06-17	12	8.92	-79.52			a		https://s3.amazonaws.com/NARAprodstorage/lz/dc-metro/rg-024/581208/2020-03/581208-omaha-004/581208-omaha-004-094.JPG	https://s3.amazonaws.com/NARAprodstorage/lz/dc-metro/rg-024/581208/2020-03/581208-omaha-004/581208-omaha-004-094.JPG	Noon: Off Panama						135	141	2	30.16	80	81	79			bc	cum nim	0				
1873-06-17	13	8.92	-79.52			a		https://s3.amazonaws.com/NARAprodstorage/lz/dc-metro/rg-024/581208/2020-03/581208-omaha-004/581208-omaha-004-094.JPG	https://s3.amazonaws.com/NARAprodstorage/lz/dc-metro/rg-024/581208/2020-03/581208-omaha-004/581208-omaha-004-094.JPG	 						45	51	8	30.12	84	85	81			bc	nim	2				
1873-06-17	14	8.92	-79.52			a		https://s3.amazonaws.com/NARAprodstorage/lz/dc-metro/rg-024/581208/2020-03/581208-omaha-004/581208-omaha-004-094.JPG	https://s3.amazonaws.com/NARAprodstorage/lz/dc-metro/rg-024/581208/2020-03/581208-omaha-004/581208-omaha-004-094.JPG	 						45	51	2	30.12	84	85	81			oc	nim	0				
1873-06-17	15	8.92	-79.52			a		https://s3.amazonaws.com/NARAprodstorage/lz/dc-metro/rg-024/581208/2020-03/581208-omaha-004/581208-omaha-004-094.JPG	https://s3.amazonaws.com/NARAprodstorage/lz/dc-metro/rg-024/581208/2020-03/581208-omaha-004/581208-omaha-004-094.JPG	 						45	51	2	30.12	84	85	81			oc	nim	0				
1873-06-17	16	8.92	-79.52			a		https://s3.amazonaws.com/NARAprodstorage/lz/dc-metro/rg-024/581208/2020-03/581208-omaha-004/581208-omaha-004-094.JPG	https://s3.amazonaws.com/NARAprodstorage/lz/dc-metro/rg-024/581208/2020-03/581208-omaha-004/581208-omaha-004-094.JPG	 						360	6	2	30.18	84	85	81			oc	nim	0				
1873-06-17	17	8.92	-79.52			a		https://s3.amazonaws.com/NARAprodstorage/lz/dc-metro/rg-024/581208/2020-03/581208-omaha-004/581208-omaha-004-094.JPG	https://s3.amazonaws.com/NARAprodstorage/lz/dc-metro/rg-024/581208/2020-03/581208-omaha-004/581208-omaha-004-094.JPG	 						45	51	2	30.16	84	85	81			oc	cum nim	1				
1873-06-17	18	8.92	-79.52			a		https://s3.amazonaws.com/NARAprodstorage/lz/dc-metro/rg-024/581208/2020-03/581208-omaha-004/581208-omaha-004-094.JPG	https://s3.amazonaws.com/NARAprodstorage/lz/dc-metro/rg-024/581208/2020-03/581208-omaha-004/581208-omaha-004-094.JPG	 						45	51	2	30.14	84	84	80			oc	cum nim	2				
1873-06-17	19	8.92	-79.52			a		https://s3.amazonaws.com/NARAprodstorage/lz/dc-metro/rg-024/581208/2020-03/581208-omaha-004/581208-omaha-004-094.JPG	https://s3.amazonaws.com/NARAprodstorage/lz/dc-metro/rg-024/581208/2020-03/581208-omaha-004/581208-omaha-004-094.JPG	 						45	51	2	30.14	84	84	80			oc	cum nim	4				
1873-06-17	20	8.92	-79.52			a		https://s3.amazonaws.com/NARAprodstorage/lz/dc-metro/rg-024/581208/2020-03/581208-omaha-004/581208-omaha-004-094.JPG	https://s3.amazonaws.com/NARAprodstorage/lz/dc-metro/rg-024/581208/2020-03/581208-omaha-004/581208-omaha-004-094.JPG	 						45	51	2	30.1	84	84	80			oc	cum nim	6				
1873-06-17	21	8.92	-79.52			a		https://s3.amazonaws.com/NARAprodstorage/lz/dc-metro/rg-024/581208/2020-03/581208-omaha-004/581208-omaha-004-094.JPG	https://s3.amazonaws.com/NARAprodstorage/lz/dc-metro/rg-024/581208/2020-03/581208-omaha-004/581208-omaha-004-094.JPG	 						45	51	2	30.1	84	84	80			oc	cum nim	6				
1873-06-17	22	8.92	-79.52			a		https://s3.amazonaws.com/NARAprodstorage/lz/dc-metro/rg-024/581208/2020-03/581208-omaha-004/581208-omaha-004-094.JPG	https://s3.amazonaws.com/NARAprodstorage/lz/dc-metro/rg-024/581208/2020-03/581208-omaha-004/581208-omaha-004-094.JPG	 						45	51	2	30.1	84	84	80			oc	cum nim	6				
1873-06-17	23	8.92	-79.52			a		https://s3.amazonaws.com/NARAprodstorage/lz/dc-metro/rg-024/581208/2020-03/581208-omaha-004/581208-omaha-004-094.JPG	https://s3.amazonaws.com/NARAprodstorage/lz/dc-metro/rg-024/581208/2020-03/581208-omaha-004/581208-omaha-004-094.JPG	 						45	51	2	30.1	84	84	80			oc	cum nim	6				
1873-06-17	24	8.92	-79.52			a		https://s3.amazonaws.com/NARAprodstorage/lz/dc-metro/rg-024/581208/2020-03/581208-omaha-004/581208-omaha-004-094.JPG	https://s3.amazonaws.com/NARAprodstorage/lz/dc-metro/rg-024/581208/2020-03/581208-omaha-004/581208-omaha-004-094.JPG	 						45	51	2	30.1	84	84	80			oc	cum nim	6				
1873-06-18	1	8.92	-79.52			a		https://s3.amazonaws.com/NARAprodstorage/lz/dc-metro/rg-024/581208/2020-03/581208-omaha-004/581208-omaha-004-095.JPG	https://s3.amazonaws.com/NARAprodstorage/lz/dc-metro/rg-024/581208/2020-03/581208-omaha-004/581208-omaha-004-095.JPG	 						338	344	8	30	80	81	78	80		bc	cir cum	6				
1873-06-18	2	8.92	-79.52			a		https://s3.amazonaws.com/NARAprodstorage/lz/dc-metro/rg-024/581208/2020-03/581208-omaha-004/581208-omaha-004-095.JPG	https://s3.amazonaws.com/NARAprodstorage/lz/dc-metro/rg-024/581208/2020-03/581208-omaha-004/581208-omaha-004-095.JPG	 						338	344	8	30	80	81	78	80		bc	cir cum	6				
1873-06-18	3	8.92	-79.52			a		https://s3.amazonaws.com/NARAprodstorage/lz/dc-metro/rg-024/581208/2020-03/581208-omaha-004/581208-omaha-004-095.JPG	https://s3.amazonaws.com/NARAprodstorage/lz/dc-metro/rg-024/581208/2020-03/581208-omaha-004/581208-omaha-004-095.JPG	 						338	344	8	30	80	81	78	80		bc	cir cum	6				
1873-06-18	4	8.92	-79.52			a		https://s3.amazonaws.com/NARAprodstorage/lz/dc-metro/rg-024/581208/2020-03/581208-omaha-004/581208-omaha-004-095.JPG	https://s3.amazonaws.com/NARAprodstorage/lz/dc-metro/rg-024/581208/2020-03/581208-omaha-004/581208-omaha-004-095.JPG	 						338	344	5	30	80	81	78	80		bc	cir cum	6				
1873-06-18	5	8.92	-79.52			a		https://s3.amazonaws.com/NARAprodstorage/lz/dc-metro/rg-024/581208/2020-03/581208-omaha-004/581208-omaha-004-095.JPG	https://s3.amazonaws.com/NARAprodstorage/lz/dc-metro/rg-024/581208/2020-03/581208-omaha-004/581208-omaha-004-095.JPG	 						315	321	8	30.12	82	83	80			bc	cir cum	8				
1873-06-18	6	8.92	-79.52			a		https://s3.amazonaws.com/NARAprodstorage/lz/dc-metro/rg-024/581208/2020-03/581208-omaha-004/581208-omaha-004-095.JPG	https://s3.amazonaws.com/NARAprodstorage/lz/dc-metro/rg-024/581208/2020-03/581208-omaha-004/581208-omaha-004-095.JPG	 						315	321	8	30.12	82	83	80			bc	cir cum	8				
1873-06-18	7	8.92	-79.52			a		https://s3.amazonaws.com/NARAprodstorage/lz/dc-metro/rg-024/581208/2020-03/581208-omaha-004/581208-omaha-004-095.JPG	https://s3.amazonaws.com/NARAprodstorage/lz/dc-metro/rg-024/581208/2020-03/581208-omaha-004/581208-omaha-004-095.JPG	 						315	321	8	30.12	82	83	80			bc	cir cum	8				
1873-06-18	8	8.92	-79.52			a		https://s3.amazonaws.com/NARAprodstorage/lz/dc-metro/rg-024/581208/2020-03/581208-omaha-004/581208-omaha-004-095.JPG	https://s3.amazonaws.com/NARAprodstorage/lz/dc-metro/rg-024/581208/2020-03/581208-omaha-004/581208-omaha-004-095.JPG	 						315	321	8	30.12	82	83	80			bc	cir cum	8				
1873-06-18	9	8.92	-79.52			a		https://s3.amazonaws.com/NARAprodstorage/lz/dc-metro/rg-024/581208/2020-03/581208-omaha-004/581208-omaha-004-095.JPG	https://s3.amazonaws.com/NARAprodstorage/lz/dc-metro/rg-024/581208/2020-03/581208-omaha-004/581208-omaha-004-095.JPG	 						315	321	5	30.12	85	87	84			bc	cum nim	7				
1873-06-18	10	8.92	-79.52			a		https://s3.amazonaws.com/NARAprodstorage/lz/dc-metro/rg-024/581208/2020-03/581208-omaha-004/581208-omaha-004-095.JPG	https://s3.amazonaws.com/NARAprodstorage/lz/dc-metro/rg-024/581208/2020-03/581208-omaha-004/581208-omaha-004-095.JPG	 						315	321	5	30.12	85	87	84			bc	cum nim	6				
1873-06-18	11	8.92	-79.52			a		https://s3.amazonaws.com/NARAprodstorage/lz/dc-metro/rg-024/581208/2020-03/581208-omaha-004/581208-omaha-004-095.JPG	https://s3.amazonaws.com/NARAprodstorage/lz/dc-metro/rg-024/581208/2020-03/581208-omaha-004/581208-omaha-004-095.JPG	 						315	321	2	30.12	85	87	84			bc	cum nim	4				
1873-06-18	12	8.92	-79.52			a		https://s3.amazonaws.com/NARAprodstorage/lz/dc-metro/rg-024/581208/2020-03/581208-omaha-004/581208-omaha-004-095.JPG	https://s3.amazonaws.com/NARAprodstorage/lz/dc-metro/rg-024/581208/2020-03/581208-omaha-004/581208-omaha-004-095.JPG	Noon: Off Panama						315	321	2	30.12	85	87	84			bc	cum nim	4				
1873-06-18	13	8.92	-79.52			a		https://s3.amazonaws.com/NARAprodstorage/lz/dc-metro/rg-024/581208/2020-03/581208-omaha-004/581208-omaha-004-095.JPG	https://s3.amazonaws.com/NARAprodstorage/lz/dc-metro/rg-024/581208/2020-03/581208-omaha-004/581208-omaha-004-095.JPG	 						338	344	5	30.12	85	87	84			bc	cir  um	6				
1873-06-18	14	8.92	-79.52			a		https://s3.amazonaws.com/NARAprodstorage/lz/dc-metro/rg-024/581208/2020-03/581208-omaha-004/581208-omaha-004-095.JPG	https://s3.amazonaws.com/NARAprodstorage/lz/dc-metro/rg-024/581208/2020-03/581208-omaha-004/581208-omaha-004-095.JPG	 						338	344	5	30.12	85	87	84			bc	cir  um	6				
1873-06-18	15	8.92	-79.52			a		https://s3.amazonaws.com/NARAprodstorage/lz/dc-metro/rg-024/581208/2020-03/581208-omaha-004/581208-omaha-004-095.JPG	https://s3.amazonaws.com/NARAprodstorage/lz/dc-metro/rg-024/581208/2020-03/581208-omaha-004/581208-omaha-004-095.JPG	 						338	344	5	30.12	85	87	84			octlr	nim	0				
1873-06-18	16	8.92	-79.52			a		https://s3.amazonaws.com/NARAprodstorage/lz/dc-metro/rg-024/581208/2020-03/581208-omaha-004/581208-omaha-004-095.JPG	https://s3.amazonaws.com/NARAprodstorage/lz/dc-metro/rg-024/581208/2020-03/581208-omaha-004/581208-omaha-004-095.JPG	 						338	344	5	30.12	82	83	80			octlr	nim	0				
1873-06-18	17	8.92	-79.52			a		https://s3.amazonaws.com/NARAprodstorage/lz/dc-metro/rg-024/581208/2020-03/581208-omaha-004/581208-omaha-004-095.JPG	https://s3.amazonaws.com/NARAprodstorage/lz/dc-metro/rg-024/581208/2020-03/581208-omaha-004/581208-omaha-004-095.JPG	 						315	321	5	30.16	80	80	74			ocr	cum nim	0				
1873-06-18	18	8.92	-79.52			a		https://s3.amazonaws.com/NARAprodstorage/lz/dc-metro/rg-024/581208/2020-03/581208-omaha-004/581208-omaha-004-095.JPG	https://s3.amazonaws.com/NARAprodstorage/lz/dc-metro/rg-024/581208/2020-03/581208-omaha-004/581208-omaha-004-095.JPG	 						315	321	5	30.16	80	80	74			oc	cum nim	0				
1873-06-18	19	8.92	-79.52			a		https://s3.amazonaws.com/NARAprodstorage/lz/dc-metro/rg-024/581208/2020-03/581208-omaha-004/581208-omaha-004-095.JPG	https://s3.amazonaws.com/NARAprodstorage/lz/dc-metro/rg-024/581208/2020-03/581208-omaha-004/581208-omaha-004-095.JPG	 						315	321	5	30.16	80	80	74			oc	cum nim	0				
1873-06-18	20	8.92	-79.52			a		https://s3.amazonaws.com/NARAprodstorage/lz/dc-metro/rg-024/581208/2020-03/581208-omaha-004/581208-omaha-004-095.JPG	https://s3.amazonaws.com/NARAprodstorage/lz/dc-metro/rg-024/581208/2020-03/581208-omaha-004/581208-omaha-004-095.JPG	 						315	321	5	30.16	80	80	74			oc	cum nim	0				
1873-06-18	21	8.92	-79.52			a		https://s3.amazonaws.com/NARAprodstorage/lz/dc-metro/rg-024/581208/2020-03/581208-omaha-004/581208-omaha-004-095.JPG	https://s3.amazonaws.com/NARAprodstorage/lz/dc-metro/rg-024/581208/2020-03/581208-omaha-004/581208-omaha-004-095.JPG	 						315	321	5	30.2	79	80	74			bcl	cum nim	4				
1873-06-18	22	8.92	-79.52			a		https://s3.amazonaws.com/NARAprodstorage/lz/dc-metro/rg-024/581208/2020-03/581208-omaha-004/581208-omaha-004-095.JPG	https://s3.amazonaws.com/NARAprodstorage/lz/dc-metro/rg-024/581208/2020-03/581208-omaha-004/581208-omaha-004-095.JPG	 						315	321	5	30.2	79	80	74			bcl	cum nim	4				
1873-06-18	23	8.92	-79.52			a		https://s3.amazonaws.com/NARAprodstorage/lz/dc-metro/rg-024/581208/2020-03/581208-omaha-004/581208-omaha-004-095.JPG	https://s3.amazonaws.com/NARAprodstorage/lz/dc-metro/rg-024/581208/2020-03/581208-omaha-004/581208-omaha-004-095.JPG	 						315	321	5	30.22	79	80	74			bcl	cum nim	6				
1873-06-18	24	8.92	-79.52			a		https://s3.amazonaws.com/NARAprodstorage/lz/dc-metro/rg-024/581208/2020-03/581208-omaha-004/581208-omaha-004-095.JPG	https://s3.amazonaws.com/NARAprodstorage/lz/dc-metro/rg-024/581208/2020-03/581208-omaha-004/581208-omaha-004-095.JPG	 						315	321	5	30.22	79	80	74			bcl	cum nim	6				
1873-06-19	1	8.92	-79.52			a		https://s3.amazonaws.com/NARAprodstorage/lz/dc-metro/rg-024/581208/2020-03/581208-omaha-004/581208-omaha-004-096.JPG	https://s3.amazonaws.com/NARAprodstorage/lz/dc-metro/rg-024/581208/2020-03/581208-omaha-004/581208-omaha-004-096.JPG	 						315	321	5	30.1	79	77	77			bctl	nimb	6				
1873-06-19	2	8.92	-79.52			a		https://s3.amazonaws.com/NARAprodstorage/lz/dc-metro/rg-024/581208/2020-03/581208-omaha-004/581208-omaha-004-096.JPG	https://s3.amazonaws.com/NARAprodstorage/lz/dc-metro/rg-024/581208/2020-03/581208-omaha-004/581208-omaha-004-096.JPG	 						315	321	2		80	77	77			bclw	cum nim	4				
1873-06-19	3	8.92	-79.52			a		https://s3.amazonaws.com/NARAprodstorage/lz/dc-metro/rg-024/581208/2020-03/581208-omaha-004/581208-omaha-004-096.JPG	https://s3.amazonaws.com/NARAprodstorage/lz/dc-metro/rg-024/581208/2020-03/581208-omaha-004/581208-omaha-004-096.JPG	 						0	0	0		80	77	77			bclw	nimb	4				
1873-06-19	4	8.92	-79.52			a		https://s3.amazonaws.com/NARAprodstorage/lz/dc-metro/rg-024/581208/2020-03/581208-omaha-004/581208-omaha-004-096.JPG	https://s3.amazonaws.com/NARAprodstorage/lz/dc-metro/rg-024/581208/2020-03/581208-omaha-004/581208-omaha-004-096.JPG	 						315	321	2		80	77	77			bclw	nimb	4				
1873-06-19	5	8.92	-79.52			a		https://s3.amazonaws.com/NARAprodstorage/lz/dc-metro/rg-024/581208/2020-03/581208-omaha-004/581208-omaha-004-096.JPG	https://s3.amazonaws.com/NARAprodstorage/lz/dc-metro/rg-024/581208/2020-03/581208-omaha-004/581208-omaha-004-096.JPG	 						315	321	5		80	79	77			ocr	nimb	0				
1873-06-19	6	8.92	-79.52			a		https://s3.amazonaws.com/NARAprodstorage/lz/dc-metro/rg-024/581208/2020-03/581208-omaha-004/581208-omaha-004-096.JPG	https://s3.amazonaws.com/NARAprodstorage/lz/dc-metro/rg-024/581208/2020-03/581208-omaha-004/581208-omaha-004-096.JPG	 										80	79	77			ocr	nimb	0				
1873-06-19	7	8.92	-79.52			a		https://s3.amazonaws.com/NARAprodstorage/lz/dc-metro/rg-024/581208/2020-03/581208-omaha-004/581208-omaha-004-096.JPG	https://s3.amazonaws.com/NARAprodstorage/lz/dc-metro/rg-024/581208/2020-03/581208-omaha-004/581208-omaha-004-096.JPG	 										80	80	77			oc	nimb	0				
1873-06-19	8	8.92	-79.52			a		https://s3.amazonaws.com/NARAprodstorage/lz/dc-metro/rg-024/581208/2020-03/581208-omaha-004/581208-omaha-004-096.JPG	https://s3.amazonaws.com/NARAprodstorage/lz/dc-metro/rg-024/581208/2020-03/581208-omaha-004/581208-omaha-004-096.JPG	 										80	80	70			oc	nimb	0				
1873-06-19	9	8.92	-79.52			a		https://s3.amazonaws.com/NARAprodstorage/lz/dc-metro/rg-024/581208/2020-03/581208-omaha-004/581208-omaha-004-096.JPG	https://s3.amazonaws.com/NARAprodstorage/lz/dc-metro/rg-024/581208/2020-03/581208-omaha-004/581208-omaha-004-096.JPG	 						888	888	2	30.12	81	82	70			bc	cum	1				
1873-06-19	10	8.92	-79.52			a		https://s3.amazonaws.com/NARAprodstorage/lz/dc-metro/rg-024/581208/2020-03/581208-omaha-004/581208-omaha-004-096.JPG	https://s3.amazonaws.com/NARAprodstorage/lz/dc-metro/rg-024/581208/2020-03/581208-omaha-004/581208-omaha-004-096.JPG	 										81	82	70			bc	cum	1				
1873-06-19	11	8.92	-79.52			a		https://s3.amazonaws.com/NARAprodstorage/lz/dc-metro/rg-024/581208/2020-03/581208-omaha-004/581208-omaha-004-096.JPG	https://s3.amazonaws.com/NARAprodstorage/lz/dc-metro/rg-024/581208/2020-03/581208-omaha-004/581208-omaha-004-096.JPG	 										81	82	70			bc	cum	6				
1873-06-19	12	8.92	-79.52			a		https://s3.amazonaws.com/NARAprodstorage/lz/dc-metro/rg-024/581208/2020-03/581208-omaha-004/581208-omaha-004-096.JPG	https://s3.amazonaws.com/NARAprodstorage/lz/dc-metro/rg-024/581208/2020-03/581208-omaha-004/581208-omaha-004-096.JPG	Noon: Off Panama										81	81	70			bc	cum	4				
1873-06-19	13	8.92	-79.52			a		https://s3.amazonaws.com/NARAprodstorage/lz/dc-metro/rg-024/581208/2020-03/581208-omaha-004/581208-omaha-004-096.JPG	https://s3.amazonaws.com/NARAprodstorage/lz/dc-metro/rg-024/581208/2020-03/581208-omaha-004/581208-omaha-004-096.JPG	 						315	321	5	30.14	81	80	74			bc	cum	6				
1873-06-19	14	8.92	-79.52			a		https://s3.amazonaws.com/NARAprodstorage/lz/dc-metro/rg-024/581208/2020-03/581208-omaha-004/581208-omaha-004-096.JPG	https://s3.amazonaws.com/NARAprodstorage/lz/dc-metro/rg-024/581208/2020-03/581208-omaha-004/581208-omaha-004-096.JPG	 								5	30.14	81	80	74			bc	cum	5				
1873-06-19	15	8.92	-79.52			a		https://s3.amazonaws.com/NARAprodstorage/lz/dc-metro/rg-024/581208/2020-03/581208-omaha-004/581208-omaha-004-096.JPG	https://s3.amazonaws.com/NARAprodstorage/lz/dc-metro/rg-024/581208/2020-03/581208-omaha-004/581208-omaha-004-096.JPG	 								5	30.14	81	80	74			bc	cum	3				
1873-06-19	16	8.92	-79.52			a		https://s3.amazonaws.com/NARAprodstorage/lz/dc-metro/rg-024/581208/2020-03/581208-omaha-004/581208-omaha-004-096.JPG	https://s3.amazonaws.com/NARAprodstorage/lz/dc-metro/rg-024/581208/2020-03/581208-omaha-004/581208-omaha-004-096.JPG	 						888	888	10	30.14	81	80	74			ocrltq	cum nim	0				
1873-06-19	17	8.92	-79.52			a		https://s3.amazonaws.com/NARAprodstorage/lz/dc-metro/rg-024/581208/2020-03/581208-omaha-004/581208-omaha-004-096.JPG	https://s3.amazonaws.com/NARAprodstorage/lz/dc-metro/rg-024/581208/2020-03/581208-omaha-004/581208-omaha-004-096.JPG	 						0	0	13	30.2	80	80	74			ocrltwq	nimb	0				
1873-06-19	18	8.92	-79.52			a		https://s3.amazonaws.com/NARAprodstorage/lz/dc-metro/rg-024/581208/2020-03/581208-omaha-004/581208-omaha-004-096.JPG	https://s3.amazonaws.com/NARAprodstorage/lz/dc-metro/rg-024/581208/2020-03/581208-omaha-004/581208-omaha-004-096.JPG	 						315	321	8	30.2	80	79	76			ocrltwq	nimb	0				
1873-06-19	19	8.92	-79.52			a		https://s3.amazonaws.com/NARAprodstorage/lz/dc-metro/rg-024/581208/2020-03/581208-omaha-004/581208-omaha-004-096.JPG	https://s3.amazonaws.com/NARAprodstorage/lz/dc-metro/rg-024/581208/2020-03/581208-omaha-004/581208-omaha-004-096.JPG	 						315	321	5	30.2	80	79	76			ocm	nimb	0				
1873-06-19	20	8.92	-79.52			a		https://s3.amazonaws.com/NARAprodstorage/lz/dc-metro/rg-024/581208/2020-03/581208-omaha-004/581208-omaha-004-096.JPG	https://s3.amazonaws.com/NARAprodstorage/lz/dc-metro/rg-024/581208/2020-03/581208-omaha-004/581208-omaha-004-096.JPG	 						315	321	5	30.2	80	79	79			oc	cum nim	0				
1873-06-19	21	8.92	-79.52			a		https://s3.amazonaws.com/NARAprodstorage/lz/dc-metro/rg-024/581208/2020-03/581208-omaha-004/581208-omaha-004-096.JPG	https://s3.amazonaws.com/NARAprodstorage/lz/dc-metro/rg-024/581208/2020-03/581208-omaha-004/581208-omaha-004-096.JPG	 						888	888	2	30.19	79	80	79			oc	nim	0				
1873-06-19	22	8.92	-79.52			a		https://s3.amazonaws.com/NARAprodstorage/lz/dc-metro/rg-024/581208/2020-03/581208-omaha-004/581208-omaha-004-096.JPG	https://s3.amazonaws.com/NARAprodstorage/lz/dc-metro/rg-024/581208/2020-03/581208-omaha-004/581208-omaha-004-096.JPG	 						888	888	2	30.19	79	80	79			oc	nim	0				
1873-06-19	23	8.92	-79.52			a		https://s3.amazonaws.com/NARAprodstorage/lz/dc-metro/rg-024/581208/2020-03/581208-omaha-004/581208-omaha-004-096.JPG	https://s3.amazonaws.com/NARAprodstorage/lz/dc-metro/rg-024/581208/2020-03/581208-omaha-004/581208-omaha-004-096.JPG	 						888	888	2	30.19	79	80	79			oc	nim	0				
1873-06-19	24	8.92	-79.52			a		https://s3.amazonaws.com/NARAprodstorage/lz/dc-metro/rg-024/581208/2020-03/581208-omaha-004/581208-omaha-004-096.JPG	https://s3.amazonaws.com/NARAprodstorage/lz/dc-metro/rg-024/581208/2020-03/581208-omaha-004/581208-omaha-004-096.JPG	 						888	888	2	30.18	79	79	71			oc	nim	0				
1873-06-20	1	8.92	-79.52			a		https://s3.amazonaws.com/NARAprodstorage/lz/dc-metro/rg-024/581208/2020-03/581208-omaha-004/581208-omaha-004-097.JPG	https://s3.amazonaws.com/NARAprodstorage/lz/dc-metro/rg-024/581208/2020-03/581208-omaha-004/581208-omaha-004-097.JPG	 						315	321	5	30.18	77	79	74			bc	cum	6				
1873-06-20	2	8.92	-79.52			a		https://s3.amazonaws.com/NARAprodstorage/lz/dc-metro/rg-024/581208/2020-03/581208-omaha-004/581208-omaha-004-097.JPG	https://s3.amazonaws.com/NARAprodstorage/lz/dc-metro/rg-024/581208/2020-03/581208-omaha-004/581208-omaha-004-097.JPG	 						315	321	5	30.18	77	79	74			bc	cum	7				
1873-06-20	3	8.92	-79.52			a		https://s3.amazonaws.com/NARAprodstorage/lz/dc-metro/rg-024/581208/2020-03/581208-omaha-004/581208-omaha-004-097.JPG	https://s3.amazonaws.com/NARAprodstorage/lz/dc-metro/rg-024/581208/2020-03/581208-omaha-004/581208-omaha-004-097.JPG	 						315	321	5	30.18	77	79	74			bc	cum	5				
1873-06-20	4	8.92	-79.52			a		https://s3.amazonaws.com/NARAprodstorage/lz/dc-metro/rg-024/581208/2020-03/581208-omaha-004/581208-omaha-004-097.JPG	https://s3.amazonaws.com/NARAprodstorage/lz/dc-metro/rg-024/581208/2020-03/581208-omaha-004/581208-omaha-004-097.JPG	 						315	321	5	30.18	77	79	74			bc	cum	5				
1873-06-20	5	8.92	-79.52			a		https://s3.amazonaws.com/NARAprodstorage/lz/dc-metro/rg-024/581208/2020-03/581208-omaha-004/581208-omaha-004-097.JPG	https://s3.amazonaws.com/NARAprodstorage/lz/dc-metro/rg-024/581208/2020-03/581208-omaha-004/581208-omaha-004-097.JPG	 						315	321	5	30.14	78	80	77			bc	cum	5				
1873-06-20	6	8.92	-79.52			a		https://s3.amazonaws.com/NARAprodstorage/lz/dc-metro/rg-024/581208/2020-03/581208-omaha-004/581208-omaha-004-097.JPG	https://s3.amazonaws.com/NARAprodstorage/lz/dc-metro/rg-024/581208/2020-03/581208-omaha-004/581208-omaha-004-097.JPG	 						315	321	5	30.14	78	80	77			bc	cum nim	5				
1873-06-20	7	8.92	-79.52			a		https://s3.amazonaws.com/NARAprodstorage/lz/dc-metro/rg-024/581208/2020-03/581208-omaha-004/581208-omaha-004-097.JPG	https://s3.amazonaws.com/NARAprodstorage/lz/dc-metro/rg-024/581208/2020-03/581208-omaha-004/581208-omaha-004-097.JPG	 						315	321	5	30.1	80	80	77			bc	cum nim	4				
1873-06-20	8	8.92	-79.52			a		https://s3.amazonaws.com/NARAprodstorage/lz/dc-metro/rg-024/581208/2020-03/581208-omaha-004/581208-omaha-004-097.JPG	https://s3.amazonaws.com/NARAprodstorage/lz/dc-metro/rg-024/581208/2020-03/581208-omaha-004/581208-omaha-004-097.JPG	 						315	321	5	30.1	80	80	77			bc	cum nim	4				
1873-06-20	9	8.92	-79.52			a		https://s3.amazonaws.com/NARAprodstorage/lz/dc-metro/rg-024/581208/2020-03/581208-omaha-004/581208-omaha-004-097.JPG	https://s3.amazonaws.com/NARAprodstorage/lz/dc-metro/rg-024/581208/2020-03/581208-omaha-004/581208-omaha-004-097.JPG	 						360	6	2	30.1	80	80	77			bc	cum nim	6				
1873-06-20	10	8.92	-79.52			a		https://s3.amazonaws.com/NARAprodstorage/lz/dc-metro/rg-024/581208/2020-03/581208-omaha-004/581208-omaha-004-097.JPG	https://s3.amazonaws.com/NARAprodstorage/lz/dc-metro/rg-024/581208/2020-03/581208-omaha-004/581208-omaha-004-097.JPG	 						135	141	2	30.1	80	80	77			bc	cum nim	6				
1873-06-20	11	8.92	-79.52			a		https://s3.amazonaws.com/NARAprodstorage/lz/dc-metro/rg-024/581208/2020-03/581208-omaha-004/581208-omaha-004-097.JPG	https://s3.amazonaws.com/NARAprodstorage/lz/dc-metro/rg-024/581208/2020-03/581208-omaha-004/581208-omaha-004-097.JPG	 						0	0	0	30.1	81	80	77			bc	cum nim	5				
1873-06-20	12	8.92	-79.52			a		https://s3.amazonaws.com/NARAprodstorage/lz/dc-metro/rg-024/581208/2020-03/581208-omaha-004/581208-omaha-004-097.JPG	https://s3.amazonaws.com/NARAprodstorage/lz/dc-metro/rg-024/581208/2020-03/581208-omaha-004/581208-omaha-004-097.JPG	Noon: Off Panama						0	0	0	30.1	81	83	79			bc	cum nim	5				
1873-06-20	13	8.92	-79.52			a		https://s3.amazonaws.com/NARAprodstorage/lz/dc-metro/rg-024/581208/2020-03/581208-omaha-004/581208-omaha-004-097.JPG	https://s3.amazonaws.com/NARAprodstorage/lz/dc-metro/rg-024/581208/2020-03/581208-omaha-004/581208-omaha-004-097.JPG	 						315	321	2	30.12	84	84	82			bc	cum	6				
1873-06-20	14	8.92	-79.52			a		https://s3.amazonaws.com/NARAprodstorage/lz/dc-metro/rg-024/581208/2020-03/581208-omaha-004/581208-omaha-004-097.JPG	https://s3.amazonaws.com/NARAprodstorage/lz/dc-metro/rg-024/581208/2020-03/581208-omaha-004/581208-omaha-004-097.JPG	 						315	321	2	30.12	84	82	82			bc	cum	4				
1873-06-20	15	8.92	-79.52			a		https://s3.amazonaws.com/NARAprodstorage/lz/dc-metro/rg-024/581208/2020-03/581208-omaha-004/581208-omaha-004-097.JPG	https://s3.amazonaws.com/NARAprodstorage/lz/dc-metro/rg-024/581208/2020-03/581208-omaha-004/581208-omaha-004-097.JPG	 						315	321	2	30.12	84	82	82			bc	cum	4				
1873-06-20	16	8.92	-79.52			a		https://s3.amazonaws.com/NARAprodstorage/lz/dc-metro/rg-024/581208/2020-03/581208-omaha-004/581208-omaha-004-097.JPG	https://s3.amazonaws.com/NARAprodstorage/lz/dc-metro/rg-024/581208/2020-03/581208-omaha-004/581208-omaha-004-097.JPG	 						315	321	2	30.12	84	80	81			bc	cum	2				
1873-06-20	17	8.92	-79.52			a		https://s3.amazonaws.com/NARAprodstorage/lz/dc-metro/rg-024/581208/2020-03/581208-omaha-004/581208-omaha-004-097.JPG	https://s3.amazonaws.com/NARAprodstorage/lz/dc-metro/rg-024/581208/2020-03/581208-omaha-004/581208-omaha-004-097.JPG	 						315	321	5	30.14	82	84	80			bc	cum	3				
1873-06-20	18	8.92	-79.52			a		https://s3.amazonaws.com/NARAprodstorage/lz/dc-metro/rg-024/581208/2020-03/581208-omaha-004/581208-omaha-004-097.JPG	https://s3.amazonaws.com/NARAprodstorage/lz/dc-metro/rg-024/581208/2020-03/581208-omaha-004/581208-omaha-004-097.JPG	 						315	321	5	30.14	82	84	80			bc	cum	4				
1873-06-20	19	8.92	-79.52			a		https://s3.amazonaws.com/NARAprodstorage/lz/dc-metro/rg-024/581208/2020-03/581208-omaha-004/581208-omaha-004-097.JPG	https://s3.amazonaws.com/NARAprodstorage/lz/dc-metro/rg-024/581208/2020-03/581208-omaha-004/581208-omaha-004-097.JPG	 						315	321	8	30.14	82	84	80			ocrtl	cum nim	0				
1873-06-20	20	8.92	-79.52			a		https://s3.amazonaws.com/NARAprodstorage/lz/dc-metro/rg-024/581208/2020-03/581208-omaha-004/581208-omaha-004-097.JPG	https://s3.amazonaws.com/NARAprodstorage/lz/dc-metro/rg-024/581208/2020-03/581208-omaha-004/581208-omaha-004-097.JPG	 						315	321	2	30.14	82	84	80			bc	cum nim	4				
1873-06-20	21	8.92	-79.52			a		https://s3.amazonaws.com/NARAprodstorage/lz/dc-metro/rg-024/581208/2020-03/581208-omaha-004/581208-omaha-004-097.JPG	https://s3.amazonaws.com/NARAprodstorage/lz/dc-metro/rg-024/581208/2020-03/581208-omaha-004/581208-omaha-004-097.JPG	 						281	287	8	30.14	82	82	79			bcl	cum	8				
1873-06-20	22	8.92	-79.52			a		https://s3.amazonaws.com/NARAprodstorage/lz/dc-metro/rg-024/581208/2020-03/581208-omaha-004/581208-omaha-004-097.JPG	https://s3.amazonaws.com/NARAprodstorage/lz/dc-metro/rg-024/581208/2020-03/581208-omaha-004/581208-omaha-004-097.JPG	 						281	287	13	30.14	82	82	79			bcl	cum	8				
1873-06-20	23	8.92	-79.52			a		https://s3.amazonaws.com/NARAprodstorage/lz/dc-metro/rg-024/581208/2020-03/581208-omaha-004/581208-omaha-004-097.JPG	https://s3.amazonaws.com/NARAprodstorage/lz/dc-metro/rg-024/581208/2020-03/581208-omaha-004/581208-omaha-004-097.JPG	 						281	287	8	30.14	82	82	79			bcl	cum	8				
1873-06-20	24	8.92	-79.52			a		https://s3.amazonaws.com/NARAprodstorage/lz/dc-metro/rg-024/581208/2020-03/581208-omaha-004/581208-omaha-004-097.JPG	https://s3.amazonaws.com/NARAprodstorage/lz/dc-metro/rg-024/581208/2020-03/581208-omaha-004/581208-omaha-004-097.JPG	 						281	287	8	30.15	81	81	79			bcl	cum	8				
1873-06-21	1	8.92	-79.52			a		https://s3.amazonaws.com/NARAprodstorage/lz/dc-metro/rg-024/581208/2020-03/581208-omaha-004/581208-omaha-004-098.JPG	https://s3.amazonaws.com/NARAprodstorage/lz/dc-metro/rg-024/581208/2020-03/581208-omaha-004/581208-omaha-004-098.JPG	 						315	321	5	30.15	77	80	77			bc	cum	8				
1873-06-21	2	8.92	-79.52			a		https://s3.amazonaws.com/NARAprodstorage/lz/dc-metro/rg-024/581208/2020-03/581208-omaha-004/581208-omaha-004-098.JPG	https://s3.amazonaws.com/NARAprodstorage/lz/dc-metro/rg-024/581208/2020-03/581208-omaha-004/581208-omaha-004-098.JPG	 						315	321	5	30.15	77	80	77			bc	cum	8				
1873-06-21	3	8.92	-79.52			a		https://s3.amazonaws.com/NARAprodstorage/lz/dc-metro/rg-024/581208/2020-03/581208-omaha-004/581208-omaha-004-098.JPG	https://s3.amazonaws.com/NARAprodstorage/lz/dc-metro/rg-024/581208/2020-03/581208-omaha-004/581208-omaha-004-098.JPG	 						315	321	5	30.15	77	80	77			bc	cum	8				
1873-06-21	4	8.92	-79.52			a		https://s3.amazonaws.com/NARAprodstorage/lz/dc-metro/rg-024/581208/2020-03/581208-omaha-004/581208-omaha-004-098.JPG	https://s3.amazonaws.com/NARAprodstorage/lz/dc-metro/rg-024/581208/2020-03/581208-omaha-004/581208-omaha-004-098.JPG	 						315	321	5	30.15	77	80	77			bc	cum	8				
1873-06-21	5	8.92	-79.52			a		https://s3.amazonaws.com/NARAprodstorage/lz/dc-metro/rg-024/581208/2020-03/581208-omaha-004/581208-omaha-004-098.JPG	https://s3.amazonaws.com/NARAprodstorage/lz/dc-metro/rg-024/581208/2020-03/581208-omaha-004/581208-omaha-004-098.JPG	 						315	321	5	30.13	80	80	77			bc	str cum	7				
1873-06-21	6	8.92	-79.52			a		https://s3.amazonaws.com/NARAprodstorage/lz/dc-metro/rg-024/581208/2020-03/581208-omaha-004/581208-omaha-004-098.JPG	https://s3.amazonaws.com/NARAprodstorage/lz/dc-metro/rg-024/581208/2020-03/581208-omaha-004/581208-omaha-004-098.JPG	 						315	321	8	30.13	80	80	77			bc	str cum	8				
1873-06-21	7	8.92	-79.52			a		https://s3.amazonaws.com/NARAprodstorage/lz/dc-metro/rg-024/581208/2020-03/581208-omaha-004/581208-omaha-004-098.JPG	https://s3.amazonaws.com/NARAprodstorage/lz/dc-metro/rg-024/581208/2020-03/581208-omaha-004/581208-omaha-004-098.JPG	 						315	321	8	30.13	80	80	77			bc	str cum	8				
1873-06-21	8	8.92	-79.52			a		https://s3.amazonaws.com/NARAprodstorage/lz/dc-metro/rg-024/581208/2020-03/581208-omaha-004/581208-omaha-004-098.JPG	https://s3.amazonaws.com/NARAprodstorage/lz/dc-metro/rg-024/581208/2020-03/581208-omaha-004/581208-omaha-004-098.JPG	 						315	321	5	30.13	80	80	77			bc	str cum	6				
1873-06-21	9	8.92	-79.52			a		https://s3.amazonaws.com/NARAprodstorage/lz/dc-metro/rg-024/581208/2020-03/581208-omaha-004/581208-omaha-004-098.JPG	https://s3.amazonaws.com/NARAprodstorage/lz/dc-metro/rg-024/581208/2020-03/581208-omaha-004/581208-omaha-004-098.JPG	 						270	276	2	30.12	86	84	80			bc	cum nim	8				
1873-06-21	10	8.92	-79.52			a		https://s3.amazonaws.com/NARAprodstorage/lz/dc-metro/rg-024/581208/2020-03/581208-omaha-004/581208-omaha-004-098.JPG	https://s3.amazonaws.com/NARAprodstorage/lz/dc-metro/rg-024/581208/2020-03/581208-omaha-004/581208-omaha-004-098.JPG	 						270	276	2	30.12	86	84	80			bc	cum nim	8				
1873-06-21	11	8.92	-79.52			a		https://s3.amazonaws.com/NARAprodstorage/lz/dc-metro/rg-024/581208/2020-03/581208-omaha-004/581208-omaha-004-098.JPG	https://s3.amazonaws.com/NARAprodstorage/lz/dc-metro/rg-024/581208/2020-03/581208-omaha-004/581208-omaha-004-098.JPG	 						270	276	2	30.12	90	85	80			bc	cum nim	8				
1873-06-21	12	8.92	-79.52			a		https://s3.amazonaws.com/NARAprodstorage/lz/dc-metro/rg-024/581208/2020-03/581208-omaha-004/581208-omaha-004-098.JPG	https://s3.amazonaws.com/NARAprodstorage/lz/dc-metro/rg-024/581208/2020-03/581208-omaha-004/581208-omaha-004-098.JPG	Noon: Off Panama						270	276	2	30.12	93	85	80			bc	cum nim	8				
1873-06-21	13	8.92	-79.52			a		https://s3.amazonaws.com/NARAprodstorage/lz/dc-metro/rg-024/581208/2020-03/581208-omaha-004/581208-omaha-004-098.JPG	https://s3.amazonaws.com/NARAprodstorage/lz/dc-metro/rg-024/581208/2020-03/581208-omaha-004/581208-omaha-004-098.JPG	 						0	0	0	30.1	85	85	81			bc	cum	6				
1873-06-21	14	8.92	-79.52			a		https://s3.amazonaws.com/NARAprodstorage/lz/dc-metro/rg-024/581208/2020-03/581208-omaha-004/581208-omaha-004-098.JPG	https://s3.amazonaws.com/NARAprodstorage/lz/dc-metro/rg-024/581208/2020-03/581208-omaha-004/581208-omaha-004-098.JPG	 						0	0	0	30.1	85	85	81			bc	cum	6				
1873-06-21	15	8.92	-79.52			a		https://s3.amazonaws.com/NARAprodstorage/lz/dc-metro/rg-024/581208/2020-03/581208-omaha-004/581208-omaha-004-098.JPG	https://s3.amazonaws.com/NARAprodstorage/lz/dc-metro/rg-024/581208/2020-03/581208-omaha-004/581208-omaha-004-098.JPG	 						338	344	5	30.1	85	85	81			bc	cum	4				
1873-06-21	16	8.92	-79.52			a		https://s3.amazonaws.com/NARAprodstorage/lz/dc-metro/rg-024/581208/2020-03/581208-omaha-004/581208-omaha-004-098.JPG	https://s3.amazonaws.com/NARAprodstorage/lz/dc-metro/rg-024/581208/2020-03/581208-omaha-004/581208-omaha-004-098.JPG	 						338	344	5	30.08	85	85	81			bc	cum	4				
1873-06-21	17	8.92	-79.52			a		https://s3.amazonaws.com/NARAprodstorage/lz/dc-metro/rg-024/581208/2020-03/581208-omaha-004/581208-omaha-004-098.JPG	https://s3.amazonaws.com/NARAprodstorage/lz/dc-metro/rg-024/581208/2020-03/581208-omaha-004/581208-omaha-004-098.JPG	 						338	344	2	30.08	85	85	81			bc	cum	2				
1873-06-21	18	8.92	-79.52			a		https://s3.amazonaws.com/NARAprodstorage/lz/dc-metro/rg-024/581208/2020-03/581208-omaha-004/581208-omaha-004-098.JPG	https://s3.amazonaws.com/NARAprodstorage/lz/dc-metro/rg-024/581208/2020-03/581208-omaha-004/581208-omaha-004-098.JPG	 						338	344	2	30.1	85	85	81			bc	cum	2				
1873-06-21	19	8.92	-79.52			a		https://s3.amazonaws.com/NARAprodstorage/lz/dc-metro/rg-024/581208/2020-03/581208-omaha-004/581208-omaha-004-098.JPG	https://s3.amazonaws.com/NARAprodstorage/lz/dc-metro/rg-024/581208/2020-03/581208-omaha-004/581208-omaha-004-098.JPG	 						338	344	2	30.1	85	85	81			bc	cum	4				
1873-06-21	20	8.92	-79.52			a		https://s3.amazonaws.com/NARAprodstorage/lz/dc-metro/rg-024/581208/2020-03/581208-omaha-004/581208-omaha-004-098.JPG	https://s3.amazonaws.com/NARAprodstorage/lz/dc-metro/rg-024/581208/2020-03/581208-omaha-004/581208-omaha-004-098.JPG	 						338	344	2	30.1	84	84	81			bc	cum	4				
1873-06-21	21	8.92	-79.52			a		https://s3.amazonaws.com/NARAprodstorage/lz/dc-metro/rg-024/581208/2020-03/581208-omaha-004/581208-omaha-004-098.JPG	https://s3.amazonaws.com/NARAprodstorage/lz/dc-metro/rg-024/581208/2020-03/581208-omaha-004/581208-omaha-004-098.JPG	 						888	888	2	30.12	84	83	79			bcl	cum nim	4				
1873-06-21	22	8.92	-79.52			a		https://s3.amazonaws.com/NARAprodstorage/lz/dc-metro/rg-024/581208/2020-03/581208-omaha-004/581208-omaha-004-098.JPG	https://s3.amazonaws.com/NARAprodstorage/lz/dc-metro/rg-024/581208/2020-03/581208-omaha-004/581208-omaha-004-098.JPG	 						888	888	5	30.12	84	83	79			bcl	cum nim	4				
1873-06-21	23	8.92	-79.52			a		https://s3.amazonaws.com/NARAprodstorage/lz/dc-metro/rg-024/581208/2020-03/581208-omaha-004/581208-omaha-004-098.JPG	https://s3.amazonaws.com/NARAprodstorage/lz/dc-metro/rg-024/581208/2020-03/581208-omaha-004/581208-omaha-004-098.JPG	 						888	888	2	30.12	84	83	79			bcl	cum nim	4				
1873-06-21	24	8.92	-79.52			a		https://s3.amazonaws.com/NARAprodstorage/lz/dc-metro/rg-024/581208/2020-03/581208-omaha-004/581208-omaha-004-098.JPG	https://s3.amazonaws.com/NARAprodstorage/lz/dc-metro/rg-024/581208/2020-03/581208-omaha-004/581208-omaha-004-098.JPG	 						888	888	2	30.12	84	83	79			bcl	cum nim	4				
1873-06-22	1	8.92	-79.52			a		https://s3.amazonaws.com/NARAprodstorage/lz/dc-metro/rg-024/581208/2020-03/581208-omaha-004/581208-omaha-004-099.JPG	https://s3.amazonaws.com/NARAprodstorage/lz/dc-metro/rg-024/581208/2020-03/581208-omaha-004/581208-omaha-004-099.JPG	 						315	321	2	30.1	80	80	78			oc	cir cum	5				
1873-06-22	2	8.92	-79.52			a		https://s3.amazonaws.com/NARAprodstorage/lz/dc-metro/rg-024/581208/2020-03/581208-omaha-004/581208-omaha-004-099.JPG	https://s3.amazonaws.com/NARAprodstorage/lz/dc-metro/rg-024/581208/2020-03/581208-omaha-004/581208-omaha-004-099.JPG	 						315	321	8	30.1	80	80	78			oc	cir cum	5				
1873-06-22	3	8.92	-79.52			a		https://s3.amazonaws.com/NARAprodstorage/lz/dc-metro/rg-024/581208/2020-03/581208-omaha-004/581208-omaha-004-099.JPG	https://s3.amazonaws.com/NARAprodstorage/lz/dc-metro/rg-024/581208/2020-03/581208-omaha-004/581208-omaha-004-099.JPG	 						315	321	8	30.1	80	80	78			oc	cir cum	5				
1873-06-22	4	8.92	-79.52			a		https://s3.amazonaws.com/NARAprodstorage/lz/dc-metro/rg-024/581208/2020-03/581208-omaha-004/581208-omaha-004-099.JPG	https://s3.amazonaws.com/NARAprodstorage/lz/dc-metro/rg-024/581208/2020-03/581208-omaha-004/581208-omaha-004-099.JPG	 						315	321	5	30.08	80	80	78			oc	cir cum	5				
1873-06-22	5	8.92	-79.52			a		https://s3.amazonaws.com/NARAprodstorage/lz/dc-metro/rg-024/581208/2020-03/581208-omaha-004/581208-omaha-004-099.JPG	https://s3.amazonaws.com/NARAprodstorage/lz/dc-metro/rg-024/581208/2020-03/581208-omaha-004/581208-omaha-004-099.JPG	 						315	321	2	30.1	80	80	79			oc	cir cum	8				
1873-06-22	6	8.92	-79.52			a		https://s3.amazonaws.com/NARAprodstorage/lz/dc-metro/rg-024/581208/2020-03/581208-omaha-004/581208-omaha-004-099.JPG	https://s3.amazonaws.com/NARAprodstorage/lz/dc-metro/rg-024/581208/2020-03/581208-omaha-004/581208-omaha-004-099.JPG	 						315	321	2	30.1	80	80	79			oc	cir cum	8				
1873-06-22	7	8.92	-79.52			a		https://s3.amazonaws.com/NARAprodstorage/lz/dc-metro/rg-024/581208/2020-03/581208-omaha-004/581208-omaha-004-099.JPG	https://s3.amazonaws.com/NARAprodstorage/lz/dc-metro/rg-024/581208/2020-03/581208-omaha-004/581208-omaha-004-099.JPG	 						315	321	2	30.1	80	80	79			oc	cir cum	8				
1873-06-22	8	8.92	-79.52			a		https://s3.amazonaws.com/NARAprodstorage/lz/dc-metro/rg-024/581208/2020-03/581208-omaha-004/581208-omaha-004-099.JPG	https://s3.amazonaws.com/NARAprodstorage/lz/dc-metro/rg-024/581208/2020-03/581208-omaha-004/581208-omaha-004-099.JPG	 						315	321	2	30.1	82	82	79			oc	cir cum	6				
1873-06-22	9	8.92	-79.52			a		https://s3.amazonaws.com/NARAprodstorage/lz/dc-metro/rg-024/581208/2020-03/581208-omaha-004/581208-omaha-004-099.JPG	https://s3.amazonaws.com/NARAprodstorage/lz/dc-metro/rg-024/581208/2020-03/581208-omaha-004/581208-omaha-004-099.JPG	 						315	321	5	30.1	85	86	82			bc	cum nim	4				
1873-06-22	10	8.92	-79.52			a		https://s3.amazonaws.com/NARAprodstorage/lz/dc-metro/rg-024/581208/2020-03/581208-omaha-004/581208-omaha-004-099.JPG	https://s3.amazonaws.com/NARAprodstorage/lz/dc-metro/rg-024/581208/2020-03/581208-omaha-004/581208-omaha-004-099.JPG	 						315	321	8	30.1	85	86	82			bc	cum nim	4				
1873-06-22	11	8.92	-79.52			a		https://s3.amazonaws.com/NARAprodstorage/lz/dc-metro/rg-024/581208/2020-03/581208-omaha-004/581208-omaha-004-099.JPG	https://s3.amazonaws.com/NARAprodstorage/lz/dc-metro/rg-024/581208/2020-03/581208-omaha-004/581208-omaha-004-099.JPG	 						315	321	8	30.1	85	86	82			bc	cum nim	3				
1873-06-22	12	8.92	-79.52			a		https://s3.amazonaws.com/NARAprodstorage/lz/dc-metro/rg-024/581208/2020-03/581208-omaha-004/581208-omaha-004-099.JPG	https://s3.amazonaws.com/NARAprodstorage/lz/dc-metro/rg-024/581208/2020-03/581208-omaha-004/581208-omaha-004-099.JPG	Noon: Off Panama						315	321	5	30.1	85	86	82			bc	cum nim	4				
1873-06-22	13	8.92	-79.52			a		https://s3.amazonaws.com/NARAprodstorage/lz/dc-metro/rg-024/581208/2020-03/581208-omaha-004/581208-omaha-004-099.JPG	https://s3.amazonaws.com/NARAprodstorage/lz/dc-metro/rg-024/581208/2020-03/581208-omaha-004/581208-omaha-004-099.JPG	 						45	51	2	30.12	86	86	82			bc	cum nim	4				
1873-06-22	14	8.92	-79.52			a		https://s3.amazonaws.com/NARAprodstorage/lz/dc-metro/rg-024/581208/2020-03/581208-omaha-004/581208-omaha-004-099.JPG	https://s3.amazonaws.com/NARAprodstorage/lz/dc-metro/rg-024/581208/2020-03/581208-omaha-004/581208-omaha-004-099.JPG	 						45	51	2	30.12	86	86	82			ocr	nimb					
1873-06-22	15	8.92	-79.52			a		https://s3.amazonaws.com/NARAprodstorage/lz/dc-metro/rg-024/581208/2020-03/581208-omaha-004/581208-omaha-004-099.JPG	https://s3.amazonaws.com/NARAprodstorage/lz/dc-metro/rg-024/581208/2020-03/581208-omaha-004/581208-omaha-004-099.JPG	 						45	51	2	30.12	86	86	82			ocr	nimb					
1873-06-22	16	8.92	-79.52			a		https://s3.amazonaws.com/NARAprodstorage/lz/dc-metro/rg-024/581208/2020-03/581208-omaha-004/581208-omaha-004-099.JPG	https://s3.amazonaws.com/NARAprodstorage/lz/dc-metro/rg-024/581208/2020-03/581208-omaha-004/581208-omaha-004-099.JPG	 						45	51	2	30.12	86	86	82			bc	cir nim	4				
1873-06-22	17	8.92	-79.52			a		https://s3.amazonaws.com/NARAprodstorage/lz/dc-metro/rg-024/581208/2020-03/581208-omaha-004/581208-omaha-004-099.JPG	https://s3.amazonaws.com/NARAprodstorage/lz/dc-metro/rg-024/581208/2020-03/581208-omaha-004/581208-omaha-004-099.JPG	 						315	321	2	30.12	86	86	82			ocm	cir nim	5				
1873-06-22	18	8.92	-79.52			a		https://s3.amazonaws.com/NARAprodstorage/lz/dc-metro/rg-024/581208/2020-03/581208-omaha-004/581208-omaha-004-099.JPG	https://s3.amazonaws.com/NARAprodstorage/lz/dc-metro/rg-024/581208/2020-03/581208-omaha-004/581208-omaha-004-099.JPG	 						315	321	2	30.1	86	84	79			ocm	cir nim	6				
1873-06-22	19	8.92	-79.52			a		https://s3.amazonaws.com/NARAprodstorage/lz/dc-metro/rg-024/581208/2020-03/581208-omaha-004/581208-omaha-004-099.JPG	https://s3.amazonaws.com/NARAprodstorage/lz/dc-metro/rg-024/581208/2020-03/581208-omaha-004/581208-omaha-004-099.JPG	 						315	321	5	30.05	86	84	79			ocm	cir nim	6				
1873-06-22	20	8.92	-79.52			a		https://s3.amazonaws.com/NARAprodstorage/lz/dc-metro/rg-024/581208/2020-03/581208-omaha-004/581208-omaha-004-099.JPG	https://s3.amazonaws.com/NARAprodstorage/lz/dc-metro/rg-024/581208/2020-03/581208-omaha-004/581208-omaha-004-099.JPG	 						315	321	8	30	86	84	79			ocm	cir nim	8				
1873-06-22	21	8.92	-79.52			a		https://s3.amazonaws.com/NARAprodstorage/lz/dc-metro/rg-024/581208/2020-03/581208-omaha-004/581208-omaha-004-099.JPG	https://s3.amazonaws.com/NARAprodstorage/lz/dc-metro/rg-024/581208/2020-03/581208-omaha-004/581208-omaha-004-099.JPG	 						315	321	5	30.14	80	80	74			bcl	cum nim	7				
1873-06-22	22	8.92	-79.52			a		https://s3.amazonaws.com/NARAprodstorage/lz/dc-metro/rg-024/581208/2020-03/581208-omaha-004/581208-omaha-004-099.JPG	https://s3.amazonaws.com/NARAprodstorage/lz/dc-metro/rg-024/581208/2020-03/581208-omaha-004/581208-omaha-004-099.JPG	 						315	321	5	30.16	80	80	74			bcl	cum nim	7				
1873-06-22	23	8.92	-79.52			a		https://s3.amazonaws.com/NARAprodstorage/lz/dc-metro/rg-024/581208/2020-03/581208-omaha-004/581208-omaha-004-099.JPG	https://s3.amazonaws.com/NARAprodstorage/lz/dc-metro/rg-024/581208/2020-03/581208-omaha-004/581208-omaha-004-099.JPG	 						315	321	5	30.18	80	80	74			bcl	cum nim	6				
1873-06-22	24	8.92	-79.52			a		https://s3.amazonaws.com/NARAprodstorage/lz/dc-metro/rg-024/581208/2020-03/581208-omaha-004/581208-omaha-004-099.JPG	https://s3.amazonaws.com/NARAprodstorage/lz/dc-metro/rg-024/581208/2020-03/581208-omaha-004/581208-omaha-004-099.JPG	 						315	321	5	30.18	80	80	74			bcl	cum nim	6				
1873-06-23	1	8.92	-79.52			a		https://s3.amazonaws.com/NARAprodstorage/lz/dc-metro/rg-024/581208/2020-03/581208-omaha-004/581208-omaha-004-100.JPG	https://s3.amazonaws.com/NARAprodstorage/lz/dc-metro/rg-024/581208/2020-03/581208-omaha-004/581208-omaha-004-100.JPG	 						315	321	5	30.18	80	80	74			bc	cum nim	6				
1873-06-23	2	8.92	-79.52			a		https://s3.amazonaws.com/NARAprodstorage/lz/dc-metro/rg-024/581208/2020-03/581208-omaha-004/581208-omaha-004-100.JPG	https://s3.amazonaws.com/NARAprodstorage/lz/dc-metro/rg-024/581208/2020-03/581208-omaha-004/581208-omaha-004-100.JPG	 						315	321	5	30.18	80	80	74			bc	cum nim	6				
1873-06-23	3	8.92	-79.52			a		https://s3.amazonaws.com/NARAprodstorage/lz/dc-metro/rg-024/581208/2020-03/581208-omaha-004/581208-omaha-004-100.JPG	https://s3.amazonaws.com/NARAprodstorage/lz/dc-metro/rg-024/581208/2020-03/581208-omaha-004/581208-omaha-004-100.JPG	 						315	321	5	30.2	80	80	75			bc	cum nim	8				
1873-06-23	4	8.92	-79.52			a		https://s3.amazonaws.com/NARAprodstorage/lz/dc-metro/rg-024/581208/2020-03/581208-omaha-004/581208-omaha-004-100.JPG	https://s3.amazonaws.com/NARAprodstorage/lz/dc-metro/rg-024/581208/2020-03/581208-omaha-004/581208-omaha-004-100.JPG	 						315	321	5	30.2	80	80	75			bc	cum nim	7				
1873-06-23	5	8.92	-79.52			a		https://s3.amazonaws.com/NARAprodstorage/lz/dc-metro/rg-024/581208/2020-03/581208-omaha-004/581208-omaha-004-100.JPG	https://s3.amazonaws.com/NARAprodstorage/lz/dc-metro/rg-024/581208/2020-03/581208-omaha-004/581208-omaha-004-100.JPG	 						360	6	5	30.1	80	80	76			bc	cum nim	7				
1873-06-23	6	8.92	-79.52			a		https://s3.amazonaws.com/NARAprodstorage/lz/dc-metro/rg-024/581208/2020-03/581208-omaha-004/581208-omaha-004-100.JPG	https://s3.amazonaws.com/NARAprodstorage/lz/dc-metro/rg-024/581208/2020-03/581208-omaha-004/581208-omaha-004-100.JPG	 						360	6	5	30.1	80	80	79			bc	cum nim	7				
1873-06-23	7	8.92	-79.52			a		https://s3.amazonaws.com/NARAprodstorage/lz/dc-metro/rg-024/581208/2020-03/581208-omaha-004/581208-omaha-004-100.JPG	https://s3.amazonaws.com/NARAprodstorage/lz/dc-metro/rg-024/581208/2020-03/581208-omaha-004/581208-omaha-004-100.JPG	 						360	6	2	30.1	80	80	79			bc	cum nim	7				
1873-06-23	8	8.92	-79.52			a		https://s3.amazonaws.com/NARAprodstorage/lz/dc-metro/rg-024/581208/2020-03/581208-omaha-004/581208-omaha-004-100.JPG	https://s3.amazonaws.com/NARAprodstorage/lz/dc-metro/rg-024/581208/2020-03/581208-omaha-004/581208-omaha-004-100.JPG	 						360	6	2	30.08	80	80	79			bc	cum nim	7				
1873-06-23	9	8.92	-79.52			a		https://s3.amazonaws.com/NARAprodstorage/lz/dc-metro/rg-024/581208/2020-03/581208-omaha-004/581208-omaha-004-100.JPG	https://s3.amazonaws.com/NARAprodstorage/lz/dc-metro/rg-024/581208/2020-03/581208-omaha-004/581208-omaha-004-100.JPG	 						0	0	0	30.08	82	82	80			bc	cum	7				
1873-06-23	10	8.92	-79.52			a		https://s3.amazonaws.com/NARAprodstorage/lz/dc-metro/rg-024/581208/2020-03/581208-omaha-004/581208-omaha-004-100.JPG	https://s3.amazonaws.com/NARAprodstorage/lz/dc-metro/rg-024/581208/2020-03/581208-omaha-004/581208-omaha-004-100.JPG	 						0	0	0	30.08	82	84	80			bc	cum	7				
1873-06-23	11	8.92	-79.52			a		https://s3.amazonaws.com/NARAprodstorage/lz/dc-metro/rg-024/581208/2020-03/581208-omaha-004/581208-omaha-004-100.JPG	https://s3.amazonaws.com/NARAprodstorage/lz/dc-metro/rg-024/581208/2020-03/581208-omaha-004/581208-omaha-004-100.JPG	 						135	141	2	30.1	83	85	81			bc	cum	7				
1873-06-23	12	8.92	-79.52			a		https://s3.amazonaws.com/NARAprodstorage/lz/dc-metro/rg-024/581208/2020-03/581208-omaha-004/581208-omaha-004-100.JPG	https://s3.amazonaws.com/NARAprodstorage/lz/dc-metro/rg-024/581208/2020-03/581208-omaha-004/581208-omaha-004-100.JPG	Noon: Off Panama						135	141	2	30.1	83	84	81			bc	cum	7				
1873-06-23	13	8.92	-79.52			a		https://s3.amazonaws.com/NARAprodstorage/lz/dc-metro/rg-024/581208/2020-03/581208-omaha-004/581208-omaha-004-100.JPG	https://s3.amazonaws.com/NARAprodstorage/lz/dc-metro/rg-024/581208/2020-03/581208-omaha-004/581208-omaha-004-100.JPG	 						0	0	0	30.08	84	85	82			bc	cum nim	5				
1873-06-23	14	8.92	-79.52			a		https://s3.amazonaws.com/NARAprodstorage/lz/dc-metro/rg-024/581208/2020-03/581208-omaha-004/581208-omaha-004-100.JPG	https://s3.amazonaws.com/NARAprodstorage/lz/dc-metro/rg-024/581208/2020-03/581208-omaha-004/581208-omaha-004-100.JPG	 						315	321	2	30.06	84	85	82			bc	cum nim	4				
1873-06-23	15	8.92	-79.52			a		https://s3.amazonaws.com/NARAprodstorage/lz/dc-metro/rg-024/581208/2020-03/581208-omaha-004/581208-omaha-004-100.JPG	https://s3.amazonaws.com/NARAprodstorage/lz/dc-metro/rg-024/581208/2020-03/581208-omaha-004/581208-omaha-004-100.JPG	 						315	321	5	30.05	84	85	82			bc	cum nim	2				
1873-06-23	16	8.92	-79.52			a		https://s3.amazonaws.com/NARAprodstorage/lz/dc-metro/rg-024/581208/2020-03/581208-omaha-004/581208-omaha-004-100.JPG	https://s3.amazonaws.com/NARAprodstorage/lz/dc-metro/rg-024/581208/2020-03/581208-omaha-004/581208-omaha-004-100.JPG	 						315	321	5	30.05	84	85	82			bc	cum nim	2				
1873-06-23	17	8.92	-79.52			a		https://s3.amazonaws.com/NARAprodstorage/lz/dc-metro/rg-024/581208/2020-03/581208-omaha-004/581208-omaha-004-100.JPG	https://s3.amazonaws.com/NARAprodstorage/lz/dc-metro/rg-024/581208/2020-03/581208-omaha-004/581208-omaha-004-100.JPG	 						315	321	5	30.08	85	85	82			bc	cum nim	2				
1873-06-23	18	8.92	-79.52			a		https://s3.amazonaws.com/NARAprodstorage/lz/dc-metro/rg-024/581208/2020-03/581208-omaha-004/581208-omaha-004-100.JPG	https://s3.amazonaws.com/NARAprodstorage/lz/dc-metro/rg-024/581208/2020-03/581208-omaha-004/581208-omaha-004-100.JPG	 						315	321	2	30.08	85	85	82			oc	cum nim	1				
1873-06-23	19	8.92	-79.52			a		https://s3.amazonaws.com/NARAprodstorage/lz/dc-metro/rg-024/581208/2020-03/581208-omaha-004/581208-omaha-004-100.JPG	https://s3.amazonaws.com/NARAprodstorage/lz/dc-metro/rg-024/581208/2020-03/581208-omaha-004/581208-omaha-004-100.JPG	 						888	888	5	30.1	85	84	82			ocrtl	nim	0				
1873-06-23	20	8.92	-79.52			a		https://s3.amazonaws.com/NARAprodstorage/lz/dc-metro/rg-024/581208/2020-03/581208-omaha-004/581208-omaha-004-100.JPG	https://s3.amazonaws.com/NARAprodstorage/lz/dc-metro/rg-024/581208/2020-03/581208-omaha-004/581208-omaha-004-100.JPG	 						888	888	12	30.1	84	84	82			ocqrlt	nim					
1873-06-23	21	8.92	-79.52			a		https://s3.amazonaws.com/NARAprodstorage/lz/dc-metro/rg-024/581208/2020-03/581208-omaha-004/581208-omaha-004-100.JPG	https://s3.amazonaws.com/NARAprodstorage/lz/dc-metro/rg-024/581208/2020-03/581208-omaha-004/581208-omaha-004-100.JPG	 						888	888	12	30.1	80	79	78									
1873-06-23	22	8.92	-79.52			a		https://s3.amazonaws.com/NARAprodstorage/lz/dc-metro/rg-024/581208/2020-03/581208-omaha-004/581208-omaha-004-100.JPG	https://s3.amazonaws.com/NARAprodstorage/lz/dc-metro/rg-024/581208/2020-03/581208-omaha-004/581208-omaha-004-100.JPG	 						888	888	12	30.1	80	79	78									
1873-06-23	23	8.92	-79.52			a		https://s3.amazonaws.com/NARAprodstorage/lz/dc-metro/rg-024/581208/2020-03/581208-omaha-004/581208-omaha-004-100.JPG	https://s3.amazonaws.com/NARAprodstorage/lz/dc-metro/rg-024/581208/2020-03/581208-omaha-004/581208-omaha-004-100.JPG	 						888	888	12	30.1	80	79	78									
1873-06-23	24	8.92	-79.52			a		https://s3.amazonaws.com/NARAprodstorage/lz/dc-metro/rg-024/581208/2020-03/581208-omaha-004/581208-omaha-004-100.JPG	https://s3.amazonaws.com/NARAprodstorage/lz/dc-metro/rg-024/581208/2020-03/581208-omaha-004/581208-omaha-004-100.JPG	 						888	888	12	30.1	80	79	78									
1873-06-24	1	8.92	-79.52			a		https://s3.amazonaws.com/NARAprodstorage/lz/dc-metro/rg-024/581208/2020-03/581208-omaha-004/581208-omaha-004-101.JPG	https://s3.amazonaws.com/NARAprodstorage/lz/dc-metro/rg-024/581208/2020-03/581208-omaha-004/581208-omaha-004-101.JPG	 						315	321	9	30.07	77	78	73			ocrl	cum nim	0				
1873-06-24	2	8.92	-79.52			a		https://s3.amazonaws.com/NARAprodstorage/lz/dc-metro/rg-024/581208/2020-03/581208-omaha-004/581208-omaha-004-101.JPG	https://s3.amazonaws.com/NARAprodstorage/lz/dc-metro/rg-024/581208/2020-03/581208-omaha-004/581208-omaha-004-101.JPG	 						315	321	8	30.07	77	78	73			ocl	cum nim	0				
1873-06-24	3	8.92	-79.52			a		https://s3.amazonaws.com/NARAprodstorage/lz/dc-metro/rg-024/581208/2020-03/581208-omaha-004/581208-omaha-004-101.JPG	https://s3.amazonaws.com/NARAprodstorage/lz/dc-metro/rg-024/581208/2020-03/581208-omaha-004/581208-omaha-004-101.JPG	 						315	321	5	30.07	77	78	73			ocl	cum nim	0				
1873-06-24	4	8.92	-79.52			a		https://s3.amazonaws.com/NARAprodstorage/lz/dc-metro/rg-024/581208/2020-03/581208-omaha-004/581208-omaha-004-101.JPG	https://s3.amazonaws.com/NARAprodstorage/lz/dc-metro/rg-024/581208/2020-03/581208-omaha-004/581208-omaha-004-101.JPG	 						315	321	5	30.07	77	78	73			ocl	cum nim	0				
1873-06-24	5	8.92	-79.52			a		https://s3.amazonaws.com/NARAprodstorage/lz/dc-metro/rg-024/581208/2020-03/581208-omaha-004/581208-omaha-004-101.JPG	https://s3.amazonaws.com/NARAprodstorage/lz/dc-metro/rg-024/581208/2020-03/581208-omaha-004/581208-omaha-004-101.JPG	 						315	321	2	30.1	82	81	78			oc	cum nim	0				
1873-06-24	6	8.92	-79.52			a		https://s3.amazonaws.com/NARAprodstorage/lz/dc-metro/rg-024/581208/2020-03/581208-omaha-004/581208-omaha-004-101.JPG	https://s3.amazonaws.com/NARAprodstorage/lz/dc-metro/rg-024/581208/2020-03/581208-omaha-004/581208-omaha-004-101.JPG	 						315	321	2	30.1	83	83	80			oc	cum nim	0				
1873-06-24	7	8.92	-79.52			a		https://s3.amazonaws.com/NARAprodstorage/lz/dc-metro/rg-024/581208/2020-03/581208-omaha-004/581208-omaha-004-101.JPG	https://s3.amazonaws.com/NARAprodstorage/lz/dc-metro/rg-024/581208/2020-03/581208-omaha-004/581208-omaha-004-101.JPG	 						315	321	2	30.09	83	83	80			oc	cum nim	0				
1873-06-24	8	8.92	-79.52			a		https://s3.amazonaws.com/NARAprodstorage/lz/dc-metro/rg-024/581208/2020-03/581208-omaha-004/581208-omaha-004-101.JPG	https://s3.amazonaws.com/NARAprodstorage/lz/dc-metro/rg-024/581208/2020-03/581208-omaha-004/581208-omaha-004-101.JPG	 						315	321	2	30.09	83	83	80			oc	cum nim	0				
1873-06-24	9	8.92	-79.52			a		https://s3.amazonaws.com/NARAprodstorage/lz/dc-metro/rg-024/581208/2020-03/581208-omaha-004/581208-omaha-004-101.JPG	https://s3.amazonaws.com/NARAprodstorage/lz/dc-metro/rg-024/581208/2020-03/581208-omaha-004/581208-omaha-004-101.JPG	 						45	51	2	30.09	83	83	80			oc	cum nim	0				
1873-06-24	10	8.92	-79.52			a		https://s3.amazonaws.com/NARAprodstorage/lz/dc-metro/rg-024/581208/2020-03/581208-omaha-004/581208-omaha-004-101.JPG	https://s3.amazonaws.com/NARAprodstorage/lz/dc-metro/rg-024/581208/2020-03/581208-omaha-004/581208-omaha-004-101.JPG	 						68	74	13	30.09	83	83	80			orq	nimb	0				
1873-06-24	11	8.92	-79.52			a		https://s3.amazonaws.com/NARAprodstorage/lz/dc-metro/rg-024/581208/2020-03/581208-omaha-004/581208-omaha-004-101.JPG	https://s3.amazonaws.com/NARAprodstorage/lz/dc-metro/rg-024/581208/2020-03/581208-omaha-004/581208-omaha-004-101.JPG	 						90	96	13	30.09	83	83	80			orq	nimb	0				
1873-06-24	12	8.92	-79.52			a		https://s3.amazonaws.com/NARAprodstorage/lz/dc-metro/rg-024/581208/2020-03/581208-omaha-004/581208-omaha-004-101.JPG	https://s3.amazonaws.com/NARAprodstorage/lz/dc-metro/rg-024/581208/2020-03/581208-omaha-004/581208-omaha-004-101.JPG	Noon: Off Panama						101	107	8	30.09	82	82	80			orq	nimb	0				
1873-06-24	13	8.92	-79.52			a		https://s3.amazonaws.com/NARAprodstorage/lz/dc-metro/rg-024/581208/2020-03/581208-omaha-004/581208-omaha-004-101.JPG	https://s3.amazonaws.com/NARAprodstorage/lz/dc-metro/rg-024/581208/2020-03/581208-omaha-004/581208-omaha-004-101.JPG	 						315	321	2	30.1	79	79	75			oc	cum nim	0				
1873-06-24	14	8.92	-79.52			a		https://s3.amazonaws.com/NARAprodstorage/lz/dc-metro/rg-024/581208/2020-03/581208-omaha-004/581208-omaha-004-101.JPG	https://s3.amazonaws.com/NARAprodstorage/lz/dc-metro/rg-024/581208/2020-03/581208-omaha-004/581208-omaha-004-101.JPG	 						315	321	2	30.1	79	79	75			oc	cum nim	0				
1873-06-24	15	8.92	-79.52			a		https://s3.amazonaws.com/NARAprodstorage/lz/dc-metro/rg-024/581208/2020-03/581208-omaha-004/581208-omaha-004-101.JPG	https://s3.amazonaws.com/NARAprodstorage/lz/dc-metro/rg-024/581208/2020-03/581208-omaha-004/581208-omaha-004-101.JPG	 						315	321	2	30.1	79	79	75			oc	cum nim	0				
1873-06-24	16	8.92	-79.52			a		https://s3.amazonaws.com/NARAprodstorage/lz/dc-metro/rg-024/581208/2020-03/581208-omaha-004/581208-omaha-004-101.JPG	https://s3.amazonaws.com/NARAprodstorage/lz/dc-metro/rg-024/581208/2020-03/581208-omaha-004/581208-omaha-004-101.JPG	 						315	321	2	30.1	79	79	75			oc	cum nim	0				
1873-06-24	17	8.92	-79.52			a		https://s3.amazonaws.com/NARAprodstorage/lz/dc-metro/rg-024/581208/2020-03/581208-omaha-004/581208-omaha-004-101.JPG	https://s3.amazonaws.com/NARAprodstorage/lz/dc-metro/rg-024/581208/2020-03/581208-omaha-004/581208-omaha-004-101.JPG	 						315	321	5	30.1	78	78	76			oc	cum nim	0				
1873-06-24	18	8.92	-79.52			a		https://s3.amazonaws.com/NARAprodstorage/lz/dc-metro/rg-024/581208/2020-03/581208-omaha-004/581208-omaha-004-101.JPG	https://s3.amazonaws.com/NARAprodstorage/lz/dc-metro/rg-024/581208/2020-03/581208-omaha-004/581208-omaha-004-101.JPG	 						315	321	5	30.1	78	78	76			oc	cum nim	0				
1873-06-24	19	8.92	-79.52			a		https://s3.amazonaws.com/NARAprodstorage/lz/dc-metro/rg-024/581208/2020-03/581208-omaha-004/581208-omaha-004-101.JPG	https://s3.amazonaws.com/NARAprodstorage/lz/dc-metro/rg-024/581208/2020-03/581208-omaha-004/581208-omaha-004-101.JPG	 						315	321	5	30.1	78	78	76			oc	cum nim	0				
1873-06-24	20	8.92	-79.52			a		https://s3.amazonaws.com/NARAprodstorage/lz/dc-metro/rg-024/581208/2020-03/581208-omaha-004/581208-omaha-004-101.JPG	https://s3.amazonaws.com/NARAprodstorage/lz/dc-metro/rg-024/581208/2020-03/581208-omaha-004/581208-omaha-004-101.JPG	 						315	321	5	30.1	78	78	76			oc	cum nim	0				
1873-06-24	21	8.92	-79.52			a		https://s3.amazonaws.com/NARAprodstorage/lz/dc-metro/rg-024/581208/2020-03/581208-omaha-004/581208-omaha-004-101.JPG	https://s3.amazonaws.com/NARAprodstorage/lz/dc-metro/rg-024/581208/2020-03/581208-omaha-004/581208-omaha-004-101.JPG	 						90	96	5	30.15	78	78	76			bc	cum nim	2				
1873-06-24	22	8.92	-79.52			a		https://s3.amazonaws.com/NARAprodstorage/lz/dc-metro/rg-024/581208/2020-03/581208-omaha-004/581208-omaha-004-101.JPG	https://s3.amazonaws.com/NARAprodstorage/lz/dc-metro/rg-024/581208/2020-03/581208-omaha-004/581208-omaha-004-101.JPG	 						90	96	13	30.15	78	78	76			bc	cum nim	2				
1873-06-24	23	8.92	-79.52			a		https://s3.amazonaws.com/NARAprodstorage/lz/dc-metro/rg-024/581208/2020-03/581208-omaha-004/581208-omaha-004-101.JPG	https://s3.amazonaws.com/NARAprodstorage/lz/dc-metro/rg-024/581208/2020-03/581208-omaha-004/581208-omaha-004-101.JPG	 						90	96	13	30.15	78	78	76			bc	cum nim	4				
1873-06-24	24	8.92	-79.52			a		https://s3.amazonaws.com/NARAprodstorage/lz/dc-metro/rg-024/581208/2020-03/581208-omaha-004/581208-omaha-004-101.JPG	https://s3.amazonaws.com/NARAprodstorage/lz/dc-metro/rg-024/581208/2020-03/581208-omaha-004/581208-omaha-004-101.JPG	 						90	96	13	30.2	78	78	76			bc	cum nim	4				
1873-06-25	1	8.92	-79.52			a		https://s3.amazonaws.com/NARAprodstorage/lz/dc-metro/rg-024/581208/2020-03/581208-omaha-004/581208-omaha-004-102.JPG	https://s3.amazonaws.com/NARAprodstorage/lz/dc-metro/rg-024/581208/2020-03/581208-omaha-004/581208-omaha-004-102.JPG	 						315	321	5	30.12	78	77	75			bc	cum nim	5				
1873-06-25	2	8.92	-79.52			a		https://s3.amazonaws.com/NARAprodstorage/lz/dc-metro/rg-024/581208/2020-03/581208-omaha-004/581208-omaha-004-102.JPG	https://s3.amazonaws.com/NARAprodstorage/lz/dc-metro/rg-024/581208/2020-03/581208-omaha-004/581208-omaha-004-102.JPG	 						315	321	5	30.12	78	77	75			bc	cum nim	5				
1873-06-25	3	8.92	-79.52			a		https://s3.amazonaws.com/NARAprodstorage/lz/dc-metro/rg-024/581208/2020-03/581208-omaha-004/581208-omaha-004-102.JPG	https://s3.amazonaws.com/NARAprodstorage/lz/dc-metro/rg-024/581208/2020-03/581208-omaha-004/581208-omaha-004-102.JPG	 						0	0	0	30.12	78	77	75			bc	cum nim	4				
1873-06-25	4	8.92	-79.52			a		https://s3.amazonaws.com/NARAprodstorage/lz/dc-metro/rg-024/581208/2020-03/581208-omaha-004/581208-omaha-004-102.JPG	https://s3.amazonaws.com/NARAprodstorage/lz/dc-metro/rg-024/581208/2020-03/581208-omaha-004/581208-omaha-004-102.JPG	 						0	0	0	30.12	78	77	75			bc	cum nim	5				
1873-06-25	5	8.92	-79.52			a		https://s3.amazonaws.com/NARAprodstorage/lz/dc-metro/rg-024/581208/2020-03/581208-omaha-004/581208-omaha-004-102.JPG	https://s3.amazonaws.com/NARAprodstorage/lz/dc-metro/rg-024/581208/2020-03/581208-omaha-004/581208-omaha-004-102.JPG	 						888	888	2	30.15	79	78	75			bc	cum nim	4				
1873-06-25	6	8.92	-79.52			a		https://s3.amazonaws.com/NARAprodstorage/lz/dc-metro/rg-024/581208/2020-03/581208-omaha-004/581208-omaha-004-102.JPG	https://s3.amazonaws.com/NARAprodstorage/lz/dc-metro/rg-024/581208/2020-03/581208-omaha-004/581208-omaha-004-102.JPG	 						315	321	2	30.15	79	78	75			bc	cum nim	8				
1873-06-25	7	8.92	-79.52			a		https://s3.amazonaws.com/NARAprodstorage/lz/dc-metro/rg-024/581208/2020-03/581208-omaha-004/581208-omaha-004-102.JPG	https://s3.amazonaws.com/NARAprodstorage/lz/dc-metro/rg-024/581208/2020-03/581208-omaha-004/581208-omaha-004-102.JPG	 						315	321	2	30.15	79	78	75			bc	cum	8				
1873-06-25	8	8.92	-79.52			a		https://s3.amazonaws.com/NARAprodstorage/lz/dc-metro/rg-024/581208/2020-03/581208-omaha-004/581208-omaha-004-102.JPG	https://s3.amazonaws.com/NARAprodstorage/lz/dc-metro/rg-024/581208/2020-03/581208-omaha-004/581208-omaha-004-102.JPG	 						315	321	2	30.15	80	79	75			bc	cum	9				
1873-06-25	9	8.92	-79.52			a		https://s3.amazonaws.com/NARAprodstorage/lz/dc-metro/rg-024/581208/2020-03/581208-omaha-004/581208-omaha-004-102.JPG	https://s3.amazonaws.com/NARAprodstorage/lz/dc-metro/rg-024/581208/2020-03/581208-omaha-004/581208-omaha-004-102.JPG	 						0	0	0	30.15	80	79	75			bc	cum	9				
1873-06-25	10	8.92	-79.52			a		https://s3.amazonaws.com/NARAprodstorage/lz/dc-metro/rg-024/581208/2020-03/581208-omaha-004/581208-omaha-004-102.JPG	https://s3.amazonaws.com/NARAprodstorage/lz/dc-metro/rg-024/581208/2020-03/581208-omaha-004/581208-omaha-004-102.JPG	1030: Got Underway						0	0	0	30.15	80	82	75			bc	cum	9				
1873-06-25	11	8.85	-79.53	168.75		3		https://s3.amazonaws.com/NARAprodstorage/lz/dc-metro/rg-024/581208/2020-03/581208-omaha-004/581208-omaha-004-102.JPG	https://s3.amazonaws.com/NARAprodstorage/lz/dc-metro/rg-024/581208/2020-03/581208-omaha-004/581208-omaha-004-102.JPG	1120: Farallon Id brg W dist 1 mi.					sxe	180	186	1	30.19	81	83	77			bc	cir cum	8				
1873-06-25	12	8.74	-79.53	173		6		https://s3.amazonaws.com/NARAprodstorage/lz/dc-metro/rg-024/581208/2020-03/581208-omaha-004/581208-omaha-004-102.JPG	https://s3.amazonaws.com/NARAprodstorage/lz/dc-metro/rg-024/581208/2020-03/581208-omaha-004/581208-omaha-004-102.JPG	Noon: Departed Panama for Guyaquil					sxe|s1/2e	888	888	1		81	79	77			bc	cir cum					
1873-06-25	13	8.63	-79.54	174.38		5.6		https://s3.amazonaws.com/NARAprodstorage/lz/dc-metro/rg-024/581208/2020-03/581208-omaha-004/581208-omaha-004-102.JPG	https://s3.amazonaws.com/NARAprodstorage/lz/dc-metro/rg-024/581208/2020-03/581208-omaha-004/581208-omaha-004-102.JPG	 					s1/2e	888	888	1	30.2	85	83	78	84		bc	cir cum	8				
1873-06-25	14	8.51	-79.56	174.38		6		https://s3.amazonaws.com/NARAprodstorage/lz/dc-metro/rg-024/581208/2020-03/581208-omaha-004/581208-omaha-004-102.JPG	https://s3.amazonaws.com/NARAprodstorage/lz/dc-metro/rg-024/581208/2020-03/581208-omaha-004/581208-omaha-004-102.JPG	 					s1/2e	888	888	1	30.15	85	83	78	84		bc	cir cum	8				
1873-06-25	15	8.4	-79.57	174.38		5.6		https://s3.amazonaws.com/NARAprodstorage/lz/dc-metro/rg-024/581208/2020-03/581208-omaha-004/581208-omaha-004-102.JPG	https://s3.amazonaws.com/NARAprodstorage/lz/dc-metro/rg-024/581208/2020-03/581208-omaha-004/581208-omaha-004-102.JPG	 					s1/2e	888	888	1	30.11	86	84	78	84		bc	cir str	8				
1873-06-25	16	8.3	-79.58	174.38		5.4		https://s3.amazonaws.com/NARAprodstorage/lz/dc-metro/rg-024/581208/2020-03/581208-omaha-004/581208-omaha-004-102.JPG	https://s3.amazonaws.com/NARAprodstorage/lz/dc-metro/rg-024/581208/2020-03/581208-omaha-004/581208-omaha-004-102.JPG	 					s1/2e	135	141	1	30.12	86	85	78	84		bc	cir cum	6				
1873-06-25	17	8.2	-79.59	174.38		5		https://s3.amazonaws.com/NARAprodstorage/lz/dc-metro/rg-024/581208/2020-03/581208-omaha-004/581208-omaha-004-102.JPG	https://s3.amazonaws.com/NARAprodstorage/lz/dc-metro/rg-024/581208/2020-03/581208-omaha-004/581208-omaha-004-102.JPG	 					s1/2e	135	141	2	30.08	84	84	78	84		bc	sir str	7				
1873-06-25	18	8.09	-79.6	174.38		5.2		https://s3.amazonaws.com/NARAprodstorage/lz/dc-metro/rg-024/581208/2020-03/581208-omaha-004/581208-omaha-004-102.JPG	https://s3.amazonaws.com/NARAprodstorage/lz/dc-metro/rg-024/581208/2020-03/581208-omaha-004/581208-omaha-004-102.JPG	 					s1/2e	135	141	5	30.09	83	83	78	84		bc	sir str	7				
1873-06-25	19	7.99	-79.61	174.38		5		https://s3.amazonaws.com/NARAprodstorage/lz/dc-metro/rg-024/581208/2020-03/581208-omaha-004/581208-omaha-004-102.JPG	https://s3.amazonaws.com/NARAprodstorage/lz/dc-metro/rg-024/581208/2020-03/581208-omaha-004/581208-omaha-004-102.JPG	 					s1/2e	169	175	5	30.1	81	83	77	84		bc	cir cum nim	6				
1873-06-25	20	7.88	-79.62	174.38		5.6		https://s3.amazonaws.com/NARAprodstorage/lz/dc-metro/rg-024/581208/2020-03/581208-omaha-004/581208-omaha-004-102.JPG	https://s3.amazonaws.com/NARAprodstorage/lz/dc-metro/rg-024/581208/2020-03/581208-omaha-004/581208-omaha-004-102.JPG	 					s1/2e	169	175	5	30.13	81	83	78	83		bc	cir cum nim	6				
1873-06-25	21	7.78	-79.63	174.38		5.4		https://s3.amazonaws.com/NARAprodstorage/lz/dc-metro/rg-024/581208/2020-03/581208-omaha-004/581208-omaha-004-102.JPG	https://s3.amazonaws.com/NARAprodstorage/lz/dc-metro/rg-024/581208/2020-03/581208-omaha-004/581208-omaha-004-102.JPG	 					s1/2e	202	208	5	30.13	80	82	78	83		oc	cum nim	1				
1873-06-25	22	7.68	-79.64	174.38		5.2		https://s3.amazonaws.com/NARAprodstorage/lz/dc-metro/rg-024/581208/2020-03/581208-omaha-004/581208-omaha-004-102.JPG	https://s3.amazonaws.com/NARAprodstorage/lz/dc-metro/rg-024/581208/2020-03/581208-omaha-004/581208-omaha-004-102.JPG	 					s1/2e	202	208	5	30.13	80	82	78	82		bcl	nimb	7				
1873-06-25	23	7.57	-79.65	174.38		5.4		https://s3.amazonaws.com/NARAprodstorage/lz/dc-metro/rg-024/581208/2020-03/581208-omaha-004/581208-omaha-004-102.JPG	https://s3.amazonaws.com/NARAprodstorage/lz/dc-metro/rg-024/581208/2020-03/581208-omaha-004/581208-omaha-004-102.JPG	 					s1/2e	202	208	5	30.14	80	82	78	82		bcl	nimb	4				
1873-06-25	24	7.46	-79.66	174.38		5.6		https://s3.amazonaws.com/NARAprodstorage/lz/dc-metro/rg-024/581208/2020-03/581208-omaha-004/581208-omaha-004-102.JPG	https://s3.amazonaws.com/NARAprodstorage/lz/dc-metro/rg-024/581208/2020-03/581208-omaha-004/581208-omaha-004-102.JPG	 					s1/2e	202	208	5	30.14	80	82	78	82		bcl	nimb	4				
1873-06-26	1	7.34	-79.67	174.38		6		https://s3.amazonaws.com/NARAprodstorage/lz/dc-metro/rg-024/581208/2020-03/581208-omaha-004/581208-omaha-004-103.JPG	https://s3.amazonaws.com/NARAprodstorage/lz/dc-metro/rg-024/581208/2020-03/581208-omaha-004/581208-omaha-004-104.JPG	 					s1/2e	208	214	8	30.12	83	82	78	83		bc	nim cum	1				
1873-06-26	2	7.23	-79.68	174.38		5.6		https://s3.amazonaws.com/NARAprodstorage/lz/dc-metro/rg-024/581208/2020-03/581208-omaha-004/581208-omaha-004-103.JPG	https://s3.amazonaws.com/NARAprodstorage/lz/dc-metro/rg-024/581208/2020-03/581208-omaha-004/581208-omaha-004-103.JPG	 					s1/2e	208	214	8	30.12	83	82	78	82		bc	nim cum	5				
1873-06-26	3	7.12	-79.69	174.38		5.6		https://s3.amazonaws.com/NARAprodstorage/lz/dc-metro/rg-024/581208/2020-03/581208-omaha-004/581208-omaha-004-103.JPG	https://s3.amazonaws.com/NARAprodstorage/lz/dc-metro/rg-024/581208/2020-03/581208-omaha-004/581208-omaha-004-103.JPG	 					s1/2e	191	197	8	30.11	80	81	78	82		ocd	nim	0				
1873-06-26	4	7.01	-79.7	174.38		5.6		https://s3.amazonaws.com/NARAprodstorage/lz/dc-metro/rg-024/581208/2020-03/581208-omaha-004/581208-omaha-004-103.JPG	https://s3.amazonaws.com/NARAprodstorage/lz/dc-metro/rg-024/581208/2020-03/581208-omaha-004/581208-omaha-004-103.JPG	0400: cc Sxw.					s1/2e	155	161	5	30.1	80	81	78	82		bc	nim cum	4				
1873-06-26	5	6.91	-79.74	191.25		5.4		https://s3.amazonaws.com/NARAprodstorage/lz/dc-metro/rg-024/581208/2020-03/581208-omaha-004/581208-omaha-004-103.JPG	https://s3.amazonaws.com/NARAprodstorage/lz/dc-metro/rg-024/581208/2020-03/581208-omaha-004/581208-omaha-004-103.JPG	 					sxw	225	231	5	30.1	80	81	78	82		bcr	nim cum	4				
1873-06-26	6	6.81	-79.78	191.25		5.2		https://s3.amazonaws.com/NARAprodstorage/lz/dc-metro/rg-024/581208/2020-03/581208-omaha-004/581208-omaha-004-103.JPG	https://s3.amazonaws.com/NARAprodstorage/lz/dc-metro/rg-024/581208/2020-03/581208-omaha-004/581208-omaha-004-103.JPG	 					sxw	225	231	5	30.1	80	81	78	82		bc	nim cum	5				
1873-06-26	7	6.71	-79.81	191.25		5.4		https://s3.amazonaws.com/NARAprodstorage/lz/dc-metro/rg-024/581208/2020-03/581208-omaha-004/581208-omaha-004-103.JPG	https://s3.amazonaws.com/NARAprodstorage/lz/dc-metro/rg-024/581208/2020-03/581208-omaha-004/581208-omaha-004-103.JPG	 					sxw	225	231	5	30.12	81	81	77	82		oc	nim cum	5				
1873-06-26	8	6.6	-79.85	191.25		6		https://s3.amazonaws.com/NARAprodstorage/lz/dc-metro/rg-024/581208/2020-03/581208-omaha-004/581208-omaha-004-103.JPG	https://s3.amazonaws.com/NARAprodstorage/lz/dc-metro/rg-024/581208/2020-03/581208-omaha-004/581208-omaha-004-103.JPG	 					sxw	225	231	5	30.12	80	81	77	82		oc	nim cum	2				
1873-06-26	9	6.5	-79.89	191.25		5.4		https://s3.amazonaws.com/NARAprodstorage/lz/dc-metro/rg-024/581208/2020-03/581208-omaha-004/581208-omaha-004-103.JPG	https://s3.amazonaws.com/NARAprodstorage/lz/dc-metro/rg-024/581208/2020-03/581208-omaha-004/581208-omaha-004-103.JPG	 					sxw	225	231	5	30.12	81	81	77	82		oc	nim cum	2				
1873-06-26	10	6.39	-79.93	191.25		5.4		https://s3.amazonaws.com/NARAprodstorage/lz/dc-metro/rg-024/581208/2020-03/581208-omaha-004/581208-omaha-004-103.JPG	https://s3.amazonaws.com/NARAprodstorage/lz/dc-metro/rg-024/581208/2020-03/581208-omaha-004/581208-omaha-004-103.JPG	 					sxw	225	231	5	30.14	81	82	78	82		bc	nim cum	5				
1873-06-26	11	6.3	-79.96	191.25		5.2		https://s3.amazonaws.com/NARAprodstorage/lz/dc-metro/rg-024/581208/2020-03/581208-omaha-004/581208-omaha-004-103.JPG	https://s3.amazonaws.com/NARAprodstorage/lz/dc-metro/rg-024/581208/2020-03/581208-omaha-004/581208-omaha-004-103.JPG	 					sxw	236	242	5	30.14	81	82	78	82		bc	nim cum	5				
1873-06-26	12	6.18	-80	191.25		6		https://s3.amazonaws.com/NARAprodstorage/lz/dc-metro/rg-024/581208/2020-03/581208-omaha-004/581208-omaha-004-103.JPG	https://s3.amazonaws.com/NARAprodstorage/lz/dc-metro/rg-024/581208/2020-03/581208-omaha-004/581208-omaha-004-103.JPG	Noon: En route to Guayaquil			6 11N	80W	sxw	225	231	5	30.13	83	84	78	82		bc	cum nim cir cum	4				
1873-06-26	13	6.11	-80.03	202.5		4.6		https://s3.amazonaws.com/NARAprodstorage/lz/dc-metro/rg-024/581208/2020-03/581208-omaha-004/581208-omaha-004-103.JPG	https://s3.amazonaws.com/NARAprodstorage/lz/dc-metro/rg-024/581208/2020-03/581208-omaha-004/581208-omaha-004-103.JPG	 					ssw	270	276	8	30.12	82	83	78	83		bc	cum nim	2				
1873-06-26	14	6.04	-80.06	202.5		5		https://s3.amazonaws.com/NARAprodstorage/lz/dc-metro/rg-024/581208/2020-03/581208-omaha-004/581208-omaha-004-103.JPG	https://s3.amazonaws.com/NARAprodstorage/lz/dc-metro/rg-024/581208/2020-03/581208-omaha-004/581208-omaha-004-103.JPG	 					ssw	270	276	8	30.11	82	83	78	83		bc	cum nim	3				
1873-06-26	15	5.96	-80.1	202.5		5.4		https://s3.amazonaws.com/NARAprodstorage/lz/dc-metro/rg-024/581208/2020-03/581208-omaha-004/581208-omaha-004-103.JPG	https://s3.amazonaws.com/NARAprodstorage/lz/dc-metro/rg-024/581208/2020-03/581208-omaha-004/581208-omaha-004-103.JPG	 					ssw	270	276	8	30.1	82	82	78	83		bc	cum nim	5				
1873-06-26	16	5.87	-80.13	202.5		5.4		https://s3.amazonaws.com/NARAprodstorage/lz/dc-metro/rg-024/581208/2020-03/581208-omaha-004/581208-omaha-004-103.JPG	https://s3.amazonaws.com/NARAprodstorage/lz/dc-metro/rg-024/581208/2020-03/581208-omaha-004/581208-omaha-004-103.JPG	 					ssw	270	276	8	30.1	82	82	78	83		bc	cum nim	5				
1873-06-26	17	5.8	-80.17	202.5		5		https://s3.amazonaws.com/NARAprodstorage/lz/dc-metro/rg-024/581208/2020-03/581208-omaha-004/581208-omaha-004-103.JPG	https://s3.amazonaws.com/NARAprodstorage/lz/dc-metro/rg-024/581208/2020-03/581208-omaha-004/581208-omaha-004-103.JPG	 					ssw	270	276	5	30.1	83	82	78	82		bcqr	cum nim	4				
1873-06-26	18	5.72	-80.2	202.5		5		https://s3.amazonaws.com/NARAprodstorage/lz/dc-metro/rg-024/581208/2020-03/581208-omaha-004/581208-omaha-004-103.JPG	https://s3.amazonaws.com/NARAprodstorage/lz/dc-metro/rg-024/581208/2020-03/581208-omaha-004/581208-omaha-004-103.JPG	 					ssw	270	276	5	30.1	83	82	78	82		bc	cir cum nim	4				
1873-06-26	19	5.64	-80.23	202.5		5.2		https://s3.amazonaws.com/NARAprodstorage/lz/dc-metro/rg-024/581208/2020-03/581208-omaha-004/581208-omaha-004-103.JPG	https://s3.amazonaws.com/NARAprodstorage/lz/dc-metro/rg-024/581208/2020-03/581208-omaha-004/581208-omaha-004-103.JPG	 					ssw	270	276	6	30.12	83	81	78	82		bc	cum nim	6				
1873-06-26	20	5.57	-80.27	202.5		5		https://s3.amazonaws.com/NARAprodstorage/lz/dc-metro/rg-024/581208/2020-03/581208-omaha-004/581208-omaha-004-103.JPG	https://s3.amazonaws.com/NARAprodstorage/lz/dc-metro/rg-024/581208/2020-03/581208-omaha-004/581208-omaha-004-103.JPG	 					ssw	248	254	5	30.12	83	81	78	82		bcl	cum nim	6				
1873-06-26	21	5.5	-80.3	202.5		4.6		https://s3.amazonaws.com/NARAprodstorage/lz/dc-metro/rg-024/581208/2020-03/581208-omaha-004/581208-omaha-004-103.JPG	https://s3.amazonaws.com/NARAprodstorage/lz/dc-metro/rg-024/581208/2020-03/581208-omaha-004/581208-omaha-004-103.JPG	 					ssw	248	254	5	30.12	83	81	78	82		bcl	cum nim	5				
1873-06-26	22	5.42	-80.33	202.5		5		https://s3.amazonaws.com/NARAprodstorage/lz/dc-metro/rg-024/581208/2020-03/581208-omaha-004/581208-omaha-004-103.JPG	https://s3.amazonaws.com/NARAprodstorage/lz/dc-metro/rg-024/581208/2020-03/581208-omaha-004/581208-omaha-004-103.JPG	 					ssw	225	231	5	30.12	82	81	78	82		bcl	cum nim	8				
1873-06-26	23	5.35	-80.36	202.5		4.6		https://s3.amazonaws.com/NARAprodstorage/lz/dc-metro/rg-024/581208/2020-03/581208-omaha-004/581208-omaha-004-103.JPG	https://s3.amazonaws.com/NARAprodstorage/lz/dc-metro/rg-024/581208/2020-03/581208-omaha-004/581208-omaha-004-103.JPG	 					ssw	225	231	8	30.12	82	81	78	80		ocr	nimb	2				
1873-06-26	24	5.28	-80.39	202.5		4.6		https://s3.amazonaws.com/NARAprodstorage/lz/dc-metro/rg-024/581208/2020-03/581208-omaha-004/581208-omaha-004-103.JPG	https://s3.amazonaws.com/NARAprodstorage/lz/dc-metro/rg-024/581208/2020-03/581208-omaha-004/581208-omaha-004-103.JPG	 					ssw	225	231	5	30.12	82	80	77	80		bc	cum nim	6				
1873-06-27	1	5.21	-80.41	202.5		4.4		https://s3.amazonaws.com/NARAprodstorage/lz/dc-metro/rg-024/581208/2020-03/581208-omaha-004/581208-omaha-004-105.JPG	https://s3.amazonaws.com/NARAprodstorage/lz/dc-metro/rg-024/581208/2020-03/581208-omaha-004/581208-omaha-004-105.JPG	 					ssw	259	265	8	30.12	81	80	77	79		bcq	nim cum	3				
1873-06-27	2	5.15	-80.44	202.5		4		https://s3.amazonaws.com/NARAprodstorage/lz/dc-metro/rg-024/581208/2020-03/581208-omaha-004/581208-omaha-004-105.JPG	https://s3.amazonaws.com/NARAprodstorage/lz/dc-metro/rg-024/581208/2020-03/581208-omaha-004/581208-omaha-004-105.JPG	 					ssw	259	265	8	30.12	80	79	77	79		bc	nim cum	8				
1873-06-27	3	5.09	-80.47	202.5		4.2		https://s3.amazonaws.com/NARAprodstorage/lz/dc-metro/rg-024/581208/2020-03/581208-omaha-004/581208-omaha-004-105.JPG	https://s3.amazonaws.com/NARAprodstorage/lz/dc-metro/rg-024/581208/2020-03/581208-omaha-004/581208-omaha-004-105.JPG	 					ssw	259	265	8	30.1	79	78	76	79		bc	nim cum	7				
1873-06-27	4	5.02	-80.49	202.5		4.2		https://s3.amazonaws.com/NARAprodstorage/lz/dc-metro/rg-024/581208/2020-03/581208-omaha-004/581208-omaha-004-105.JPG	https://s3.amazonaws.com/NARAprodstorage/lz/dc-metro/rg-024/581208/2020-03/581208-omaha-004/581208-omaha-004-105.JPG	 					ssw	259	265	8	30.1	79	78	76	79		bc	nim cum	6				
1873-06-27	5	4.96	-80.52	202.5		4.4		https://s3.amazonaws.com/NARAprodstorage/lz/dc-metro/rg-024/581208/2020-03/581208-omaha-004/581208-omaha-004-105.JPG	https://s3.amazonaws.com/NARAprodstorage/lz/dc-metro/rg-024/581208/2020-03/581208-omaha-004/581208-omaha-004-105.JPG	 					ssw	259	265	5	30.1	79	78	76	79		bc	nim cum	6				
1873-06-27	6	4.89	-80.54	202.5		4		https://s3.amazonaws.com/NARAprodstorage/lz/dc-metro/rg-024/581208/2020-03/581208-omaha-004/581208-omaha-004-105.JPG	https://s3.amazonaws.com/NARAprodstorage/lz/dc-metro/rg-024/581208/2020-03/581208-omaha-004/581208-omaha-004-105.JPG	 					ssw	202	208	8	30.13	80	80	77	80		bcr	nim cum	4				
1873-06-27	7	4.83	-80.57	202.5		4.4		https://s3.amazonaws.com/NARAprodstorage/lz/dc-metro/rg-024/581208/2020-03/581208-omaha-004/581208-omaha-004-105.JPG	https://s3.amazonaws.com/NARAprodstorage/lz/dc-metro/rg-024/581208/2020-03/581208-omaha-004/581208-omaha-004-105.JPG	 					ssw	202	208	13	30.13	80	80	77	80		bc	nim cum	4				
1873-06-27	8	4.76	-80.6	202.5		4.4		https://s3.amazonaws.com/NARAprodstorage/lz/dc-metro/rg-024/581208/2020-03/581208-omaha-004/581208-omaha-004-105.JPG	https://s3.amazonaws.com/NARAprodstorage/lz/dc-metro/rg-024/581208/2020-03/581208-omaha-004/581208-omaha-004-105.JPG	 					ssw	202	208	8	30.13	80	80	77	80		bc	nim cum	4				
1873-06-27	9	4.7	-80.55	135		4.4		https://s3.amazonaws.com/NARAprodstorage/lz/dc-metro/rg-024/581208/2020-03/581208-omaha-004/581208-omaha-004-105.JPG	https://s3.amazonaws.com/NARAprodstorage/lz/dc-metro/rg-024/581208/2020-03/581208-omaha-004/581208-omaha-004-105.JPG	 					se	214	220	5	30.17	80	80	77	80		oc	nim cum	0				
1873-06-27	10	4.64	-80.49	135		4.2		https://s3.amazonaws.com/NARAprodstorage/lz/dc-metro/rg-024/581208/2020-03/581208-omaha-004/581208-omaha-004-105.JPG	https://s3.amazonaws.com/NARAprodstorage/lz/dc-metro/rg-024/581208/2020-03/581208-omaha-004/581208-omaha-004-105.JPG	 					se	214	220	8	30.17	80	80	77	80		bc	nim cum	4				
1873-06-27	11	4.58	-80.45	140.62		4.4		https://s3.amazonaws.com/NARAprodstorage/lz/dc-metro/rg-024/581208/2020-03/581208-omaha-004/581208-omaha-004-105.JPG	https://s3.amazonaws.com/NARAprodstorage/lz/dc-metro/rg-024/581208/2020-03/581208-omaha-004/581208-omaha-004-105.JPG	 					se1/2s	214	220	8	30.19	81	81	77	81		bc	nim cum	1				
1873-06-27	12	4.52	-80.4	140.62		4.2		https://s3.amazonaws.com/NARAprodstorage/lz/dc-metro/rg-024/581208/2020-03/581208-omaha-004/581208-omaha-004-105.JPG	https://s3.amazonaws.com/NARAprodstorage/lz/dc-metro/rg-024/581208/2020-03/581208-omaha-004/581208-omaha-004-105.JPG	 			4 31N	80 24W	se1/2s	214	220	8	30.17	81	81	77	81		bc	nim cum	1				
1873-06-27	13	4.47	-80.35	135		4		https://s3.amazonaws.com/NARAprodstorage/lz/dc-metro/rg-024/581208/2020-03/581208-omaha-004/581208-omaha-004-105.JPG	https://s3.amazonaws.com/NARAprodstorage/lz/dc-metro/rg-024/581208/2020-03/581208-omaha-004/581208-omaha-004-105.JPG	 					se	214	220	5	30.12	82	81	77	81		ocr	nim	2				
1873-06-27	14	4.42	-80.31	143.44		4		https://s3.amazonaws.com/NARAprodstorage/lz/dc-metro/rg-024/581208/2020-03/581208-omaha-004/581208-omaha-004-105.JPG	https://s3.amazonaws.com/NARAprodstorage/lz/dc-metro/rg-024/581208/2020-03/581208-omaha-004/581208-omaha-004-105.JPG	 					se3/4s	208	214	5	30.12	82	81	78	81		ocr	cum nim	1				
1873-06-27	15	4.37	-80.25	132.19		4.4		https://s3.amazonaws.com/NARAprodstorage/lz/dc-metro/rg-024/581208/2020-03/581208-omaha-004/581208-omaha-004-105.JPG	https://s3.amazonaws.com/NARAprodstorage/lz/dc-metro/rg-024/581208/2020-03/581208-omaha-004/581208-omaha-004-105.JPG	 					se1/4e	214	220	5	30.13	82	81	78	81		ocr	nim	1				
1873-06-27	16	4.3	-80.18	135		6		https://s3.amazonaws.com/NARAprodstorage/lz/dc-metro/rg-024/581208/2020-03/581208-omaha-004/581208-omaha-004-105.JPG	https://s3.amazonaws.com/NARAprodstorage/lz/dc-metro/rg-024/581208/2020-03/581208-omaha-004/581208-omaha-004-105.JPG	 					se	214	220	8	30.07	82	81	78	81		ocr	cum nim	6				
1873-06-27	17	4.21	-80.11	140.62		6.4		https://s3.amazonaws.com/NARAprodstorage/lz/dc-metro/rg-024/581208/2020-03/581208-omaha-004/581208-omaha-004-105.JPG	https://s3.amazonaws.com/NARAprodstorage/lz/dc-metro/rg-024/581208/2020-03/581208-omaha-004/581208-omaha-004-105.JPG	 					se1/2s	214	220	8	30.08	81	80	77	81		bc	cum nim	1				
1873-06-27	18	4.14	-80.06	146.25		5.2		https://s3.amazonaws.com/NARAprodstorage/lz/dc-metro/rg-024/581208/2020-03/581208-omaha-004/581208-omaha-004-105.JPG	https://s3.amazonaws.com/NARAprodstorage/lz/dc-metro/rg-024/581208/2020-03/581208-omaha-004/581208-omaha-004-105.JPG	 					sexs	214	220	8	30.08	80	79	77	81		bc	cum nim	1				
1873-06-27	19	4.08	-80	137.81		5		https://s3.amazonaws.com/NARAprodstorage/lz/dc-metro/rg-024/581208/2020-03/581208-omaha-004/581208-omaha-004-105.JPG	https://s3.amazonaws.com/NARAprodstorage/lz/dc-metro/rg-024/581208/2020-03/581208-omaha-004/581208-omaha-004-105.JPG	 					se1/4s	214	220	8	30.1	79	79	76	81		bc	cum nim	2				
1873-06-27	20	4.02	-79.95	137.81		5		https://s3.amazonaws.com/NARAprodstorage/lz/dc-metro/rg-024/581208/2020-03/581208-omaha-004/581208-omaha-004-105.JPG	https://s3.amazonaws.com/NARAprodstorage/lz/dc-metro/rg-024/581208/2020-03/581208-omaha-004/581208-omaha-004-105.JPG	 					se1/4s	225	231	5	30.1	79	79	76	81		bc	cum nim	2				
1873-06-27	21	4.06	-80	295.31		4.2		https://s3.amazonaws.com/NARAprodstorage/lz/dc-metro/rg-024/581208/2020-03/581208-omaha-004/581208-omaha-004-105.JPG	https://s3.amazonaws.com/NARAprodstorage/lz/dc-metro/rg-024/581208/2020-03/581208-omaha-004/581208-omaha-004-105.JPG	 					nwxw3/4w	225	231	5	30.14	79	79	76	81		bcqr	cum nim	4				
1873-06-27	22	4.1	-80.05	295.31		4.2		https://s3.amazonaws.com/NARAprodstorage/lz/dc-metro/rg-024/581208/2020-03/581208-omaha-004/581208-omaha-004-105.JPG	https://s3.amazonaws.com/NARAprodstorage/lz/dc-metro/rg-024/581208/2020-03/581208-omaha-004/581208-omaha-004-105.JPG	 					nwxw3/4w	225	231	5	30.17	80	80	79	81		bc	cum nim	2				
1873-06-27	23	4.13	-80.11	286.88		4.6		https://s3.amazonaws.com/NARAprodstorage/lz/dc-metro/rg-024/581208/2020-03/581208-omaha-004/581208-omaha-004-105.JPG	https://s3.amazonaws.com/NARAprodstorage/lz/dc-metro/rg-024/581208/2020-03/581208-omaha-004/581208-omaha-004-105.JPG	 					wxn1/2n	214	220	8	30.17	80	80	79	81		bc	cum nim	3				
1873-06-27	24	4.17	-80.17	286.88		4.4		https://s3.amazonaws.com/NARAprodstorage/lz/dc-metro/rg-024/581208/2020-03/581208-omaha-004/581208-omaha-004-105.JPG	https://s3.amazonaws.com/NARAprodstorage/lz/dc-metro/rg-024/581208/2020-03/581208-omaha-004/581208-omaha-004-105.JPG	 					wxn1/2n	214	220	8	30.17	80	80	79	81		bcrl	cum nim	6				
1873-06-28	1	4.19	-80.23	281.25		4.4		https://s3.amazonaws.com/NARAprodstorage/lz/dc-metro/rg-024/581208/2020-03/581208-omaha-004/581208-omaha-004-106.JPG	https://s3.amazonaws.com/NARAprodstorage/lz/dc-metro/rg-024/581208/2020-03/581208-omaha-004/581208-omaha-004-107.JPG	 					wxn	202	208	5	30.18	81	81	78	81		bc	cum nim	8				
1873-06-28	2	4.24	-80.3	292.5		5.2		https://s3.amazonaws.com/NARAprodstorage/lz/dc-metro/rg-024/581208/2020-03/581208-omaha-004/581208-omaha-004-106.JPG	https://s3.amazonaws.com/NARAprodstorage/lz/dc-metro/rg-024/581208/2020-03/581208-omaha-004/581208-omaha-004-106.JPG	 					wnw	214	220	8	30.16	80	81	78	81		ocqr	nim	3				
1873-06-28	3	4.31	-80.32	326.25		4.4		https://s3.amazonaws.com/NARAprodstorage/lz/dc-metro/rg-024/581208/2020-03/581208-omaha-004/581208-omaha-004-106.JPG	https://s3.amazonaws.com/NARAprodstorage/lz/dc-metro/rg-024/581208/2020-03/581208-omaha-004/581208-omaha-004-106.JPG	 					nwxn	225	231	8	30.14	80	81	78	81		bc	cum nim	6				
1873-06-28	4	4.35	-80.38	292.5		4.4		https://s3.amazonaws.com/NARAprodstorage/lz/dc-metro/rg-024/581208/2020-03/581208-omaha-004/581208-omaha-004-106.JPG	https://s3.amazonaws.com/NARAprodstorage/lz/dc-metro/rg-024/581208/2020-03/581208-omaha-004/581208-omaha-004-106.JPG	 					wnw	214	220	5	30.14	80	81	78	81		bc	cum nim	6				
1873-06-28	5	4.42	-80.43	309.38		5.4		https://s3.amazonaws.com/NARAprodstorage/lz/dc-metro/rg-024/581208/2020-03/581208-omaha-004/581208-omaha-004-106.JPG	https://s3.amazonaws.com/NARAprodstorage/lz/dc-metro/rg-024/581208/2020-03/581208-omaha-004/581208-omaha-004-106.JPG	 					nw1/2w	248	254	8	30.14	80	81	78	81		oc	cum nim	0				
1873-06-28	6	4.48	-80.48	309.38		5		https://s3.amazonaws.com/NARAprodstorage/lz/dc-metro/rg-024/581208/2020-03/581208-omaha-004/581208-omaha-004-106.JPG	https://s3.amazonaws.com/NARAprodstorage/lz/dc-metro/rg-024/581208/2020-03/581208-omaha-004/581208-omaha-004-106.JPG	 					nw1/2w	236	242	8	30.11	79	80	77	80		oc	cum nim	0				
1873-06-28	7	4.54	-80.54	303.75		5		https://s3.amazonaws.com/NARAprodstorage/lz/dc-metro/rg-024/581208/2020-03/581208-omaha-004/581208-omaha-004-106.JPG	https://s3.amazonaws.com/NARAprodstorage/lz/dc-metro/rg-024/581208/2020-03/581208-omaha-004/581208-omaha-004-106.JPG	 					nwxw	236	242	5	30.12	79	79	77	80		bc	cum nim	3				
1873-06-28	8	4.5	-80.48	129.38		4		https://s3.amazonaws.com/NARAprodstorage/lz/dc-metro/rg-024/581208/2020-03/581208-omaha-004/581208-omaha-004-106.JPG	https://s3.amazonaws.com/NARAprodstorage/lz/dc-metro/rg-024/581208/2020-03/581208-omaha-004/581208-omaha-004-106.JPG	 					se1/2e	236	242	8	30.12	80	79	77	80		bc	cum nim	3				
1873-06-28	9	4.43	-80.43	143.44		5		https://s3.amazonaws.com/NARAprodstorage/lz/dc-metro/rg-024/581208/2020-03/581208-omaha-004/581208-omaha-004-106.JPG	https://s3.amazonaws.com/NARAprodstorage/lz/dc-metro/rg-024/581208/2020-03/581208-omaha-004/581208-omaha-004-106.JPG	 					se3/4s	214	220	8	30.18	79	77	76	80		ocqr	cum nim	2				
1873-06-28	10	4.38	-80.38	137.81		4.4		https://s3.amazonaws.com/NARAprodstorage/lz/dc-metro/rg-024/581208/2020-03/581208-omaha-004/581208-omaha-004-106.JPG	https://s3.amazonaws.com/NARAprodstorage/lz/dc-metro/rg-024/581208/2020-03/581208-omaha-004/581208-omaha-004-106.JPG	 					se1/4s	214	220	5	30.2	79	78	76	81		ocqr	cum nim	0				
1873-06-28	11	4.35	-80.34	135		3		https://s3.amazonaws.com/NARAprodstorage/lz/dc-metro/rg-024/581208/2020-03/581208-omaha-004/581208-omaha-004-106.JPG	https://s3.amazonaws.com/NARAprodstorage/lz/dc-metro/rg-024/581208/2020-03/581208-omaha-004/581208-omaha-004-106.JPG	 					se	202	208	2	30.2	79	78	76	81		ocqr	cum nim	0				
1873-06-28	12	4.3	-80.32	157.5		3.2		https://s3.amazonaws.com/NARAprodstorage/lz/dc-metro/rg-024/581208/2020-03/581208-omaha-004/581208-omaha-004-106.JPG	https://s3.amazonaws.com/NARAprodstorage/lz/dc-metro/rg-024/581208/2020-03/581208-omaha-004/581208-omaha-004-106.JPG				4 18N	80 19W	sse	225	231	2	30.19	79	78	76	81		ocqr	cum nim	0				
1873-06-28	13	4.23	-80.25	126.56		6		https://s3.amazonaws.com/NARAprodstorage/lz/dc-metro/rg-024/581208/2020-03/581208-omaha-004/581208-omaha-004-106.JPG	https://s3.amazonaws.com/NARAprodstorage/lz/dc-metro/rg-024/581208/2020-03/581208-omaha-004/581208-omaha-004-106.JPG	 					se3/4e	202	208	13	30.15	79	78	76	81		ocr	nim	0				
1873-06-28	14	4.11	-80.27	180		7.4		https://s3.amazonaws.com/NARAprodstorage/lz/dc-metro/rg-024/581208/2020-03/581208-omaha-004/581208-omaha-004-106.JPG	https://s3.amazonaws.com/NARAprodstorage/lz/dc-metro/rg-024/581208/2020-03/581208-omaha-004/581208-omaha-004-106.JPG	 					s	259	265	16	30.11	79	77	76	80		ocqr	cum nim	0				
1873-06-28	15	4	-80.27	168.75		6.6		https://s3.amazonaws.com/NARAprodstorage/lz/dc-metro/rg-024/581208/2020-03/581208-omaha-004/581208-omaha-004-106.JPG	https://s3.amazonaws.com/NARAprodstorage/lz/dc-metro/rg-024/581208/2020-03/581208-omaha-004/581208-omaha-004-106.JPG	 					sxe	248	254	10	30.09	79	77	76	80		ocq	cum nim	0				
1873-06-28	16	3.9	-80.25	157.5		6		https://s3.amazonaws.com/NARAprodstorage/lz/dc-metro/rg-024/581208/2020-03/581208-omaha-004/581208-omaha-004-106.JPG	https://s3.amazonaws.com/NARAprodstorage/lz/dc-metro/rg-024/581208/2020-03/581208-omaha-004/581208-omaha-004-106.JPG	 					sse	236	242	10	30.07	79	77	76	80		bc	cum nim	1				
1873-06-28	17	3.81	-80.22	151.88		5.4		https://s3.amazonaws.com/NARAprodstorage/lz/dc-metro/rg-024/581208/2020-03/581208-omaha-004/581208-omaha-004-106.JPG	https://s3.amazonaws.com/NARAprodstorage/lz/dc-metro/rg-024/581208/2020-03/581208-omaha-004/581208-omaha-004-106.JPG	 					sse1/2e	236	242	8	30.06	78	77	76	80		oc	cum nim	2				
1873-06-28	18	3.73	-80.21	157.5		5.2		https://s3.amazonaws.com/NARAprodstorage/lz/dc-metro/rg-024/581208/2020-03/581208-omaha-004/581208-omaha-004-106.JPG	https://s3.amazonaws.com/NARAprodstorage/lz/dc-metro/rg-024/581208/2020-03/581208-omaha-004/581208-omaha-004-106.JPG	 					sse	236	242	8	30.1	78	77	76	80		bc	cum nim	5				
1873-06-28	19	3.66	-80.2	163.12		4.4		https://s3.amazonaws.com/NARAprodstorage/lz/dc-metro/rg-024/581208/2020-03/581208-omaha-004/581208-omaha-004-106.JPG	https://s3.amazonaws.com/NARAprodstorage/lz/dc-metro/rg-024/581208/2020-03/581208-omaha-004/581208-omaha-004-106.JPG	 					sxe1/2e	236	242	8	30.1	78	77	75	80		bc	cum nim	1				
1873-06-28	20	3.59	-80.18	151.88		4.4		https://s3.amazonaws.com/NARAprodstorage/lz/dc-metro/rg-024/581208/2020-03/581208-omaha-004/581208-omaha-004-106.JPG	https://s3.amazonaws.com/NARAprodstorage/lz/dc-metro/rg-024/581208/2020-03/581208-omaha-004/581208-omaha-004-106.JPG	2013: Wore ship to Wd.					sse1/2e	236	242	8	30.15	78	77	75	80		bc	cum nim	3				
1873-06-28	21	3.52	-80.16	151.88		4.4		https://s3.amazonaws.com/NARAprodstorage/lz/dc-metro/rg-024/581208/2020-03/581208-omaha-004/581208-omaha-004-106.JPG	https://s3.amazonaws.com/NARAprodstorage/lz/dc-metro/rg-024/581208/2020-03/581208-omaha-004/581208-omaha-004-106.JPG	 					sse1/2e	236	242	13	30.17	79	79	76	80		bc	cum nim	4				
1873-06-28	22	3.49	-80.17	170		1.3		https://s3.amazonaws.com/NARAprodstorage/lz/dc-metro/rg-024/581208/2020-03/581208-omaha-004/581208-omaha-004-106.JPG	https://s3.amazonaws.com/NARAprodstorage/lz/dc-metro/rg-024/581208/2020-03/581208-omaha-004/581208-omaha-004-106.JPG	 					se1/2s|wnw	225	231	13	30.2	78	79	76	80		bcq	cum nim	4				
1873-06-28	23	3.54	-80.26	295.31		5.8		https://s3.amazonaws.com/NARAprodstorage/lz/dc-metro/rg-024/581208/2020-03/581208-omaha-004/581208-omaha-004-106.JPG	https://s3.amazonaws.com/NARAprodstorage/lz/dc-metro/rg-024/581208/2020-03/581208-omaha-004/581208-omaha-004-106.JPG	 					wnw1/4n	225	231	19	30.2	78	79	76	80		ocqr	cum nim	0				
1873-06-28	24	3.59	-80.35	292.5		6		https://s3.amazonaws.com/NARAprodstorage/lz/dc-metro/rg-024/581208/2020-03/581208-omaha-004/581208-omaha-004-106.JPG	https://s3.amazonaws.com/NARAprodstorage/lz/dc-metro/rg-024/581208/2020-03/581208-omaha-004/581208-omaha-004-106.JPG	 					wnw	225	231	19	30.2	77	78	76	80		ocr	cum nim	0				
1873-06-29	1	3.64	-80.45	292.5		6.2		https://s3.amazonaws.com/NARAprodstorage/lz/dc-metro/rg-024/581208/2020-03/581208-omaha-004/581208-omaha-004-108.JPG	https://s3.amazonaws.com/NARAprodstorage/lz/dc-metro/rg-024/581208/2020-03/581208-omaha-004/581208-omaha-004-108.JPG	 					wnw	214	220	19	30.16	79	77	76	79		bcq	cum nim	0				
1873-06-29	2	3.73	-80.5	331.88		6.2		https://s3.amazonaws.com/NARAprodstorage/lz/dc-metro/rg-024/581208/2020-03/581208-omaha-004/581208-omaha-004-108.JPG	https://s3.amazonaws.com/NARAprodstorage/lz/dc-metro/rg-024/581208/2020-03/581208-omaha-004/581208-omaha-004-108.JPG	 					nnw1/2w	214	220	16	30.16	79	77	76	79		ocq	cum nim	0				
1873-06-29	3	3.83	-80.54	331.88		6.4		https://s3.amazonaws.com/NARAprodstorage/lz/dc-metro/rg-024/581208/2020-03/581208-omaha-004/581208-omaha-004-108.JPG	https://s3.amazonaws.com/NARAprodstorage/lz/dc-metro/rg-024/581208/2020-03/581208-omaha-004/581208-omaha-004-108.JPG	 					nnw1/2w	214	220	16	30.14	79	77	76	79		ocq	cum nim	0				
1873-06-29	4	3.93	-80.59	331.88		6.6		https://s3.amazonaws.com/NARAprodstorage/lz/dc-metro/rg-024/581208/2020-03/581208-omaha-004/581208-omaha-004-108.JPG	https://s3.amazonaws.com/NARAprodstorage/lz/dc-metro/rg-024/581208/2020-03/581208-omaha-004/581208-omaha-004-108.JPG	 					nnw1/2w	214	220	16	30.14	79	77	76	79		ocqr	cum nim	0				
1873-06-29	5	3.96	-80.7	284.06		6.4		https://s3.amazonaws.com/NARAprodstorage/lz/dc-metro/rg-024/581208/2020-03/581208-omaha-004/581208-omaha-004-108.JPG	https://s3.amazonaws.com/NARAprodstorage/lz/dc-metro/rg-024/581208/2020-03/581208-omaha-004/581208-omaha-004-108.JPG	 					wxn1/4n	214	220	19	30.15	79	78	75	78		ocqr	nim	0				
1873-06-29	6	3.99	-80.79	284.06		5.4		https://s3.amazonaws.com/NARAprodstorage/lz/dc-metro/rg-024/581208/2020-03/581208-omaha-004/581208-omaha-004-108.JPG	https://s3.amazonaws.com/NARAprodstorage/lz/dc-metro/rg-024/581208/2020-03/581208-omaha-004/581208-omaha-004-108.JPG	 					wxn1/4n	214	220	13	30.15	79	78	75	78		bc	cum nim	1				
1873-06-29	7	4.02	-80.89	284.06		5.4		https://s3.amazonaws.com/NARAprodstorage/lz/dc-metro/rg-024/581208/2020-03/581208-omaha-004/581208-omaha-004-108.JPG	https://s3.amazonaws.com/NARAprodstorage/lz/dc-metro/rg-024/581208/2020-03/581208-omaha-004/581208-omaha-004-108.JPG	 					wxn1/4n	214	220	13	30.17	79	79	76	78		oc	nim	0				
1873-06-29	8	4.05	-80.98	284.06		5.4		https://s3.amazonaws.com/NARAprodstorage/lz/dc-metro/rg-024/581208/2020-03/581208-omaha-004/581208-omaha-004-108.JPG	https://s3.amazonaws.com/NARAprodstorage/lz/dc-metro/rg-024/581208/2020-03/581208-omaha-004/581208-omaha-004-108.JPG	 					wxn1/4n	214	220	13	30.17	79	79	76	78		oc	nim	0				
1873-06-29	9	4.05	-81.07	267.19		5		https://s3.amazonaws.com/NARAprodstorage/lz/dc-metro/rg-024/581208/2020-03/581208-omaha-004/581208-omaha-004-108.JPG	https://s3.amazonaws.com/NARAprodstorage/lz/dc-metro/rg-024/581208/2020-03/581208-omaha-004/581208-omaha-004-108.JPG	 					w1/4s	186	192	13	30.16	80	79	77	79		oc	nim	0				
1873-06-29	10	4.05	-81.16	264.38		5.2		https://s3.amazonaws.com/NARAprodstorage/lz/dc-metro/rg-024/581208/2020-03/581208-omaha-004/581208-omaha-004-108.JPG	https://s3.amazonaws.com/NARAprodstorage/lz/dc-metro/rg-024/581208/2020-03/581208-omaha-004/581208-omaha-004-108.JPG	 					w1/2s	186	192	13	30.16	80	80	77	80		oc	cum nim	0				
1873-06-29	11	4.07	-81.27	275.62		6		https://s3.amazonaws.com/NARAprodstorage/lz/dc-metro/rg-024/581208/2020-03/581208-omaha-004/581208-omaha-004-108.JPG	https://s3.amazonaws.com/NARAprodstorage/lz/dc-metro/rg-024/581208/2020-03/581208-omaha-004/581208-omaha-004-108.JPG	 					w1/2n	197	203	8	30.19	77	79	76	79		oc	cum nim	0				
1873-06-29	12	4.08	-81.35	275.62		4.4		https://s3.amazonaws.com/NARAprodstorage/lz/dc-metro/rg-024/581208/2020-03/581208-omaha-004/581208-omaha-004-108.JPG	https://s3.amazonaws.com/NARAprodstorage/lz/dc-metro/rg-024/581208/2020-03/581208-omaha-004/581208-omaha-004-108.JPG	1215: SIghted Malpelo Island.			4 5N	81 21W	w1/2n	197	203	8	30.19	77	79	76	79		oc	cum nim	0				
1873-06-29	13	4.1	-81.39	275.62		4.2		https://s3.amazonaws.com/NARAprodstorage/lz/dc-metro/rg-024/581208/2020-03/581208-omaha-004/581208-omaha-004-108.JPG	https://s3.amazonaws.com/NARAprodstorage/lz/dc-metro/rg-024/581208/2020-03/581208-omaha-004/581208-omaha-004-108.JPG	 					w1/2n	202	208	5	30.18	79	80	76	79		bc	cum nim	2				
1873-06-29	14	4.11	-81.42	270		4		https://s3.amazonaws.com/NARAprodstorage/lz/dc-metro/rg-024/581208/2020-03/581208-omaha-004/581208-omaha-004-108.JPG	https://s3.amazonaws.com/NARAprodstorage/lz/dc-metro/rg-024/581208/2020-03/581208-omaha-004/581208-omaha-004-108.JPG	 					w	202	208	5	30.16	80	80	76	79		bc	cum nim	2				
1873-06-29	15	4.12	-81.46	270		4		https://s3.amazonaws.com/NARAprodstorage/lz/dc-metro/rg-024/581208/2020-03/581208-omaha-004/581208-omaha-004-108.JPG	https://s3.amazonaws.com/NARAprodstorage/lz/dc-metro/rg-024/581208/2020-03/581208-omaha-004/581208-omaha-004-108.JPG	 					w	202	208	5	30.13	80	80	76	79		bcq	cum nim	4				
1873-06-29	16	4.13	-81.49	270		4.2		https://s3.amazonaws.com/NARAprodstorage/lz/dc-metro/rg-024/581208/2020-03/581208-omaha-004/581208-omaha-004-108.JPG	https://s3.amazonaws.com/NARAprodstorage/lz/dc-metro/rg-024/581208/2020-03/581208-omaha-004/581208-omaha-004-108.JPG	1600: Malpelo Id brg SW1/2S.					w	202	208	5	30.12	80	80	76	79		bc	cir cum	6				
1873-06-29	17	4.15	-81.54	272.81		4.6		https://s3.amazonaws.com/NARAprodstorage/lz/dc-metro/rg-024/581208/2020-03/581208-omaha-004/581208-omaha-004-108.JPG	https://s3.amazonaws.com/NARAprodstorage/lz/dc-metro/rg-024/581208/2020-03/581208-omaha-004/581208-omaha-004-108.JPG	 					w1/4n	202	208	5	30.12	80	80	76	79		bc	cum nim	4				
1873-06-29	18	4.17	-81.59	275.62		5		https://s3.amazonaws.com/NARAprodstorage/lz/dc-metro/rg-024/581208/2020-03/581208-omaha-004/581208-omaha-004-108.JPG	https://s3.amazonaws.com/NARAprodstorage/lz/dc-metro/rg-024/581208/2020-03/581208-omaha-004/581208-omaha-004-108.JPG	1820: cc Sd&Ed.					w1/2n	202	208	5	30.12	80	80	75	79		bc	cum nim	1				
1873-06-29	19	4.15	-81.55	155		1.7		https://s3.amazonaws.com/NARAprodstorage/lz/dc-metro/rg-024/581208/2020-03/581208-omaha-004/581208-omaha-004-108.JPG	https://s3.amazonaws.com/NARAprodstorage/lz/dc-metro/rg-024/581208/2020-03/581208-omaha-004/581208-omaha-004-108.JPG	 					w1/2n |se1/2e	202	208	8	30.12	80	80	75	79		ocq	nimb	1				
1873-06-29	20	4.1	-81.47	132.19		4		https://s3.amazonaws.com/NARAprodstorage/lz/dc-metro/rg-024/581208/2020-03/581208-omaha-004/581208-omaha-004-108.JPG	https://s3.amazonaws.com/NARAprodstorage/lz/dc-metro/rg-024/581208/2020-03/581208-omaha-004/581208-omaha-004-108.JPG	 					se1/4e	208	214	8	30.12	79	80	75	79		b	cum nim	6				
1873-06-29	21	4.05	-81.39	129.38		4.4		https://s3.amazonaws.com/NARAprodstorage/lz/dc-metro/rg-024/581208/2020-03/581208-omaha-004/581208-omaha-004-108.JPG	https://s3.amazonaws.com/NARAprodstorage/lz/dc-metro/rg-024/581208/2020-03/581208-omaha-004/581208-omaha-004-108.JPG	 					se1/2e	208	214	6	30.15	79	80	75	79		b	cum nim	5				
1873-06-29	22	4	-81.28	120.94		5.4		https://s3.amazonaws.com/NARAprodstorage/lz/dc-metro/rg-024/581208/2020-03/581208-omaha-004/581208-omaha-004-108.JPG	https://s3.amazonaws.com/NARAprodstorage/lz/dc-metro/rg-024/581208/2020-03/581208-omaha-004/581208-omaha-004-108.JPG	 					sexe1/4e	197	203	8	30.15	79	80	75	79		b	cum nim	5				
1873-06-29	23	3.95	-81.18	118.12		5.2		https://s3.amazonaws.com/NARAprodstorage/lz/dc-metro/rg-024/581208/2020-03/581208-omaha-004/581208-omaha-004-108.JPG	https://s3.amazonaws.com/NARAprodstorage/lz/dc-metro/rg-024/581208/2020-03/581208-omaha-004/581208-omaha-004-108.JPG	 					sexe1/2e	214	220	13	30.17	79	80	75	79		ocqr	nim	0				
1873-06-29	24	3.92	-81.07	112.5		5		https://s3.amazonaws.com/NARAprodstorage/lz/dc-metro/rg-024/581208/2020-03/581208-omaha-004/581208-omaha-004-108.JPG	https://s3.amazonaws.com/NARAprodstorage/lz/dc-metro/rg-024/581208/2020-03/581208-omaha-004/581208-omaha-004-108.JPG	 					ese	191	197	8	30.17	79	78	75	79		ocq	nim	0				
1873-06-30	1	3.88	-80.98	115.31		4.4		https://s3.amazonaws.com/NARAprodstorage/lz/dc-metro/rg-024/581208/2020-03/581208-omaha-004/581208-omaha-004-109.JPG	https://s3.amazonaws.com/NARAprodstorage/lz/dc-metro/rg-024/581208/2020-03/581208-omaha-004/581208-omaha-004-109.JPG	 					sexe3/4e	191	197	8	30.16	79	79	76	80		oc	nim	0				
1873-06-30	2	3.83	-80.89	129.38		4.4		https://s3.amazonaws.com/NARAprodstorage/lz/dc-metro/rg-024/581208/2020-03/581208-omaha-004/581208-omaha-004-109.JPG	https://s3.amazonaws.com/NARAprodstorage/lz/dc-metro/rg-024/581208/2020-03/581208-omaha-004/581208-omaha-004-109.JPG	 					se1/2e	191	197	5	30.16	79	79	76	80		bc	nim	2				
1873-06-30	3	3.78	-80.82	135		4.2		https://s3.amazonaws.com/NARAprodstorage/lz/dc-metro/rg-024/581208/2020-03/581208-omaha-004/581208-omaha-004-109.JPG	https://s3.amazonaws.com/NARAprodstorage/lz/dc-metro/rg-024/581208/2020-03/581208-omaha-004/581208-omaha-004-109.JPG	 					se	202	208	5	30.16	79	79	76	80		bc	nim	2				
1873-06-30	4	3.73	-80.75	137.81		4		https://s3.amazonaws.com/NARAprodstorage/lz/dc-metro/rg-024/581208/2020-03/581208-omaha-004/581208-omaha-004-109.JPG	https://s3.amazonaws.com/NARAprodstorage/lz/dc-metro/rg-024/581208/2020-03/581208-omaha-004/581208-omaha-004-109.JPG	 					se1/4s	202	208	5	30.16	79	79	76	80		oc	cum nim	0				
1873-06-30	5	3.69	-80.66	123.75		4.4		https://s3.amazonaws.com/NARAprodstorage/lz/dc-metro/rg-024/581208/2020-03/581208-omaha-004/581208-omaha-004-109.JPG	https://s3.amazonaws.com/NARAprodstorage/lz/dc-metro/rg-024/581208/2020-03/581208-omaha-004/581208-omaha-004-109.JPG	 					sexe	214	220	8	30.13	79	79	76	80		oc	cum nim	0				
1873-06-30	6	3.64	-80.56	123.75		5		https://s3.amazonaws.com/NARAprodstorage/lz/dc-metro/rg-024/581208/2020-03/581208-omaha-004/581208-omaha-004-109.JPG	https://s3.amazonaws.com/NARAprodstorage/lz/dc-metro/rg-024/581208/2020-03/581208-omaha-004/581208-omaha-004-109.JPG	 					sexe	202	208	8	30.13	79	79	76	80		bc	cum nim	2				
1873-06-30	7	3.6	-80.48	123.75		4		https://s3.amazonaws.com/NARAprodstorage/lz/dc-metro/rg-024/581208/2020-03/581208-omaha-004/581208-omaha-004-109.JPG	https://s3.amazonaws.com/NARAprodstorage/lz/dc-metro/rg-024/581208/2020-03/581208-omaha-004/581208-omaha-004-109.JPG	 					sexe	202	208	6	30.14	79	78	75	80		bc	cum nim	4				
1873-06-30	8	3.61	-80.46	263		4		https://s3.amazonaws.com/NARAprodstorage/lz/dc-metro/rg-024/581208/2020-03/581208-omaha-004/581208-omaha-004-109.JPG	https://s3.amazonaws.com/NARAprodstorage/lz/dc-metro/rg-024/581208/2020-03/581208-omaha-004/581208-omaha-004-109.JPG	 					w1/2n	202	208	8	30.14	79	79	75	80		bc	cum nim	4				
1873-06-30	9	3.63	-80.51	278.44		5		https://s3.amazonaws.com/NARAprodstorage/lz/dc-metro/rg-024/581208/2020-03/581208-omaha-004/581208-omaha-004-109.JPG	https://s3.amazonaws.com/NARAprodstorage/lz/dc-metro/rg-024/581208/2020-03/581208-omaha-004/581208-omaha-004-109.JPG	 					w3/4n	202	208	8	30.14	79	79	75	80		bc	cum	6				
1873-06-30	10	3.67	-80.56	286.88		5.4		https://s3.amazonaws.com/NARAprodstorage/lz/dc-metro/rg-024/581208/2020-03/581208-omaha-004/581208-omaha-004-109.JPG	https://s3.amazonaws.com/NARAprodstorage/lz/dc-metro/rg-024/581208/2020-03/581208-omaha-004/581208-omaha-004-109.JPG	 					wnw1/2w	208	214	8	30.16	80	79	75	80		bc	cum	5				
1873-06-30	11	3.71	-80.61	286.88		5.2		https://s3.amazonaws.com/NARAprodstorage/lz/dc-metro/rg-024/581208/2020-03/581208-omaha-004/581208-omaha-004-109.JPG	https://s3.amazonaws.com/NARAprodstorage/lz/dc-metro/rg-024/581208/2020-03/581208-omaha-004/581208-omaha-004-109.JPG	 					wnw1/2w	208	214	8	30.16	81	80	75	81		bc	cum nim	4				
1873-06-30	12	3.75	-80.65	292.5		5		https://s3.amazonaws.com/NARAprodstorage/lz/dc-metro/rg-024/581208/2020-03/581208-omaha-004/581208-omaha-004-109.JPG	https://s3.amazonaws.com/NARAprodstorage/lz/dc-metro/rg-024/581208/2020-03/581208-omaha-004/581208-omaha-004-109.JPG	Noon: Wore ship to the SxWd			3 45N	80 39W	wnw	214	220	8	30.16	81	80	75	81		bc	cum nim	6				
1873-06-30	13	3.68	-80.62	149.06		4.4		https://s3.amazonaws.com/NARAprodstorage/lz/dc-metro/rg-024/581208/2020-03/581208-omaha-004/581208-omaha-004-109.JPG	https://s3.amazonaws.com/NARAprodstorage/lz/dc-metro/rg-024/581208/2020-03/581208-omaha-004/581208-omaha-004-109.JPG	 					sexs1/4s	225	231	8	30.16	81	81	76	81		bc	cir cu	5				
1873-06-30	14	3.61	-80.59	157.5		4.4		https://s3.amazonaws.com/NARAprodstorage/lz/dc-metro/rg-024/581208/2020-03/581208-omaha-004/581208-omaha-004-109.JPG	https://s3.amazonaws.com/NARAprodstorage/lz/dc-metro/rg-024/581208/2020-03/581208-omaha-004/581208-omaha-004-109.JPG	 					sse	236	242	8	30.12	81	81	76	81		bc	cir cu	5				
1873-06-30	15	3.54	-80.56	154.69		5		https://s3.amazonaws.com/NARAprodstorage/lz/dc-metro/rg-024/581208/2020-03/581208-omaha-004/581208-omaha-004-109.JPG	https://s3.amazonaws.com/NARAprodstorage/lz/dc-metro/rg-024/581208/2020-03/581208-omaha-004/581208-omaha-004-109.JPG	 					sexs3/4s	236	242	8	30.12	81	81	76	81		bc	cir cu	5				
1873-06-30	16	3.47	-80.53	146.25		4.6		https://s3.amazonaws.com/NARAprodstorage/lz/dc-metro/rg-024/581208/2020-03/581208-omaha-004/581208-omaha-004-109.JPG	https://s3.amazonaws.com/NARAprodstorage/lz/dc-metro/rg-024/581208/2020-03/581208-omaha-004/581208-omaha-004-109.JPG	 					sexs	225	231	8	30.09	81	81	76	81		oc	cum nim	0				
1873-06-30	17	3.39	-80.5	160.31		5		https://s3.amazonaws.com/NARAprodstorage/lz/dc-metro/rg-024/581208/2020-03/581208-omaha-004/581208-omaha-004-109.JPG	https://s3.amazonaws.com/NARAprodstorage/lz/dc-metro/rg-024/581208/2020-03/581208-omaha-004/581208-omaha-004-109.JPG	 					sxe3/4e	225	231	8	30.08	80	80	75	81		bc	nim	2				
1873-06-30	18	3.31	-80.48	157.5		5		https://s3.amazonaws.com/NARAprodstorage/lz/dc-metro/rg-024/581208/2020-03/581208-omaha-004/581208-omaha-004-109.JPG	https://s3.amazonaws.com/NARAprodstorage/lz/dc-metro/rg-024/581208/2020-03/581208-omaha-004/581208-omaha-004-109.JPG	 					sse	236	242	8	30.08	80	80	75	81		bc	cum nim	1				
1873-06-30	19	3.22	-80.46	165.94		5		https://s3.amazonaws.com/NARAprodstorage/lz/dc-metro/rg-024/581208/2020-03/581208-omaha-004/581208-omaha-004-109.JPG	https://s3.amazonaws.com/NARAprodstorage/lz/dc-metro/rg-024/581208/2020-03/581208-omaha-004/581208-omaha-004-109.JPG	 					sse3/4s	225	231	8	30.1	79	79	76	81		bc	cum nim	1				
1873-06-30	20	3.14	-80.45	165.94		5		https://s3.amazonaws.com/NARAprodstorage/lz/dc-metro/rg-024/581208/2020-03/581208-omaha-004/581208-omaha-004-109.JPG	https://s3.amazonaws.com/NARAprodstorage/lz/dc-metro/rg-024/581208/2020-03/581208-omaha-004/581208-omaha-004-109.JPG	 					sse3/4s	225	231	8	30.1	79	79	76	81		oc	cum nim	0				
1873-06-30	21	3.08	-80.41	140.62		4.4		https://s3.amazonaws.com/NARAprodstorage/lz/dc-metro/rg-024/581208/2020-03/581208-omaha-004/581208-omaha-004-109.JPG	https://s3.amazonaws.com/NARAprodstorage/lz/dc-metro/rg-024/581208/2020-03/581208-omaha-004/581208-omaha-004-109.JPG	 					se1/2s	219	225	8	30.12	79	79	75	81		bc	cum nim	1				
1873-06-30	22	3.08	-80.44	265		2.3		https://s3.amazonaws.com/NARAprodstorage/lz/dc-metro/rg-024/581208/2020-03/581208-omaha-004/581208-omaha-004-109.JPG	https://s3.amazonaws.com/NARAprodstorage/lz/dc-metro/rg-024/581208/2020-03/581208-omaha-004/581208-omaha-004-109.JPG	 					se1/2s|WXN	202	208	8	30.13	79	79	75	81		oc	cum nim	2				
1873-06-30	23	3.14	-80.47	326.25		4		https://s3.amazonaws.com/NARAprodstorage/lz/dc-metro/rg-024/581208/2020-03/581208-omaha-004/581208-omaha-004-109.JPG	https://s3.amazonaws.com/NARAprodstorage/lz/dc-metro/rg-024/581208/2020-03/581208-omaha-004/581208-omaha-004-109.JPG	2315: Wore ship to Nd.					NWXN	225	231	8	30.13	79	79	75	81		ocr	nim	0				
1873-06-30	24	3.13	-80.45	135		1.4		https://s3.amazonaws.com/NARAprodstorage/lz/dc-metro/rg-024/581208/2020-03/581208-omaha-004/581208-omaha-004-109.JPG	https://s3.amazonaws.com/NARAprodstorage/lz/dc-metro/rg-024/581208/2020-03/581208-omaha-004/581208-omaha-004-109.JPG	 					NW|SE	888	888	5	30.14	79	79	75	80		oc	cum nim	1				
1873-07-01	1	3.08	-80.42	140.62		3.4		https://s3.amazonaws.com/NARAprodstorage/lz/dc-metro/rg-024/581208/2020-03/581208-omaha-004/581208-omaha-004-110.JPG	https://s3.amazonaws.com/NARAprodstorage/lz/dc-metro/rg-024/581208/2020-03/581208-omaha-004/581208-omaha-004-110.JPG	 					se1/2s	214	220	5	30.14	77	78	75	79		bc	cum nim	8				
1873-07-01	2	3.02	-80.4	163.12		3.4		https://s3.amazonaws.com/NARAprodstorage/lz/dc-metro/rg-024/581208/2020-03/581208-omaha-004/581208-omaha-004-110.JPG	https://s3.amazonaws.com/NARAprodstorage/lz/dc-metro/rg-024/581208/2020-03/581208-omaha-004/581208-omaha-004-110.JPG	 					sse1/2s	225	231	5	30.1	77	78	75	79		bc	cum nim	1				
1873-07-01	3	2.97	-80.39	163.12		3		https://s3.amazonaws.com/NARAprodstorage/lz/dc-metro/rg-024/581208/2020-03/581208-omaha-004/581208-omaha-004-110.JPG	https://s3.amazonaws.com/NARAprodstorage/lz/dc-metro/rg-024/581208/2020-03/581208-omaha-004/581208-omaha-004-110.JPG	 					sse1/2s	225	231	5	30.1	77	78	75	79		oc	cum nim	0				
1873-07-01	4	2.93	-80.38	163.12		3		https://s3.amazonaws.com/NARAprodstorage/lz/dc-metro/rg-024/581208/2020-03/581208-omaha-004/581208-omaha-004-110.JPG	https://s3.amazonaws.com/NARAprodstorage/lz/dc-metro/rg-024/581208/2020-03/581208-omaha-004/581208-omaha-004-110.JPG	 					sse1/2s	225	231	5	30.08	78	78	75	78		oc	nim	0				
1873-07-01	5	2.9	-80.37	167		1.4		https://s3.amazonaws.com/NARAprodstorage/lz/dc-metro/rg-024/581208/2020-03/581208-omaha-004/581208-omaha-004-110.JPG	https://s3.amazonaws.com/NARAprodstorage/lz/dc-metro/rg-024/581208/2020-03/581208-omaha-004/581208-omaha-004-110.JPG	 					ese|wxs	191	197	5	30.08	77	79	76	79		bc	nim	2				
1873-07-01	6	2.92	-80.44	275.62		4.6		https://s3.amazonaws.com/NARAprodstorage/lz/dc-metro/rg-024/581208/2020-03/581208-omaha-004/581208-omaha-004-110.JPG	https://s3.amazonaws.com/NARAprodstorage/lz/dc-metro/rg-024/581208/2020-03/581208-omaha-004/581208-omaha-004-110.JPG	 					w1/2n	202	208	5	30.12	79	79	76	80		bc	nim cum	2				
1873-07-01	7	2.93	-80.51	267.19		4.2		https://s3.amazonaws.com/NARAprodstorage/lz/dc-metro/rg-024/581208/2020-03/581208-omaha-004/581208-omaha-004-110.JPG	https://s3.amazonaws.com/NARAprodstorage/lz/dc-metro/rg-024/581208/2020-03/581208-omaha-004/581208-omaha-004-110.JPG	 					w1/4s	191	197	5	30.13	79	78	76	80		bc	cir nim	3				
1873-07-01	8	2.93	-80.58	267.19		4.4		https://s3.amazonaws.com/NARAprodstorage/lz/dc-metro/rg-024/581208/2020-03/581208-omaha-004/581208-omaha-004-110.JPG	https://s3.amazonaws.com/NARAprodstorage/lz/dc-metro/rg-024/581208/2020-03/581208-omaha-004/581208-omaha-004-110.JPG	 					w1/4s	191	197	5	30.14	79	78	76	80		bc	cir nim	4				
1873-07-01	9	2.94	-80.64	270		4		https://s3.amazonaws.com/NARAprodstorage/lz/dc-metro/rg-024/581208/2020-03/581208-omaha-004/581208-omaha-004-110.JPG	https://s3.amazonaws.com/NARAprodstorage/lz/dc-metro/rg-024/581208/2020-03/581208-omaha-004/581208-omaha-004-110.JPG	 					w	191	197	5	30.15	80	78	76	80		oc	cum nim	0				
1873-07-01	10	2.95	-80.69	270		3.4		https://s3.amazonaws.com/NARAprodstorage/lz/dc-metro/rg-024/581208/2020-03/581208-omaha-004/581208-omaha-004-110.JPG	https://s3.amazonaws.com/NARAprodstorage/lz/dc-metro/rg-024/581208/2020-03/581208-omaha-004/581208-omaha-004-110.JPG	 					w	191	197	5	30.15	80	78	76	80		oc	cum nim	0				
1873-07-01	11	2.95	-80.71	264.38		1.4		https://s3.amazonaws.com/NARAprodstorage/lz/dc-metro/rg-024/581208/2020-03/581208-omaha-004/581208-omaha-004-110.JPG	https://s3.amazonaws.com/NARAprodstorage/lz/dc-metro/rg-024/581208/2020-03/581208-omaha-004/581208-omaha-004-110.JPG	 					w1/2s	191	197	3	30.15	80	78	76	80		oc	cum nim	0				
1873-07-01	12	2.95	-80.72	270		0.4		https://s3.amazonaws.com/NARAprodstorage/lz/dc-metro/rg-024/581208/2020-03/581208-omaha-004/581208-omaha-004-110.JPG	https://s3.amazonaws.com/NARAprodstorage/lz/dc-metro/rg-024/581208/2020-03/581208-omaha-004/581208-omaha-004-110.JPG	 			2 57N	80 43W	w	888	888	2	30.15	80	78	76	80		ocr	cum nim	0				
1873-07-01	13	2.92	-80.71	182.81		1.4		https://s3.amazonaws.com/NARAprodstorage/lz/dc-metro/rg-024/581208/2020-03/581208-omaha-004/581208-omaha-004-110.JPG	https://s3.amazonaws.com/NARAprodstorage/lz/dc-metro/rg-024/581208/2020-03/581208-omaha-004/581208-omaha-004-110.JPG	 					s1/4w	259	265	2	30.09	80	79	76	80		oc	cum nim	0				
1873-07-01	14	2.88	-80.71	180		2		https://s3.amazonaws.com/NARAprodstorage/lz/dc-metro/rg-024/581208/2020-03/581208-omaha-004/581208-omaha-004-110.JPG	https://s3.amazonaws.com/NARAprodstorage/lz/dc-metro/rg-024/581208/2020-03/581208-omaha-004/581208-omaha-004-110.JPG	 					s	259	265	2	30.06	80	79	76	80		bc	cum nim	2				
1873-07-01	15	2.82	-80.7	168.75		3		https://s3.amazonaws.com/NARAprodstorage/lz/dc-metro/rg-024/581208/2020-03/581208-omaha-004/581208-omaha-004-110.JPG	https://s3.amazonaws.com/NARAprodstorage/lz/dc-metro/rg-024/581208/2020-03/581208-omaha-004/581208-omaha-004-110.JPG	 					sxe	259	265	2	30.04	80	79	76	80		bc	cum nim	3				
1873-07-01	16	2.77	-80.69	180		2.6		https://s3.amazonaws.com/NARAprodstorage/lz/dc-metro/rg-024/581208/2020-03/581208-omaha-004/581208-omaha-004-110.JPG	https://s3.amazonaws.com/NARAprodstorage/lz/dc-metro/rg-024/581208/2020-03/581208-omaha-004/581208-omaha-004-110.JPG	 					s	259	265	2	30.04	80	79	76	80		bc	cum nim	1				
1873-07-01	17	2.71	-80.69	182.81		3.6		https://s3.amazonaws.com/NARAprodstorage/lz/dc-metro/rg-024/581208/2020-03/581208-omaha-004/581208-omaha-004-110.JPG	https://s3.amazonaws.com/NARAprodstorage/lz/dc-metro/rg-024/581208/2020-03/581208-omaha-004/581208-omaha-004-110.JPG	 					s1/4w	259	265	8	30.03	81	79	76	80		bc	cum nim	5				
1873-07-01	18	2.65	-80.69	174.38		3		https://s3.amazonaws.com/NARAprodstorage/lz/dc-metro/rg-024/581208/2020-03/581208-omaha-004/581208-omaha-004-110.JPG	https://s3.amazonaws.com/NARAprodstorage/lz/dc-metro/rg-024/581208/2020-03/581208-omaha-004/581208-omaha-004-110.JPG	 					s1/2e	259	265	5	30.04	79	79	75	80		bc	cir nim	6				
1873-07-01	19	2.58	-80.66	157.5		4		https://s3.amazonaws.com/NARAprodstorage/lz/dc-metro/rg-024/581208/2020-03/581208-omaha-004/581208-omaha-004-110.JPG	https://s3.amazonaws.com/NARAprodstorage/lz/dc-metro/rg-024/581208/2020-03/581208-omaha-004/581208-omaha-004-110.JPG	 					sse	225	231	5	30.07	79	78	76	80		ocqr	cir nim	0				
1873-07-01	20	2.51	-80.65	174.38		3.6		https://s3.amazonaws.com/NARAprodstorage/lz/dc-metro/rg-024/581208/2020-03/581208-omaha-004/581208-omaha-004-110.JPG	https://s3.amazonaws.com/NARAprodstorage/lz/dc-metro/rg-024/581208/2020-03/581208-omaha-004/581208-omaha-004-110.JPG	 					s1/2e	248	254	2	30.09	79	78	76	80		bcqr	cir nim	4				
1873-07-01	21	2.44	-80.63	157.5		4		https://s3.amazonaws.com/NARAprodstorage/lz/dc-metro/rg-024/581208/2020-03/581208-omaha-004/581208-omaha-004-110.JPG	https://s3.amazonaws.com/NARAprodstorage/lz/dc-metro/rg-024/581208/2020-03/581208-omaha-004/581208-omaha-004-110.JPG	 					sse	236	242	5	30.11	80	78	76	80		bcqr	cum nim	1				
1873-07-01	22	2.42	-80.63	214		1.5		https://s3.amazonaws.com/NARAprodstorage/lz/dc-metro/rg-024/581208/2020-03/581208-omaha-004/581208-omaha-004-110.JPG	https://s3.amazonaws.com/NARAprodstorage/lz/dc-metro/rg-024/581208/2020-03/581208-omaha-004/581208-omaha-004-110.JPG	 					sexs|WXN	214	220	5	30.11	80	78	76	80		bcq	cum nim	2				
1873-07-01	23	2.48	-80.66	326.25		4.4		https://s3.amazonaws.com/NARAprodstorage/lz/dc-metro/rg-024/581208/2020-03/581208-omaha-004/581208-omaha-004-110.JPG	https://s3.amazonaws.com/NARAprodstorage/lz/dc-metro/rg-024/581208/2020-03/581208-omaha-004/581208-omaha-004-110.JPG	 					NWXN	225	231	6	30.11	79	77	75	80		bcq	cum nim	4				
1873-07-01	24	2.51	-80.71	292.5		4.4		https://s3.amazonaws.com/NARAprodstorage/lz/dc-metro/rg-024/581208/2020-03/581208-omaha-004/581208-omaha-004-110.JPG	https://s3.amazonaws.com/NARAprodstorage/lz/dc-metro/rg-024/581208/2020-03/581208-omaha-004/581208-omaha-004-110.JPG	 					WNW	225	231	5	30.11	79	77	75	80		bcq	cum nim	5				
1873-07-02	1	2.52	-80.76	286.88		3.6		https://s3.amazonaws.com/NARAprodstorage/lz/dc-metro/rg-024/581208/2020-03/581208-omaha-004/581208-omaha-004-111.JPG	https://s3.amazonaws.com/NARAprodstorage/lz/dc-metro/rg-024/581208/2020-03/581208-omaha-004/581208-omaha-004-111.JPG	 					wnw1/2w	208	214	5	30.12	79	79	75	80		bc	cum ninm	4				
1873-07-02	2	2.55	-80.83	286.88		5		https://s3.amazonaws.com/NARAprodstorage/lz/dc-metro/rg-024/581208/2020-03/581208-omaha-004/581208-omaha-004-111.JPG	https://s3.amazonaws.com/NARAprodstorage/lz/dc-metro/rg-024/581208/2020-03/581208-omaha-004/581208-omaha-004-111.JPG	 					wnw1/2w	208	214	8	30.08	79	79	75	80		ocr	nim	1				
1873-07-02	3	2.57	-80.89	281.25		4.6		https://s3.amazonaws.com/NARAprodstorage/lz/dc-metro/rg-024/581208/2020-03/581208-omaha-004/581208-omaha-004-111.JPG	https://s3.amazonaws.com/NARAprodstorage/lz/dc-metro/rg-024/581208/2020-03/581208-omaha-004/581208-omaha-004-111.JPG	 					wxn	202	208	8	30.05	79	79	75	80		bc	cum nim	3				
1873-07-02	4	2.59	-80.96	281.25		5		https://s3.amazonaws.com/NARAprodstorage/lz/dc-metro/rg-024/581208/2020-03/581208-omaha-004/581208-omaha-004-111.JPG	https://s3.amazonaws.com/NARAprodstorage/lz/dc-metro/rg-024/581208/2020-03/581208-omaha-004/581208-omaha-004-111.JPG	 					wxn	202	208	8	30.05	79	79	75	80		oc	nim	0				
1873-07-02	5	2.59	-81.04	270		5.2		https://s3.amazonaws.com/NARAprodstorage/lz/dc-metro/rg-024/581208/2020-03/581208-omaha-004/581208-omaha-004-111.JPG	https://s3.amazonaws.com/NARAprodstorage/lz/dc-metro/rg-024/581208/2020-03/581208-omaha-004/581208-omaha-004-111.JPG	 					w	202	208	8	30.06	78	78	74	79		oc	nim	0				
1873-07-02	6	2.59	-81.13	264.38		6		https://s3.amazonaws.com/NARAprodstorage/lz/dc-metro/rg-024/581208/2020-03/581208-omaha-004/581208-omaha-004-111.JPG	https://s3.amazonaws.com/NARAprodstorage/lz/dc-metro/rg-024/581208/2020-03/581208-omaha-004/581208-omaha-004-111.JPG	 					w1/2s	202	208	8	30.07	78	78	74	79		ocq	nim cum	0				
1873-07-02	7	2.56	-81.22	253.12		6		https://s3.amazonaws.com/NARAprodstorage/lz/dc-metro/rg-024/581208/2020-03/581208-omaha-004/581208-omaha-004-111.JPG	https://s3.amazonaws.com/NARAprodstorage/lz/dc-metro/rg-024/581208/2020-03/581208-omaha-004/581208-omaha-004-111.JPG	 					wxs1/2s	186	192	13	30.08	77	77	75	79		bc	nim cum	2				
1873-07-02	8	2.54	-81.32	253.12		6.4		https://s3.amazonaws.com/NARAprodstorage/lz/dc-metro/rg-024/581208/2020-03/581208-omaha-004/581208-omaha-004-111.JPG	https://s3.amazonaws.com/NARAprodstorage/lz/dc-metro/rg-024/581208/2020-03/581208-omaha-004/581208-omaha-004-111.JPG	 					wxs1/2s	186	192	13	30.1	78	77	75	79		bc	cir cum	6				
1873-07-02	9	2.53	-81.39	261.56		5		https://s3.amazonaws.com/NARAprodstorage/lz/dc-metro/rg-024/581208/2020-03/581208-omaha-004/581208-omaha-004-111.JPG	https://s3.amazonaws.com/NARAprodstorage/lz/dc-metro/rg-024/581208/2020-03/581208-omaha-004/581208-omaha-004-111.JPG	 					w3/4s	191	197	8	30.12	79	78	76	78		bcq	cir cum nim	7				
1873-07-02	10	2.53	-81.47	267.19		5.2		https://s3.amazonaws.com/NARAprodstorage/lz/dc-metro/rg-024/581208/2020-03/581208-omaha-004/581208-omaha-004-111.JPG	https://s3.amazonaws.com/NARAprodstorage/lz/dc-metro/rg-024/581208/2020-03/581208-omaha-004/581208-omaha-004-111.JPG	 					w1/4s	191	197	8	30.14	79	78	76	78		bcqr	cir cum nim	5				
1873-07-02	11	2.53	-81.56	270		6		https://s3.amazonaws.com/NARAprodstorage/lz/dc-metro/rg-024/581208/2020-03/581208-omaha-004/581208-omaha-004-111.JPG	https://s3.amazonaws.com/NARAprodstorage/lz/dc-metro/rg-024/581208/2020-03/581208-omaha-004/581208-omaha-004-111.JPG	 					w	202	208	8	30.12	79	78	76	78		bcqr	cir cum nim	5				
1873-07-02	12	2.53	-81.63	267.19		5		https://s3.amazonaws.com/NARAprodstorage/lz/dc-metro/rg-024/581208/2020-03/581208-omaha-004/581208-omaha-004-111.JPG	https://s3.amazonaws.com/NARAprodstorage/lz/dc-metro/rg-024/581208/2020-03/581208-omaha-004/581208-omaha-004-111.JPG	 			2 32N	81 38W	w1/4s	202	208	8	30.1	78	77	76	80		bcqr	cir cum nim	4				
1873-07-02	13	2.58	-81.73	281.25		6		https://s3.amazonaws.com/NARAprodstorage/lz/dc-metro/rg-024/581208/2020-03/581208-omaha-004/581208-omaha-004-111.JPG	https://s3.amazonaws.com/NARAprodstorage/lz/dc-metro/rg-024/581208/2020-03/581208-omaha-004/581208-omaha-004-111.JPG	 					wxn	214	220	16	30.1	78	77	75	80		bcqr	cir cum nimn	2				
1873-07-02	14	2.64	-81.82	292.5		6.4		https://s3.amazonaws.com/NARAprodstorage/lz/dc-metro/rg-024/581208/2020-03/581208-omaha-004/581208-omaha-004-111.JPG	https://s3.amazonaws.com/NARAprodstorage/lz/dc-metro/rg-024/581208/2020-03/581208-omaha-004/581208-omaha-004-111.JPG	 					wnw	225	231	16	30.08	79	77	75	80		ocqr	cir cum nimn	0				
1873-07-02	15	2.71	-81.91	292.5		6		https://s3.amazonaws.com/NARAprodstorage/lz/dc-metro/rg-024/581208/2020-03/581208-omaha-004/581208-omaha-004-111.JPG	https://s3.amazonaws.com/NARAprodstorage/lz/dc-metro/rg-024/581208/2020-03/581208-omaha-004/581208-omaha-004-111.JPG	 					wnw	225	231	16	30.08	79	77	75	80		ocq	cir cum nimn	0				
1873-07-02	16	2.77	-82	292.5		6		https://s3.amazonaws.com/NARAprodstorage/lz/dc-metro/rg-024/581208/2020-03/581208-omaha-004/581208-omaha-004-111.JPG	https://s3.amazonaws.com/NARAprodstorage/lz/dc-metro/rg-024/581208/2020-03/581208-omaha-004/581208-omaha-004-111.JPG	 					wnw	214	220	16	30.07	79	77	75	80		ocrq	cir cum nimn	0				
1873-07-02	17	2.83	-82.07	292.5		5.4		https://s3.amazonaws.com/NARAprodstorage/lz/dc-metro/rg-024/581208/2020-03/581208-omaha-004/581208-omaha-004-111.JPG	https://s3.amazonaws.com/NARAprodstorage/lz/dc-metro/rg-024/581208/2020-03/581208-omaha-004/581208-omaha-004-111.JPG	 					wnw	214	220	13	30.07	79	78	75	80		ocq	cum nim	0				
1873-07-02	18	2.88	-82.16	286.88		5.4		https://s3.amazonaws.com/NARAprodstorage/lz/dc-metro/rg-024/581208/2020-03/581208-omaha-004/581208-omaha-004-111.JPG	https://s3.amazonaws.com/NARAprodstorage/lz/dc-metro/rg-024/581208/2020-03/581208-omaha-004/581208-omaha-004-111.JPG	 					wxn1/2n	219	225	8	30.1	79	78	75	80		bcq	cum nim	1				
1873-07-02	19	2.93	-82.25	284.06		6		https://s3.amazonaws.com/NARAprodstorage/lz/dc-metro/rg-024/581208/2020-03/581208-omaha-004/581208-omaha-004-111.JPG	https://s3.amazonaws.com/NARAprodstorage/lz/dc-metro/rg-024/581208/2020-03/581208-omaha-004/581208-omaha-004-111.JPG	 					wxn1/4n	202	208	13	30.1	79	78	75	80		bc	cum nim	1				
1873-07-02	20	2.98	-82.35	284.06		6.4		https://s3.amazonaws.com/NARAprodstorage/lz/dc-metro/rg-024/581208/2020-03/581208-omaha-004/581208-omaha-004-111.JPG	https://s3.amazonaws.com/NARAprodstorage/lz/dc-metro/rg-024/581208/2020-03/581208-omaha-004/581208-omaha-004-111.JPG	 					wnw3/4w	202	208	13	30.1	79	78	75	79		bcq	cum nim	4				
1873-07-02	21	3.03	-82.48	281.25		8		https://s3.amazonaws.com/NARAprodstorage/lz/dc-metro/rg-024/581208/2020-03/581208-omaha-004/581208-omaha-004-111.JPG	https://s3.amazonaws.com/NARAprodstorage/lz/dc-metro/rg-024/581208/2020-03/581208-omaha-004/581208-omaha-004-111.JPG	 					wxn	214	220	19	30.1	78	77	76	79		bcqr	cum nim	1				
1873-07-02	22	3.09	-82.6	281.25		8		https://s3.amazonaws.com/NARAprodstorage/lz/dc-metro/rg-024/581208/2020-03/581208-omaha-004/581208-omaha-004-111.JPG	https://s3.amazonaws.com/NARAprodstorage/lz/dc-metro/rg-024/581208/2020-03/581208-omaha-004/581208-omaha-004-111.JPG	 					wxn	202	208	19	30.12	78	77	76	79		bcqr	cum nim	4				
1873-07-02	23	3.14	-82.72	281.25		7.4		https://s3.amazonaws.com/NARAprodstorage/lz/dc-metro/rg-024/581208/2020-03/581208-omaha-004/581208-omaha-004-111.JPG	https://s3.amazonaws.com/NARAprodstorage/lz/dc-metro/rg-024/581208/2020-03/581208-omaha-004/581208-omaha-004-111.JPG	 					wxn	202	208	19	30.12	77	77	76	79		bcqr	cum nim	4				
1873-07-02	24	3.19	-82.84	281.25		7.4		https://s3.amazonaws.com/NARAprodstorage/lz/dc-metro/rg-024/581208/2020-03/581208-omaha-004/581208-omaha-004-111.JPG	https://s3.amazonaws.com/NARAprodstorage/lz/dc-metro/rg-024/581208/2020-03/581208-omaha-004/581208-omaha-004-111.JPG	 					wxn	202	208	19	30.12	77	77	76	79		bcqr	cum nim	4				
1873-07-03	1	3.22	-82.95	270		7		https://s3.amazonaws.com/NARAprodstorage/lz/dc-metro/rg-024/581208/2020-03/581208-omaha-004/581208-omaha-004-112.JPG	https://s3.amazonaws.com/NARAprodstorage/lz/dc-metro/rg-024/581208/2020-03/581208-omaha-004/581208-omaha-004-112.JPG	 					w	191	197	16	30.12	78	77	76	79		ocqr	cum nim	0				
1873-07-03	2	3.27	-83.06	281.25		6.4		https://s3.amazonaws.com/NARAprodstorage/lz/dc-metro/rg-024/581208/2020-03/581208-omaha-004/581208-omaha-004-112.JPG	https://s3.amazonaws.com/NARAprodstorage/lz/dc-metro/rg-024/581208/2020-03/581208-omaha-004/581208-omaha-004-112.JPG	 					wxn	191	197	16	30.12	78	77	76	79		bcqr	cum nim	2				
1873-07-03	3	3.3	-83.16	275.62		6.4		https://s3.amazonaws.com/NARAprodstorage/lz/dc-metro/rg-024/581208/2020-03/581208-omaha-004/581208-omaha-004-112.JPG	https://s3.amazonaws.com/NARAprodstorage/lz/dc-metro/rg-024/581208/2020-03/581208-omaha-004/581208-omaha-004-112.JPG	 					w1/2n	202	208	16	30.1	78	77	76	79		ocqr	cum nim	0				
1873-07-03	4	3.33	-83.26	270		6		https://s3.amazonaws.com/NARAprodstorage/lz/dc-metro/rg-024/581208/2020-03/581208-omaha-004/581208-omaha-004-112.JPG	https://s3.amazonaws.com/NARAprodstorage/lz/dc-metro/rg-024/581208/2020-03/581208-omaha-004/581208-omaha-004-112.JPG	 					w	191	197	16	30.1	78	77	76	79		ocqr	cum nim	0				
1873-07-03	5	3.34	-83.36	264.38		6.2		https://s3.amazonaws.com/NARAprodstorage/lz/dc-metro/rg-024/581208/2020-03/581208-omaha-004/581208-omaha-004-112.JPG	https://s3.amazonaws.com/NARAprodstorage/lz/dc-metro/rg-024/581208/2020-03/581208-omaha-004/581208-omaha-004-112.JPG	 					w1/2s	191	197	13	30.1	79	78	76	79		ocqr	nim	0				
1873-07-03	6	3.38	-83.46	272.81		6.2		https://s3.amazonaws.com/NARAprodstorage/lz/dc-metro/rg-024/581208/2020-03/581208-omaha-004/581208-omaha-004-112.JPG	https://s3.amazonaws.com/NARAprodstorage/lz/dc-metro/rg-024/581208/2020-03/581208-omaha-004/581208-omaha-004-112.JPG	 					w1/4n	191	197	13	30.08	79	78	76	79		ocqr	nim	0				
1873-07-03	7	3.38	-83.56	258.75		5.6		https://s3.amazonaws.com/NARAprodstorage/lz/dc-metro/rg-024/581208/2020-03/581208-omaha-004/581208-omaha-004-112.JPG	https://s3.amazonaws.com/NARAprodstorage/lz/dc-metro/rg-024/581208/2020-03/581208-omaha-004/581208-omaha-004-112.JPG	 					wxs	191	197	13	30.08	79	78	76	79		ocqr	nim	0				
1873-07-03	8	3.38	-83.65	253.12		5.6		https://s3.amazonaws.com/NARAprodstorage/lz/dc-metro/rg-024/581208/2020-03/581208-omaha-004/581208-omaha-004-112.JPG	https://s3.amazonaws.com/NARAprodstorage/lz/dc-metro/rg-024/581208/2020-03/581208-omaha-004/581208-omaha-004-112.JPG	 					wsw1/2w	180	186	13	30.1	78	76	76	79		ocqr	nim	0				
1873-07-03	9	3.38	-83.74	253.12		5.4		https://s3.amazonaws.com/NARAprodstorage/lz/dc-metro/rg-024/581208/2020-03/581208-omaha-004/581208-omaha-004-112.JPG	https://s3.amazonaws.com/NARAprodstorage/lz/dc-metro/rg-024/581208/2020-03/581208-omaha-004/581208-omaha-004-112.JPG	 					wsw1/2w	169	175	13	30.12	77	77	75	78		ocqr	nim	0				
1873-07-03	10	3.38	-83.81	253.12		4.4		https://s3.amazonaws.com/NARAprodstorage/lz/dc-metro/rg-024/581208/2020-03/581208-omaha-004/581208-omaha-004-112.JPG	https://s3.amazonaws.com/NARAprodstorage/lz/dc-metro/rg-024/581208/2020-03/581208-omaha-004/581208-omaha-004-112.JPG	 					wsw1/2w	169	175	13	30.12	77	77	75	78		bcq	nim	2				
1873-07-03	11	3.4	-83.89	270		5		https://s3.amazonaws.com/NARAprodstorage/lz/dc-metro/rg-024/581208/2020-03/581208-omaha-004/581208-omaha-004-112.JPG	https://s3.amazonaws.com/NARAprodstorage/lz/dc-metro/rg-024/581208/2020-03/581208-omaha-004/581208-omaha-004-112.JPG	 					w	169	175	13	30.12	77	77	75	78		ocq	nim	0				
1873-07-03	12	3.42	-83.98	264.38		5.4		https://s3.amazonaws.com/NARAprodstorage/lz/dc-metro/rg-024/581208/2020-03/581208-omaha-004/581208-omaha-004-112.JPG	https://s3.amazonaws.com/NARAprodstorage/lz/dc-metro/rg-024/581208/2020-03/581208-omaha-004/581208-omaha-004-112.JPG	 			3 25N	83 59W	w1/2s	191	197	13	30.14	80	78	76	80		ocq	nim	0				
1873-07-03	13	3.44	-84.05	270		5		https://s3.amazonaws.com/NARAprodstorage/lz/dc-metro/rg-024/581208/2020-03/581208-omaha-004/581208-omaha-004-112.JPG	https://s3.amazonaws.com/NARAprodstorage/lz/dc-metro/rg-024/581208/2020-03/581208-omaha-004/581208-omaha-004-112.JPG	 					w	191	197	8	30.15	79	78	75	80		bcq	cir ni8m	2				
1873-07-03	14	3.46	-84.11	264.38		5		https://s3.amazonaws.com/NARAprodstorage/lz/dc-metro/rg-024/581208/2020-03/581208-omaha-004/581208-omaha-004-112.JPG	https://s3.amazonaws.com/NARAprodstorage/lz/dc-metro/rg-024/581208/2020-03/581208-omaha-004/581208-omaha-004-112.JPG	 					w1/2s	191	197	8	30.12	79	78	75	80		bcq	cir cum	4				
1873-07-03	15	3.49	-84.16	275.62		4.6		https://s3.amazonaws.com/NARAprodstorage/lz/dc-metro/rg-024/581208/2020-03/581208-omaha-004/581208-omaha-004-112.JPG	https://s3.amazonaws.com/NARAprodstorage/lz/dc-metro/rg-024/581208/2020-03/581208-omaha-004/581208-omaha-004-112.JPG	 					w1/2n	191	197	8	30.1	79	78	75	80		bcq	cir cum	4				
1873-07-03	16	3.51	-84.21	270		4		https://s3.amazonaws.com/NARAprodstorage/lz/dc-metro/rg-024/581208/2020-03/581208-omaha-004/581208-omaha-004-112.JPG	https://s3.amazonaws.com/NARAprodstorage/lz/dc-metro/rg-024/581208/2020-03/581208-omaha-004/581208-omaha-004-112.JPG	 					w	191	197	8	30.1	79	78	75	80		bcqr	cir cum	4				
1873-07-03	17	3.47	-84.15	140.62		4		https://s3.amazonaws.com/NARAprodstorage/lz/dc-metro/rg-024/581208/2020-03/581208-omaha-004/581208-omaha-004-112.JPG	https://s3.amazonaws.com/NARAprodstorage/lz/dc-metro/rg-024/581208/2020-03/581208-omaha-004/581208-omaha-004-112.JPG	 					se1/2s	202	208	8	30.1	79	76	74	80		bcqr	cir cum	3				
1873-07-03	18	3.42	-84.08	135		5		https://s3.amazonaws.com/NARAprodstorage/lz/dc-metro/rg-024/581208/2020-03/581208-omaha-004/581208-omaha-004-112.JPG	https://s3.amazonaws.com/NARAprodstorage/lz/dc-metro/rg-024/581208/2020-03/581208-omaha-004/581208-omaha-004-112.JPG	 					se	208	214	8	30.12	78	76	75	79		ocqr	nim	2				
1873-07-03	19	3.38	-84.01	135		4.4		https://s3.amazonaws.com/NARAprodstorage/lz/dc-metro/rg-024/581208/2020-03/581208-omaha-004/581208-omaha-004-112.JPG	https://s3.amazonaws.com/NARAprodstorage/lz/dc-metro/rg-024/581208/2020-03/581208-omaha-004/581208-omaha-004-112.JPG	 					se	214	220	8	30.12	77	77	75	79		bcq	cum nim	4				
1873-07-03	20	3.34	-83.95	129.38		4.2		https://s3.amazonaws.com/NARAprodstorage/lz/dc-metro/rg-024/581208/2020-03/581208-omaha-004/581208-omaha-004-112.JPG	https://s3.amazonaws.com/NARAprodstorage/lz/dc-metro/rg-024/581208/2020-03/581208-omaha-004/581208-omaha-004-112.JPG	 					se1/2e	214	220	5	30.14	77	77	75	79		bcq	cum nim	6				
1873-07-03	21	3.3	-83.87	129.38		4.4		https://s3.amazonaws.com/NARAprodstorage/lz/dc-metro/rg-024/581208/2020-03/581208-omaha-004/581208-omaha-004-112.JPG	https://s3.amazonaws.com/NARAprodstorage/lz/dc-metro/rg-024/581208/2020-03/581208-omaha-004/581208-omaha-004-112.JPG	 					se1/2e	214	220	8	30.18	78	77	75	79		bc	cum nim	2				
1873-07-03	22	3.26	-83.8	129.38		5		https://s3.amazonaws.com/NARAprodstorage/lz/dc-metro/rg-024/581208/2020-03/581208-omaha-004/581208-omaha-004-112.JPG	https://s3.amazonaws.com/NARAprodstorage/lz/dc-metro/rg-024/581208/2020-03/581208-omaha-004/581208-omaha-004-112.JPG	 					se1/2e	214	220	8	30.18	78	77	75	79		oc	cum nim	0				
1873-07-03	23	3.2	-83.73	143.44		5		https://s3.amazonaws.com/NARAprodstorage/lz/dc-metro/rg-024/581208/2020-03/581208-omaha-004/581208-omaha-004-112.JPG	https://s3.amazonaws.com/NARAprodstorage/lz/dc-metro/rg-024/581208/2020-03/581208-omaha-004/581208-omaha-004-112.JPG	 					se3/4s	202	208	8	30.18	78	77	75	78		bc	cir cum	8				
1873-07-03	24	3.13	-83.67	143.44		5.4		https://s3.amazonaws.com/NARAprodstorage/lz/dc-metro/rg-024/581208/2020-03/581208-omaha-004/581208-omaha-004-112.JPG	https://s3.amazonaws.com/NARAprodstorage/lz/dc-metro/rg-024/581208/2020-03/581208-omaha-004/581208-omaha-004-112.JPG	 					se3/4s	202	208	13	30.2	77	76	74	78		bc	cum nim	4				
1873-07-04	1	3.07	-83.58	129.38		6.4		https://s3.amazonaws.com/NARAprodstorage/lz/dc-metro/rg-024/581208/2020-03/581208-omaha-004/581208-omaha-004-113.JPG	https://s3.amazonaws.com/NARAprodstorage/lz/dc-metro/rg-024/581208/2020-03/581208-omaha-004/581208-omaha-004-113.JPG	 					se1/2e	202	208	13	30.17	76	76	74	80		ocqr	nim	0				
1873-07-04	2	3.01	-83.49	129.38		6		https://s3.amazonaws.com/NARAprodstorage/lz/dc-metro/rg-024/581208/2020-03/581208-omaha-004/581208-omaha-004-113.JPG	https://s3.amazonaws.com/NARAprodstorage/lz/dc-metro/rg-024/581208/2020-03/581208-omaha-004/581208-omaha-004-113.JPG	 					se1/2e	202	208	13	30.15	76	76	74	80		ocq	nim	0				
1873-07-04	3	2.97	-83.4	126.56		5		https://s3.amazonaws.com/NARAprodstorage/lz/dc-metro/rg-024/581208/2020-03/581208-omaha-004/581208-omaha-004-113.JPG	https://s3.amazonaws.com/NARAprodstorage/lz/dc-metro/rg-024/581208/2020-03/581208-omaha-004/581208-omaha-004-113.JPG	 					se3/4e	202	208	8	30.13	76	76	74	80		ocqr	nim	0				
1873-07-04	4	2.91	-83.31	129.38		6.2		https://s3.amazonaws.com/NARAprodstorage/lz/dc-metro/rg-024/581208/2020-03/581208-omaha-004/581208-omaha-004-113.JPG	https://s3.amazonaws.com/NARAprodstorage/lz/dc-metro/rg-024/581208/2020-03/581208-omaha-004/581208-omaha-004-113.JPG	 					se1/2e	202	208	8	30.13	75	75	73	80		ocqr	nim	0				
1873-07-04	5	2.87	-83.23	126.56		5		https://s3.amazonaws.com/NARAprodstorage/lz/dc-metro/rg-024/581208/2020-03/581208-omaha-004/581208-omaha-004-113.JPG	https://s3.amazonaws.com/NARAprodstorage/lz/dc-metro/rg-024/581208/2020-03/581208-omaha-004/581208-omaha-004-113.JPG	 					se3/4e	202	208	8	30.11	77	76	73	79		bc	cum nim	3				
1873-07-04	6	2.83	-83.15	123.75		5		https://s3.amazonaws.com/NARAprodstorage/lz/dc-metro/rg-024/581208/2020-03/581208-omaha-004/581208-omaha-004-113.JPG	https://s3.amazonaws.com/NARAprodstorage/lz/dc-metro/rg-024/581208/2020-03/581208-omaha-004/581208-omaha-004-113.JPG	 					sexe	202	208	8	30.11	77	76	73	79		bcq	cum nim	0				
1873-07-04	7	2.78	-83.07	129.38		5		https://s3.amazonaws.com/NARAprodstorage/lz/dc-metro/rg-024/581208/2020-03/581208-omaha-004/581208-omaha-004-113.JPG	https://s3.amazonaws.com/NARAprodstorage/lz/dc-metro/rg-024/581208/2020-03/581208-omaha-004/581208-omaha-004-113.JPG	 					se1/2e	202	208	8	30.14	78	76	73	79		oc	cum nim	3				
1873-07-04	8	2.74	-82.99	126.56		5		https://s3.amazonaws.com/NARAprodstorage/lz/dc-metro/rg-024/581208/2020-03/581208-omaha-004/581208-omaha-004-113.JPG	https://s3.amazonaws.com/NARAprodstorage/lz/dc-metro/rg-024/581208/2020-03/581208-omaha-004/581208-omaha-004-113.JPG	 					se3/4e	202	208	8	30.14	78	76	73	79		bc	cum nim	2				
1873-07-04	9	2.74	-82.96	141		1.2		https://s3.amazonaws.com/NARAprodstorage/lz/dc-metro/rg-024/581208/2020-03/581208-omaha-004/581208-omaha-004-113.JPG	https://s3.amazonaws.com/NARAprodstorage/lz/dc-metro/rg-024/581208/2020-03/581208-omaha-004/581208-omaha-004-113.JPG	 					sexe1/2e|w	197	203	8	30.16	78	76	73	79		bc	cum nim	5				
1873-07-04	10	2.77	-83.01	275.62		4.4		https://s3.amazonaws.com/NARAprodstorage/lz/dc-metro/rg-024/581208/2020-03/581208-omaha-004/581208-omaha-004-113.JPG	https://s3.amazonaws.com/NARAprodstorage/lz/dc-metro/rg-024/581208/2020-03/581208-omaha-004/581208-omaha-004-113.JPG	 					w1/2n	197	203	8	30.16	78	76	73	78		bc	cum nim	5				
1873-07-04	11	2.79	-83.07	270		5		https://s3.amazonaws.com/NARAprodstorage/lz/dc-metro/rg-024/581208/2020-03/581208-omaha-004/581208-omaha-004-113.JPG	https://s3.amazonaws.com/NARAprodstorage/lz/dc-metro/rg-024/581208/2020-03/581208-omaha-004/581208-omaha-004-113.JPG	 					w	888	888	8	30.18	78	77	74	78		oc	cum nim	1				
1873-07-04	12	2.8	-83.13	258.75		5		https://s3.amazonaws.com/NARAprodstorage/lz/dc-metro/rg-024/581208/2020-03/581208-omaha-004/581208-omaha-004-113.JPG	https://s3.amazonaws.com/NARAprodstorage/lz/dc-metro/rg-024/581208/2020-03/581208-omaha-004/581208-omaha-004-113.JPG	 			2 48N	83 8W	wxs	888	888	8	30.16	77	77	74	79		bc	cum nim	2				
1873-07-04	13	2.84	-83.19	281.25		4		https://s3.amazonaws.com/NARAprodstorage/lz/dc-metro/rg-024/581208/2020-03/581208-omaha-004/581208-omaha-004-113.JPG	https://s3.amazonaws.com/NARAprodstorage/lz/dc-metro/rg-024/581208/2020-03/581208-omaha-004/581208-omaha-004-113.JPG	 					wxn	202	208	8	30.17	78	78	75	79		bc	cum nim	1				
1873-07-04	14	2.88	-83.25	286.88		4		https://s3.amazonaws.com/NARAprodstorage/lz/dc-metro/rg-024/581208/2020-03/581208-omaha-004/581208-omaha-004-113.JPG	https://s3.amazonaws.com/NARAprodstorage/lz/dc-metro/rg-024/581208/2020-03/581208-omaha-004/581208-omaha-004-113.JPG	1400: wore to Sd + Wd.					wnw1/2w	225	231	8	30.13	77	77	75	79		oc	cum nim	0				
1873-07-04	15	2.85	-83.2	126.56		4		https://s3.amazonaws.com/NARAprodstorage/lz/dc-metro/rg-024/581208/2020-03/581208-omaha-004/581208-omaha-004-113.JPG	https://s3.amazonaws.com/NARAprodstorage/lz/dc-metro/rg-024/581208/2020-03/581208-omaha-004/581208-omaha-004-113.JPG	 					se3/4e	225	231	8	30.13	77	77	75	78		oc	cum nim	0				
1873-07-04	16	2.81	-83.15	135		4		https://s3.amazonaws.com/NARAprodstorage/lz/dc-metro/rg-024/581208/2020-03/581208-omaha-004/581208-omaha-004-113.JPG	https://s3.amazonaws.com/NARAprodstorage/lz/dc-metro/rg-024/581208/2020-03/581208-omaha-004/581208-omaha-004-113.JPG	 					se	202	208	8	30.13	77	77	75	78		oc	cum nim	0				
1873-07-04	17	2.79	-83.09	115.31		4.2		https://s3.amazonaws.com/NARAprodstorage/lz/dc-metro/rg-024/581208/2020-03/581208-omaha-004/581208-omaha-004-113.JPG	https://s3.amazonaws.com/NARAprodstorage/lz/dc-metro/rg-024/581208/2020-03/581208-omaha-004/581208-omaha-004-113.JPG	 					sexe3/4e	191	197	5	30.14	78	76	74	79		oc	nim	1				
1873-07-04	18	2.77	-83.02	112.5		5		https://s3.amazonaws.com/NARAprodstorage/lz/dc-metro/rg-024/581208/2020-03/581208-omaha-004/581208-omaha-004-113.JPG	https://s3.amazonaws.com/NARAprodstorage/lz/dc-metro/rg-024/581208/2020-03/581208-omaha-004/581208-omaha-004-113.JPG	 					ese	180	186	5	30.14	78	76	73	79		oc	nim	0				
1873-07-04	19	2.73	-82.95	123.75		5		https://s3.amazonaws.com/NARAprodstorage/lz/dc-metro/rg-024/581208/2020-03/581208-omaha-004/581208-omaha-004-113.JPG	https://s3.amazonaws.com/NARAprodstorage/lz/dc-metro/rg-024/581208/2020-03/581208-omaha-004/581208-omaha-004-113.JPG	 					sexe	191	197	5	30.14	78	76	73	79		oc	nim	0				
1873-07-04	20	2.69	-82.88	118.12		5		https://s3.amazonaws.com/NARAprodstorage/lz/dc-metro/rg-024/581208/2020-03/581208-omaha-004/581208-omaha-004-113.JPG	https://s3.amazonaws.com/NARAprodstorage/lz/dc-metro/rg-024/581208/2020-03/581208-omaha-004/581208-omaha-004-113.JPG	 					sexe1/2e	191	197	5	30.18	78	76	73	79		oc	nim	0				
1873-07-04	21	2.65	-82.81	123.75		5.2		https://s3.amazonaws.com/NARAprodstorage/lz/dc-metro/rg-024/581208/2020-03/581208-omaha-004/581208-omaha-004-113.JPG	https://s3.amazonaws.com/NARAprodstorage/lz/dc-metro/rg-024/581208/2020-03/581208-omaha-004/581208-omaha-004-113.JPG	2140: Wore to Nd + Wd.					sexe	197	203	5	30.18	77	76	73	78		bc	cum nim	2				
1873-07-04	22	2.64	-82.76	119		3		https://s3.amazonaws.com/NARAprodstorage/lz/dc-metro/rg-024/581208/2020-03/581208-omaha-004/581208-omaha-004-113.JPG	https://s3.amazonaws.com/NARAprodstorage/lz/dc-metro/rg-024/581208/2020-03/581208-omaha-004/581208-omaha-004-113.JPG	 					sexe1/2e|wnw	202	208	5	30.18	77	76	73	78		oc	cum nim	1				
1873-07-04	23	2.67	-82.83	275.62		4		https://s3.amazonaws.com/NARAprodstorage/lz/dc-metro/rg-024/581208/2020-03/581208-omaha-004/581208-omaha-004-113.JPG	https://s3.amazonaws.com/NARAprodstorage/lz/dc-metro/rg-024/581208/2020-03/581208-omaha-004/581208-omaha-004-113.JPG	 					w1/2n	202	208	5	30.18	77	76	74	78		ocr	nim	0				
1873-07-04	24	2.69	-82.89	264.38		4		https://s3.amazonaws.com/NARAprodstorage/lz/dc-metro/rg-024/581208/2020-03/581208-omaha-004/581208-omaha-004-113.JPG	https://s3.amazonaws.com/NARAprodstorage/lz/dc-metro/rg-024/581208/2020-03/581208-omaha-004/581208-omaha-004-113.JPG	 					w1/2s	202	208	8	30.18	77	76	74	78		ocqr	cum nim	1				
1873-07-05	1	2.71	-82.97	267.19		5		https://s3.amazonaws.com/NARAprodstorage/lz/dc-metro/rg-024/581208/2020-03/581208-omaha-004/581208-omaha-004-114.JPG	https://s3.amazonaws.com/NARAprodstorage/lz/dc-metro/rg-024/581208/2020-03/581208-omaha-004/581208-omaha-004-114.JPG	 					w1/4s	225	231	8	30.18	77	76	74	79		ocqr	cum nim	0				
1873-07-05	2	2.73	-83.04	264.38		4.6		https://s3.amazonaws.com/NARAprodstorage/lz/dc-metro/rg-024/581208/2020-03/581208-omaha-004/581208-omaha-004-114.JPG	https://s3.amazonaws.com/NARAprodstorage/lz/dc-metro/rg-024/581208/2020-03/581208-omaha-004/581208-omaha-004-114.JPG	 					w1/2s	225	231	8	30.17	76	76	74	79		bcq	cum nim	3				
1873-07-05	3	2.75	-83.12	270		5		https://s3.amazonaws.com/NARAprodstorage/lz/dc-metro/rg-024/581208/2020-03/581208-omaha-004/581208-omaha-004-114.JPG	https://s3.amazonaws.com/NARAprodstorage/lz/dc-metro/rg-024/581208/2020-03/581208-omaha-004/581208-omaha-004-114.JPG	 					w	202	208	8	30.17	76	76	74	78		bcq	cum nim	3				
1873-07-05	4	2.77	-83.2	264.38		5.2		https://s3.amazonaws.com/NARAprodstorage/lz/dc-metro/rg-024/581208/2020-03/581208-omaha-004/581208-omaha-004-114.JPG	https://s3.amazonaws.com/NARAprodstorage/lz/dc-metro/rg-024/581208/2020-03/581208-omaha-004/581208-omaha-004-114.JPG	 					w1/2s	202	208	8	30.15	76	76	74	78		ocq	cum nim	0				
1873-07-05	5	2.78	-83.3	261.56		6		https://s3.amazonaws.com/NARAprodstorage/lz/dc-metro/rg-024/581208/2020-03/581208-omaha-004/581208-omaha-004-114.JPG	https://s3.amazonaws.com/NARAprodstorage/lz/dc-metro/rg-024/581208/2020-03/581208-omaha-004/581208-omaha-004-114.JPG	 					w3/4s	191	197	13	30.15	77	76	74	78		ocqr	cum nim	0				
1873-07-05	6	2.82	-83.37	278.44		4.6		https://s3.amazonaws.com/NARAprodstorage/lz/dc-metro/rg-024/581208/2020-03/581208-omaha-004/581208-omaha-004-114.JPG	https://s3.amazonaws.com/NARAprodstorage/lz/dc-metro/rg-024/581208/2020-03/581208-omaha-004/581208-omaha-004-114.JPG	 					w3/4n	191	197	13	30.16	78	76	73	79		ocq	cum nim	0				
1873-07-05	7	2.82	-83.37	197		1.2		https://s3.amazonaws.com/NARAprodstorage/lz/dc-metro/rg-024/581208/2020-03/581208-omaha-004/581208-omaha-004-114.JPG	https://s3.amazonaws.com/NARAprodstorage/lz/dc-metro/rg-024/581208/2020-03/581208-omaha-004/581208-omaha-004-114.JPG	0730: Wore ship to Sd + Ed.					w1/2n|sexe1/2e	202	208	8	30.17	78	76	73	79		ocq	cum nim	0				
1873-07-05	8	2.78	-83.28	115.31		6.2		https://s3.amazonaws.com/NARAprodstorage/lz/dc-metro/rg-024/581208/2020-03/581208-omaha-004/581208-omaha-004-114.JPG	https://s3.amazonaws.com/NARAprodstorage/lz/dc-metro/rg-024/581208/2020-03/581208-omaha-004/581208-omaha-004-114.JPG	 					sexe3/4e	202	208	8	30.19	77	76	73	78		bcq	cum nim	3				
1873-07-05	9	2.73	-83.2	118.12		6.2		https://s3.amazonaws.com/NARAprodstorage/lz/dc-metro/rg-024/581208/2020-03/581208-omaha-004/581208-omaha-004-114.JPG	https://s3.amazonaws.com/NARAprodstorage/lz/dc-metro/rg-024/581208/2020-03/581208-omaha-004/581208-omaha-004-114.JPG	 					sexe1/2e	191	197	13	30.19	77	77	74	79		ocq	cum nim	0				
1873-07-05	10	2.69	-83.1	118.12		6.4		https://s3.amazonaws.com/NARAprodstorage/lz/dc-metro/rg-024/581208/2020-03/581208-omaha-004/581208-omaha-004-114.JPG	https://s3.amazonaws.com/NARAprodstorage/lz/dc-metro/rg-024/581208/2020-03/581208-omaha-004/581208-omaha-004-114.JPG	 					sexe1/2e	191	197	13	30.19	77	76	74	79		ocq	cum nim	0				
1873-07-05	11	2.65	-83.01	112.5		6.4		https://s3.amazonaws.com/NARAprodstorage/lz/dc-metro/rg-024/581208/2020-03/581208-omaha-004/581208-omaha-004-114.JPG	https://s3.amazonaws.com/NARAprodstorage/lz/dc-metro/rg-024/581208/2020-03/581208-omaha-004/581208-omaha-004-114.JPG	 					ese	191	197	13	30.17	78	76	74	79		bcq	cum nim	1				
1873-07-05	12	2.62	-82.92	112.5		6		https://s3.amazonaws.com/NARAprodstorage/lz/dc-metro/rg-024/581208/2020-03/581208-omaha-004/581208-omaha-004-114.JPG	https://s3.amazonaws.com/NARAprodstorage/lz/dc-metro/rg-024/581208/2020-03/581208-omaha-004/581208-omaha-004-114.JPG	 			2 37N	82 55W	ese	191	197	13	30.17	78	77	74	79		bcq	cum nim	1				
1873-07-05	13	2.57	-82.83	118.12		6		https://s3.amazonaws.com/NARAprodstorage/lz/dc-metro/rg-024/581208/2020-03/581208-omaha-004/581208-omaha-004-114.JPG	https://s3.amazonaws.com/NARAprodstorage/lz/dc-metro/rg-024/581208/2020-03/581208-omaha-004/581208-omaha-004-114.JPG	 					sexe1/2e	197	203	13	30.12	78	77	73	78		bcq	cum nim	1				
1873-07-05	14	2.52	-82.76	118.12		5.6		https://s3.amazonaws.com/NARAprodstorage/lz/dc-metro/rg-024/581208/2020-03/581208-omaha-004/581208-omaha-004-114.JPG	https://s3.amazonaws.com/NARAprodstorage/lz/dc-metro/rg-024/581208/2020-03/581208-omaha-004/581208-omaha-004-114.JPG	 					sexe1/2e	197	203	8	30.14	78	77	74	78		bcq	cum nim	1				
1873-07-05	15	2.48	-82.68	118.12		5.4		https://s3.amazonaws.com/NARAprodstorage/lz/dc-metro/rg-024/581208/2020-03/581208-omaha-004/581208-omaha-004-114.JPG	https://s3.amazonaws.com/NARAprodstorage/lz/dc-metro/rg-024/581208/2020-03/581208-omaha-004/581208-omaha-004-114.JPG	 					sexe1/2e	197	203	8	30.12	78	77	74	78		bc	cum nim	4				
1873-07-05	16	2.43	-82.6	118.12		6		https://s3.amazonaws.com/NARAprodstorage/lz/dc-metro/rg-024/581208/2020-03/581208-omaha-004/581208-omaha-004-114.JPG	https://s3.amazonaws.com/NARAprodstorage/lz/dc-metro/rg-024/581208/2020-03/581208-omaha-004/581208-omaha-004-114.JPG	 					sexe1/2e	197	203	13	30.14	78	77	74	78		ocq	nim	0				
1873-07-05	17	2.39	-82.52	118.12		5.4		https://s3.amazonaws.com/NARAprodstorage/lz/dc-metro/rg-024/581208/2020-03/581208-omaha-004/581208-omaha-004-114.JPG	https://s3.amazonaws.com/NARAprodstorage/lz/dc-metro/rg-024/581208/2020-03/581208-omaha-004/581208-omaha-004-114.JPG	 					sexe1/2e	197	203	13	30.12	78	76	73	78		ocq	cum nim	0				
1873-07-05	18	2.34	-82.45	123.75		5.4		https://s3.amazonaws.com/NARAprodstorage/lz/dc-metro/rg-024/581208/2020-03/581208-omaha-004/581208-omaha-004-114.JPG	https://s3.amazonaws.com/NARAprodstorage/lz/dc-metro/rg-024/581208/2020-03/581208-omaha-004/581208-omaha-004-114.JPG	 					sexe	202	208	13	30.14	77	76	73	78		ocq	nim	0				
1873-07-05	19	2.27	-82.39	135		6.2		https://s3.amazonaws.com/NARAprodstorage/lz/dc-metro/rg-024/581208/2020-03/581208-omaha-004/581208-omaha-004-114.JPG	https://s3.amazonaws.com/NARAprodstorage/lz/dc-metro/rg-024/581208/2020-03/581208-omaha-004/581208-omaha-004-114.JPG	 					se	214	220	13	30.14	77	76	73	78		bc	cum nim	4				
1873-07-05	20	2.2	-82.34	143.44		5		https://s3.amazonaws.com/NARAprodstorage/lz/dc-metro/rg-024/581208/2020-03/581208-omaha-004/581208-omaha-004-114.JPG	https://s3.amazonaws.com/NARAprodstorage/lz/dc-metro/rg-024/581208/2020-03/581208-omaha-004/581208-omaha-004-114.JPG	 					se3/4s	214	220	13	30.16	77	76	73	77		bc	cum nim	4				
1873-07-05	21	2.15	-82.28	129.38		5.4		https://s3.amazonaws.com/NARAprodstorage/lz/dc-metro/rg-024/581208/2020-03/581208-omaha-004/581208-omaha-004-114.JPG	https://s3.amazonaws.com/NARAprodstorage/lz/dc-metro/rg-024/581208/2020-03/581208-omaha-004/581208-omaha-004-114.JPG	 					se1/2e	214	220	13	30.19	77	76	73	78		oc	cum nim	0				
1873-07-05	22	2.1	-82.2	120.94		6		https://s3.amazonaws.com/NARAprodstorage/lz/dc-metro/rg-024/581208/2020-03/581208-omaha-004/581208-omaha-004-114.JPG	https://s3.amazonaws.com/NARAprodstorage/lz/dc-metro/rg-024/581208/2020-03/581208-omaha-004/581208-omaha-004-114.JPG	 					sexe1/4e	180	186	13	30.19	77	76	73	78		oc	cum nim	0				
1873-07-05	23	2.04	-82.12	120.94		6		https://s3.amazonaws.com/NARAprodstorage/lz/dc-metro/rg-024/581208/2020-03/581208-omaha-004/581208-omaha-004-114.JPG	https://s3.amazonaws.com/NARAprodstorage/lz/dc-metro/rg-024/581208/2020-03/581208-omaha-004/581208-omaha-004-114.JPG	 					sexe1/4e	180	186	13	30.19	77	76	73	78		oc	cum nim	0				
1873-07-05	24	1.99	-82.04	120.94		6		https://s3.amazonaws.com/NARAprodstorage/lz/dc-metro/rg-024/581208/2020-03/581208-omaha-004/581208-omaha-004-114.JPG	https://s3.amazonaws.com/NARAprodstorage/lz/dc-metro/rg-024/581208/2020-03/581208-omaha-004/581208-omaha-004-114.JPG	 					sexe1/4e	180	186	13	30.19	77	76	73	78		oc	cum nim	0				
1873-07-06	1	1.95	-81.97	120.94		5.4		https://s3.amazonaws.com/NARAprodstorage/lz/dc-metro/rg-024/581208/2020-03/581208-omaha-004/581208-omaha-004-115.JPG	https://s3.amazonaws.com/NARAprodstorage/lz/dc-metro/rg-024/581208/2020-03/581208-omaha-004/581208-omaha-004-115.JPG	 					sexe1/4e	202	208	8	30.16	76	76	73	78		bcqr	nim	2				
1873-07-06	2	1.87	-81.9	137.81		6.4		https://s3.amazonaws.com/NARAprodstorage/lz/dc-metro/rg-024/581208/2020-03/581208-omaha-004/581208-omaha-004-115.JPG	https://s3.amazonaws.com/NARAprodstorage/lz/dc-metro/rg-024/581208/2020-03/581208-omaha-004/581208-omaha-004-115.JPG	 					se1/4s	888	888	13	30.11	75	74	72	77		ocqr	nim	0				
1873-07-06	3	1.8	-81.83	129.38		6.2		https://s3.amazonaws.com/NARAprodstorage/lz/dc-metro/rg-024/581208/2020-03/581208-omaha-004/581208-omaha-004-115.JPG	https://s3.amazonaws.com/NARAprodstorage/lz/dc-metro/rg-024/581208/2020-03/581208-omaha-004/581208-omaha-004-115.JPG	 					se1/2e	888	888	13	30.1	75	74	72	78		bcq	cum nim	0				
1873-07-06	4	1.74	-81.76	129.38		6		https://s3.amazonaws.com/NARAprodstorage/lz/dc-metro/rg-024/581208/2020-03/581208-omaha-004/581208-omaha-004-115.JPG	https://s3.amazonaws.com/NARAprodstorage/lz/dc-metro/rg-024/581208/2020-03/581208-omaha-004/581208-omaha-004-115.JPG	 					se1/2e	888	888	13	30.1	75	74	72	78		ocqr	nim	0				
1873-07-06	5	1.7	-81.69	118.12		5.2		https://s3.amazonaws.com/NARAprodstorage/lz/dc-metro/rg-024/581208/2020-03/581208-omaha-004/581208-omaha-004-115.JPG	https://s3.amazonaws.com/NARAprodstorage/lz/dc-metro/rg-024/581208/2020-03/581208-omaha-004/581208-omaha-004-115.JPG	 					sexe1/2e	191	197	13	30.09	75	73	73	77		ocq	nim	0				
1873-07-06	6	1.65	-81.61	118.12		5.6		https://s3.amazonaws.com/NARAprodstorage/lz/dc-metro/rg-024/581208/2020-03/581208-omaha-004/581208-omaha-004-115.JPG	https://s3.amazonaws.com/NARAprodstorage/lz/dc-metro/rg-024/581208/2020-03/581208-omaha-004/581208-omaha-004-115.JPG	 					sexe1/2e	191	197	13	30.15	75	73	73	77		ocq	nim	0				
1873-07-06	7	1.62	-81.52	109.69		6.2		https://s3.amazonaws.com/NARAprodstorage/lz/dc-metro/rg-024/581208/2020-03/581208-omaha-004/581208-omaha-004-115.JPG	https://s3.amazonaws.com/NARAprodstorage/lz/dc-metro/rg-024/581208/2020-03/581208-omaha-004/581208-omaha-004-115.JPG	 					ese1/4e	191	197	13	30.17	75	73	73	77		ocqr	nim	0				
1873-07-06	8	1.6	-81.52	179		1.4		https://s3.amazonaws.com/NARAprodstorage/lz/dc-metro/rg-024/581208/2020-03/581208-omaha-004/581208-omaha-004-115.JPG	https://s3.amazonaws.com/NARAprodstorage/lz/dc-metro/rg-024/581208/2020-03/581208-omaha-004/581208-omaha-004-115.JPG	 					ese1/4e|wsw	191	197	13	30.2	75	73	73	76		ocqr	nim	0				
1873-07-06	9	1.6	-81.62	258.75		6		https://s3.amazonaws.com/NARAprodstorage/lz/dc-metro/rg-024/581208/2020-03/581208-omaha-004/581208-omaha-004-115.JPG	https://s3.amazonaws.com/NARAprodstorage/lz/dc-metro/rg-024/581208/2020-03/581208-omaha-004/581208-omaha-004-115.JPG	 					wxs	191	197	13	30.22	76	73	72	78		ocqr	nim	0				
1873-07-06	10	1.6	-81.72	258.75		6.2		https://s3.amazonaws.com/NARAprodstorage/lz/dc-metro/rg-024/581208/2020-03/581208-omaha-004/581208-omaha-004-115.JPG	https://s3.amazonaws.com/NARAprodstorage/lz/dc-metro/rg-024/581208/2020-03/581208-omaha-004/581208-omaha-004-115.JPG	 					wxs	191	197	13	30.2	76	73	72	78		bcqr	nim	2				
1873-07-06	11	1.61	-81.82	258.75		6		https://s3.amazonaws.com/NARAprodstorage/lz/dc-metro/rg-024/581208/2020-03/581208-omaha-004/581208-omaha-004-115.JPG	https://s3.amazonaws.com/NARAprodstorage/lz/dc-metro/rg-024/581208/2020-03/581208-omaha-004/581208-omaha-004-115.JPG	 					wxs	191	197	13	30.18	76	75	72	78		bcqr	nim	0				
1873-07-06	12	1.62	-81.92	264.38		6.2		https://s3.amazonaws.com/NARAprodstorage/lz/dc-metro/rg-024/581208/2020-03/581208-omaha-004/581208-omaha-004-115.JPG	https://s3.amazonaws.com/NARAprodstorage/lz/dc-metro/rg-024/581208/2020-03/581208-omaha-004/581208-omaha-004-115.JPG	 			1 37N	81 55W	w1/2s	191	197	13	30.17	76	75	72	78		bcqr	cum nim	0				
1873-07-06	13	1.63	-81.98	272.81		5.4		https://s3.amazonaws.com/NARAprodstorage/lz/dc-metro/rg-024/581208/2020-03/581208-omaha-004/581208-omaha-004-115.JPG	https://s3.amazonaws.com/NARAprodstorage/lz/dc-metro/rg-024/581208/2020-03/581208-omaha-004/581208-omaha-004-115.JPG	1325: Wore ship to Sd + Ed.					w1/4n	202	208	13	30.01	76	75	72	78		ocqr	cum nim	0				
1873-07-06	14	1.61	-81.95	179		1.1		https://s3.amazonaws.com/NARAprodstorage/lz/dc-metro/rg-024/581208/2020-03/581208-omaha-004/581208-omaha-004-115.JPG	https://s3.amazonaws.com/NARAprodstorage/lz/dc-metro/rg-024/581208/2020-03/581208-omaha-004/581208-omaha-004-115.JPG	 					wxn|se	202	208	13	30.13	76	75	72	78		ocqr	cum nim	0				
1873-07-06	15	1.55	-81.87	137.81		4.4		https://s3.amazonaws.com/NARAprodstorage/lz/dc-metro/rg-024/581208/2020-03/581208-omaha-004/581208-omaha-004-115.JPG	https://s3.amazonaws.com/NARAprodstorage/lz/dc-metro/rg-024/581208/2020-03/581208-omaha-004/581208-omaha-004-115.JPG	 					se1/4s	214	220	13	30.1	76	75	72	78		ocqr	cum nim	0				
1873-07-06	16	1.48	-81.8	137.81		5		https://s3.amazonaws.com/NARAprodstorage/lz/dc-metro/rg-024/581208/2020-03/581208-omaha-004/581208-omaha-004-115.JPG	https://s3.amazonaws.com/NARAprodstorage/lz/dc-metro/rg-024/581208/2020-03/581208-omaha-004/581208-omaha-004-115.JPG	 					se1/4s	214	220	13	30.1	76	75	72	78		ocqr	cum nim	0				
1873-07-06	17	1.42	-81.73	140.62		4.4		https://s3.amazonaws.com/NARAprodstorage/lz/dc-metro/rg-024/581208/2020-03/581208-omaha-004/581208-omaha-004-115.JPG	https://s3.amazonaws.com/NARAprodstorage/lz/dc-metro/rg-024/581208/2020-03/581208-omaha-004/581208-omaha-004-115.JPG	 					se1/2s	214	220	8	30.1	76	75	72	78		ocq	cum nim	0				
1873-07-06	18	1.35	-81.65	137.81		5		https://s3.amazonaws.com/NARAprodstorage/lz/dc-metro/rg-024/581208/2020-03/581208-omaha-004/581208-omaha-004-115.JPG	https://s3.amazonaws.com/NARAprodstorage/lz/dc-metro/rg-024/581208/2020-03/581208-omaha-004/581208-omaha-004-115.JPG	 					se1/4s	214	220	8	30.1	76	75	72	78		oc	cum nim	0				
1873-07-06	19	1.29	-81.58	137.81		4.2		https://s3.amazonaws.com/NARAprodstorage/lz/dc-metro/rg-024/581208/2020-03/581208-omaha-004/581208-omaha-004-115.JPG	https://s3.amazonaws.com/NARAprodstorage/lz/dc-metro/rg-024/581208/2020-03/581208-omaha-004/581208-omaha-004-115.JPG	 					se1/4s	202	208	8	30.12	75	75	72	77		oc	cum nim	0				
1873-07-06	20	1.23	-81.51	140.62		4.4		https://s3.amazonaws.com/NARAprodstorage/lz/dc-metro/rg-024/581208/2020-03/581208-omaha-004/581208-omaha-004-115.JPG	https://s3.amazonaws.com/NARAprodstorage/lz/dc-metro/rg-024/581208/2020-03/581208-omaha-004/581208-omaha-004-115.JPG	 					se1/2s	202	208	8	30.15	75	75	72	77		oc	cum nim	0				
1873-07-06	21	1.17	-81.43	135		4.2		https://s3.amazonaws.com/NARAprodstorage/lz/dc-metro/rg-024/581208/2020-03/581208-omaha-004/581208-omaha-004-115.JPG	https://s3.amazonaws.com/NARAprodstorage/lz/dc-metro/rg-024/581208/2020-03/581208-omaha-004/581208-omaha-004-115.JPG	 					se	202	208	8	30.15	76	75	72	77		bcqr	cum nim	4				
1873-07-06	22	1.12	-81.36	129.38		4.2		https://s3.amazonaws.com/NARAprodstorage/lz/dc-metro/rg-024/581208/2020-03/581208-omaha-004/581208-omaha-004-115.JPG	https://s3.amazonaws.com/NARAprodstorage/lz/dc-metro/rg-024/581208/2020-03/581208-omaha-004/581208-omaha-004-115.JPG	 					se1/2e	202	208	8	30.2	75	76	72	77		bc	cum nim	5				
1873-07-06	23	1.07	-81.26	118.12		5		https://s3.amazonaws.com/NARAprodstorage/lz/dc-metro/rg-024/581208/2020-03/581208-omaha-004/581208-omaha-004-115.JPG	https://s3.amazonaws.com/NARAprodstorage/lz/dc-metro/rg-024/581208/2020-03/581208-omaha-004/581208-omaha-004-115.JPG	 					sexe1/2e	180	186	8	30.2	76	74	72			bcqr	cum nim	2				
1873-07-06	24	1.01	-81.19	137.81		4		https://s3.amazonaws.com/NARAprodstorage/lz/dc-metro/rg-024/581208/2020-03/581208-omaha-004/581208-omaha-004-115.JPG	https://s3.amazonaws.com/NARAprodstorage/lz/dc-metro/rg-024/581208/2020-03/581208-omaha-004/581208-omaha-004-115.JPG	 					se1/4s	202	208	8	30.2	76	74	72	78		bc	cum nim	4				
1873-07-07	1	0.95	-81.11	135		5		https://s3.amazonaws.com/NARAprodstorage/lz/dc-metro/rg-024/581208/2020-03/581208-omaha-004/581208-omaha-004-116.JPG	https://s3.amazonaws.com/NARAprodstorage/lz/dc-metro/rg-024/581208/2020-03/581208-omaha-004/581208-omaha-004-116.JPG	 					se	202	208	13	30.16	76	74	72	78		oc	cum nim	0				
1873-07-07	2	0.88	-81.03	135		5		https://s3.amazonaws.com/NARAprodstorage/lz/dc-metro/rg-024/581208/2020-03/581208-omaha-004/581208-omaha-004-116.JPG	https://s3.amazonaws.com/NARAprodstorage/lz/dc-metro/rg-024/581208/2020-03/581208-omaha-004/581208-omaha-004-116.JPG	 					se	202	208	13	30.16	76	74	72	78		bcq	cum nim	3				
1873-07-07	3	0.81	-80.94	135		5		https://s3.amazonaws.com/NARAprodstorage/lz/dc-metro/rg-024/581208/2020-03/581208-omaha-004/581208-omaha-004-116.JPG	https://s3.amazonaws.com/NARAprodstorage/lz/dc-metro/rg-024/581208/2020-03/581208-omaha-004/581208-omaha-004-116.JPG	 					se	202	208	13	30.16	76	74	72	78		ocqr	cum nim	0				
1873-07-07	4	0.74	-80.86	135		5.4		https://s3.amazonaws.com/NARAprodstorage/lz/dc-metro/rg-024/581208/2020-03/581208-omaha-004/581208-omaha-004-116.JPG	https://s3.amazonaws.com/NARAprodstorage/lz/dc-metro/rg-024/581208/2020-03/581208-omaha-004/581208-omaha-004-116.JPG	 					se	202	208	13	30.13	76	74	72	78		ocq	cum nim	0				
1873-07-07	5	0.65	-80.77	137.81		6.4		https://s3.amazonaws.com/NARAprodstorage/lz/dc-metro/rg-024/581208/2020-03/581208-omaha-004/581208-omaha-004-116.JPG	https://s3.amazonaws.com/NARAprodstorage/lz/dc-metro/rg-024/581208/2020-03/581208-omaha-004/581208-omaha-004-116.JPG	 					se1/4s	202	208	13	30.14	76	74	72	77		ocqr	nim	0				
1873-07-07	6	0.58	-80.68	137.81		5.6		https://s3.amazonaws.com/NARAprodstorage/lz/dc-metro/rg-024/581208/2020-03/581208-omaha-004/581208-omaha-004-116.JPG	https://s3.amazonaws.com/NARAprodstorage/lz/dc-metro/rg-024/581208/2020-03/581208-omaha-004/581208-omaha-004-116.JPG	 					se1/4s	202	208	13	30.14	76	74	72	78		ocqr	nim	0				
1873-07-07	7	0.51	-80.6	135		5.2		https://s3.amazonaws.com/NARAprodstorage/lz/dc-metro/rg-024/581208/2020-03/581208-omaha-004/581208-omaha-004-116.JPG	https://s3.amazonaws.com/NARAprodstorage/lz/dc-metro/rg-024/581208/2020-03/581208-omaha-004/581208-omaha-004-116.JPG	 					se	202	208	8	30.16	76	75	73	78		bcqr	cum nim	2				
1873-07-07	8	0.43	-80.52	140.62		5.4		https://s3.amazonaws.com/NARAprodstorage/lz/dc-metro/rg-024/581208/2020-03/581208-omaha-004/581208-omaha-004-116.JPG	https://s3.amazonaws.com/NARAprodstorage/lz/dc-metro/rg-024/581208/2020-03/581208-omaha-004/581208-omaha-004-116.JPG	 					se1/2s	202	208	8	30.16	76	75	73	77		ocq	cum nim	1				
1873-07-07	9	0.35	-80.44	140.62		5.6		https://s3.amazonaws.com/NARAprodstorage/lz/dc-metro/rg-024/581208/2020-03/581208-omaha-004/581208-omaha-004-116.JPG	https://s3.amazonaws.com/NARAprodstorage/lz/dc-metro/rg-024/581208/2020-03/581208-omaha-004/581208-omaha-004-116.JPG	0950: Wore ship to Nd&Wd.					se1/2s	202	210	8	30.16	76	75	73	77		oc	cum nim	1				
1873-07-07	10	0.27	-80.35	135		5.6		https://s3.amazonaws.com/NARAprodstorage/lz/dc-metro/rg-024/581208/2020-03/581208-omaha-004/581208-omaha-004-116.JPG	https://s3.amazonaws.com/NARAprodstorage/lz/dc-metro/rg-024/581208/2020-03/581208-omaha-004/581208-omaha-004-116.JPG	 					se	202	210	8	30.18	76	75	73	77		oc	cum nim	1				
1873-07-07	11	0.3	-80.4	281.25		5		https://s3.amazonaws.com/NARAprodstorage/lz/dc-metro/rg-024/581208/2020-03/581208-omaha-004/581208-omaha-004-116.JPG	https://s3.amazonaws.com/NARAprodstorage/lz/dc-metro/rg-024/581208/2020-03/581208-omaha-004/581208-omaha-004-116.JPG	 					wxn	202	210	8	30.18	75	74	73	76		ocq	cum nim	1				
1873-07-07	12	0.33	-80.45	286.88		5.2		https://s3.amazonaws.com/NARAprodstorage/lz/dc-metro/rg-024/581208/2020-03/581208-omaha-004/581208-omaha-004-116.JPG	https://s3.amazonaws.com/NARAprodstorage/lz/dc-metro/rg-024/581208/2020-03/581208-omaha-004/581208-omaha-004-116.JPG	 			0 20N	80 27W	wnw1/2w	214	221	8	30.16	75	75	72	77		bcq	nim	1				
1873-07-07	13	0.38	-80.54	292.5		6.2		https://s3.amazonaws.com/NARAprodstorage/lz/dc-metro/rg-024/581208/2020-03/581208-omaha-004/581208-omaha-004-116.JPG	https://s3.amazonaws.com/NARAprodstorage/lz/dc-metro/rg-024/581208/2020-03/581208-omaha-004/581208-omaha-004-116.JPG	1330: Wore ship to Sd + Ed.					wnw	225	232	8	30.14	77	75	72	77		bc	cir	2				
1873-07-07	14	0.38	-80.57	254		1.7		https://s3.amazonaws.com/NARAprodstorage/lz/dc-metro/rg-024/581208/2020-03/581208-omaha-004/581208-omaha-004-116.JPG	https://s3.amazonaws.com/NARAprodstorage/lz/dc-metro/rg-024/581208/2020-03/581208-omaha-004/581208-omaha-004-116.JPG	 					wnw|SE3/4S	225	232	5	30.12	77	75	72	77		oc	cir	0				
1873-07-07	15	0.29	-80.53	146.25		5.4		https://s3.amazonaws.com/NARAprodstorage/lz/dc-metro/rg-024/581208/2020-03/581208-omaha-004/581208-omaha-004-116.JPG	https://s3.amazonaws.com/NARAprodstorage/lz/dc-metro/rg-024/581208/2020-03/581208-omaha-004/581208-omaha-004-116.JPG	 					sexs	214	221	5	30.1	77	75	72	77		bc	cir	7				
1873-07-07	16	0.2	-80.51	160.31		5.4		https://s3.amazonaws.com/NARAprodstorage/lz/dc-metro/rg-024/581208/2020-03/581208-omaha-004/581208-omaha-004-116.JPG	https://s3.amazonaws.com/NARAprodstorage/lz/dc-metro/rg-024/581208/2020-03/581208-omaha-004/581208-omaha-004-116.JPG	 					sxe3/4e	214	221	5	30.08	76	75	72	77		bc	cir cum	2				
1873-07-07	17	0.13	-80.49	151.88		5		https://s3.amazonaws.com/NARAprodstorage/lz/dc-metro/rg-024/581208/2020-03/581208-omaha-004/581208-omaha-004-116.JPG	https://s3.amazonaws.com/NARAprodstorage/lz/dc-metro/rg-024/581208/2020-03/581208-omaha-004/581208-omaha-004-116.JPG	 					sse1/2e	214	221	5	30.1	76	74	72	77		bc	cir cum	4				
1873-07-07	18	0.06	-80.46	151.88		4.4		https://s3.amazonaws.com/NARAprodstorage/lz/dc-metro/rg-024/581208/2020-03/581208-omaha-004/581208-omaha-004-116.JPG	https://s3.amazonaws.com/NARAprodstorage/lz/dc-metro/rg-024/581208/2020-03/581208-omaha-004/581208-omaha-004-116.JPG	 					sse1/2e	214	221	5	30.1	76	74	72	77		bc	cir cum	8				
1873-07-07	19	0.06	-80.49	274		1.7		https://s3.amazonaws.com/NARAprodstorage/lz/dc-metro/rg-024/581208/2020-03/581208-omaha-004/581208-omaha-004-116.JPG	https://s3.amazonaws.com/NARAprodstorage/lz/dc-metro/rg-024/581208/2020-03/581208-omaha-004/581208-omaha-004-116.JPG	 					sse1/2e|nwxw3/4w	225	232	5	30.14	74	74	72	77		bc	cum	0				
1873-07-07	20	0.1	-80.55	300.94		4.2		https://s3.amazonaws.com/NARAprodstorage/lz/dc-metro/rg-024/581208/2020-03/581208-omaha-004/581208-omaha-004-116.JPG	https://s3.amazonaws.com/NARAprodstorage/lz/dc-metro/rg-024/581208/2020-03/581208-omaha-004/581208-omaha-004-116.JPG	 					nwxw1/4w	225	232	5	30.14	74	74	72	76		bc	cum	1				
1873-07-07	21	0.14	-80.6	300.94		4		https://s3.amazonaws.com/NARAprodstorage/lz/dc-metro/rg-024/581208/2020-03/581208-omaha-004/581208-omaha-004-116.JPG	https://s3.amazonaws.com/NARAprodstorage/lz/dc-metro/rg-024/581208/2020-03/581208-omaha-004/581208-omaha-004-116.JPG	 					nwxw1/4w	225	232	5	30.17	75	74	72	76		oc	cum	1				
1873-07-07	22	0.17	-80.66	295.31		4		https://s3.amazonaws.com/NARAprodstorage/lz/dc-metro/rg-024/581208/2020-03/581208-omaha-004/581208-omaha-004-116.JPG	https://s3.amazonaws.com/NARAprodstorage/lz/dc-metro/rg-024/581208/2020-03/581208-omaha-004/581208-omaha-004-116.JPG	 					nwxw3/4w	225	232	5	30.2	75	74	72	76		oc	cum	1				
1873-07-07	23	0.24	-80.68	337.5		4		https://s3.amazonaws.com/NARAprodstorage/lz/dc-metro/rg-024/581208/2020-03/581208-omaha-004/581208-omaha-004-116.JPG	https://s3.amazonaws.com/NARAprodstorage/lz/dc-metro/rg-024/581208/2020-03/581208-omaha-004/581208-omaha-004-116.JPG	 					nnw	214	221	5	30.2	75	74	72	75		oc	cum	1				
1873-07-07	24	0.3	-80.7	337.5		4.4		https://s3.amazonaws.com/NARAprodstorage/lz/dc-metro/rg-024/581208/2020-03/581208-omaha-004/581208-omaha-004-116.JPG	https://s3.amazonaws.com/NARAprodstorage/lz/dc-metro/rg-024/581208/2020-03/581208-omaha-004/581208-omaha-004-116.JPG	 					nnw	214	221	5	30.2	75	73	71	76		oc	cum	1				
1873-07-08	1	0.35	-80.79	292.5		6		https://s3.amazonaws.com/NARAprodstorage/lz/dc-metro/rg-024/581208/2020-03/581208-omaha-004/581208-omaha-004-117.JPG	https://s3.amazonaws.com/NARAprodstorage/lz/dc-metro/rg-024/581208/2020-03/581208-omaha-004/581208-omaha-004-117.JPG	 					wnw	225	232	8	30.16	73	73	71	77		bc	cir nim	2				
1873-07-08	2	0.4	-80.86	298.12		5		https://s3.amazonaws.com/NARAprodstorage/lz/dc-metro/rg-024/581208/2020-03/581208-omaha-004/581208-omaha-004-117.JPG	https://s3.amazonaws.com/NARAprodstorage/lz/dc-metro/rg-024/581208/2020-03/581208-omaha-004/581208-omaha-004-117.JPG	0200: Wore ship to Sd + Ed.					nwxw1/2w	236	243	8	30.16	74	73	71	77		bc	cir nim	2				
1873-07-08	3	0.34	-80.8	129.38		5		https://s3.amazonaws.com/NARAprodstorage/lz/dc-metro/rg-024/581208/2020-03/581208-omaha-004/581208-omaha-004-117.JPG	https://s3.amazonaws.com/NARAprodstorage/lz/dc-metro/rg-024/581208/2020-03/581208-omaha-004/581208-omaha-004-117.JPG	 					se1/2e	202	210	8	30.16	75	73	71	77		ocqr	nim	0				
1873-07-08	4	0.28	-80.74	123.75		5.2		https://s3.amazonaws.com/NARAprodstorage/lz/dc-metro/rg-024/581208/2020-03/581208-omaha-004/581208-omaha-004-117.JPG	https://s3.amazonaws.com/NARAprodstorage/lz/dc-metro/rg-024/581208/2020-03/581208-omaha-004/581208-omaha-004-117.JPG	 					sexe	191	198	8	30.14	74	73	70	77		ocqr	nim	0				
1873-07-08	5	0.22	-80.67	123.75		5.4		https://s3.amazonaws.com/NARAprodstorage/lz/dc-metro/rg-024/581208/2020-03/581208-omaha-004/581208-omaha-004-117.JPG	https://s3.amazonaws.com/NARAprodstorage/lz/dc-metro/rg-024/581208/2020-03/581208-omaha-004/581208-omaha-004-117.JPG	 					sexe	191	198	8	30.15	74	72	70	77		ocqr	nim	0				
1873-07-08	6	0.15	-80.62	135		5		https://s3.amazonaws.com/NARAprodstorage/lz/dc-metro/rg-024/581208/2020-03/581208-omaha-004/581208-omaha-004-117.JPG	https://s3.amazonaws.com/NARAprodstorage/lz/dc-metro/rg-024/581208/2020-03/581208-omaha-004/581208-omaha-004-117.JPG	 					se	202	210	8	30.17	74	72	71	77		ocqr	cum nim	0				
1873-07-08	7	0.07	-80.58	143.44		5.2		https://s3.amazonaws.com/NARAprodstorage/lz/dc-metro/rg-024/581208/2020-03/581208-omaha-004/581208-omaha-004-117.JPG	https://s3.amazonaws.com/NARAprodstorage/lz/dc-metro/rg-024/581208/2020-03/581208-omaha-004/581208-omaha-004-117.JPG	 					se3/4s	214	221	8	30.17	74	72	71	77		oc	cum nim	0				
1873-07-08	8		-80.54	140.62		5		https://s3.amazonaws.com/NARAprodstorage/lz/dc-metro/rg-024/581208/2020-03/581208-omaha-004/581208-omaha-004-117.JPG	https://s3.amazonaws.com/NARAprodstorage/lz/dc-metro/rg-024/581208/2020-03/581208-omaha-004/581208-omaha-004-117.JPG	8AM: Cabo Pasado brg: SxE.					se1/2s	214	221	8	30.2	74	72	71	77		oc	cum nim	0				
1873-07-08	9	-0.06	-80.5	140.62		4.4		https://s3.amazonaws.com/NARAprodstorage/lz/dc-metro/rg-024/581208/2020-03/581208-omaha-004/581208-omaha-004-117.JPG	https://s3.amazonaws.com/NARAprodstorage/lz/dc-metro/rg-024/581208/2020-03/581208-omaha-004/581208-omaha-004-117.JPG	0940: Wore ship to Nd & Wd.					se1/2s	214	221	5	30.21	73	72	70	77		oc	cum nim	0				
1873-07-08	10	-0.09	-80.5	165		1.5		https://s3.amazonaws.com/NARAprodstorage/lz/dc-metro/rg-024/581208/2020-03/581208-omaha-004/581208-omaha-004-117.JPG	https://s3.amazonaws.com/NARAprodstorage/lz/dc-metro/rg-024/581208/2020-03/581208-omaha-004/581208-omaha-004-117.JPG	 					sse1/2e|nw1/4w	225	232	5	30.21	73	72	70	76		oc	cum nim	0				
1873-07-08	11	-0.04	-80.54	317.81		4.2		https://s3.amazonaws.com/NARAprodstorage/lz/dc-metro/rg-024/581208/2020-03/581208-omaha-004/581208-omaha-004-117.JPG	https://s3.amazonaws.com/NARAprodstorage/lz/dc-metro/rg-024/581208/2020-03/581208-omaha-004/581208-omaha-004-117.JPG	1120: Wore ship to Sd & Ed.					nw1/4n	225	232	5	30.2	74	73	70	76		oc	cum nim	0				
1873-07-08	12	-0.05	-80.55	204		0.9		https://s3.amazonaws.com/NARAprodstorage/lz/dc-metro/rg-024/581208/2020-03/581208-omaha-004/581208-omaha-004-117.JPG	https://s3.amazonaws.com/NARAprodstorage/lz/dc-metro/rg-024/581208/2020-03/581208-omaha-004/581208-omaha-004-117.JPG	Noon: Cape Pasado brg S1/4E and Jama Pt ESE.			0 3S	80 33W	nw1/4n|sxe1/2e	236	243	5	30.2	74	73	70	76		oc	cum nim	0				
1873-07-08	13	-0.11	-80.54	165.94		3.6		https://s3.amazonaws.com/NARAprodstorage/lz/dc-metro/rg-024/581208/2020-03/581208-omaha-004/581208-omaha-004-117.JPG	https://s3.amazonaws.com/NARAprodstorage/lz/dc-metro/rg-024/581208/2020-03/581208-omaha-004/581208-omaha-004-117.JPG	 					sxe1/4e	214	221	5	30.16	74	73	70	76		oc	nim	0				
1873-07-08	14	-0.17	-80.53	165.94		3.2		https://s3.amazonaws.com/NARAprodstorage/lz/dc-metro/rg-024/581208/2020-03/581208-omaha-004/581208-omaha-004-117.JPG	https://s3.amazonaws.com/NARAprodstorage/lz/dc-metro/rg-024/581208/2020-03/581208-omaha-004/581208-omaha-004-117.JPG	1450: Wore ship to Nd & Wd.					sxe1/4e	214	221	5	30.16	74	73	70	76		oc	nim	0				
1873-07-08	15	-0.21	-80.52	165.94		2.4		https://s3.amazonaws.com/NARAprodstorage/lz/dc-metro/rg-024/581208/2020-03/581208-omaha-004/581208-omaha-004-117.JPG	https://s3.amazonaws.com/NARAprodstorage/lz/dc-metro/rg-024/581208/2020-03/581208-omaha-004/581208-omaha-004-117.JPG	1550: Jama Pt brg ESE and Cape Pasado brg S3/4W.					sxe1/4e	214	221	5	30.11	74	73	70	76		oc	nim	0				
1873-07-08	16	-0.18	-80.56	306.56		3.2		https://s3.amazonaws.com/NARAprodstorage/lz/dc-metro/rg-024/581208/2020-03/581208-omaha-004/581208-omaha-004-117.JPG	https://s3.amazonaws.com/NARAprodstorage/lz/dc-metro/rg-024/581208/2020-03/581208-omaha-004/581208-omaha-004-117.JPG	 					nw3/4w	225	232	5	30.11	74	73	70	76		bc	cum nim	2				
1873-07-08	17	-0.12	-80.61	309.38		5		https://s3.amazonaws.com/NARAprodstorage/lz/dc-metro/rg-024/581208/2020-03/581208-omaha-004/581208-omaha-004-117.JPG	https://s3.amazonaws.com/NARAprodstorage/lz/dc-metro/rg-024/581208/2020-03/581208-omaha-004/581208-omaha-004-117.JPG	 					nwxw1/2n	236	243	8	30.13	75	73	71	77		bc	cir nim	2				
1873-07-08	18	-0.06	-80.68	303.75		5.4		https://s3.amazonaws.com/NARAprodstorage/lz/dc-metro/rg-024/581208/2020-03/581208-omaha-004/581208-omaha-004-117.JPG	https://s3.amazonaws.com/NARAprodstorage/lz/dc-metro/rg-024/581208/2020-03/581208-omaha-004/581208-omaha-004-117.JPG	1820: Cape Pasado brg SSE1/2E dist 15 mi.					nwxw	236	243	8	30.14	75	73	71	77		oc	cum nim	0				
1873-07-08	19	-0.03	-80.76	289.69		5.4		https://s3.amazonaws.com/NARAprodstorage/lz/dc-metro/rg-024/581208/2020-03/581208-omaha-004/581208-omaha-004-117.JPG	https://s3.amazonaws.com/NARAprodstorage/lz/dc-metro/rg-024/581208/2020-03/581208-omaha-004/581208-omaha-004-117.JPG	 					wnw1/4w	214	221	8	30.14	75	73	71	76		oc	cum nim	0				
1873-07-08	20	0.01	-80.84	284.06		5.4		https://s3.amazonaws.com/NARAprodstorage/lz/dc-metro/rg-024/581208/2020-03/581208-omaha-004/581208-omaha-004-117.JPG	https://s3.amazonaws.com/NARAprodstorage/lz/dc-metro/rg-024/581208/2020-03/581208-omaha-004/581208-omaha-004-117.JPG	 					wnw3/4w	214	221	8	30.16	74	73	70	76		oc	cum nim	0				
1873-07-08	21	0.04	-80.93	281.25		6.2		https://s3.amazonaws.com/NARAprodstorage/lz/dc-metro/rg-024/581208/2020-03/581208-omaha-004/581208-omaha-004-117.JPG	https://s3.amazonaws.com/NARAprodstorage/lz/dc-metro/rg-024/581208/2020-03/581208-omaha-004/581208-omaha-004-117.JPG	 					wxn	202	210	8	30.18	74	73	71	76		bc	cum nim	6				
1873-07-08	22	0.05	-81.04	272.81		6.6		https://s3.amazonaws.com/NARAprodstorage/lz/dc-metro/rg-024/581208/2020-03/581208-omaha-004/581208-omaha-004-117.JPG	https://s3.amazonaws.com/NARAprodstorage/lz/dc-metro/rg-024/581208/2020-03/581208-omaha-004/581208-omaha-004-117.JPG	 					w1/4n	202	210	13	30.18	73	72	70	76		bc	cum nim	2				
1873-07-08	23	0.07	-81.15	272.81		7		https://s3.amazonaws.com/NARAprodstorage/lz/dc-metro/rg-024/581208/2020-03/581208-omaha-004/581208-omaha-004-117.JPG	https://s3.amazonaws.com/NARAprodstorage/lz/dc-metro/rg-024/581208/2020-03/581208-omaha-004/581208-omaha-004-117.JPG	 					w1/4n	202	210	13	30.16	73	72	70	76		bc	cum nim	2				
1873-07-08	24	0.1	-81.26	278.44		6.6		https://s3.amazonaws.com/NARAprodstorage/lz/dc-metro/rg-024/581208/2020-03/581208-omaha-004/581208-omaha-004-117.JPG	https://s3.amazonaws.com/NARAprodstorage/lz/dc-metro/rg-024/581208/2020-03/581208-omaha-004/581208-omaha-004-117.JPG	 					w3/4n	214	221	13	30.16	72	72	70	76		bc	cum nim	2				
1873-07-09	1	0.13	-81.34	286.88		5.4		https://s3.amazonaws.com/NARAprodstorage/lz/dc-metro/rg-024/581208/2020-03/581208-omaha-004/581208-omaha-004-118.JPG	https://s3.amazonaws.com/NARAprodstorage/lz/dc-metro/rg-024/581208/2020-03/581208-omaha-004/581208-omaha-004-118.JPG	 					wnw1/2w	214	221	13	30.16	72	72	70	75		ocq	nim	0				
1873-07-09	2	0.15	-81.4	281.25		4.4		https://s3.amazonaws.com/NARAprodstorage/lz/dc-metro/rg-024/581208/2020-03/581208-omaha-004/581208-omaha-004-118.JPG	https://s3.amazonaws.com/NARAprodstorage/lz/dc-metro/rg-024/581208/2020-03/581208-omaha-004/581208-omaha-004-118.JPG	0200: Wore ship to Sd & Ed.					wxn	208	215	8	30.16	72	72	70	75		ocq	nim	0				
1873-07-09	3	0.11	-81.37	132.19		3		https://s3.amazonaws.com/NARAprodstorage/lz/dc-metro/rg-024/581208/2020-03/581208-omaha-004/581208-omaha-004-118.JPG	https://s3.amazonaws.com/NARAprodstorage/lz/dc-metro/rg-024/581208/2020-03/581208-omaha-004/581208-omaha-004-118.JPG	 					se1/4e	202	210	5	30.18	72	71	69	75		ocq	nim	0				
1873-07-09	4	0.07	-81.33	129.38		2.6		https://s3.amazonaws.com/NARAprodstorage/lz/dc-metro/rg-024/581208/2020-03/581208-omaha-004/581208-omaha-004-118.JPG	https://s3.amazonaws.com/NARAprodstorage/lz/dc-metro/rg-024/581208/2020-03/581208-omaha-004/581208-omaha-004-118.JPG	 					se1/2e	214	221	5	30.18	72	71	69	75		ocq	nim	0				
1873-07-09	5	0.02	-81.28	129.38		4.4		https://s3.amazonaws.com/NARAprodstorage/lz/dc-metro/rg-024/581208/2020-03/581208-omaha-004/581208-omaha-004-118.JPG	https://s3.amazonaws.com/NARAprodstorage/lz/dc-metro/rg-024/581208/2020-03/581208-omaha-004/581208-omaha-004-118.JPG	 					se1/2e	214	221	5	30.17	73	72	70	76		bc	cir nim	2				
1873-07-09	6	-0.04	-81.23	135		4.4		https://s3.amazonaws.com/NARAprodstorage/lz/dc-metro/rg-024/581208/2020-03/581208-omaha-004/581208-omaha-004-118.JPG	https://s3.amazonaws.com/NARAprodstorage/lz/dc-metro/rg-024/581208/2020-03/581208-omaha-004/581208-omaha-004-118.JPG	 					se	202	210	5	30.18	74	72	70	76		bc	cum nim	2				
1873-07-09	7	-0.13	-81.18	143.44		6		https://s3.amazonaws.com/NARAprodstorage/lz/dc-metro/rg-024/581208/2020-03/581208-omaha-004/581208-omaha-004-118.JPG	https://s3.amazonaws.com/NARAprodstorage/lz/dc-metro/rg-024/581208/2020-03/581208-omaha-004/581208-omaha-004-118.JPG	 					se3/4s	214	221	8	30.18	74	72	70	76		bc	cir nim	7				
1873-07-09	8	-0.23	-81.13	146.25		6.2		https://s3.amazonaws.com/NARAprodstorage/lz/dc-metro/rg-024/581208/2020-03/581208-omaha-004/581208-omaha-004-118.JPG	https://s3.amazonaws.com/NARAprodstorage/lz/dc-metro/rg-024/581208/2020-03/581208-omaha-004/581208-omaha-004-118.JPG	 					sexs	214	221	8	30.2	74	72	70	76		oc	cir cum nim	5				
1873-07-09	9	-0.32	-81.07	137.81		6.4		https://s3.amazonaws.com/NARAprodstorage/lz/dc-metro/rg-024/581208/2020-03/581208-omaha-004/581208-omaha-004-118.JPG	https://s3.amazonaws.com/NARAprodstorage/lz/dc-metro/rg-024/581208/2020-03/581208-omaha-004/581208-omaha-004-118.JPG	 					se1/4s	214	221	13	30.22	74	72	70	76		oc	cir cum nim	0				
1873-07-09	10	-0.41	-81	137.81		6.4		https://s3.amazonaws.com/NARAprodstorage/lz/dc-metro/rg-024/581208/2020-03/581208-omaha-004/581208-omaha-004-118.JPG	https://s3.amazonaws.com/NARAprodstorage/lz/dc-metro/rg-024/581208/2020-03/581208-omaha-004/581208-omaha-004-118.JPG	 					se1/4s	214	221	13	30.22	74	73	70	76		oc	cir cum nim	0				
1873-07-09	11	-0.49	-80.95	137.81		5.6		https://s3.amazonaws.com/NARAprodstorage/lz/dc-metro/rg-024/581208/2020-03/581208-omaha-004/581208-omaha-004-118.JPG	https://s3.amazonaws.com/NARAprodstorage/lz/dc-metro/rg-024/581208/2020-03/581208-omaha-004/581208-omaha-004-118.JPG	 					se1/4s	214	221	13	30.2	74	73	70	76		oc	cum nim	0				
1873-07-09	12	-0.57	-80.88	135		6		https://s3.amazonaws.com/NARAprodstorage/lz/dc-metro/rg-024/581208/2020-03/581208-omaha-004/581208-omaha-004-118.JPG	https://s3.amazonaws.com/NARAprodstorage/lz/dc-metro/rg-024/581208/2020-03/581208-omaha-004/581208-omaha-004-118.JPG	Noon: Cape San Lorenzo brg s1/2e dist 18 mi.			0 34S	80 53W	se	202	210	13	30.19	74	73	70	76		bc	cum	2				
1873-07-09	13	-0.64	-80.82	132.19		6		https://s3.amazonaws.com/NARAprodstorage/lz/dc-metro/rg-024/581208/2020-03/581208-omaha-004/581208-omaha-004-118.JPG	https://s3.amazonaws.com/NARAprodstorage/lz/dc-metro/rg-024/581208/2020-03/581208-omaha-004/581208-omaha-004-118.JPG	 					se1/4e	158	164	8	30.14	74	73	70	76		bc	cir cum	7				
1873-07-09	14	-0.74	-80.76	146.25		7		https://s3.amazonaws.com/NARAprodstorage/lz/dc-metro/rg-024/581208/2020-03/581208-omaha-004/581208-omaha-004-118.JPG	https://s3.amazonaws.com/NARAprodstorage/lz/dc-metro/rg-024/581208/2020-03/581208-omaha-004/581208-omaha-004-118.JPG	 					sexs	214	221	8	30.14	74	73	70	76		bc	cir cum	8				
1873-07-09	15	-0.66	-80.84	306.56		6.4		https://s3.amazonaws.com/NARAprodstorage/lz/dc-metro/rg-024/581208/2020-03/581208-omaha-004/581208-omaha-004-118.JPG	https://s3.amazonaws.com/NARAprodstorage/lz/dc-metro/rg-024/581208/2020-03/581208-omaha-004/581208-omaha-004-118.JPG	 					nw3/4w	225	232	10	30.1	74	73	70	75		bc	cir cum	7				
1873-07-09	16	-0.58	-80.93	303.75		7		https://s3.amazonaws.com/NARAprodstorage/lz/dc-metro/rg-024/581208/2020-03/581208-omaha-004/581208-omaha-004-118.JPG	https://s3.amazonaws.com/NARAprodstorage/lz/dc-metro/rg-024/581208/2020-03/581208-omaha-004/581208-omaha-004-118.JPG	 					nwxw	225	232	13	30.1	74	73	70	75		bc	cir cum	4				
1873-07-09	17	-0.52	-81.01	298.12		6.2		https://s3.amazonaws.com/NARAprodstorage/lz/dc-metro/rg-024/581208/2020-03/581208-omaha-004/581208-omaha-004-118.JPG	https://s3.amazonaws.com/NARAprodstorage/lz/dc-metro/rg-024/581208/2020-03/581208-omaha-004/581208-omaha-004-118.JPG	1700: Cape San Lorenzo brg SxE1/2E.					nwxw1/2w	214	221	13	30.12	74	73	70	75		oc	nim cum	0				
1873-07-09	18	-0.47	-81.07	298.12		4.4		https://s3.amazonaws.com/NARAprodstorage/lz/dc-metro/rg-024/581208/2020-03/581208-omaha-004/581208-omaha-004-118.JPG	https://s3.amazonaws.com/NARAprodstorage/lz/dc-metro/rg-024/581208/2020-03/581208-omaha-004/581208-omaha-004-118.JPG	 					nwxw1/2w	225	232	5	30.15	75	73	70	76		oc	nim cum	0				
1873-07-09	19	-0.43	-81.15	286.88		5.2		https://s3.amazonaws.com/NARAprodstorage/lz/dc-metro/rg-024/581208/2020-03/581208-omaha-004/581208-omaha-004-118.JPG	https://s3.amazonaws.com/NARAprodstorage/lz/dc-metro/rg-024/581208/2020-03/581208-omaha-004/581208-omaha-004-118.JPG	 					wnw1/2w	225	232	8	30.15	74	73	70	76		oc	cir nim	0				
1873-07-09	20	-0.39	-81.22	286.88		5.2		https://s3.amazonaws.com/NARAprodstorage/lz/dc-metro/rg-024/581208/2020-03/581208-omaha-004/581208-omaha-004-118.JPG	https://s3.amazonaws.com/NARAprodstorage/lz/dc-metro/rg-024/581208/2020-03/581208-omaha-004/581208-omaha-004-118.JPG	 					wnw1/2w	214	221	8	30.16	74	73	70	76		bc	cir nim	2				
1873-07-09	21	-0.34	-81.3	292.5		5.4		https://s3.amazonaws.com/NARAprodstorage/lz/dc-metro/rg-024/581208/2020-03/581208-omaha-004/581208-omaha-004-118.JPG	https://s3.amazonaws.com/NARAprodstorage/lz/dc-metro/rg-024/581208/2020-03/581208-omaha-004/581208-omaha-004-118.JPG	 					wnw	225	232	8	30.2	74	73	70	76		bc	cir nim	3				
1873-07-09	22	-0.31	-81.38	284.06		5.4		https://s3.amazonaws.com/NARAprodstorage/lz/dc-metro/rg-024/581208/2020-03/581208-omaha-004/581208-omaha-004-118.JPG	https://s3.amazonaws.com/NARAprodstorage/lz/dc-metro/rg-024/581208/2020-03/581208-omaha-004/581208-omaha-004-118.JPG	 					wnw3/4w	214	221	8	30.2	74	73	70	76		bc	cir nim	2				
1873-07-09	23	-0.28	-81.47	281.25		5.2		https://s3.amazonaws.com/NARAprodstorage/lz/dc-metro/rg-024/581208/2020-03/581208-omaha-004/581208-omaha-004-118.JPG	https://s3.amazonaws.com/NARAprodstorage/lz/dc-metro/rg-024/581208/2020-03/581208-omaha-004/581208-omaha-004-118.JPG	 					wxn	214	221	8	30.2	74	73	70	76		bc	cir nim	3				
1873-07-09	24	-0.25	-81.54	281.25		5		https://s3.amazonaws.com/NARAprodstorage/lz/dc-metro/rg-024/581208/2020-03/581208-omaha-004/581208-omaha-004-118.JPG	https://s3.amazonaws.com/NARAprodstorage/lz/dc-metro/rg-024/581208/2020-03/581208-omaha-004/581208-omaha-004-118.JPG	 					wxn	214	221	8	30.2	74	73	70	76		bc	cir nim	3				
1873-07-10	1	-0.21	-81.63	281.25		5.4		https://s3.amazonaws.com/NARAprodstorage/lz/dc-metro/rg-024/581208/2020-03/581208-omaha-004/581208-omaha-004-119.JPG	https://s3.amazonaws.com/NARAprodstorage/lz/dc-metro/rg-024/581208/2020-03/581208-omaha-004/581208-omaha-004-119.JPG	 					wxn	202	210	8	30.14	72	72	70	76		bc	cum nim	1				
1873-07-10	2	-0.18	-81.72	281.25		6.2		https://s3.amazonaws.com/NARAprodstorage/lz/dc-metro/rg-024/581208/2020-03/581208-omaha-004/581208-omaha-004-119.JPG	https://s3.amazonaws.com/NARAprodstorage/lz/dc-metro/rg-024/581208/2020-03/581208-omaha-004/581208-omaha-004-119.JPG	0200: Wore ship to Sd & Ed.					wxn	202	210	8	30.14	72	72	70	76		bc	cum nim	2				
1873-07-10	3	-0.23	-81.65	118.12		5.4		https://s3.amazonaws.com/NARAprodstorage/lz/dc-metro/rg-024/581208/2020-03/581208-omaha-004/581208-omaha-004-119.JPG	https://s3.amazonaws.com/NARAprodstorage/lz/dc-metro/rg-024/581208/2020-03/581208-omaha-004/581208-omaha-004-119.JPG	 					sexe1/2e	186	193	8	30.1	72	72	70	76		ocqr	cum nim	0				
1873-07-10	4	-0.28	-81.56	115.31		6		https://s3.amazonaws.com/NARAprodstorage/lz/dc-metro/rg-024/581208/2020-03/581208-omaha-004/581208-omaha-004-119.JPG	https://s3.amazonaws.com/NARAprodstorage/lz/dc-metro/rg-024/581208/2020-03/581208-omaha-004/581208-omaha-004-119.JPG	 					sexe3/4e	188	195	8	30.1	72	72	70	75		ocq	cum nim	0				
1873-07-10	5	-0.33	-81.48	118.12		6.2		https://s3.amazonaws.com/NARAprodstorage/lz/dc-metro/rg-024/581208/2020-03/581208-omaha-004/581208-omaha-004-119.JPG	https://s3.amazonaws.com/NARAprodstorage/lz/dc-metro/rg-024/581208/2020-03/581208-omaha-004/581208-omaha-004-119.JPG	 					sexe1/2e	191	198	13	30.1	72	72	70	75		ocq	nim	0				
1873-07-10	6	-0.39	-81.41	123.75		5.6		https://s3.amazonaws.com/NARAprodstorage/lz/dc-metro/rg-024/581208/2020-03/581208-omaha-004/581208-omaha-004-119.JPG	https://s3.amazonaws.com/NARAprodstorage/lz/dc-metro/rg-024/581208/2020-03/581208-omaha-004/581208-omaha-004-119.JPG	 					sexe	191	198	13	30.12	72	72	70	75		ocq	nim	0				
1873-07-10	7	-0.45	-81.33	123.75		6		https://s3.amazonaws.com/NARAprodstorage/lz/dc-metro/rg-024/581208/2020-03/581208-omaha-004/581208-omaha-004-119.JPG	https://s3.amazonaws.com/NARAprodstorage/lz/dc-metro/rg-024/581208/2020-03/581208-omaha-004/581208-omaha-004-119.JPG	 					sexe	191	198	13	30.15	72	71	69	75		ocqrf	nim	0				
1873-07-10	8	-0.5	-81.24	118.12		6.2		https://s3.amazonaws.com/NARAprodstorage/lz/dc-metro/rg-024/581208/2020-03/581208-omaha-004/581208-omaha-004-119.JPG	https://s3.amazonaws.com/NARAprodstorage/lz/dc-metro/rg-024/581208/2020-03/581208-omaha-004/581208-omaha-004-119.JPG	0800: Wore ship to the Wd.					sexe1/2e	191	198	13	30.15	72	71	69	76		ocq	nim	0				
1873-07-10	9	-0.51	-81.37	258.75		7.4		https://s3.amazonaws.com/NARAprodstorage/lz/dc-metro/rg-024/581208/2020-03/581208-omaha-004/581208-omaha-004-119.JPG	https://s3.amazonaws.com/NARAprodstorage/lz/dc-metro/rg-024/581208/2020-03/581208-omaha-004/581208-omaha-004-119.JPG	 					wxs	191	198	19	30.19	74	72	70	76		bc	nim	3				
1873-07-10	10	-0.51	-81.47	258.75		6.4		https://s3.amazonaws.com/NARAprodstorage/lz/dc-metro/rg-024/581208/2020-03/581208-omaha-004/581208-omaha-004-119.JPG	https://s3.amazonaws.com/NARAprodstorage/lz/dc-metro/rg-024/581208/2020-03/581208-omaha-004/581208-omaha-004-119.JPG	 					wxs	191	198	13	30.18	74	72	70	76		bc	cir cum	3				
1873-07-10	11	-0.52	-81.57	258.75		6		https://s3.amazonaws.com/NARAprodstorage/lz/dc-metro/rg-024/581208/2020-03/581208-omaha-004/581208-omaha-004-119.JPG	https://s3.amazonaws.com/NARAprodstorage/lz/dc-metro/rg-024/581208/2020-03/581208-omaha-004/581208-omaha-004-119.JPG	 					wxs	191	198	13	30.18	74	72	70	76		bc	cir cum	3				
1873-07-10	12	-0.52	-81.63	258.75		4		https://s3.amazonaws.com/NARAprodstorage/lz/dc-metro/rg-024/581208/2020-03/581208-omaha-004/581208-omaha-004-119.JPG	https://s3.amazonaws.com/NARAprodstorage/lz/dc-metro/rg-024/581208/2020-03/581208-omaha-004/581208-omaha-004-119.JPG	 			0 31S	81 38W	wxs	191	198	5	30.18	74	72	70	76		ocd	nim	3				
1873-07-10	13	-0.52	-81.69	270		4		https://s3.amazonaws.com/NARAprodstorage/lz/dc-metro/rg-024/581208/2020-03/581208-omaha-004/581208-omaha-004-119.JPG	https://s3.amazonaws.com/NARAprodstorage/lz/dc-metro/rg-024/581208/2020-03/581208-omaha-004/581208-omaha-004-119.JPG	1330: Wore ship to Sd & Ed.					w	202	210	5	30.14	74	72	70	76		oc	nim	0				
1873-07-10	14	-0.53	-81.7	272		1.6		https://s3.amazonaws.com/NARAprodstorage/lz/dc-metro/rg-024/581208/2020-03/581208-omaha-004/581208-omaha-004-119.JPG	https://s3.amazonaws.com/NARAprodstorage/lz/dc-metro/rg-024/581208/2020-03/581208-omaha-004/581208-omaha-004-119.JPG	 					wnw|sexs	225	232	5	30.12	74	72	70	76		oc	nim	0				
1873-07-10	15	-0.6	-81.63	132.19		5		https://s3.amazonaws.com/NARAprodstorage/lz/dc-metro/rg-024/581208/2020-03/581208-omaha-004/581208-omaha-004-119.JPG	https://s3.amazonaws.com/NARAprodstorage/lz/dc-metro/rg-024/581208/2020-03/581208-omaha-004/581208-omaha-004-119.JPG	 					se1/4e	202	210	8	30.1	74	72	70	76		ocq	nim	0				
1873-07-10	16	-0.68	-81.55	126.56		5.4		https://s3.amazonaws.com/NARAprodstorage/lz/dc-metro/rg-024/581208/2020-03/581208-omaha-004/581208-omaha-004-119.JPG	https://s3.amazonaws.com/NARAprodstorage/lz/dc-metro/rg-024/581208/2020-03/581208-omaha-004/581208-omaha-004-119.JPG	 					se3/4e	202	210	8	30.1	74	72	70	76		ocq	nim	0				
1873-07-10	17	-0.77	-81.46	129.38		6.4		https://s3.amazonaws.com/NARAprodstorage/lz/dc-metro/rg-024/581208/2020-03/581208-omaha-004/581208-omaha-004-119.JPG	https://s3.amazonaws.com/NARAprodstorage/lz/dc-metro/rg-024/581208/2020-03/581208-omaha-004/581208-omaha-004-119.JPG	 					se1/2e	202	210	13	30.08	72	71	70	75		ocq	cum nim	0				
1873-07-10	18	-0.86	-81.38	135		6.2		https://s3.amazonaws.com/NARAprodstorage/lz/dc-metro/rg-024/581208/2020-03/581208-omaha-004/581208-omaha-004-119.JPG	https://s3.amazonaws.com/NARAprodstorage/lz/dc-metro/rg-024/581208/2020-03/581208-omaha-004/581208-omaha-004-119.JPG	 					se	214	221	8	30.08	72	71	70	75		oc	cum nim	0				
1873-07-10	19	-0.94	-81.31	129.38		5.2		https://s3.amazonaws.com/NARAprodstorage/lz/dc-metro/rg-024/581208/2020-03/581208-omaha-004/581208-omaha-004-119.JPG	https://s3.amazonaws.com/NARAprodstorage/lz/dc-metro/rg-024/581208/2020-03/581208-omaha-004/581208-omaha-004-119.JPG	1930: Wore ship to Nd & Wd.					se1/2e	202	210	8	30.12	71	71	70	75		oc	cum nim	0				
1873-07-10	20	-0.97	-81.27	134		2.1		https://s3.amazonaws.com/NARAprodstorage/lz/dc-metro/rg-024/581208/2020-03/581208-omaha-004/581208-omaha-004-119.JPG	https://s3.amazonaws.com/NARAprodstorage/lz/dc-metro/rg-024/581208/2020-03/581208-omaha-004/581208-omaha-004-119.JPG	 					sexe|wxn	202	210	8	30.12	71	71	70	75		oc	cum nim	0				
1873-07-10	21	-0.95	-81.34	286.88		5.4		https://s3.amazonaws.com/NARAprodstorage/lz/dc-metro/rg-024/581208/2020-03/581208-omaha-004/581208-omaha-004-119.JPG	https://s3.amazonaws.com/NARAprodstorage/lz/dc-metro/rg-024/581208/2020-03/581208-omaha-004/581208-omaha-004-119.JPG	 					wnw1/2w	214	221	8	30.16	73	71	70	75		bc	nim	4				
1873-07-10	22	-0.93	-81.42	281.25		6		https://s3.amazonaws.com/NARAprodstorage/lz/dc-metro/rg-024/581208/2020-03/581208-omaha-004/581208-omaha-004-119.JPG	https://s3.amazonaws.com/NARAprodstorage/lz/dc-metro/rg-024/581208/2020-03/581208-omaha-004/581208-omaha-004-119.JPG	 					wxn	191	198	8	30.16	72	70	70	75		bc	nim	4				
1873-07-10	23	-0.91	-81.48	286.88		4.6		https://s3.amazonaws.com/NARAprodstorage/lz/dc-metro/rg-024/581208/2020-03/581208-omaha-004/581208-omaha-004-119.JPG	https://s3.amazonaws.com/NARAprodstorage/lz/dc-metro/rg-024/581208/2020-03/581208-omaha-004/581208-omaha-004-119.JPG	 					wnw1/2w	202	210	5	30.17	72	70	70	75		oc	nim	0				
1873-07-10	24	-0.89	-81.52	292.5		4		https://s3.amazonaws.com/NARAprodstorage/lz/dc-metro/rg-024/581208/2020-03/581208-omaha-004/581208-omaha-004-119.JPG	https://s3.amazonaws.com/NARAprodstorage/lz/dc-metro/rg-024/581208/2020-03/581208-omaha-004/581208-omaha-004-119.JPG	0030: Wore ship Sd & Ed.					wnw	214	221	5	30.17	71	70	70	75		ocr	nim	0				
1873-07-11	1	-0.91	-81.51	173		0.7		https://s3.amazonaws.com/NARAprodstorage/lz/dc-metro/rg-024/581208/2020-03/581208-omaha-004/581208-omaha-004-120.JPG	https://s3.amazonaws.com/NARAprodstorage/lz/dc-metro/rg-024/581208/2020-03/581208-omaha-004/581208-omaha-004-120.JPG	 					NWXW3/4W|SE1/2E	214	221	5	30.17	72	70	69	75		ocr	nim	0				
1873-07-11	2	-0.95	-81.47	135		2		https://s3.amazonaws.com/NARAprodstorage/lz/dc-metro/rg-024/581208/2020-03/581208-omaha-004/581208-omaha-004-120.JPG	https://s3.amazonaws.com/NARAprodstorage/lz/dc-metro/rg-024/581208/2020-03/581208-omaha-004/581208-omaha-004-120.JPG	 					se	214	221	8	30.17	72	70	69	75		ocqr	nim	0				
1873-07-11	3	-1.01	-81.42	132.19		3.6		https://s3.amazonaws.com/NARAprodstorage/lz/dc-metro/rg-024/581208/2020-03/581208-omaha-004/581208-omaha-004-120.JPG	https://s3.amazonaws.com/NARAprodstorage/lz/dc-metro/rg-024/581208/2020-03/581208-omaha-004/581208-omaha-004-120.JPG	 					se1/4e	214	221	9	30.15	72	70	69	75		ocqr	nim	0				
1873-07-11	4	-1.09	-81.35	135		5.4		https://s3.amazonaws.com/NARAprodstorage/lz/dc-metro/rg-024/581208/2020-03/581208-omaha-004/581208-omaha-004-120.JPG	https://s3.amazonaws.com/NARAprodstorage/lz/dc-metro/rg-024/581208/2020-03/581208-omaha-004/581208-omaha-004-120.JPG	 					se	214	221	9	30.13	72	70	69	75		ocqr	nim	0				
1873-07-11	5	-1.16	-81.29	135		4.4		https://s3.amazonaws.com/NARAprodstorage/lz/dc-metro/rg-024/581208/2020-03/581208-omaha-004/581208-omaha-004-120.JPG	https://s3.amazonaws.com/NARAprodstorage/lz/dc-metro/rg-024/581208/2020-03/581208-omaha-004/581208-omaha-004-120.JPG	 					se	214	221	5	30.1	72	70	69	75		ocqr	nim cum	0				
1873-07-11	6	-1.23	-81.23	135		4.4		https://s3.amazonaws.com/NARAprodstorage/lz/dc-metro/rg-024/581208/2020-03/581208-omaha-004/581208-omaha-004-120.JPG	https://s3.amazonaws.com/NARAprodstorage/lz/dc-metro/rg-024/581208/2020-03/581208-omaha-004/581208-omaha-004-120.JPG	0645: Sighted Plata Island.					se	214	221	5	30.1	72	70	69	75		ocqr	nim cum	0				
1873-07-11	7	-1.3	-81.17	135		4.5		https://s3.amazonaws.com/NARAprodstorage/lz/dc-metro/rg-024/581208/2020-03/581208-omaha-004/581208-omaha-004-120.JPG	https://s3.amazonaws.com/NARAprodstorage/lz/dc-metro/rg-024/581208/2020-03/581208-omaha-004/581208-omaha-004-120.JPG	 					se	214	221	5	30.1	72	70	69	75		bcq	nim cum	1				
1873-07-11	8	-1.37	-81.09	123.75		5		https://s3.amazonaws.com/NARAprodstorage/lz/dc-metro/rg-024/581208/2020-03/581208-omaha-004/581208-omaha-004-120.JPG	https://s3.amazonaws.com/NARAprodstorage/lz/dc-metro/rg-024/581208/2020-03/581208-omaha-004/581208-omaha-004-120.JPG	"0800: East end Plata Id brg NxE1/2E, West end N1/2W. 0800: Wore Nd & Wd."					sexe	214	221	5	30.1	72	70	69	75		ocq	nim cum	0				
1873-07-11	9	-1.34	-81.17	286.88		5		https://s3.amazonaws.com/NARAprodstorage/lz/dc-metro/rg-024/581208/2020-03/581208-omaha-004/581208-omaha-004-120.JPG	https://s3.amazonaws.com/NARAprodstorage/lz/dc-metro/rg-024/581208/2020-03/581208-omaha-004/581208-omaha-004-120.JPG	 					wnw1/2w	214	221	13	30.1	72	70	69	74		ocq	nim cum	0				
1873-07-11	10	-1.23	-81.18	351.56		6.4		https://s3.amazonaws.com/NARAprodstorage/lz/dc-metro/rg-024/581208/2020-03/581208-omaha-004/581208-omaha-004-120.JPG	https://s3.amazonaws.com/NARAprodstorage/lz/dc-metro/rg-024/581208/2020-03/581208-omaha-004/581208-omaha-004-120.JPG	 					n3/4w	225	232	13	30.15	72	70	69	75		ocq	nim cum	0				
1873-07-11	11	-1.12	-81.23	329.06		7		https://s3.amazonaws.com/NARAprodstorage/lz/dc-metro/rg-024/581208/2020-03/581208-omaha-004/581208-omaha-004-120.JPG	https://s3.amazonaws.com/NARAprodstorage/lz/dc-metro/rg-024/581208/2020-03/581208-omaha-004/581208-omaha-004-120.JPG	 					nnw3/4w	214	221	13	30.14	72	71	70	75		ocq	nim	0				
1873-07-11	12	-1.1	-81.33	275.62		6.2		https://s3.amazonaws.com/NARAprodstorage/lz/dc-metro/rg-024/581208/2020-03/581208-omaha-004/581208-omaha-004-120.JPG	https://s3.amazonaws.com/NARAprodstorage/lz/dc-metro/rg-024/581208/2020-03/581208-omaha-004/581208-omaha-004-120.JPG	Noon: Plata Id brg E.			1 13S	81 29W	w1/2n	225	232	8	30.14	72	71	70	74		ocq	nim	0				
1873-07-11	13	-1.09	-81.44	267.19		6.4		https://s3.amazonaws.com/NARAprodstorage/lz/dc-metro/rg-024/581208/2020-03/581208-omaha-004/581208-omaha-004-120.JPG	https://s3.amazonaws.com/NARAprodstorage/lz/dc-metro/rg-024/581208/2020-03/581208-omaha-004/581208-omaha-004-120.JPG	 					w1/4s	191	198	13	30.11	72	70	69	75		ocq	nim	0				
1873-07-11	14	-1.08	-81.55	267.19		6.4		https://s3.amazonaws.com/NARAprodstorage/lz/dc-metro/rg-024/581208/2020-03/581208-omaha-004/581208-omaha-004-120.JPG	https://s3.amazonaws.com/NARAprodstorage/lz/dc-metro/rg-024/581208/2020-03/581208-omaha-004/581208-omaha-004-120.JPG	 					w1/4s	191	198	13	30.08	72	70	69	75		ocq	nim	0				
1873-07-11	15	-1.05	-81.67	278.44		7		https://s3.amazonaws.com/NARAprodstorage/lz/dc-metro/rg-024/581208/2020-03/581208-omaha-004/581208-omaha-004-120.JPG	https://s3.amazonaws.com/NARAprodstorage/lz/dc-metro/rg-024/581208/2020-03/581208-omaha-004/581208-omaha-004-120.JPG	 					w3/4n	191	198	13	30.07	72	70	69	75		ocq	nim	0				
1873-07-11	16	-1.04	-81.77	270		6.2		https://s3.amazonaws.com/NARAprodstorage/lz/dc-metro/rg-024/581208/2020-03/581208-omaha-004/581208-omaha-004-120.JPG	https://s3.amazonaws.com/NARAprodstorage/lz/dc-metro/rg-024/581208/2020-03/581208-omaha-004/581208-omaha-004-120.JPG	 					w	191	198	13	30.07	72	70	69	75		ocq	nim	0				
1873-07-11	17	-1.01	-81.88	275.62		6.2		https://s3.amazonaws.com/NARAprodstorage/lz/dc-metro/rg-024/581208/2020-03/581208-omaha-004/581208-omaha-004-120.JPG	https://s3.amazonaws.com/NARAprodstorage/lz/dc-metro/rg-024/581208/2020-03/581208-omaha-004/581208-omaha-004-120.JPG	 					w1/2n	191	198	13	30.08	72	70	68	75		ocq	nim	0				
1873-07-11	18	-0.99	-81.98	275.62		6		https://s3.amazonaws.com/NARAprodstorage/lz/dc-metro/rg-024/581208/2020-03/581208-omaha-004/581208-omaha-004-120.JPG	https://s3.amazonaws.com/NARAprodstorage/lz/dc-metro/rg-024/581208/2020-03/581208-omaha-004/581208-omaha-004-120.JPG	 					w1/2n	191	198	13	30.1	71	68	68	75		bcqr	cum nim	0				
1873-07-11	19	-0.97	-82.07	275.62		5.6		https://s3.amazonaws.com/NARAprodstorage/lz/dc-metro/rg-024/581208/2020-03/581208-omaha-004/581208-omaha-004-120.JPG	https://s3.amazonaws.com/NARAprodstorage/lz/dc-metro/rg-024/581208/2020-03/581208-omaha-004/581208-omaha-004-120.JPG	 					w1/2n	191	198	8	30.12	70	68	67	75		bcqr	nim	0				
1873-07-11	20	-0.95	-82.18	275.62		6		https://s3.amazonaws.com/NARAprodstorage/lz/dc-metro/rg-024/581208/2020-03/581208-omaha-004/581208-omaha-004-120.JPG	https://s3.amazonaws.com/NARAprodstorage/lz/dc-metro/rg-024/581208/2020-03/581208-omaha-004/581208-omaha-004-120.JPG	 					w1/2n	191	198	8	30.12	70	68	67	74		ocqr	nim	0				
1873-07-11	21	-0.94	-82.27	270		5.4		https://s3.amazonaws.com/NARAprodstorage/lz/dc-metro/rg-024/581208/2020-03/581208-omaha-004/581208-omaha-004-120.JPG	https://s3.amazonaws.com/NARAprodstorage/lz/dc-metro/rg-024/581208/2020-03/581208-omaha-004/581208-omaha-004-120.JPG	 					w	197	204	8	30.16	70	70	68	75		ocq	nim	0				
1873-07-11	22	-0.93	-82.36	267.19		5		https://s3.amazonaws.com/NARAprodstorage/lz/dc-metro/rg-024/581208/2020-03/581208-omaha-004/581208-omaha-004-120.JPG	https://s3.amazonaws.com/NARAprodstorage/lz/dc-metro/rg-024/581208/2020-03/581208-omaha-004/581208-omaha-004-120.JPG	 					w1/4s	191	198	8	30.16	70	70	68	75		bcq	cum nim	3				
1873-07-11	23	-0.99	-82.32	137.81		4		https://s3.amazonaws.com/NARAprodstorage/lz/dc-metro/rg-024/581208/2020-03/581208-omaha-004/581208-omaha-004-120.JPG	https://s3.amazonaws.com/NARAprodstorage/lz/dc-metro/rg-024/581208/2020-03/581208-omaha-004/581208-omaha-004-120.JPG	 					se1/4s	214	221	8	30.16	70	70	68	75		ocq	cum nim	0				
1873-07-11	24	-1.05	-82.29	137.81		4.4		https://s3.amazonaws.com/NARAprodstorage/lz/dc-metro/rg-024/581208/2020-03/581208-omaha-004/581208-omaha-004-120.JPG	https://s3.amazonaws.com/NARAprodstorage/lz/dc-metro/rg-024/581208/2020-03/581208-omaha-004/581208-omaha-004-120.JPG	 					se1/4s	214	221	8	30.16	69	69	67	74		ocq	cum nim	0				
1873-07-12	1	-1.1	-82.25	135		4.2		https://s3.amazonaws.com/NARAprodstorage/lz/dc-metro/rg-024/581208/2020-03/581208-omaha-004/581208-omaha-004-121.JPG	https://s3.amazonaws.com/NARAprodstorage/lz/dc-metro/rg-024/581208/2020-03/581208-omaha-004/581208-omaha-004-121.JPG	 					se	214	221	5	30.17	70	70	67	74		bc	cir nim	2				
1873-07-12	2	-1.16	-82.2	129.38		4.4		https://s3.amazonaws.com/NARAprodstorage/lz/dc-metro/rg-024/581208/2020-03/581208-omaha-004/581208-omaha-004-121.JPG	https://s3.amazonaws.com/NARAprodstorage/lz/dc-metro/rg-024/581208/2020-03/581208-omaha-004/581208-omaha-004-121.JPG	 					se1/2e	202	210	5	30.15	70	69	67	74		bc	cir cum	3				
1873-07-12	3	-1.23	-82.15	129.38		5.4		https://s3.amazonaws.com/NARAprodstorage/lz/dc-metro/rg-024/581208/2020-03/581208-omaha-004/581208-omaha-004-121.JPG	https://s3.amazonaws.com/NARAprodstorage/lz/dc-metro/rg-024/581208/2020-03/581208-omaha-004/581208-omaha-004-121.JPG	 					se1/2e	202	210	5	30.15	70	69	68	75		oc	cir	0				
1873-07-12	4	-1.29	-82.09	129.38		5.2		https://s3.amazonaws.com/NARAprodstorage/lz/dc-metro/rg-024/581208/2020-03/581208-omaha-004/581208-omaha-004-121.JPG	https://s3.amazonaws.com/NARAprodstorage/lz/dc-metro/rg-024/581208/2020-03/581208-omaha-004/581208-omaha-004-121.JPG	 					se1/2e	202	210	5	30.13	70	69	68	75		oc	cir	0				
1873-07-12	5	-1.35	-82.03	123.75		5		https://s3.amazonaws.com/NARAprodstorage/lz/dc-metro/rg-024/581208/2020-03/581208-omaha-004/581208-omaha-004-121.JPG	https://s3.amazonaws.com/NARAprodstorage/lz/dc-metro/rg-024/581208/2020-03/581208-omaha-004/581208-omaha-004-121.JPG	 					sexe	202	210	8	30.15	70	68	67	74		oc	cir cum	0				
1873-07-12	6	-1.39	-81.96	112.5		5.2		https://s3.amazonaws.com/NARAprodstorage/lz/dc-metro/rg-024/581208/2020-03/581208-omaha-004/581208-omaha-004-121.JPG	https://s3.amazonaws.com/NARAprodstorage/lz/dc-metro/rg-024/581208/2020-03/581208-omaha-004/581208-omaha-004-121.JPG	 					ese	180	187	8	30.15	70	68	67	74		bc	cir cum	0				
1873-07-12	7	-1.44	-81.89	112.5		5.2		https://s3.amazonaws.com/NARAprodstorage/lz/dc-metro/rg-024/581208/2020-03/581208-omaha-004/581208-omaha-004-121.JPG	https://s3.amazonaws.com/NARAprodstorage/lz/dc-metro/rg-024/581208/2020-03/581208-omaha-004/581208-omaha-004-121.JPG	 					ese	180	187	8	30.18	71	69	67	74		oc	cir cum	2				
1873-07-12	8	-1.5	-81.83	126.56		5.4		https://s3.amazonaws.com/NARAprodstorage/lz/dc-metro/rg-024/581208/2020-03/581208-omaha-004/581208-omaha-004-121.JPG	https://s3.amazonaws.com/NARAprodstorage/lz/dc-metro/rg-024/581208/2020-03/581208-omaha-004/581208-omaha-004-121.JPG	 					se3/4e	202	210	8	30.18	71	69	67	74		oc	cir cum	0				
1873-07-12	9	-1.57	-81.78	132.19		5.6		https://s3.amazonaws.com/NARAprodstorage/lz/dc-metro/rg-024/581208/2020-03/581208-omaha-004/581208-omaha-004-121.JPG	https://s3.amazonaws.com/NARAprodstorage/lz/dc-metro/rg-024/581208/2020-03/581208-omaha-004/581208-omaha-004-121.JPG	 					se1/4e	202	210	8	30.18	70	68	67	73		oc	cum nim	0				
1873-07-12	10	-1.64	-81.72	126.56		5.4		https://s3.amazonaws.com/NARAprodstorage/lz/dc-metro/rg-024/581208/2020-03/581208-omaha-004/581208-omaha-004-121.JPG	https://s3.amazonaws.com/NARAprodstorage/lz/dc-metro/rg-024/581208/2020-03/581208-omaha-004/581208-omaha-004-121.JPG	 					se3/4e	225	232	8	30.16	69	68	67	73		oc	cum nim	0				
1873-07-12	11	-1.71	-81.66	129.38		5.4		https://s3.amazonaws.com/NARAprodstorage/lz/dc-metro/rg-024/581208/2020-03/581208-omaha-004/581208-omaha-004-121.JPG	https://s3.amazonaws.com/NARAprodstorage/lz/dc-metro/rg-024/581208/2020-03/581208-omaha-004/581208-omaha-004-121.JPG	 					se1/2e	225	232	8	30.2	69	68	67	73		oc	cum nim	0				
1873-07-12	12	-1.78	-81.6	132.19		6		https://s3.amazonaws.com/NARAprodstorage/lz/dc-metro/rg-024/581208/2020-03/581208-omaha-004/581208-omaha-004-121.JPG	https://s3.amazonaws.com/NARAprodstorage/lz/dc-metro/rg-024/581208/2020-03/581208-omaha-004/581208-omaha-004-121.JPG	 			1 47S	81 36W	se1/4e	225	232	8	30.18	69	68	67	73		oc	cum nim	0				
1873-07-12	13	-1.84	-81.54	135		4.4		https://s3.amazonaws.com/NARAprodstorage/lz/dc-metro/rg-024/581208/2020-03/581208-omaha-004/581208-omaha-004-121.JPG	https://s3.amazonaws.com/NARAprodstorage/lz/dc-metro/rg-024/581208/2020-03/581208-omaha-004/581208-omaha-004-121.JPG	 					se	208	215	8	30.18	69	68	67	73		oc	nim	0				
1873-07-12	14	-1.9	-81.49	140.62		4		https://s3.amazonaws.com/NARAprodstorage/lz/dc-metro/rg-024/581208/2020-03/581208-omaha-004/581208-omaha-004-121.JPG	https://s3.amazonaws.com/NARAprodstorage/lz/dc-metro/rg-024/581208/2020-03/581208-omaha-004/581208-omaha-004-121.JPG	 					se1/2s	214	221	8	30.15	69	68	67	73		bcmq	nim	0				
1873-07-12	15	-1.96	-81.42	129.38		5		https://s3.amazonaws.com/NARAprodstorage/lz/dc-metro/rg-024/581208/2020-03/581208-omaha-004/581208-omaha-004-121.JPG	https://s3.amazonaws.com/NARAprodstorage/lz/dc-metro/rg-024/581208/2020-03/581208-omaha-004/581208-omaha-004-121.JPG	 					se1/2e	202	210	8	30.12	69	68	67	72		bcmq	nim	0				
1873-07-12	16	-2.01	-81.35	126.56		5		https://s3.amazonaws.com/NARAprodstorage/lz/dc-metro/rg-024/581208/2020-03/581208-omaha-004/581208-omaha-004-121.JPG	https://s3.amazonaws.com/NARAprodstorage/lz/dc-metro/rg-024/581208/2020-03/581208-omaha-004/581208-omaha-004-121.JPG	1640: Ship wore Nd & Wd.					se3/4e	202	210	8	30.1	70	68	67	72		bcmq	nim	0				
1873-07-12	17	-2.06	-81.31	144		3.2		https://s3.amazonaws.com/NARAprodstorage/lz/dc-metro/rg-024/581208/2020-03/581208-omaha-004/581208-omaha-004-121.JPG	https://s3.amazonaws.com/NARAprodstorage/lz/dc-metro/rg-024/581208/2020-03/581208-omaha-004/581208-omaha-004-121.JPG	 					se|nwxw1/4w	214	221	13	30.12	70	69	68	72		ocqf	nim	0				
1873-07-12	18	-1.99	-81.38	298.12		6.4		https://s3.amazonaws.com/NARAprodstorage/lz/dc-metro/rg-024/581208/2020-03/581208-omaha-004/581208-omaha-004-121.JPG	https://s3.amazonaws.com/NARAprodstorage/lz/dc-metro/rg-024/581208/2020-03/581208-omaha-004/581208-omaha-004-121.JPG	 					nwxw1/2w	214	221	13	30.16	70	69	68	73		ocq	nim	0				
1873-07-12	19	-1.93	-81.45	298.12		6		https://s3.amazonaws.com/NARAprodstorage/lz/dc-metro/rg-024/581208/2020-03/581208-omaha-004/581208-omaha-004-121.JPG	https://s3.amazonaws.com/NARAprodstorage/lz/dc-metro/rg-024/581208/2020-03/581208-omaha-004/581208-omaha-004-121.JPG	 					nwxw1/2w	214	221	13	30.16	70	69	68	73		ocq	nim	0				
1873-07-12	20	-1.88	-81.51	298.12		5.4		https://s3.amazonaws.com/NARAprodstorage/lz/dc-metro/rg-024/581208/2020-03/581208-omaha-004/581208-omaha-004-121.JPG	https://s3.amazonaws.com/NARAprodstorage/lz/dc-metro/rg-024/581208/2020-03/581208-omaha-004/581208-omaha-004-121.JPG	 					nwxw1/2w	214	221	13	30.2	70	69	67	73		ocq	nim	0				
1873-07-12	21	-1.83	-81.58	289.69		5.6		https://s3.amazonaws.com/NARAprodstorage/lz/dc-metro/rg-024/581208/2020-03/581208-omaha-004/581208-omaha-004-121.JPG	https://s3.amazonaws.com/NARAprodstorage/lz/dc-metro/rg-024/581208/2020-03/581208-omaha-004/581208-omaha-004-121.JPG	 					wnw1/4w	219	226	8	30.2	70	69	67	72		bcq	cum nim	1				
1873-07-12	22	-1.79	-81.66	284.06		6		https://s3.amazonaws.com/NARAprodstorage/lz/dc-metro/rg-024/581208/2020-03/581208-omaha-004/581208-omaha-004-121.JPG	https://s3.amazonaws.com/NARAprodstorage/lz/dc-metro/rg-024/581208/2020-03/581208-omaha-004/581208-omaha-004-121.JPG	 					wnw3/4w	214	221	8	30.2	69	68	67	72		bcq	cum nim	1				
1873-07-12	23	-1.76	-81.73	284.06		5.6		https://s3.amazonaws.com/NARAprodstorage/lz/dc-metro/rg-024/581208/2020-03/581208-omaha-004/581208-omaha-004-121.JPG	https://s3.amazonaws.com/NARAprodstorage/lz/dc-metro/rg-024/581208/2020-03/581208-omaha-004/581208-omaha-004-121.JPG	 					wnw3/4w	214	221	8	30.2	69	68	66	72		bcq	cum nim	1				
1873-07-12	24	-1.73	-81.81	281.25		5.6		https://s3.amazonaws.com/NARAprodstorage/lz/dc-metro/rg-024/581208/2020-03/581208-omaha-004/581208-omaha-004-121.JPG	https://s3.amazonaws.com/NARAprodstorage/lz/dc-metro/rg-024/581208/2020-03/581208-omaha-004/581208-omaha-004-121.JPG	0000: Wore to Sd & Ed.					wxn	214	221	8	30.2	69	68	66	72		bcq	cum nim	1				
1873-07-13	1	-1.78	-81.73	126.56		5		https://s3.amazonaws.com/NARAprodstorage/lz/dc-metro/rg-024/581208/2020-03/581208-omaha-004/581208-omaha-004-122.JPG	https://s3.amazonaws.com/NARAprodstorage/lz/dc-metro/rg-024/581208/2020-03/581208-omaha-004/581208-omaha-004-122.JPG	 					se3/4e	202	210	8	30.22	69	69	67	72		ocq	nim	0				
1873-07-13	2	-1.86	-81.66	132.19		6		https://s3.amazonaws.com/NARAprodstorage/lz/dc-metro/rg-024/581208/2020-03/581208-omaha-004/581208-omaha-004-122.JPG	https://s3.amazonaws.com/NARAprodstorage/lz/dc-metro/rg-024/581208/2020-03/581208-omaha-004/581208-omaha-004-122.JPG	 					se1/4e	214	221	13	30.22	69	69	67	72		ocq	nim	0				
1873-07-13	3	-1.94	-81.59	140.62		6		https://s3.amazonaws.com/NARAprodstorage/lz/dc-metro/rg-024/581208/2020-03/581208-omaha-004/581208-omaha-004-122.JPG	https://s3.amazonaws.com/NARAprodstorage/lz/dc-metro/rg-024/581208/2020-03/581208-omaha-004/581208-omaha-004-122.JPG	 					se1/2s	214	221	13	30.22	69	69	67	71		ocq	nim	0				
1873-07-13	4	-2.01	-81.52	135		5.2		https://s3.amazonaws.com/NARAprodstorage/lz/dc-metro/rg-024/581208/2020-03/581208-omaha-004/581208-omaha-004-122.JPG	https://s3.amazonaws.com/NARAprodstorage/lz/dc-metro/rg-024/581208/2020-03/581208-omaha-004/581208-omaha-004-122.JPG	 					se	208	215	8	30.22	69	68	66	71		ocq	nim	0				
1873-07-13	5	-2.05	-81.47	129.38		3.4		https://s3.amazonaws.com/NARAprodstorage/lz/dc-metro/rg-024/581208/2020-03/581208-omaha-004/581208-omaha-004-122.JPG	https://s3.amazonaws.com/NARAprodstorage/lz/dc-metro/rg-024/581208/2020-03/581208-omaha-004/581208-omaha-004-122.JPG	"0545: Sighted Cape St Helena (Punta Santa Elena) right ahead, dist 10 mi."					se1/2e	202	210	5	30.15	69	69	67	72		ocqr	nim	0				
1873-07-13	6	-2.06	-81.41	101.25		3		https://s3.amazonaws.com/NARAprodstorage/lz/dc-metro/rg-024/581208/2020-03/581208-omaha-004/581208-omaha-004-122.JPG	https://s3.amazonaws.com/NARAprodstorage/lz/dc-metro/rg-024/581208/2020-03/581208-omaha-004/581208-omaha-004-122.JPG	0600: Wore ship to Wd.					exs	180	187	2	30.17	69	69	67	73		oc	nim	0				
1873-07-13	7	-2.05	-81.47	270		4.4		https://s3.amazonaws.com/NARAprodstorage/lz/dc-metro/rg-024/581208/2020-03/581208-omaha-004/581208-omaha-004-122.JPG	https://s3.amazonaws.com/NARAprodstorage/lz/dc-metro/rg-024/581208/2020-03/581208-omaha-004/581208-omaha-004-122.JPG	 					w	202	210	5	30.18	70	69	67	73		oc	nim	0				
1873-07-13	8	-2.04	-81.51	270		3		https://s3.amazonaws.com/NARAprodstorage/lz/dc-metro/rg-024/581208/2020-03/581208-omaha-004/581208-omaha-004-122.JPG	https://s3.amazonaws.com/NARAprodstorage/lz/dc-metro/rg-024/581208/2020-03/581208-omaha-004/581208-omaha-004-122.JPG	 					w	202	210	5	30.19	70	69	67	73		oc	nim	0				
1873-07-13	9	-2.02	-81.58	275.62		5.6		https://s3.amazonaws.com/NARAprodstorage/lz/dc-metro/rg-024/581208/2020-03/581208-omaha-004/581208-omaha-004-122.JPG	https://s3.amazonaws.com/NARAprodstorage/lz/dc-metro/rg-024/581208/2020-03/581208-omaha-004/581208-omaha-004-122.JPG	 					w1/2n	202	210	5	30.2	70	69	67	73		oc	nim	0				
1873-07-13	10	-2	-81.64	275.62		4.2		https://s3.amazonaws.com/NARAprodstorage/lz/dc-metro/rg-024/581208/2020-03/581208-omaha-004/581208-omaha-004-122.JPG	https://s3.amazonaws.com/NARAprodstorage/lz/dc-metro/rg-024/581208/2020-03/581208-omaha-004/581208-omaha-004-122.JPG	1000: Wore ship to Sd & Ed.					w1/2n	202	210	5	30.2	70	69	67	73		oc	nim	0				
1873-07-13	11	-2.06	-81.59	137.81		4		https://s3.amazonaws.com/NARAprodstorage/lz/dc-metro/rg-024/581208/2020-03/581208-omaha-004/581208-omaha-004-122.JPG	https://s3.amazonaws.com/NARAprodstorage/lz/dc-metro/rg-024/581208/2020-03/581208-omaha-004/581208-omaha-004-122.JPG	 					se1/4s	214	221	5	30.2	71	70	68	73		oc	nim	0				
1873-07-13	12	-2.12	-81.53	140.62		4.4		https://s3.amazonaws.com/NARAprodstorage/lz/dc-metro/rg-024/581208/2020-03/581208-omaha-004/581208-omaha-004-122.JPG	https://s3.amazonaws.com/NARAprodstorage/lz/dc-metro/rg-024/581208/2020-03/581208-omaha-004/581208-omaha-004-122.JPG	 			2 7S	81 32W	se1/2s	214	221	2	30.19	71	70	68	73		oc	cum nim	0				
1873-07-13	13	-2.23	-81.46	149.06		7.2		https://s3.amazonaws.com/NARAprodstorage/lz/dc-metro/rg-024/581208/2020-03/581208-omaha-004/581208-omaha-004-122.JPG	https://s3.amazonaws.com/NARAprodstorage/lz/dc-metro/rg-024/581208/2020-03/581208-omaha-004/581208-omaha-004-122.JPG	 					sse3/4e	225	232	5	30.18	71	70	68	73		oc	cum nim	0				
1873-07-13	14	-2.28	-81.41	149.06		3.4		https://s3.amazonaws.com/NARAprodstorage/lz/dc-metro/rg-024/581208/2020-03/581208-omaha-004/581208-omaha-004-122.JPG	https://s3.amazonaws.com/NARAprodstorage/lz/dc-metro/rg-024/581208/2020-03/581208-omaha-004/581208-omaha-004-122.JPG	 					sse3/4e	225	232	5	30.14	71	70	68	73		oc	cum nim	0				
1873-07-13	15	-2.34	-81.36	151.88		3.4		https://s3.amazonaws.com/NARAprodstorage/lz/dc-metro/rg-024/581208/2020-03/581208-omaha-004/581208-omaha-004-122.JPG	https://s3.amazonaws.com/NARAprodstorage/lz/dc-metro/rg-024/581208/2020-03/581208-omaha-004/581208-omaha-004-122.JPG	 					sse1/2e	225	232	5	30.12	71	70	68	73		oc	cum nim	0				
1873-07-13	16	-2.41	-81.31	154.69		4.4		https://s3.amazonaws.com/NARAprodstorage/lz/dc-metro/rg-024/581208/2020-03/581208-omaha-004/581208-omaha-004-122.JPG	https://s3.amazonaws.com/NARAprodstorage/lz/dc-metro/rg-024/581208/2020-03/581208-omaha-004/581208-omaha-004-122.JPG	1630: Cape St Helena brg NNE3/4E.					sse1/4e	225	232	8	30.12	71	70	68	73		ocq	nim	0				
1873-07-13	17	-2.48	-81.26	154.69		4.4		https://s3.amazonaws.com/NARAprodstorage/lz/dc-metro/rg-024/581208/2020-03/581208-omaha-004/581208-omaha-004-122.JPG	https://s3.amazonaws.com/NARAprodstorage/lz/dc-metro/rg-024/581208/2020-03/581208-omaha-004/581208-omaha-004-122.JPG	 					sse1/4e	225	232	8	30.12	71	70	68	73		ocq	nim	0				
1873-07-13	18	-2.54	-81.22	154.69		3.4		https://s3.amazonaws.com/NARAprodstorage/lz/dc-metro/rg-024/581208/2020-03/581208-omaha-004/581208-omaha-004-122.JPG	https://s3.amazonaws.com/NARAprodstorage/lz/dc-metro/rg-024/581208/2020-03/581208-omaha-004/581208-omaha-004-122.JPG	 					sse1/4e	225	232	5	30.15	71	69	68	73		ocq	nim	0				
1873-07-13	19	-2.59	-81.17	151.88		3.2		https://s3.amazonaws.com/NARAprodstorage/lz/dc-metro/rg-024/581208/2020-03/581208-omaha-004/581208-omaha-004-122.JPG	https://s3.amazonaws.com/NARAprodstorage/lz/dc-metro/rg-024/581208/2020-03/581208-omaha-004/581208-omaha-004-122.JPG	 					sse1/2e	225	232	5	30.18	71	69	67	73		oc	nim	0				
1873-07-13	20	-2.64	-81.13	151.88		3		https://s3.amazonaws.com/NARAprodstorage/lz/dc-metro/rg-024/581208/2020-03/581208-omaha-004/581208-omaha-004-122.JPG	https://s3.amazonaws.com/NARAprodstorage/lz/dc-metro/rg-024/581208/2020-03/581208-omaha-004/581208-omaha-004-122.JPG	 					sse1/2e	225	232	2	30.2	69	69	68	75		oc	nim	0				
1873-07-13	21	-2.69	-81.08	149.06		3		https://s3.amazonaws.com/NARAprodstorage/lz/dc-metro/rg-024/581208/2020-03/581208-omaha-004/581208-omaha-004-122.JPG	https://s3.amazonaws.com/NARAprodstorage/lz/dc-metro/rg-024/581208/2020-03/581208-omaha-004/581208-omaha-004-122.JPG	2100: cc SE1/4E.					sse3/4e	225	232	5	30.23	70	69	67	73		oc	nim	0				
1873-07-13	22	-2.74	-81.01	132.19		4		https://s3.amazonaws.com/NARAprodstorage/lz/dc-metro/rg-024/581208/2020-03/581208-omaha-004/581208-omaha-004-122.JPG	https://s3.amazonaws.com/NARAprodstorage/lz/dc-metro/rg-024/581208/2020-03/581208-omaha-004/581208-omaha-004-122.JPG	 					se1/4e	214	221	5	30.23	71	69	67	73		ocr	nim	0				
1873-07-13	23	-2.8	-80.93	132.19		4.4		https://s3.amazonaws.com/NARAprodstorage/lz/dc-metro/rg-024/581208/2020-03/581208-omaha-004/581208-omaha-004-122.JPG	https://s3.amazonaws.com/NARAprodstorage/lz/dc-metro/rg-024/581208/2020-03/581208-omaha-004/581208-omaha-004-122.JPG	 					se1/4e	202	210	6	30.23	71	69	68	73		oc	nim	0				
1873-07-13	24	-2.87	-80.85	132.19		5.4		https://s3.amazonaws.com/NARAprodstorage/lz/dc-metro/rg-024/581208/2020-03/581208-omaha-004/581208-omaha-004-122.JPG	https://s3.amazonaws.com/NARAprodstorage/lz/dc-metro/rg-024/581208/2020-03/581208-omaha-004/581208-omaha-004-122.JPG	 					se1/4e	202	210	8	30.23	71	69	68	73		oc	nim	0				
1873-07-14	1	-2.95	-80.76	129.38		5.6		https://s3.amazonaws.com/NARAprodstorage/lz/dc-metro/rg-024/581208/2020-03/581208-omaha-004/581208-omaha-004-123.JPG	https://s3.amazonaws.com/NARAprodstorage/lz/dc-metro/rg-024/581208/2020-03/581208-omaha-004/581208-omaha-004-123.JPG	 					se1/2e	208	215	8	30.2	70	69	67	72		ocq	cum nim	0				
1873-07-14	2	-3.02	-80.67	132.19		5.4		https://s3.amazonaws.com/NARAprodstorage/lz/dc-metro/rg-024/581208/2020-03/581208-omaha-004/581208-omaha-004-123.JPG	https://s3.amazonaws.com/NARAprodstorage/lz/dc-metro/rg-024/581208/2020-03/581208-omaha-004/581208-omaha-004-123.JPG	0230: cc NE. 0245 Light of St Clara Id brg SExE.					se1/4e	208	215	5	30.18	70	69	67	72		ocqr	cum nim	0				
1873-07-14	3	-3.02	-80.59	81		3.4		https://s3.amazonaws.com/NARAprodstorage/lz/dc-metro/rg-024/581208/2020-03/581208-omaha-004/581208-omaha-004-123.JPG	https://s3.amazonaws.com/NARAprodstorage/lz/dc-metro/rg-024/581208/2020-03/581208-omaha-004/581208-omaha-004-123.JPG	 					exs	208	215	2	30.18	70	69	67	72		bc	cum	1				
1873-07-14	4	-3.05	-80.55	157.5		1.6		https://s3.amazonaws.com/NARAprodstorage/lz/dc-metro/rg-024/581208/2020-03/581208-omaha-004/581208-omaha-004-123.JPG	https://s3.amazonaws.com/NARAprodstorage/lz/dc-metro/rg-024/581208/2020-03/581208-omaha-004/581208-omaha-004-123.JPG	 					sse	214	221	2	30.14	70	69	67	72		bc	cum	2				
1873-07-14	5	-3.06	-80.52	146.25		0.6		https://s3.amazonaws.com/NARAprodstorage/lz/dc-metro/rg-024/581208/2020-03/581208-omaha-004/581208-omaha-004-123.JPG	https://s3.amazonaws.com/NARAprodstorage/lz/dc-metro/rg-024/581208/2020-03/581208-omaha-004/581208-omaha-004-123.JPG	 					sexs	888	888	2	30.14	70	70	68	72		bc	cum	2				
1873-07-14	6	-3.06	-80.49			0		https://s3.amazonaws.com/NARAprodstorage/lz/dc-metro/rg-024/581208/2020-03/581208-omaha-004/581208-omaha-004-123.JPG	https://s3.amazonaws.com/NARAprodstorage/lz/dc-metro/rg-024/581208/2020-03/581208-omaha-004/581208-omaha-004-123.JPG	"0600: Sighted Tampo Plo on Puna Id. 0625 Santa Clara Lt brg SSE3/4S, Tampo Palo NExE."						0	0	0	30.14	70	70	68	72		oc	cum nim	0				
1873-07-14	7	-3.1	-80.42	92		6		https://s3.amazonaws.com/NARAprodstorage/lz/dc-metro/rg-024/581208/2020-03/581208-omaha-004/581208-omaha-004-123.JPG	https://s3.amazonaws.com/NARAprodstorage/lz/dc-metro/rg-024/581208/2020-03/581208-omaha-004/581208-omaha-004-123.JPG	 					exs|e	888	888	2	30.15	70	70	68	72		oc	cum nim	0				
1873-07-14	8	-3.13	-80.35	90		6		https://s3.amazonaws.com/NARAprodstorage/lz/dc-metro/rg-024/581208/2020-03/581208-omaha-004/581208-omaha-004-123.JPG	https://s3.amazonaws.com/NARAprodstorage/lz/dc-metro/rg-024/581208/2020-03/581208-omaha-004/581208-omaha-004-123.JPG	0830: cc NExE.					e	888	888	2	30.15	70	70	68	72		oc	nim	0				
1873-07-14	9	-3.1	-80.28	888		6.2		https://s3.amazonaws.com/NARAprodstorage/lz/dc-metro/rg-024/581208/2020-03/581208-omaha-004/581208-omaha-004-123.JPG	https://s3.amazonaws.com/NARAprodstorage/lz/dc-metro/rg-024/581208/2020-03/581208-omaha-004/581208-omaha-004-123.JPG	0940: cc E.					v	888	888	1	30.2	72	72	70	78		bcm	cir cum	5				
1873-07-14	10	-3.07	-80.21	888		6		https://s3.amazonaws.com/NARAprodstorage/lz/dc-metro/rg-024/581208/2020-03/581208-omaha-004/581208-omaha-004-123.JPG	https://s3.amazonaws.com/NARAprodstorage/lz/dc-metro/rg-024/581208/2020-03/581208-omaha-004/581208-omaha-004-123.JPG	 					v	888	888	1	30.2	72	72	70	79		bc	cir cum	6				
1873-07-14	11	-3.04	-80.14	888		6		https://s3.amazonaws.com/NARAprodstorage/lz/dc-metro/rg-024/581208/2020-03/581208-omaha-004/581208-omaha-004-123.JPG	https://s3.amazonaws.com/NARAprodstorage/lz/dc-metro/rg-024/581208/2020-03/581208-omaha-004/581208-omaha-004-123.JPG	1100: cc NNE1/2E. 1150 cc NNE1/4E					v	0	0	0	30.2	74	73	71	79		bc	cir cum	8				
1873-07-14	12	-2.99	-80.07	888		6.4		https://s3.amazonaws.com/NARAprodstorage/lz/dc-metro/rg-024/581208/2020-03/581208-omaha-004/581208-omaha-004-123.JPG	https://s3.amazonaws.com/NARAprodstorage/lz/dc-metro/rg-024/581208/2020-03/581208-omaha-004/581208-omaha-004-123.JPG	"1210: Tampa Palo brg W, Mala Hill NxW. Noon: Steaming up Rio de Guayas."					v	0	0	0	30.19	74	76	74	79		bc	cir cum	8				
1873-07-14	13	-2.94	-80.02	888		6.6		https://s3.amazonaws.com/NARAprodstorage/lz/dc-metro/rg-024/581208/2020-03/581208-omaha-004/581208-omaha-004-123.JPG	https://s3.amazonaws.com/NARAprodstorage/lz/dc-metro/rg-024/581208/2020-03/581208-omaha-004/581208-omaha-004-123.JPG	 					v	202	210	2	30.19	75	78	75	79		bc	cir cum	7				
1873-07-14	14	-2.88	-79.97	888		7		https://s3.amazonaws.com/NARAprodstorage/lz/dc-metro/rg-024/581208/2020-03/581208-omaha-004/581208-omaha-004-123.JPG	https://s3.amazonaws.com/NARAprodstorage/lz/dc-metro/rg-024/581208/2020-03/581208-omaha-004/581208-omaha-004-123.JPG	 					v	202	210	2	30.16	75	78	73	79		bc	cir cum	8				
1873-07-14	15	-2.83	-79.92	888		7		https://s3.amazonaws.com/NARAprodstorage/lz/dc-metro/rg-024/581208/2020-03/581208-omaha-004/581208-omaha-004-123.JPG	https://s3.amazonaws.com/NARAprodstorage/lz/dc-metro/rg-024/581208/2020-03/581208-omaha-004/581208-omaha-004-123.JPG	 					v	0	0	0	30.16	75	78	73	79		bc	cir cum	8				
1873-07-14	16	-2.78	-79.88	888		6		https://s3.amazonaws.com/NARAprodstorage/lz/dc-metro/rg-024/581208/2020-03/581208-omaha-004/581208-omaha-004-123.JPG	https://s3.amazonaws.com/NARAprodstorage/lz/dc-metro/rg-024/581208/2020-03/581208-omaha-004/581208-omaha-004-123.JPG	1645: Anchored. Off the village of Puna. Brgs: W end Green Id NWxW1/4W; Pumna Creek SxW1/4W.					v	0	0	0	30.16	75	78	73	79		bc	cir cum	4				
1873-07-14	17	-2.72	-79.91	888		4		https://s3.amazonaws.com/NARAprodstorage/lz/dc-metro/rg-024/581208/2020-03/581208-omaha-004/581208-omaha-004-123.JPG	https://s3.amazonaws.com/NARAprodstorage/lz/dc-metro/rg-024/581208/2020-03/581208-omaha-004/581208-omaha-004-123.JPG	 						888	888	2	30.16	75	76	71	79		bc	cir cum	6				
1873-07-14	18	-2.72	-79.91			a		https://s3.amazonaws.com/NARAprodstorage/lz/dc-metro/rg-024/581208/2020-03/581208-omaha-004/581208-omaha-004-123.JPG	https://s3.amazonaws.com/NARAprodstorage/lz/dc-metro/rg-024/581208/2020-03/581208-omaha-004/581208-omaha-004-123.JPG	 						888	888	2	30.15	75	76	71	79		bc	cir cum	6				
1873-07-14	19	-2.72	-79.91			a		https://s3.amazonaws.com/NARAprodstorage/lz/dc-metro/rg-024/581208/2020-03/581208-omaha-004/581208-omaha-004-123.JPG	https://s3.amazonaws.com/NARAprodstorage/lz/dc-metro/rg-024/581208/2020-03/581208-omaha-004/581208-omaha-004-123.JPG	 						888	888	2	30.15	75	75	71	79		bc	cir cum	6				
1873-07-14	20	-2.72	-79.91			a		https://s3.amazonaws.com/NARAprodstorage/lz/dc-metro/rg-024/581208/2020-03/581208-omaha-004/581208-omaha-004-123.JPG	https://s3.amazonaws.com/NARAprodstorage/lz/dc-metro/rg-024/581208/2020-03/581208-omaha-004/581208-omaha-004-123.JPG	 						888	888	2	30.15	75	75	71	79		bc	cir cum	6				
1873-07-14	21	-2.72	-79.91			a		https://s3.amazonaws.com/NARAprodstorage/lz/dc-metro/rg-024/581208/2020-03/581208-omaha-004/581208-omaha-004-123.JPG	https://s3.amazonaws.com/NARAprodstorage/lz/dc-metro/rg-024/581208/2020-03/581208-omaha-004/581208-omaha-004-123.JPG	 						888	888	2	30.15	75	75	71	79		bc	cir cum	2				
1873-07-14	22	-2.72	-79.91			a		https://s3.amazonaws.com/NARAprodstorage/lz/dc-metro/rg-024/581208/2020-03/581208-omaha-004/581208-omaha-004-123.JPG	https://s3.amazonaws.com/NARAprodstorage/lz/dc-metro/rg-024/581208/2020-03/581208-omaha-004/581208-omaha-004-123.JPG	 						888	888	2	30.14	74	74	71	79		bc	cir cum	2				
1873-07-14	23	-2.72	-79.91			a		https://s3.amazonaws.com/NARAprodstorage/lz/dc-metro/rg-024/581208/2020-03/581208-omaha-004/581208-omaha-004-123.JPG	https://s3.amazonaws.com/NARAprodstorage/lz/dc-metro/rg-024/581208/2020-03/581208-omaha-004/581208-omaha-004-123.JPG	 						888	888	2	30.14	74	74	71	79		bc	cir cum	3				
1873-07-14	24	-2.72	-79.91			a		https://s3.amazonaws.com/NARAprodstorage/lz/dc-metro/rg-024/581208/2020-03/581208-omaha-004/581208-omaha-004-123.JPG	https://s3.amazonaws.com/NARAprodstorage/lz/dc-metro/rg-024/581208/2020-03/581208-omaha-004/581208-omaha-004-123.JPG	 						888	888	2	30.13	73	73	71	79		bc	cir cum	2				
1873-07-15	1	-2.72	-79.91			a		https://s3.amazonaws.com/NARAprodstorage/lz/dc-metro/rg-024/581208/2020-03/581208-omaha-004/581208-omaha-004-124.JPG	https://s3.amazonaws.com/NARAprodstorage/lz/dc-metro/rg-024/581208/2020-03/581208-omaha-004/581208-omaha-004-124.JPG	 						248	254	2	30.18	73	72	71	79		o	nim	0				
1873-07-15	2	-2.72	-79.91			a		https://s3.amazonaws.com/NARAprodstorage/lz/dc-metro/rg-024/581208/2020-03/581208-omaha-004/581208-omaha-004-124.JPG	https://s3.amazonaws.com/NARAprodstorage/lz/dc-metro/rg-024/581208/2020-03/581208-omaha-004/581208-omaha-004-124.JPG	 						248	254	2	30.18	73	72	71	79		o	nim	0				
1873-07-15	3	-2.72	-79.91			a		https://s3.amazonaws.com/NARAprodstorage/lz/dc-metro/rg-024/581208/2020-03/581208-omaha-004/581208-omaha-004-124.JPG	https://s3.amazonaws.com/NARAprodstorage/lz/dc-metro/rg-024/581208/2020-03/581208-omaha-004/581208-omaha-004-124.JPG	 						248	254	2	30.18	73	72	71	79		o	nim	0				
1873-07-15	4	-2.72	-79.91			a		https://s3.amazonaws.com/NARAprodstorage/lz/dc-metro/rg-024/581208/2020-03/581208-omaha-004/581208-omaha-004-124.JPG	https://s3.amazonaws.com/NARAprodstorage/lz/dc-metro/rg-024/581208/2020-03/581208-omaha-004/581208-omaha-004-124.JPG	 						0	0	0	30.19	73	72	71	79		o	nim	0				
1873-07-15	5	-2.72	-79.91			a		https://s3.amazonaws.com/NARAprodstorage/lz/dc-metro/rg-024/581208/2020-03/581208-omaha-004/581208-omaha-004-124.JPG	https://s3.amazonaws.com/NARAprodstorage/lz/dc-metro/rg-024/581208/2020-03/581208-omaha-004/581208-omaha-004-124.JPG	 						225	232	2	30.19	73	72	70	79		o	nim	0				
1873-07-15	6	-2.72	-79.91			a		https://s3.amazonaws.com/NARAprodstorage/lz/dc-metro/rg-024/581208/2020-03/581208-omaha-004/581208-omaha-004-124.JPG	https://s3.amazonaws.com/NARAprodstorage/lz/dc-metro/rg-024/581208/2020-03/581208-omaha-004/581208-omaha-004-124.JPG	 						225	232	2	30.19	73	72	70	79		oc	cum nim	0				
1873-07-15	7	-2.72	-79.91			a		https://s3.amazonaws.com/NARAprodstorage/lz/dc-metro/rg-024/581208/2020-03/581208-omaha-004/581208-omaha-004-124.JPG	https://s3.amazonaws.com/NARAprodstorage/lz/dc-metro/rg-024/581208/2020-03/581208-omaha-004/581208-omaha-004-124.JPG	 						225	232	2	30.19	74	71	69	79		oc	cum nim	0				
1873-07-15	8	-2.72	-79.91			a		https://s3.amazonaws.com/NARAprodstorage/lz/dc-metro/rg-024/581208/2020-03/581208-omaha-004/581208-omaha-004-124.JPG	https://s3.amazonaws.com/NARAprodstorage/lz/dc-metro/rg-024/581208/2020-03/581208-omaha-004/581208-omaha-004-124.JPG	 						225	232	2	30.16	74	71	69	79		oc	cum nim	0				
1873-07-15	9	-2.72	-79.91			a		https://s3.amazonaws.com/NARAprodstorage/lz/dc-metro/rg-024/581208/2020-03/581208-omaha-004/581208-omaha-004-124.JPG	https://s3.amazonaws.com/NARAprodstorage/lz/dc-metro/rg-024/581208/2020-03/581208-omaha-004/581208-omaha-004-124.JPG	 						225	232	2	30.16	75	77	74	77		bc	cum nim	5				
1873-07-15	10	-2.72	-79.91			a		https://s3.amazonaws.com/NARAprodstorage/lz/dc-metro/rg-024/581208/2020-03/581208-omaha-004/581208-omaha-004-124.JPG	https://s3.amazonaws.com/NARAprodstorage/lz/dc-metro/rg-024/581208/2020-03/581208-omaha-004/581208-omaha-004-124.JPG	 						225	232	2	30.16	75	77	74	77		bc	cum nim	4				
1873-07-15	11	-2.72	-79.91			a		https://s3.amazonaws.com/NARAprodstorage/lz/dc-metro/rg-024/581208/2020-03/581208-omaha-004/581208-omaha-004-124.JPG	https://s3.amazonaws.com/NARAprodstorage/lz/dc-metro/rg-024/581208/2020-03/581208-omaha-004/581208-omaha-004-124.JPG	 						225	232	2	30.16	75	77	74	77		bc	cum nim	4				
1873-07-15	12	-2.72	-79.91			a		https://s3.amazonaws.com/NARAprodstorage/lz/dc-metro/rg-024/581208/2020-03/581208-omaha-004/581208-omaha-004-124.JPG	https://s3.amazonaws.com/NARAprodstorage/lz/dc-metro/rg-024/581208/2020-03/581208-omaha-004/581208-omaha-004-124.JPG	"Noon: Off PUna Village, Ecuador."						225	232	2	30.16	75	77	74	77		bc	cum nim	4				
1873-07-15	13	-2.72	-79.91			a		https://s3.amazonaws.com/NARAprodstorage/lz/dc-metro/rg-024/581208/2020-03/581208-omaha-004/581208-omaha-004-124.JPG	https://s3.amazonaws.com/NARAprodstorage/lz/dc-metro/rg-024/581208/2020-03/581208-omaha-004/581208-omaha-004-124.JPG	 						225	232	2	30.14	76	78	74	77		bc	cum nim	4				
1873-07-15	14	-2.72	-79.91			a		https://s3.amazonaws.com/NARAprodstorage/lz/dc-metro/rg-024/581208/2020-03/581208-omaha-004/581208-omaha-004-124.JPG	https://s3.amazonaws.com/NARAprodstorage/lz/dc-metro/rg-024/581208/2020-03/581208-omaha-004/581208-omaha-004-124.JPG	 						225	232	1	30.14	76	78	74	77		bc	cum nim	4				
1873-07-15	15	-2.72	-79.91			a		https://s3.amazonaws.com/NARAprodstorage/lz/dc-metro/rg-024/581208/2020-03/581208-omaha-004/581208-omaha-004-124.JPG	https://s3.amazonaws.com/NARAprodstorage/lz/dc-metro/rg-024/581208/2020-03/581208-omaha-004/581208-omaha-004-124.JPG	 						225	232	2	30.15	76	78	74	77		bc	cum nim	4				
1873-07-15	16	-2.72	-79.91			a		https://s3.amazonaws.com/NARAprodstorage/lz/dc-metro/rg-024/581208/2020-03/581208-omaha-004/581208-omaha-004-124.JPG	https://s3.amazonaws.com/NARAprodstorage/lz/dc-metro/rg-024/581208/2020-03/581208-omaha-004/581208-omaha-004-124.JPG	 						225	232	2	30.1	76	78	74	77		bc	cum nim	4				
1873-07-15	17	-2.72	-79.91			a		https://s3.amazonaws.com/NARAprodstorage/lz/dc-metro/rg-024/581208/2020-03/581208-omaha-004/581208-omaha-004-124.JPG	https://s3.amazonaws.com/NARAprodstorage/lz/dc-metro/rg-024/581208/2020-03/581208-omaha-004/581208-omaha-004-124.JPG	 						248	254	2	30.09	77	78	73	77		bc	cum nim	5				
1873-07-15	18	-2.72	-79.91			a		https://s3.amazonaws.com/NARAprodstorage/lz/dc-metro/rg-024/581208/2020-03/581208-omaha-004/581208-omaha-004-124.JPG	https://s3.amazonaws.com/NARAprodstorage/lz/dc-metro/rg-024/581208/2020-03/581208-omaha-004/581208-omaha-004-124.JPG	 						248	254	2	30.09	77	78	73	77		bc	cum nim	5				
1873-07-15	19	-2.72	-79.91			a		https://s3.amazonaws.com/NARAprodstorage/lz/dc-metro/rg-024/581208/2020-03/581208-omaha-004/581208-omaha-004-124.JPG	https://s3.amazonaws.com/NARAprodstorage/lz/dc-metro/rg-024/581208/2020-03/581208-omaha-004/581208-omaha-004-124.JPG	 						225	232	5	30.09	77	78	73	77		bc	cir	8				
1873-07-15	20	-2.72	-79.91			a		https://s3.amazonaws.com/NARAprodstorage/lz/dc-metro/rg-024/581208/2020-03/581208-omaha-004/581208-omaha-004-124.JPG	https://s3.amazonaws.com/NARAprodstorage/lz/dc-metro/rg-024/581208/2020-03/581208-omaha-004/581208-omaha-004-124.JPG	 						225	232	2	30.1	76	76	73	77		bc	cir	8				
1873-07-15	21	-2.72	-79.91			a		https://s3.amazonaws.com/NARAprodstorage/lz/dc-metro/rg-024/581208/2020-03/581208-omaha-004/581208-omaha-004-124.JPG	https://s3.amazonaws.com/NARAprodstorage/lz/dc-metro/rg-024/581208/2020-03/581208-omaha-004/581208-omaha-004-124.JPG	 						225	232	2	30.1	74	75	72	77		bc	cum str	8				
1873-07-15	22	-2.72	-79.91			a		https://s3.amazonaws.com/NARAprodstorage/lz/dc-metro/rg-024/581208/2020-03/581208-omaha-004/581208-omaha-004-124.JPG	https://s3.amazonaws.com/NARAprodstorage/lz/dc-metro/rg-024/581208/2020-03/581208-omaha-004/581208-omaha-004-124.JPG	 						225	232	2	30.1	74	75	72	77		bc	cum str	7				
1873-07-15	23	-2.72	-79.91			a		https://s3.amazonaws.com/NARAprodstorage/lz/dc-metro/rg-024/581208/2020-03/581208-omaha-004/581208-omaha-004-124.JPG	https://s3.amazonaws.com/NARAprodstorage/lz/dc-metro/rg-024/581208/2020-03/581208-omaha-004/581208-omaha-004-124.JPG	 						225	232	2	30.1	74	75	72	77		bc	cum str	6				
1873-07-15	24	-2.72	-79.91			a		https://s3.amazonaws.com/NARAprodstorage/lz/dc-metro/rg-024/581208/2020-03/581208-omaha-004/581208-omaha-004-124.JPG	https://s3.amazonaws.com/NARAprodstorage/lz/dc-metro/rg-024/581208/2020-03/581208-omaha-004/581208-omaha-004-124.JPG	 						225	232	2	30.1	74	75	72	77		bc	cum str	6				
1873-07-16	1	-2.72	-79.91			a		https://s3.amazonaws.com/NARAprodstorage/lz/dc-metro/rg-024/581208/2020-03/581208-omaha-004/581208-omaha-004-125.JPG	https://s3.amazonaws.com/NARAprodstorage/lz/dc-metro/rg-024/581208/2020-03/581208-omaha-004/581208-omaha-004-125.JPG	 						225	232	2	30.1	73	74	71	77		bc	cum	6				
1873-07-16	2	-2.72	-79.91			a		https://s3.amazonaws.com/NARAprodstorage/lz/dc-metro/rg-024/581208/2020-03/581208-omaha-004/581208-omaha-004-125.JPG	https://s3.amazonaws.com/NARAprodstorage/lz/dc-metro/rg-024/581208/2020-03/581208-omaha-004/581208-omaha-004-125.JPG	 						225	232	2	30.1	73	74	71	77		bc	cum	6				
1873-07-16	3	-2.72	-79.91			a		https://s3.amazonaws.com/NARAprodstorage/lz/dc-metro/rg-024/581208/2020-03/581208-omaha-004/581208-omaha-004-125.JPG	https://s3.amazonaws.com/NARAprodstorage/lz/dc-metro/rg-024/581208/2020-03/581208-omaha-004/581208-omaha-004-125.JPG	 						225	232	2	30.1	73	74	71	77		bc	cum	6				
1873-07-16	4	-2.72	-79.91			a		https://s3.amazonaws.com/NARAprodstorage/lz/dc-metro/rg-024/581208/2020-03/581208-omaha-004/581208-omaha-004-125.JPG	https://s3.amazonaws.com/NARAprodstorage/lz/dc-metro/rg-024/581208/2020-03/581208-omaha-004/581208-omaha-004-125.JPG	 						225	232	2	30.1	73	74	71	77		bc	cum	6				
1873-07-16	5	-2.72	-79.91			a		https://s3.amazonaws.com/NARAprodstorage/lz/dc-metro/rg-024/581208/2020-03/581208-omaha-004/581208-omaha-004-125.JPG	https://s3.amazonaws.com/NARAprodstorage/lz/dc-metro/rg-024/581208/2020-03/581208-omaha-004/581208-omaha-004-125.JPG	 						0	0	0	30.1	74	72	71	77		oc	nim	0				
1873-07-16	6	-2.72	-79.91			a		https://s3.amazonaws.com/NARAprodstorage/lz/dc-metro/rg-024/581208/2020-03/581208-omaha-004/581208-omaha-004-125.JPG	https://s3.amazonaws.com/NARAprodstorage/lz/dc-metro/rg-024/581208/2020-03/581208-omaha-004/581208-omaha-004-125.JPG	 						225	232	2	30.1	74	72	71	77		oc	nim	0				
1873-07-16	7	-2.72	-79.91			a		https://s3.amazonaws.com/NARAprodstorage/lz/dc-metro/rg-024/581208/2020-03/581208-omaha-004/581208-omaha-004-125.JPG	https://s3.amazonaws.com/NARAprodstorage/lz/dc-metro/rg-024/581208/2020-03/581208-omaha-004/581208-omaha-004-125.JPG	 						225	232	8	30.1	74	72	71	77		oc	nim	0				
1873-07-16	8	-2.72	-79.91			a		https://s3.amazonaws.com/NARAprodstorage/lz/dc-metro/rg-024/581208/2020-03/581208-omaha-004/581208-omaha-004-125.JPG	https://s3.amazonaws.com/NARAprodstorage/lz/dc-metro/rg-024/581208/2020-03/581208-omaha-004/581208-omaha-004-125.JPG	 						225	232	8	30.1	74	72	71	77		ocr	nim	0				
1873-07-16	9	-2.72	-79.91			a		https://s3.amazonaws.com/NARAprodstorage/lz/dc-metro/rg-024/581208/2020-03/581208-omaha-004/581208-omaha-004-125.JPG	https://s3.amazonaws.com/NARAprodstorage/lz/dc-metro/rg-024/581208/2020-03/581208-omaha-004/581208-omaha-004-125.JPG	 						315	322	8	30.1	75	77	74	79		bc	cum nim	2				
1873-07-16	10	-2.72	-79.91			a		https://s3.amazonaws.com/NARAprodstorage/lz/dc-metro/rg-024/581208/2020-03/581208-omaha-004/581208-omaha-004-125.JPG	https://s3.amazonaws.com/NARAprodstorage/lz/dc-metro/rg-024/581208/2020-03/581208-omaha-004/581208-omaha-004-125.JPG	 						315	322	8	30.1	75	77	74	79		bc	cum nim	4				
1873-07-16	11	-2.72	-79.91			a		https://s3.amazonaws.com/NARAprodstorage/lz/dc-metro/rg-024/581208/2020-03/581208-omaha-004/581208-omaha-004-125.JPG	https://s3.amazonaws.com/NARAprodstorage/lz/dc-metro/rg-024/581208/2020-03/581208-omaha-004/581208-omaha-004-125.JPG	 						315	322	2	30.1	75	77	74	79		bc	cum	6				
1873-07-16	12	-2.72	-79.91			a		https://s3.amazonaws.com/NARAprodstorage/lz/dc-metro/rg-024/581208/2020-03/581208-omaha-004/581208-omaha-004-125.JPG	https://s3.amazonaws.com/NARAprodstorage/lz/dc-metro/rg-024/581208/2020-03/581208-omaha-004/581208-omaha-004-125.JPG	"Noon: Off PUna Village, Ecuador."						315	322	2	30.1	75	77	74	79		bc	cum	8				
1873-07-16	13	-2.72	-79.91			a		https://s3.amazonaws.com/NARAprodstorage/lz/dc-metro/rg-024/581208/2020-03/581208-omaha-004/581208-omaha-004-125.JPG	https://s3.amazonaws.com/NARAprodstorage/lz/dc-metro/rg-024/581208/2020-03/581208-omaha-004/581208-omaha-004-125.JPG	 						135	142	5	30.03	77	80	74	78		bc	cum	8				
1873-07-16	14	-2.72	-79.91			a		https://s3.amazonaws.com/NARAprodstorage/lz/dc-metro/rg-024/581208/2020-03/581208-omaha-004/581208-omaha-004-125.JPG	https://s3.amazonaws.com/NARAprodstorage/lz/dc-metro/rg-024/581208/2020-03/581208-omaha-004/581208-omaha-004-125.JPG	 						135	142	5	30.03	77	80	74	78		bc	cum	8				
1873-07-16	15	-2.72	-79.91			a		https://s3.amazonaws.com/NARAprodstorage/lz/dc-metro/rg-024/581208/2020-03/581208-omaha-004/581208-omaha-004-125.JPG	https://s3.amazonaws.com/NARAprodstorage/lz/dc-metro/rg-024/581208/2020-03/581208-omaha-004/581208-omaha-004-125.JPG	 						135	142	5	30.03	77	80	74	78		bc	cum	8				
1873-07-16	16	-2.72	-79.91			a		https://s3.amazonaws.com/NARAprodstorage/lz/dc-metro/rg-024/581208/2020-03/581208-omaha-004/581208-omaha-004-125.JPG	https://s3.amazonaws.com/NARAprodstorage/lz/dc-metro/rg-024/581208/2020-03/581208-omaha-004/581208-omaha-004-125.JPG	 						135	142	5	30.03	77	80	74	78		bc	cum	8				
1873-07-16	17	-2.72	-79.91			a		https://s3.amazonaws.com/NARAprodstorage/lz/dc-metro/rg-024/581208/2020-03/581208-omaha-004/581208-omaha-004-125.JPG	https://s3.amazonaws.com/NARAprodstorage/lz/dc-metro/rg-024/581208/2020-03/581208-omaha-004/581208-omaha-004-125.JPG	 						248	254	5	30.03	77	80	74	78		bc	cum	8				
1873-07-16	18	-2.72	-79.91			a		https://s3.amazonaws.com/NARAprodstorage/lz/dc-metro/rg-024/581208/2020-03/581208-omaha-004/581208-omaha-004-125.JPG	https://s3.amazonaws.com/NARAprodstorage/lz/dc-metro/rg-024/581208/2020-03/581208-omaha-004/581208-omaha-004-125.JPG	 						248	254	5	30.05	77	76	74	78		bc	cum	8				
1873-07-16	19	-2.72	-79.91			a		https://s3.amazonaws.com/NARAprodstorage/lz/dc-metro/rg-024/581208/2020-03/581208-omaha-004/581208-omaha-004-125.JPG	https://s3.amazonaws.com/NARAprodstorage/lz/dc-metro/rg-024/581208/2020-03/581208-omaha-004/581208-omaha-004-125.JPG	 						248	254	5	30.05	77	75	72	78		bc	cum	6				
1873-07-16	20	-2.72	-79.91			a		https://s3.amazonaws.com/NARAprodstorage/lz/dc-metro/rg-024/581208/2020-03/581208-omaha-004/581208-omaha-004-125.JPG	https://s3.amazonaws.com/NARAprodstorage/lz/dc-metro/rg-024/581208/2020-03/581208-omaha-004/581208-omaha-004-125.JPG	 						225	232	5	30.1	76	74	72	76		bc	cum	6				
1873-07-16	21	-2.72	-79.91			a		https://s3.amazonaws.com/NARAprodstorage/lz/dc-metro/rg-024/581208/2020-03/581208-omaha-004/581208-omaha-004-125.JPG	https://s3.amazonaws.com/NARAprodstorage/lz/dc-metro/rg-024/581208/2020-03/581208-omaha-004/581208-omaha-004-125.JPG	 						270	277	2	30.1	76	75	73	76		oc	cum nim	0				
1873-07-16	22	-2.72	-79.91			a		https://s3.amazonaws.com/NARAprodstorage/lz/dc-metro/rg-024/581208/2020-03/581208-omaha-004/581208-omaha-004-125.JPG	https://s3.amazonaws.com/NARAprodstorage/lz/dc-metro/rg-024/581208/2020-03/581208-omaha-004/581208-omaha-004-125.JPG	 						270	277	2	30.12	76	75	73	77		oc	cum nim	0				
1873-07-16	23	-2.72	-79.91			a		https://s3.amazonaws.com/NARAprodstorage/lz/dc-metro/rg-024/581208/2020-03/581208-omaha-004/581208-omaha-004-125.JPG	https://s3.amazonaws.com/NARAprodstorage/lz/dc-metro/rg-024/581208/2020-03/581208-omaha-004/581208-omaha-004-125.JPG	 						270	277	2	30.12	76	75	73	77		oc	cum nim	0				
1873-07-16	24	-2.72	-79.91			a		https://s3.amazonaws.com/NARAprodstorage/lz/dc-metro/rg-024/581208/2020-03/581208-omaha-004/581208-omaha-004-125.JPG	https://s3.amazonaws.com/NARAprodstorage/lz/dc-metro/rg-024/581208/2020-03/581208-omaha-004/581208-omaha-004-125.JPG	 						270	277	2	30.12	76	75	73	77		oc	cum nim	0				
1873-07-17	1	-2.72	-79.91			a		https://s3.amazonaws.com/NARAprodstorage/lz/dc-metro/rg-024/581208/2020-03/581208-omaha-004/581208-omaha-004-126.JPG	https://s3.amazonaws.com/NARAprodstorage/lz/dc-metro/rg-024/581208/2020-03/581208-omaha-004/581208-omaha-004-126.JPG	 						888	888	5	30.13	73	73	71	77		oc	cum nim	0				
1873-07-17	2	-2.72	-79.91			a		https://s3.amazonaws.com/NARAprodstorage/lz/dc-metro/rg-024/581208/2020-03/581208-omaha-004/581208-omaha-004-126.JPG	https://s3.amazonaws.com/NARAprodstorage/lz/dc-metro/rg-024/581208/2020-03/581208-omaha-004/581208-omaha-004-126.JPG	 						888	888	5	30.13	73	73	71	77		oc	cum nim	0				
1873-07-17	3	-2.72	-79.91			a		https://s3.amazonaws.com/NARAprodstorage/lz/dc-metro/rg-024/581208/2020-03/581208-omaha-004/581208-omaha-004-126.JPG	https://s3.amazonaws.com/NARAprodstorage/lz/dc-metro/rg-024/581208/2020-03/581208-omaha-004/581208-omaha-004-126.JPG	 						888	888	5	30.13	73	73	71	77		oc	cum nim	0				
1873-07-17	4	-2.72	-79.91			a		https://s3.amazonaws.com/NARAprodstorage/lz/dc-metro/rg-024/581208/2020-03/581208-omaha-004/581208-omaha-004-126.JPG	https://s3.amazonaws.com/NARAprodstorage/lz/dc-metro/rg-024/581208/2020-03/581208-omaha-004/581208-omaha-004-126.JPG	 						888	888	5	30.13	73	73	71	77		oc	cum nim	0				
1873-07-17	5	-2.72	-79.91			a		https://s3.amazonaws.com/NARAprodstorage/lz/dc-metro/rg-024/581208/2020-03/581208-omaha-004/581208-omaha-004-126.JPG	https://s3.amazonaws.com/NARAprodstorage/lz/dc-metro/rg-024/581208/2020-03/581208-omaha-004/581208-omaha-004-126.JPG	 						888	888	1	30.09	75	74	70	78		oc	nim	0				
1873-07-17	6	-2.72	-79.91			a		https://s3.amazonaws.com/NARAprodstorage/lz/dc-metro/rg-024/581208/2020-03/581208-omaha-004/581208-omaha-004-126.JPG	https://s3.amazonaws.com/NARAprodstorage/lz/dc-metro/rg-024/581208/2020-03/581208-omaha-004/581208-omaha-004-126.JPG	 						888	888	2	30.09	75	74	70	78		oc	nim	0				
1873-07-17	7	-2.72	-79.91			a		https://s3.amazonaws.com/NARAprodstorage/lz/dc-metro/rg-024/581208/2020-03/581208-omaha-004/581208-omaha-004-126.JPG	https://s3.amazonaws.com/NARAprodstorage/lz/dc-metro/rg-024/581208/2020-03/581208-omaha-004/581208-omaha-004-126.JPG	 						888	888	2	30.09	75	74	70	78		oc	nim	0				
1873-07-17	8	-2.72	-79.91			a		https://s3.amazonaws.com/NARAprodstorage/lz/dc-metro/rg-024/581208/2020-03/581208-omaha-004/581208-omaha-004-126.JPG	https://s3.amazonaws.com/NARAprodstorage/lz/dc-metro/rg-024/581208/2020-03/581208-omaha-004/581208-omaha-004-126.JPG	 						888	888	2	30.09	75	74	70	78		oc	nim	0				
1873-07-17	9	-2.72	-79.91			a		https://s3.amazonaws.com/NARAprodstorage/lz/dc-metro/rg-024/581208/2020-03/581208-omaha-004/581208-omaha-004-126.JPG	https://s3.amazonaws.com/NARAprodstorage/lz/dc-metro/rg-024/581208/2020-03/581208-omaha-004/581208-omaha-004-126.JPG	 						338	344	5	30.09	75	75	72	77		bc	nim	1				
1873-07-17	10	-2.72	-79.91			a		https://s3.amazonaws.com/NARAprodstorage/lz/dc-metro/rg-024/581208/2020-03/581208-omaha-004/581208-omaha-004-126.JPG	https://s3.amazonaws.com/NARAprodstorage/lz/dc-metro/rg-024/581208/2020-03/581208-omaha-004/581208-omaha-004-126.JPG	 						338	344	5	30.09	75	75	72	77		bc	nim	2				
1873-07-17	11	-2.72	-79.91			a		https://s3.amazonaws.com/NARAprodstorage/lz/dc-metro/rg-024/581208/2020-03/581208-omaha-004/581208-omaha-004-126.JPG	https://s3.amazonaws.com/NARAprodstorage/lz/dc-metro/rg-024/581208/2020-03/581208-omaha-004/581208-omaha-004-126.JPG	 						338	344	5	30.09	75	75	72	77		bc	cir cum	5				
1873-07-17	12	-2.72	-79.91			a		https://s3.amazonaws.com/NARAprodstorage/lz/dc-metro/rg-024/581208/2020-03/581208-omaha-004/581208-omaha-004-126.JPG	https://s3.amazonaws.com/NARAprodstorage/lz/dc-metro/rg-024/581208/2020-03/581208-omaha-004/581208-omaha-004-126.JPG	"Noon: Off PUna Village, Ecuador."						338	344	5	30.1	75	75	72	77		bc	cir cum	5				
1873-07-17	13	-2.72	-79.91			a		https://s3.amazonaws.com/NARAprodstorage/lz/dc-metro/rg-024/581208/2020-03/581208-omaha-004/581208-omaha-004-126.JPG	https://s3.amazonaws.com/NARAprodstorage/lz/dc-metro/rg-024/581208/2020-03/581208-omaha-004/581208-omaha-004-126.JPG	 						349	356	2	30.08	76	78	73	77		bc	cir cum	6				
1873-07-17	14	-2.72	-79.91			a		https://s3.amazonaws.com/NARAprodstorage/lz/dc-metro/rg-024/581208/2020-03/581208-omaha-004/581208-omaha-004-126.JPG	https://s3.amazonaws.com/NARAprodstorage/lz/dc-metro/rg-024/581208/2020-03/581208-omaha-004/581208-omaha-004-126.JPG	 						349	356	2	30.08	76	78	73	77		bc	cir cum	6				
1873-07-17	15	-2.72	-79.91			a		https://s3.amazonaws.com/NARAprodstorage/lz/dc-metro/rg-024/581208/2020-03/581208-omaha-004/581208-omaha-004-126.JPG	https://s3.amazonaws.com/NARAprodstorage/lz/dc-metro/rg-024/581208/2020-03/581208-omaha-004/581208-omaha-004-126.JPG	 						349	356	2	30.08	78	79	74	77		bc	cir cum	4				
1873-07-17	16	-2.72	-79.91			a		https://s3.amazonaws.com/NARAprodstorage/lz/dc-metro/rg-024/581208/2020-03/581208-omaha-004/581208-omaha-004-126.JPG	https://s3.amazonaws.com/NARAprodstorage/lz/dc-metro/rg-024/581208/2020-03/581208-omaha-004/581208-omaha-004-126.JPG	 						349	356	2	30.08	78	79	74	77		bc	cir cum	4				
1873-07-17	17	-2.72	-79.91			a		https://s3.amazonaws.com/NARAprodstorage/lz/dc-metro/rg-024/581208/2020-03/581208-omaha-004/581208-omaha-004-126.JPG	https://s3.amazonaws.com/NARAprodstorage/lz/dc-metro/rg-024/581208/2020-03/581208-omaha-004/581208-omaha-004-126.JPG	 						315	322	2	30.09	75	76	73	77		bc	cir cum str	5				
1873-07-17	18	-2.72	-79.91			a		https://s3.amazonaws.com/NARAprodstorage/lz/dc-metro/rg-024/581208/2020-03/581208-omaha-004/581208-omaha-004-126.JPG	https://s3.amazonaws.com/NARAprodstorage/lz/dc-metro/rg-024/581208/2020-03/581208-omaha-004/581208-omaha-004-126.JPG	 						315	322	2	30.09	75	76	73	77		bc	cir cum str	6				
1873-07-17	19	-2.72	-79.91			a		https://s3.amazonaws.com/NARAprodstorage/lz/dc-metro/rg-024/581208/2020-03/581208-omaha-004/581208-omaha-004-126.JPG	https://s3.amazonaws.com/NARAprodstorage/lz/dc-metro/rg-024/581208/2020-03/581208-omaha-004/581208-omaha-004-126.JPG	 						315	322	2	30.09	75	76	73	77		bc	cir cum str	6				
1873-07-17	20	-2.72	-79.91			a		https://s3.amazonaws.com/NARAprodstorage/lz/dc-metro/rg-024/581208/2020-03/581208-omaha-004/581208-omaha-004-126.JPG	https://s3.amazonaws.com/NARAprodstorage/lz/dc-metro/rg-024/581208/2020-03/581208-omaha-004/581208-omaha-004-126.JPG	 						315	322	2	30.09	75	76	73	77		bc	cir cum str	7				
1873-07-17	21	-2.72	-79.91			a		https://s3.amazonaws.com/NARAprodstorage/lz/dc-metro/rg-024/581208/2020-03/581208-omaha-004/581208-omaha-004-126.JPG	https://s3.amazonaws.com/NARAprodstorage/lz/dc-metro/rg-024/581208/2020-03/581208-omaha-004/581208-omaha-004-126.JPG	 						248	254	2	30.1	75	76	73	77		bc	cir cum str	2				
1873-07-17	22	-2.72	-79.91			a		https://s3.amazonaws.com/NARAprodstorage/lz/dc-metro/rg-024/581208/2020-03/581208-omaha-004/581208-omaha-004-126.JPG	https://s3.amazonaws.com/NARAprodstorage/lz/dc-metro/rg-024/581208/2020-03/581208-omaha-004/581208-omaha-004-126.JPG	 						248	254	2	30.1	75	76	73	77		o	nim	0				
1873-07-17	23	-2.72	-79.91			a		https://s3.amazonaws.com/NARAprodstorage/lz/dc-metro/rg-024/581208/2020-03/581208-omaha-004/581208-omaha-004-126.JPG	https://s3.amazonaws.com/NARAprodstorage/lz/dc-metro/rg-024/581208/2020-03/581208-omaha-004/581208-omaha-004-126.JPG	 						248	254	2	30.1	75	76	73	77		o	nim	0				
1873-07-17	24	-2.72	-79.91			a		https://s3.amazonaws.com/NARAprodstorage/lz/dc-metro/rg-024/581208/2020-03/581208-omaha-004/581208-omaha-004-126.JPG	https://s3.amazonaws.com/NARAprodstorage/lz/dc-metro/rg-024/581208/2020-03/581208-omaha-004/581208-omaha-004-126.JPG	 						248	254	2	30.1	75	74	73	75		o	nim	0				
1873-07-18	1	-2.72	-79.91			a		https://s3.amazonaws.com/NARAprodstorage/lz/dc-metro/rg-024/581208/2020-03/581208-omaha-004/581208-omaha-004-127.JPG	https://s3.amazonaws.com/NARAprodstorage/lz/dc-metro/rg-024/581208/2020-03/581208-omaha-004/581208-omaha-004-127.JPG	 						315	322	2	30.15	73	70	69	76		oc	cum nim	0				
1873-07-18	2	-2.72	-79.91			a		https://s3.amazonaws.com/NARAprodstorage/lz/dc-metro/rg-024/581208/2020-03/581208-omaha-004/581208-omaha-004-127.JPG	https://s3.amazonaws.com/NARAprodstorage/lz/dc-metro/rg-024/581208/2020-03/581208-omaha-004/581208-omaha-004-127.JPG	 						315	322	2	30.15	73	70	69	76		oc	cum nim	0				
1873-07-18	3	-2.72	-79.91			a		https://s3.amazonaws.com/NARAprodstorage/lz/dc-metro/rg-024/581208/2020-03/581208-omaha-004/581208-omaha-004-127.JPG	https://s3.amazonaws.com/NARAprodstorage/lz/dc-metro/rg-024/581208/2020-03/581208-omaha-004/581208-omaha-004-127.JPG	 						315	322	2	30.15	73	70	69	76		oc	cum nim	0				
1873-07-18	4	-2.72	-79.91			a		https://s3.amazonaws.com/NARAprodstorage/lz/dc-metro/rg-024/581208/2020-03/581208-omaha-004/581208-omaha-004-127.JPG	https://s3.amazonaws.com/NARAprodstorage/lz/dc-metro/rg-024/581208/2020-03/581208-omaha-004/581208-omaha-004-127.JPG	 						315	322	2	30.15	73	70	69	76		oc	cum nim	0				
1873-07-18	5	-2.72	-79.91			a		https://s3.amazonaws.com/NARAprodstorage/lz/dc-metro/rg-024/581208/2020-03/581208-omaha-004/581208-omaha-004-127.JPG	https://s3.amazonaws.com/NARAprodstorage/lz/dc-metro/rg-024/581208/2020-03/581208-omaha-004/581208-omaha-004-127.JPG	 						315	322	2	30.13	74	72	70	76		oc	cum nim	0				
1873-07-18	6	-2.72	-79.91			a		https://s3.amazonaws.com/NARAprodstorage/lz/dc-metro/rg-024/581208/2020-03/581208-omaha-004/581208-omaha-004-127.JPG	https://s3.amazonaws.com/NARAprodstorage/lz/dc-metro/rg-024/581208/2020-03/581208-omaha-004/581208-omaha-004-127.JPG	 						315	322	5	30.13	74	72	70	76		oc	cum nim	0				
1873-07-18	7	-2.72	-79.91			a		https://s3.amazonaws.com/NARAprodstorage/lz/dc-metro/rg-024/581208/2020-03/581208-omaha-004/581208-omaha-004-127.JPG	https://s3.amazonaws.com/NARAprodstorage/lz/dc-metro/rg-024/581208/2020-03/581208-omaha-004/581208-omaha-004-127.JPG	 						315	322	5	30.13	74	72	70	76		oc	cum nim	0				
1873-07-18	8	-2.72	-79.91			a		https://s3.amazonaws.com/NARAprodstorage/lz/dc-metro/rg-024/581208/2020-03/581208-omaha-004/581208-omaha-004-127.JPG	https://s3.amazonaws.com/NARAprodstorage/lz/dc-metro/rg-024/581208/2020-03/581208-omaha-004/581208-omaha-004-127.JPG	 						315	322	5	30.13	74	72	70	76		oc	cum nim	0				
1873-07-18	9	-2.72	-79.91			a		https://s3.amazonaws.com/NARAprodstorage/lz/dc-metro/rg-024/581208/2020-03/581208-omaha-004/581208-omaha-004-127.JPG	https://s3.amazonaws.com/NARAprodstorage/lz/dc-metro/rg-024/581208/2020-03/581208-omaha-004/581208-omaha-004-127.JPG	 						315	322	5	30.12	74	72	75	76		bc	cum nim	1				
1873-07-18	10	-2.72	-79.91			a		https://s3.amazonaws.com/NARAprodstorage/lz/dc-metro/rg-024/581208/2020-03/581208-omaha-004/581208-omaha-004-127.JPG	https://s3.amazonaws.com/NARAprodstorage/lz/dc-metro/rg-024/581208/2020-03/581208-omaha-004/581208-omaha-004-127.JPG	 						315	322	5	30.12	74	72	75	76		bc	cum nim	1				
1873-07-18	11	-2.72	-79.91			a		https://s3.amazonaws.com/NARAprodstorage/lz/dc-metro/rg-024/581208/2020-03/581208-omaha-004/581208-omaha-004-127.JPG	https://s3.amazonaws.com/NARAprodstorage/lz/dc-metro/rg-024/581208/2020-03/581208-omaha-004/581208-omaha-004-127.JPG	 						315	322	5	30.12	74	72	75	76		bc	cum nim	1				
1873-07-18	12	-2.72	-79.91			a		https://s3.amazonaws.com/NARAprodstorage/lz/dc-metro/rg-024/581208/2020-03/581208-omaha-004/581208-omaha-004-127.JPG	https://s3.amazonaws.com/NARAprodstorage/lz/dc-metro/rg-024/581208/2020-03/581208-omaha-004/581208-omaha-004-127.JPG	"Noon: Off PUna Village, Ecuador."						315	322	5	30.12	74	72	75	76		bc	cum nim	1				
1873-07-18	13	-2.72	-79.91			a		https://s3.amazonaws.com/NARAprodstorage/lz/dc-metro/rg-024/581208/2020-03/581208-omaha-004/581208-omaha-004-127.JPG	https://s3.amazonaws.com/NARAprodstorage/lz/dc-metro/rg-024/581208/2020-03/581208-omaha-004/581208-omaha-004-127.JPG	 						315	322	8	30.1	76	75	73	77		bc	cum nim	2				
1873-07-18	14	-2.72	-79.91			a		https://s3.amazonaws.com/NARAprodstorage/lz/dc-metro/rg-024/581208/2020-03/581208-omaha-004/581208-omaha-004-127.JPG	https://s3.amazonaws.com/NARAprodstorage/lz/dc-metro/rg-024/581208/2020-03/581208-omaha-004/581208-omaha-004-127.JPG	 						315	322	8	30.1	76	75	73	77		bc	cum nim	2				
1873-07-18	15	-2.72	-79.91			a		https://s3.amazonaws.com/NARAprodstorage/lz/dc-metro/rg-024/581208/2020-03/581208-omaha-004/581208-omaha-004-127.JPG	https://s3.amazonaws.com/NARAprodstorage/lz/dc-metro/rg-024/581208/2020-03/581208-omaha-004/581208-omaha-004-127.JPG	 						315	322	8	30.1	76	75	73	77		bc	cum nim	2				
1873-07-18	16	-2.72	-79.91			a		https://s3.amazonaws.com/NARAprodstorage/lz/dc-metro/rg-024/581208/2020-03/581208-omaha-004/581208-omaha-004-127.JPG	https://s3.amazonaws.com/NARAprodstorage/lz/dc-metro/rg-024/581208/2020-03/581208-omaha-004/581208-omaha-004-127.JPG	 						315	322	8	30.1	76	75	73	77		bc	cum nim	2				
1873-07-18	17	-2.72	-79.91			a		https://s3.amazonaws.com/NARAprodstorage/lz/dc-metro/rg-024/581208/2020-03/581208-omaha-004/581208-omaha-004-127.JPG	https://s3.amazonaws.com/NARAprodstorage/lz/dc-metro/rg-024/581208/2020-03/581208-omaha-004/581208-omaha-004-127.JPG	 						270	277	5	30.1	74	74	72	76		oc	cum nim	0				
1873-07-18	18	-2.72	-79.91			a		https://s3.amazonaws.com/NARAprodstorage/lz/dc-metro/rg-024/581208/2020-03/581208-omaha-004/581208-omaha-004-127.JPG	https://s3.amazonaws.com/NARAprodstorage/lz/dc-metro/rg-024/581208/2020-03/581208-omaha-004/581208-omaha-004-127.JPG	 						270	277	5	30.1	74	74	72	76		oc	cum nim	0				
1873-07-18	19	-2.72	-79.91			a		https://s3.amazonaws.com/NARAprodstorage/lz/dc-metro/rg-024/581208/2020-03/581208-omaha-004/581208-omaha-004-127.JPG	https://s3.amazonaws.com/NARAprodstorage/lz/dc-metro/rg-024/581208/2020-03/581208-omaha-004/581208-omaha-004-127.JPG	 						270	277	5	30.1	74	74	72	76		oc	cum nim	0				
1873-07-18	20	-2.72	-79.91			a		https://s3.amazonaws.com/NARAprodstorage/lz/dc-metro/rg-024/581208/2020-03/581208-omaha-004/581208-omaha-004-127.JPG	https://s3.amazonaws.com/NARAprodstorage/lz/dc-metro/rg-024/581208/2020-03/581208-omaha-004/581208-omaha-004-127.JPG	 						270	277	5	30.1	74	73	71	76		oc	cum nim	0				
1873-07-18	21	-2.72	-79.91			a		https://s3.amazonaws.com/NARAprodstorage/lz/dc-metro/rg-024/581208/2020-03/581208-omaha-004/581208-omaha-004-127.JPG	https://s3.amazonaws.com/NARAprodstorage/lz/dc-metro/rg-024/581208/2020-03/581208-omaha-004/581208-omaha-004-127.JPG	 						180	187	2	30.1	74	73	71	76		bc	cum nim	1				
1873-07-18	22	-2.72	-79.91			a		https://s3.amazonaws.com/NARAprodstorage/lz/dc-metro/rg-024/581208/2020-03/581208-omaha-004/581208-omaha-004-127.JPG	https://s3.amazonaws.com/NARAprodstorage/lz/dc-metro/rg-024/581208/2020-03/581208-omaha-004/581208-omaha-004-127.JPG	 						180	187	2	30.12	73	74	70	76		bc	cum nim	1				
1873-07-18	23	-2.72	-79.91			a		https://s3.amazonaws.com/NARAprodstorage/lz/dc-metro/rg-024/581208/2020-03/581208-omaha-004/581208-omaha-004-127.JPG	https://s3.amazonaws.com/NARAprodstorage/lz/dc-metro/rg-024/581208/2020-03/581208-omaha-004/581208-omaha-004-127.JPG	 						180	187	2	30.13	73	74	70	76		bc	cum nim	1				
1873-07-18	24	-2.72	-79.91			a		https://s3.amazonaws.com/NARAprodstorage/lz/dc-metro/rg-024/581208/2020-03/581208-omaha-004/581208-omaha-004-127.JPG	https://s3.amazonaws.com/NARAprodstorage/lz/dc-metro/rg-024/581208/2020-03/581208-omaha-004/581208-omaha-004-127.JPG	 						180	187	2	30.14	72	73	70	76		bc	cum nim	2				
1873-07-19	1	-2.72	-79.91			a		https://s3.amazonaws.com/NARAprodstorage/lz/dc-metro/rg-024/581208/2020-03/581208-omaha-004/581208-omaha-004-128.JPG	https://s3.amazonaws.com/NARAprodstorage/lz/dc-metro/rg-024/581208/2020-03/581208-omaha-004/581208-omaha-004-128.JPG	 						270	277	2	30.1	74	73	72	77		o	nim	0				
1873-07-19	2	-2.72	-79.91			a		https://s3.amazonaws.com/NARAprodstorage/lz/dc-metro/rg-024/581208/2020-03/581208-omaha-004/581208-omaha-004-128.JPG	https://s3.amazonaws.com/NARAprodstorage/lz/dc-metro/rg-024/581208/2020-03/581208-omaha-004/581208-omaha-004-128.JPG	 						270	277	2	30.1	74	73	72	77		o	nim	0				
1873-07-19	3	-2.72	-79.91			a		https://s3.amazonaws.com/NARAprodstorage/lz/dc-metro/rg-024/581208/2020-03/581208-omaha-004/581208-omaha-004-128.JPG	https://s3.amazonaws.com/NARAprodstorage/lz/dc-metro/rg-024/581208/2020-03/581208-omaha-004/581208-omaha-004-128.JPG	 						270	277	2	30.1	74	73	72	77		o	nim	0				
1873-07-19	4	-2.72	-79.91			a		https://s3.amazonaws.com/NARAprodstorage/lz/dc-metro/rg-024/581208/2020-03/581208-omaha-004/581208-omaha-004-128.JPG	https://s3.amazonaws.com/NARAprodstorage/lz/dc-metro/rg-024/581208/2020-03/581208-omaha-004/581208-omaha-004-128.JPG	 						270	277	2	30.14	74	73	72	77		o	nim	0				
1873-07-19	5	-2.72	-79.91			a		https://s3.amazonaws.com/NARAprodstorage/lz/dc-metro/rg-024/581208/2020-03/581208-omaha-004/581208-omaha-004-128.JPG	https://s3.amazonaws.com/NARAprodstorage/lz/dc-metro/rg-024/581208/2020-03/581208-omaha-004/581208-omaha-004-128.JPG	 						270	277	2	30.16	74	73	72	76		oc	nim cum	0				
1873-07-19	6	-2.72	-79.91			a		https://s3.amazonaws.com/NARAprodstorage/lz/dc-metro/rg-024/581208/2020-03/581208-omaha-004/581208-omaha-004-128.JPG	https://s3.amazonaws.com/NARAprodstorage/lz/dc-metro/rg-024/581208/2020-03/581208-omaha-004/581208-omaha-004-128.JPG	 						0	0	0	30.16	74	73	72	76		oc	nim cum	0				
1873-07-19	7	-2.72	-79.91			a		https://s3.amazonaws.com/NARAprodstorage/lz/dc-metro/rg-024/581208/2020-03/581208-omaha-004/581208-omaha-004-128.JPG	https://s3.amazonaws.com/NARAprodstorage/lz/dc-metro/rg-024/581208/2020-03/581208-omaha-004/581208-omaha-004-128.JPG	 						0	0	0	30.16	74	73	72	76		oc	nim cum	0				
1873-07-19	8	-2.72	-79.91			a		https://s3.amazonaws.com/NARAprodstorage/lz/dc-metro/rg-024/581208/2020-03/581208-omaha-004/581208-omaha-004-128.JPG	https://s3.amazonaws.com/NARAprodstorage/lz/dc-metro/rg-024/581208/2020-03/581208-omaha-004/581208-omaha-004-128.JPG	 						0	0	0	30.18	74	73	72	76		oc	nim cum	0				
1873-07-19	9	-2.72	-79.91			a		https://s3.amazonaws.com/NARAprodstorage/lz/dc-metro/rg-024/581208/2020-03/581208-omaha-004/581208-omaha-004-128.JPG	https://s3.amazonaws.com/NARAprodstorage/lz/dc-metro/rg-024/581208/2020-03/581208-omaha-004/581208-omaha-004-128.JPG	 						0	0	0	30.18	75	74	72	77		oc	nim cum	0				
1873-07-19	10	-2.72	-79.91			a		https://s3.amazonaws.com/NARAprodstorage/lz/dc-metro/rg-024/581208/2020-03/581208-omaha-004/581208-omaha-004-128.JPG	https://s3.amazonaws.com/NARAprodstorage/lz/dc-metro/rg-024/581208/2020-03/581208-omaha-004/581208-omaha-004-128.JPG	 						0	0	0	30.18	75	74	72	77		oc	nim cum	0				
1873-07-19	11	-2.72	-79.91			a		https://s3.amazonaws.com/NARAprodstorage/lz/dc-metro/rg-024/581208/2020-03/581208-omaha-004/581208-omaha-004-128.JPG	https://s3.amazonaws.com/NARAprodstorage/lz/dc-metro/rg-024/581208/2020-03/581208-omaha-004/581208-omaha-004-128.JPG	 						0	0	0	30.18	75	74	72	77		oc	nim cum	0				
1873-07-19	12	-2.72	-79.91			a		https://s3.amazonaws.com/NARAprodstorage/lz/dc-metro/rg-024/581208/2020-03/581208-omaha-004/581208-omaha-004-128.JPG	https://s3.amazonaws.com/NARAprodstorage/lz/dc-metro/rg-024/581208/2020-03/581208-omaha-004/581208-omaha-004-128.JPG	"Noon: Off PUna Village, Ecuador."						0	0	0	30.18	75	74	72	77		oc	nim cum	0				
1873-07-19	13	-2.72	-79.91			a		https://s3.amazonaws.com/NARAprodstorage/lz/dc-metro/rg-024/581208/2020-03/581208-omaha-004/581208-omaha-004-128.JPG	https://s3.amazonaws.com/NARAprodstorage/lz/dc-metro/rg-024/581208/2020-03/581208-omaha-004/581208-omaha-004-128.JPG	 						0	0	0	30.14	76	78	76	77		oc	cum nim	0				
1873-07-19	14	-2.72	-79.91			a		https://s3.amazonaws.com/NARAprodstorage/lz/dc-metro/rg-024/581208/2020-03/581208-omaha-004/581208-omaha-004-128.JPG	https://s3.amazonaws.com/NARAprodstorage/lz/dc-metro/rg-024/581208/2020-03/581208-omaha-004/581208-omaha-004-128.JPG	 						0	0	0	30.14	76	78	76	77		oc	cum nim	0				
1873-07-19	15	-2.72	-79.91			a		https://s3.amazonaws.com/NARAprodstorage/lz/dc-metro/rg-024/581208/2020-03/581208-omaha-004/581208-omaha-004-128.JPG	https://s3.amazonaws.com/NARAprodstorage/lz/dc-metro/rg-024/581208/2020-03/581208-omaha-004/581208-omaha-004-128.JPG	 						180	187	2	30.14	76	78	76	77		oc	cum nim	0				
1873-07-19	16	-2.72	-79.91			a		https://s3.amazonaws.com/NARAprodstorage/lz/dc-metro/rg-024/581208/2020-03/581208-omaha-004/581208-omaha-004-128.JPG	https://s3.amazonaws.com/NARAprodstorage/lz/dc-metro/rg-024/581208/2020-03/581208-omaha-004/581208-omaha-004-128.JPG	 						180	187	2	30.14	76	78	76	77		oc	cum nim	0				"1600: The following articles in the Engineers Department were condemned by Survey: 2 Spirit cans; 3 Globe lamps, 6 Calinometer thermometers, 1 hydrometer, 30 grate bars, 8 zinc plates, 2 ordinary thermometers."
1873-07-19	17	-2.72	-79.91			a		https://s3.amazonaws.com/NARAprodstorage/lz/dc-metro/rg-024/581208/2020-03/581208-omaha-004/581208-omaha-004-128.JPG	https://s3.amazonaws.com/NARAprodstorage/lz/dc-metro/rg-024/581208/2020-03/581208-omaha-004/581208-omaha-004-128.JPG	 						180	187	2	30.15	75	77	75	76		bc	cum nim	3				
1873-07-19	18	-2.72	-79.91			a		https://s3.amazonaws.com/NARAprodstorage/lz/dc-metro/rg-024/581208/2020-03/581208-omaha-004/581208-omaha-004-128.JPG	https://s3.amazonaws.com/NARAprodstorage/lz/dc-metro/rg-024/581208/2020-03/581208-omaha-004/581208-omaha-004-128.JPG	 						180	187	2	30.15	75	76	74	76		bc	cum nim	3				
1873-07-19	19	-2.72	-79.91			a		https://s3.amazonaws.com/NARAprodstorage/lz/dc-metro/rg-024/581208/2020-03/581208-omaha-004/581208-omaha-004-128.JPG	https://s3.amazonaws.com/NARAprodstorage/lz/dc-metro/rg-024/581208/2020-03/581208-omaha-004/581208-omaha-004-128.JPG	 						225	232	2	30.15	75	74	72	76		bc	cum nim	3				
1873-07-19	20	-2.72	-79.91			a		https://s3.amazonaws.com/NARAprodstorage/lz/dc-metro/rg-024/581208/2020-03/581208-omaha-004/581208-omaha-004-128.JPG	https://s3.amazonaws.com/NARAprodstorage/lz/dc-metro/rg-024/581208/2020-03/581208-omaha-004/581208-omaha-004-128.JPG	 						225	232	5	30.15	75	74	72	76		bc	cum nim	3				
1873-07-19	21	-2.72	-79.91			a		https://s3.amazonaws.com/NARAprodstorage/lz/dc-metro/rg-024/581208/2020-03/581208-omaha-004/581208-omaha-004-128.JPG	https://s3.amazonaws.com/NARAprodstorage/lz/dc-metro/rg-024/581208/2020-03/581208-omaha-004/581208-omaha-004-128.JPG	 						225	232	5	30.15	74	74	72	77		oc	cum nim	0				
1873-07-19	22	-2.72	-79.91			a		https://s3.amazonaws.com/NARAprodstorage/lz/dc-metro/rg-024/581208/2020-03/581208-omaha-004/581208-omaha-004-128.JPG	https://s3.amazonaws.com/NARAprodstorage/lz/dc-metro/rg-024/581208/2020-03/581208-omaha-004/581208-omaha-004-128.JPG	 						225	232	5	30.15	74	74	72	77		oc	cum nim	0				
1873-07-19	23	-2.72	-79.91			a		https://s3.amazonaws.com/NARAprodstorage/lz/dc-metro/rg-024/581208/2020-03/581208-omaha-004/581208-omaha-004-128.JPG	https://s3.amazonaws.com/NARAprodstorage/lz/dc-metro/rg-024/581208/2020-03/581208-omaha-004/581208-omaha-004-128.JPG	 						225	232	5	30.15	74	74	72	77		oc	cum nim	0				
1873-07-19	24	-2.72	-79.91			a		https://s3.amazonaws.com/NARAprodstorage/lz/dc-metro/rg-024/581208/2020-03/581208-omaha-004/581208-omaha-004-128.JPG	https://s3.amazonaws.com/NARAprodstorage/lz/dc-metro/rg-024/581208/2020-03/581208-omaha-004/581208-omaha-004-128.JPG	 						225	232	5	30.15	74	74	72	77		oc	cum nim	0				
1873-07-20	1	-2.72	-79.91			a		https://s3.amazonaws.com/NARAprodstorage/lz/dc-metro/rg-024/581208/2020-03/581208-omaha-004/581208-omaha-004-129.JPG	https://s3.amazonaws.com/NARAprodstorage/lz/dc-metro/rg-024/581208/2020-03/581208-omaha-004/581208-omaha-004-129.JPG	 						225	232	2	30.15	71	72	71	76		oc	cum nim	0				
1873-07-20	2	-2.72	-79.91			a		https://s3.amazonaws.com/NARAprodstorage/lz/dc-metro/rg-024/581208/2020-03/581208-omaha-004/581208-omaha-004-129.JPG	https://s3.amazonaws.com/NARAprodstorage/lz/dc-metro/rg-024/581208/2020-03/581208-omaha-004/581208-omaha-004-129.JPG	 						225	232	2	30.15	71	72	71	76		oc	cum nim	0				
1873-07-20	3	-2.72	-79.91			a		https://s3.amazonaws.com/NARAprodstorage/lz/dc-metro/rg-024/581208/2020-03/581208-omaha-004/581208-omaha-004-129.JPG	https://s3.amazonaws.com/NARAprodstorage/lz/dc-metro/rg-024/581208/2020-03/581208-omaha-004/581208-omaha-004-129.JPG	 						225	232	2	30.15	71	72	71	76		oc	cum nim	0				
1873-07-20	4	-2.72	-79.91			a		https://s3.amazonaws.com/NARAprodstorage/lz/dc-metro/rg-024/581208/2020-03/581208-omaha-004/581208-omaha-004-129.JPG	https://s3.amazonaws.com/NARAprodstorage/lz/dc-metro/rg-024/581208/2020-03/581208-omaha-004/581208-omaha-004-129.JPG	 						225	232	2	30.15	71	72	71	76		oc	cum nim	0				
1873-07-20	5	-2.72	-79.91			a		https://s3.amazonaws.com/NARAprodstorage/lz/dc-metro/rg-024/581208/2020-03/581208-omaha-004/581208-omaha-004-129.JPG	https://s3.amazonaws.com/NARAprodstorage/lz/dc-metro/rg-024/581208/2020-03/581208-omaha-004/581208-omaha-004-129.JPG	 						225	232	2	30.15	72	73	72	77		bc	cum nim	3				
1873-07-20	6	-2.72	-79.91			a		https://s3.amazonaws.com/NARAprodstorage/lz/dc-metro/rg-024/581208/2020-03/581208-omaha-004/581208-omaha-004-129.JPG	https://s3.amazonaws.com/NARAprodstorage/lz/dc-metro/rg-024/581208/2020-03/581208-omaha-004/581208-omaha-004-129.JPG	 						225	232	2	30.15	72	73	72	77		bc	cum nim	3				
1873-07-20	7	-2.72	-79.91			a		https://s3.amazonaws.com/NARAprodstorage/lz/dc-metro/rg-024/581208/2020-03/581208-omaha-004/581208-omaha-004-129.JPG	https://s3.amazonaws.com/NARAprodstorage/lz/dc-metro/rg-024/581208/2020-03/581208-omaha-004/581208-omaha-004-129.JPG	 						225	232	2	30.15	72	73	72	77		bc	cum nim	3				
1873-07-20	8	-2.72	-79.91			a		https://s3.amazonaws.com/NARAprodstorage/lz/dc-metro/rg-024/581208/2020-03/581208-omaha-004/581208-omaha-004-129.JPG	https://s3.amazonaws.com/NARAprodstorage/lz/dc-metro/rg-024/581208/2020-03/581208-omaha-004/581208-omaha-004-129.JPG	 						225	232	2	30.15	72	73	72	77		bc	cum nim	3				
1873-07-20	9	-2.72	-79.91			a		https://s3.amazonaws.com/NARAprodstorage/lz/dc-metro/rg-024/581208/2020-03/581208-omaha-004/581208-omaha-004-129.JPG	https://s3.amazonaws.com/NARAprodstorage/lz/dc-metro/rg-024/581208/2020-03/581208-omaha-004/581208-omaha-004-129.JPG	 						315	322	8	30.2	75	75	74	77		oc	nim	0				
1873-07-20	10	-2.72	-79.91			a		https://s3.amazonaws.com/NARAprodstorage/lz/dc-metro/rg-024/581208/2020-03/581208-omaha-004/581208-omaha-004-129.JPG	https://s3.amazonaws.com/NARAprodstorage/lz/dc-metro/rg-024/581208/2020-03/581208-omaha-004/581208-omaha-004-129.JPG	 						315	322	8	30.2	75	75	74	77		oc	nim	0				
1873-07-20	11	-2.72	-79.91			a		https://s3.amazonaws.com/NARAprodstorage/lz/dc-metro/rg-024/581208/2020-03/581208-omaha-004/581208-omaha-004-129.JPG	https://s3.amazonaws.com/NARAprodstorage/lz/dc-metro/rg-024/581208/2020-03/581208-omaha-004/581208-omaha-004-129.JPG	 						315	322	8	30.2	75	75	74	77		oc	nim	0				
1873-07-20	12	-2.72	-79.91			a		https://s3.amazonaws.com/NARAprodstorage/lz/dc-metro/rg-024/581208/2020-03/581208-omaha-004/581208-omaha-004-129.JPG	https://s3.amazonaws.com/NARAprodstorage/lz/dc-metro/rg-024/581208/2020-03/581208-omaha-004/581208-omaha-004-129.JPG	"Noon: Off PUna Village, Ecuador."						315	322	8	30.2	75	75	74	77		oc	nim	0				
1873-07-20	13	-2.72	-79.91			a		https://s3.amazonaws.com/NARAprodstorage/lz/dc-metro/rg-024/581208/2020-03/581208-omaha-004/581208-omaha-004-129.JPG	https://s3.amazonaws.com/NARAprodstorage/lz/dc-metro/rg-024/581208/2020-03/581208-omaha-004/581208-omaha-004-129.JPG	 						315	322	5	30.18	76	77	74	74		bc	cum nim	3				
1873-07-20	14	-2.72	-79.91			a		https://s3.amazonaws.com/NARAprodstorage/lz/dc-metro/rg-024/581208/2020-03/581208-omaha-004/581208-omaha-004-129.JPG	https://s3.amazonaws.com/NARAprodstorage/lz/dc-metro/rg-024/581208/2020-03/581208-omaha-004/581208-omaha-004-129.JPG	 						315	322	5	30.16	76	77	74	74		bc	cum nim	2				
1873-07-20	15	-2.72	-79.91			a		https://s3.amazonaws.com/NARAprodstorage/lz/dc-metro/rg-024/581208/2020-03/581208-omaha-004/581208-omaha-004-129.JPG	https://s3.amazonaws.com/NARAprodstorage/lz/dc-metro/rg-024/581208/2020-03/581208-omaha-004/581208-omaha-004-129.JPG	 						225	232	2	30.13	76	77	74	74		bc	cum nim	2				
1873-07-20	16	-2.72	-79.91			a		https://s3.amazonaws.com/NARAprodstorage/lz/dc-metro/rg-024/581208/2020-03/581208-omaha-004/581208-omaha-004-129.JPG	https://s3.amazonaws.com/NARAprodstorage/lz/dc-metro/rg-024/581208/2020-03/581208-omaha-004/581208-omaha-004-129.JPG	 						45	52	2	30.13	76	77	74	74		bc	cum nim	2				
1873-07-20	17	-2.72	-79.91			a		https://s3.amazonaws.com/NARAprodstorage/lz/dc-metro/rg-024/581208/2020-03/581208-omaha-004/581208-omaha-004-129.JPG	https://s3.amazonaws.com/NARAprodstorage/lz/dc-metro/rg-024/581208/2020-03/581208-omaha-004/581208-omaha-004-129.JPG	 						45	52	2	30.15	76	77	74	74		oc	cum nim	1				
1873-07-20	18	-2.72	-79.91			a		https://s3.amazonaws.com/NARAprodstorage/lz/dc-metro/rg-024/581208/2020-03/581208-omaha-004/581208-omaha-004-129.JPG	https://s3.amazonaws.com/NARAprodstorage/lz/dc-metro/rg-024/581208/2020-03/581208-omaha-004/581208-omaha-004-129.JPG	 						45	52	2	30.15	76	77	74	76		oc	nim	0				
1873-07-20	19	-2.72	-79.91			a		https://s3.amazonaws.com/NARAprodstorage/lz/dc-metro/rg-024/581208/2020-03/581208-omaha-004/581208-omaha-004-129.JPG	https://s3.amazonaws.com/NARAprodstorage/lz/dc-metro/rg-024/581208/2020-03/581208-omaha-004/581208-omaha-004-129.JPG	 						45	52	2	30.15	75	76	74	76		ocr	nim	0				
1873-07-20	20	-2.72	-79.91			a		https://s3.amazonaws.com/NARAprodstorage/lz/dc-metro/rg-024/581208/2020-03/581208-omaha-004/581208-omaha-004-129.JPG	https://s3.amazonaws.com/NARAprodstorage/lz/dc-metro/rg-024/581208/2020-03/581208-omaha-004/581208-omaha-004-129.JPG	 						45	52	2	30.15	75	76	74	76		ocr	nim	0				
1873-07-20	21	-2.72	-79.91			a		https://s3.amazonaws.com/NARAprodstorage/lz/dc-metro/rg-024/581208/2020-03/581208-omaha-004/581208-omaha-004-129.JPG	https://s3.amazonaws.com/NARAprodstorage/lz/dc-metro/rg-024/581208/2020-03/581208-omaha-004/581208-omaha-004-129.JPG	 						225	232	2	30.12	74	74	72	76		oc	cum nim	0				
1873-07-20	22	-2.72	-79.91			a		https://s3.amazonaws.com/NARAprodstorage/lz/dc-metro/rg-024/581208/2020-03/581208-omaha-004/581208-omaha-004-129.JPG	https://s3.amazonaws.com/NARAprodstorage/lz/dc-metro/rg-024/581208/2020-03/581208-omaha-004/581208-omaha-004-129.JPG	 						225	232	2	30.14	74	74	72	76		oc	cum nim	0				
1873-07-20	23	-2.72	-79.91			a		https://s3.amazonaws.com/NARAprodstorage/lz/dc-metro/rg-024/581208/2020-03/581208-omaha-004/581208-omaha-004-129.JPG	https://s3.amazonaws.com/NARAprodstorage/lz/dc-metro/rg-024/581208/2020-03/581208-omaha-004/581208-omaha-004-129.JPG	 						225	232	2	30.16	74	74	72	76		oc	cum nim	0				
1873-07-20	24	-2.72	-79.91			a		https://s3.amazonaws.com/NARAprodstorage/lz/dc-metro/rg-024/581208/2020-03/581208-omaha-004/581208-omaha-004-129.JPG	https://s3.amazonaws.com/NARAprodstorage/lz/dc-metro/rg-024/581208/2020-03/581208-omaha-004/581208-omaha-004-129.JPG	 						225	232	5	30.18	74	74	72	76		ocd	cum nim	0				
1873-07-21	1	-2.72	-79.91			a		https://s3.amazonaws.com/NARAprodstorage/lz/dc-metro/rg-024/581208/2020-03/581208-omaha-004/581208-omaha-004-130.JPG	https://s3.amazonaws.com/NARAprodstorage/lz/dc-metro/rg-024/581208/2020-03/581208-omaha-004/581208-omaha-004-130.JPG	 						0	0	0	30.1	74	72	72	76		oc	cum nim	0				
1873-07-21	2	-2.72	-79.91			a		https://s3.amazonaws.com/NARAprodstorage/lz/dc-metro/rg-024/581208/2020-03/581208-omaha-004/581208-omaha-004-130.JPG	https://s3.amazonaws.com/NARAprodstorage/lz/dc-metro/rg-024/581208/2020-03/581208-omaha-004/581208-omaha-004-130.JPG	 						0	0	0	30.1	74	72	72	76		oc	cum nim	0				
1873-07-21	3	-2.72	-79.91			a		https://s3.amazonaws.com/NARAprodstorage/lz/dc-metro/rg-024/581208/2020-03/581208-omaha-004/581208-omaha-004-130.JPG	https://s3.amazonaws.com/NARAprodstorage/lz/dc-metro/rg-024/581208/2020-03/581208-omaha-004/581208-omaha-004-130.JPG	 						0	0	0	30.1	74	72	72	76		oc	cum nim	0				
1873-07-21	4	-2.72	-79.91			a		https://s3.amazonaws.com/NARAprodstorage/lz/dc-metro/rg-024/581208/2020-03/581208-omaha-004/581208-omaha-004-130.JPG	https://s3.amazonaws.com/NARAprodstorage/lz/dc-metro/rg-024/581208/2020-03/581208-omaha-004/581208-omaha-004-130.JPG	 						0	0	0	30.1	74	72	72	76		oc	cum nim	0				
1873-07-21	5	-2.72	-79.91			a		https://s3.amazonaws.com/NARAprodstorage/lz/dc-metro/rg-024/581208/2020-03/581208-omaha-004/581208-omaha-004-130.JPG	https://s3.amazonaws.com/NARAprodstorage/lz/dc-metro/rg-024/581208/2020-03/581208-omaha-004/581208-omaha-004-130.JPG	 						0	0	0	30.11	75	75	73	74		bc	cum nim	1				
1873-07-21	6	-2.72	-79.91			a		https://s3.amazonaws.com/NARAprodstorage/lz/dc-metro/rg-024/581208/2020-03/581208-omaha-004/581208-omaha-004-130.JPG	https://s3.amazonaws.com/NARAprodstorage/lz/dc-metro/rg-024/581208/2020-03/581208-omaha-004/581208-omaha-004-130.JPG	 						0	0	0	30.11	75	75	73	74		bc	cum nim	2				
1873-07-21	7	-2.72	-79.91			a		https://s3.amazonaws.com/NARAprodstorage/lz/dc-metro/rg-024/581208/2020-03/581208-omaha-004/581208-omaha-004-130.JPG	https://s3.amazonaws.com/NARAprodstorage/lz/dc-metro/rg-024/581208/2020-03/581208-omaha-004/581208-omaha-004-130.JPG	 						0	0	0	30.11	75	75	73	74		bc	cum nim	2				
1873-07-21	8	-2.72	-79.91			a		https://s3.amazonaws.com/NARAprodstorage/lz/dc-metro/rg-024/581208/2020-03/581208-omaha-004/581208-omaha-004-130.JPG	https://s3.amazonaws.com/NARAprodstorage/lz/dc-metro/rg-024/581208/2020-03/581208-omaha-004/581208-omaha-004-130.JPG	 						0	0	0	30.11	75	75	73	74		bc	cum nim	1				
1873-07-21	9	-2.72	-79.91			a		https://s3.amazonaws.com/NARAprodstorage/lz/dc-metro/rg-024/581208/2020-03/581208-omaha-004/581208-omaha-004-130.JPG	https://s3.amazonaws.com/NARAprodstorage/lz/dc-metro/rg-024/581208/2020-03/581208-omaha-004/581208-omaha-004-130.JPG	 						0	0	0	30.12	75	75	73	74		bc	cum nim	3				
1873-07-21	10	-2.72	-79.91			a		https://s3.amazonaws.com/NARAprodstorage/lz/dc-metro/rg-024/581208/2020-03/581208-omaha-004/581208-omaha-004-130.JPG	https://s3.amazonaws.com/NARAprodstorage/lz/dc-metro/rg-024/581208/2020-03/581208-omaha-004/581208-omaha-004-130.JPG	 						0	0	0	30.12	75	75	73	74		bc	cum nim	3				
1873-07-21	11	-2.72	-79.91			a		https://s3.amazonaws.com/NARAprodstorage/lz/dc-metro/rg-024/581208/2020-03/581208-omaha-004/581208-omaha-004-130.JPG	https://s3.amazonaws.com/NARAprodstorage/lz/dc-metro/rg-024/581208/2020-03/581208-omaha-004/581208-omaha-004-130.JPG	 						0	0	0	30.12	75	75	73	74		bc	cum nim	4				
1873-07-21	12	-2.72	-79.91			a		https://s3.amazonaws.com/NARAprodstorage/lz/dc-metro/rg-024/581208/2020-03/581208-omaha-004/581208-omaha-004-130.JPG	https://s3.amazonaws.com/NARAprodstorage/lz/dc-metro/rg-024/581208/2020-03/581208-omaha-004/581208-omaha-004-130.JPG	"Noon: Off PUna Village, Ecuador."						0	0	0	30.12	76	76	75	74		bc	cum nim	4				
1873-07-21	13	-2.72	-79.91			a		https://s3.amazonaws.com/NARAprodstorage/lz/dc-metro/rg-024/581208/2020-03/581208-omaha-004/581208-omaha-004-130.JPG	https://s3.amazonaws.com/NARAprodstorage/lz/dc-metro/rg-024/581208/2020-03/581208-omaha-004/581208-omaha-004-130.JPG	1330: Got Underway						0	0	0	30.12	79	77	75	78		bc	cum nim	4				
1873-07-21	14	-2.75	-79.89	888		2		https://s3.amazonaws.com/NARAprodstorage/lz/dc-metro/rg-024/581208/2020-03/581208-omaha-004/581208-omaha-004-130.JPG	https://s3.amazonaws.com/NARAprodstorage/lz/dc-metro/rg-024/581208/2020-03/581208-omaha-004/581208-omaha-004-130.JPG	 					v	135	142	2	30.1	79	78	75	79		oc	cum nim	0				
1873-07-21	15	-2.8	-79.95	888		5		https://s3.amazonaws.com/NARAprodstorage/lz/dc-metro/rg-024/581208/2020-03/581208-omaha-004/581208-omaha-004-130.JPG	https://s3.amazonaws.com/NARAprodstorage/lz/dc-metro/rg-024/581208/2020-03/581208-omaha-004/581208-omaha-004-130.JPG	 					v	225	232	5	30.1	78	77	76	79		oc	cum nim	3				
1873-07-21	16	-2.88	-79.99	196.88		5		https://s3.amazonaws.com/NARAprodstorage/lz/dc-metro/rg-024/581208/2020-03/581208-omaha-004/581208-omaha-004-130.JPG	https://s3.amazonaws.com/NARAprodstorage/lz/dc-metro/rg-024/581208/2020-03/581208-omaha-004/581208-omaha-004-130.JPG	 					sxw1/2w	225	232	5	30.1	78	77	76	79		oc	cum nim	7				
1873-07-21	17	-2.96	-80.05	888		5		https://s3.amazonaws.com/NARAprodstorage/lz/dc-metro/rg-024/581208/2020-03/581208-omaha-004/581208-omaha-004-130.JPG	https://s3.amazonaws.com/NARAprodstorage/lz/dc-metro/rg-024/581208/2020-03/581208-omaha-004/581208-omaha-004-130.JPG	 					v	225	232	5	30.09	75	76	74	76		bc	cum nim	8				
1873-07-21	18	-3.02	-80.11	213.75		4.6		https://s3.amazonaws.com/NARAprodstorage/lz/dc-metro/rg-024/581208/2020-03/581208-omaha-004/581208-omaha-004-130.JPG	https://s3.amazonaws.com/NARAprodstorage/lz/dc-metro/rg-024/581208/2020-03/581208-omaha-004/581208-omaha-004-130.JPG	 					swxs	225	232	5	30.1	75	75	74	75		bc	cum nim	8				
1873-07-21	19	-3.07	-80.18	225		5		https://s3.amazonaws.com/NARAprodstorage/lz/dc-metro/rg-024/581208/2020-03/581208-omaha-004/581208-omaha-004-130.JPG	https://s3.amazonaws.com/NARAprodstorage/lz/dc-metro/rg-024/581208/2020-03/581208-omaha-004/581208-omaha-004-130.JPG	1930: cc SW1/2W.					sw	225	232	5	30.13	75	75	73	75		bc	cum nim	8				
1873-07-21	20	-3.12	-80.25	228		5.6		https://s3.amazonaws.com/NARAprodstorage/lz/dc-metro/rg-024/581208/2020-03/581208-omaha-004/581208-omaha-004-130.JPG	https://s3.amazonaws.com/NARAprodstorage/lz/dc-metro/rg-024/581208/2020-03/581208-omaha-004/581208-omaha-004-130.JPG	 					sw1/2s	225	232	5	30.12	75	75	73	75		bc	cum nim	7				
1873-07-21	21	-3.18	-80.31	219.38		4.4		https://s3.amazonaws.com/NARAprodstorage/lz/dc-metro/rg-024/581208/2020-03/581208-omaha-004/581208-omaha-004-130.JPG	https://s3.amazonaws.com/NARAprodstorage/lz/dc-metro/rg-024/581208/2020-03/581208-omaha-004/581208-omaha-004-130.JPG	2130: Pt Arena Lt brg NxE.					sw1/2s	225	232	8	30.18	75	74	73	75		bc	nimb	0				
1873-07-21	22	-3.23	-80.37	219.38		5		https://s3.amazonaws.com/NARAprodstorage/lz/dc-metro/rg-024/581208/2020-03/581208-omaha-004/581208-omaha-004-130.JPG	https://s3.amazonaws.com/NARAprodstorage/lz/dc-metro/rg-024/581208/2020-03/581208-omaha-004/581208-omaha-004-130.JPG	 					sw1/2s	225	232	8	30.2	75	74	72	75		oc	nimb	0				
1873-07-21	23	-3.29	-80.43	219.38		5		https://s3.amazonaws.com/NARAprodstorage/lz/dc-metro/rg-024/581208/2020-03/581208-omaha-004/581208-omaha-004-130.JPG	https://s3.amazonaws.com/NARAprodstorage/lz/dc-metro/rg-024/581208/2020-03/581208-omaha-004/581208-omaha-004-130.JPG	2340: Took departure St. Clara Lt brg NxE dist 9 mi.					sw1/2s	225	232	8	30.2	75	74	72	75		oc	nimb	0				
1873-07-21	24	-3.32	-80.51	241.88		5		https://s3.amazonaws.com/NARAprodstorage/lz/dc-metro/rg-024/581208/2020-03/581208-omaha-004/581208-omaha-004-130.JPG	https://s3.amazonaws.com/NARAprodstorage/lz/dc-metro/rg-024/581208/2020-03/581208-omaha-004/581208-omaha-004-130.JPG	 					swxw1/2w	225	232	8	30.2	75	74	72	75		oc	nimb	0				
1873-07-22	1	-3.35	-80.6	241.88		5.2		https://s3.amazonaws.com/NARAprodstorage/lz/dc-metro/rg-024/581208/2020-03/581208-omaha-004/581208-omaha-004-131.JPG	https://s3.amazonaws.com/NARAprodstorage/lz/dc-metro/rg-024/581208/2020-03/581208-omaha-004/581208-omaha-004-131.JPG	 					swxw1/2w	225	232	5	30.18	74	72	71	73		oc	cum	0				
1873-07-22	2	-3.37	-80.68	241.88		5.2		https://s3.amazonaws.com/NARAprodstorage/lz/dc-metro/rg-024/581208/2020-03/581208-omaha-004/581208-omaha-004-131.JPG	https://s3.amazonaws.com/NARAprodstorage/lz/dc-metro/rg-024/581208/2020-03/581208-omaha-004/581208-omaha-004-131.JPG	0220: Santa Clara Lt NExN when last seen.					swxw1/2w	225	232	5	30.18	74	72	71	73		oc	nim	0				
1873-07-22	3	-3.4	-80.76	241.88		5		https://s3.amazonaws.com/NARAprodstorage/lz/dc-metro/rg-024/581208/2020-03/581208-omaha-004/581208-omaha-004-131.JPG	https://s3.amazonaws.com/NARAprodstorage/lz/dc-metro/rg-024/581208/2020-03/581208-omaha-004/581208-omaha-004-131.JPG	 					swxw1/2w	225	232	5	30.15	74	72	71	73		oc	nim	0				
1873-07-22	4	-3.43	-80.85	241.88		5		https://s3.amazonaws.com/NARAprodstorage/lz/dc-metro/rg-024/581208/2020-03/581208-omaha-004/581208-omaha-004-131.JPG	https://s3.amazonaws.com/NARAprodstorage/lz/dc-metro/rg-024/581208/2020-03/581208-omaha-004/581208-omaha-004-131.JPG	 					swxw1/2w	225	232	5	30.15	74	72	71	73		oc	nim	0				
1873-07-22	5	-3.45	-80.92	241.88		4.6		https://s3.amazonaws.com/NARAprodstorage/lz/dc-metro/rg-024/581208/2020-03/581208-omaha-004/581208-omaha-004-131.JPG	https://s3.amazonaws.com/NARAprodstorage/lz/dc-metro/rg-024/581208/2020-03/581208-omaha-004/581208-omaha-004-131.JPG	 					swxw1/2w	225	232	5	30.15	74	71	70	73		oc	nim	0				
1873-07-22	6	-3.47	-81	241.88		4.6		https://s3.amazonaws.com/NARAprodstorage/lz/dc-metro/rg-024/581208/2020-03/581208-omaha-004/581208-omaha-004-131.JPG	https://s3.amazonaws.com/NARAprodstorage/lz/dc-metro/rg-024/581208/2020-03/581208-omaha-004/581208-omaha-004-131.JPG	 					swxw1/2w	225	232	5	30.15	74	71	70	74		bc	nim	2				
1873-07-22	7	-3.5	-81.07	241.88		4.4		https://s3.amazonaws.com/NARAprodstorage/lz/dc-metro/rg-024/581208/2020-03/581208-omaha-004/581208-omaha-004-131.JPG	https://s3.amazonaws.com/NARAprodstorage/lz/dc-metro/rg-024/581208/2020-03/581208-omaha-004/581208-omaha-004-131.JPG	 					swxw1/2w	225	232	5	30.17	74	70	70	74		bc	cum nim	6				
1873-07-22	8	-3.52	-81.14	241.88		4.2		https://s3.amazonaws.com/NARAprodstorage/lz/dc-metro/rg-024/581208/2020-03/581208-omaha-004/581208-omaha-004-131.JPG	https://s3.amazonaws.com/NARAprodstorage/lz/dc-metro/rg-024/581208/2020-03/581208-omaha-004/581208-omaha-004-131.JPG	 					swxw1/2w	225	232	5	30.19	74	70	69	74		bc	cum nim	3				
1873-07-22	9	-3.54	-81.21	241.88		4.2		https://s3.amazonaws.com/NARAprodstorage/lz/dc-metro/rg-024/581208/2020-03/581208-omaha-004/581208-omaha-004-131.JPG	https://s3.amazonaws.com/NARAprodstorage/lz/dc-metro/rg-024/581208/2020-03/581208-omaha-004/581208-omaha-004-131.JPG	 					swxw1/2w	225	232	5	30.2	72	70	69	73		bc	cum	8				
1873-07-22	10	-3.56	-81.27	241.88		3.6		https://s3.amazonaws.com/NARAprodstorage/lz/dc-metro/rg-024/581208/2020-03/581208-omaha-004/581208-omaha-004-131.JPG	https://s3.amazonaws.com/NARAprodstorage/lz/dc-metro/rg-024/581208/2020-03/581208-omaha-004/581208-omaha-004-131.JPG	 					swxw1/2w	225	232	8	30.2	72	70	69	73		bc	cum	5				
1873-07-22	11	-3.55	-81.36	264		5.1		https://s3.amazonaws.com/NARAprodstorage/lz/dc-metro/rg-024/581208/2020-03/581208-omaha-004/581208-omaha-004-131.JPG	https://s3.amazonaws.com/NARAprodstorage/lz/dc-metro/rg-024/581208/2020-03/581208-omaha-004/581208-omaha-004-131.JPG	 					swxw1/2w|wxn	225	232	8	30.2	73	71	70	72		oc	cum nim	0				
1873-07-22	12	-3.53	-81.45	270		5.4		https://s3.amazonaws.com/NARAprodstorage/lz/dc-metro/rg-024/581208/2020-03/581208-omaha-004/581208-omaha-004-131.JPG	https://s3.amazonaws.com/NARAprodstorage/lz/dc-metro/rg-024/581208/2020-03/581208-omaha-004/581208-omaha-004-131.JPG	Noon: Clock lost 15 minutes.			3 32S	81 27W	w	225	232	8	30.18	73	71	70	72		bc	cum nim	2				
1873-07-22	13	-3.52	-81.54	258.75		4.4		https://s3.amazonaws.com/NARAprodstorage/lz/dc-metro/rg-024/581208/2020-03/581208-omaha-004/581208-omaha-004-131.JPG	https://s3.amazonaws.com/NARAprodstorage/lz/dc-metro/rg-024/581208/2020-03/581208-omaha-004/581208-omaha-004-131.JPG	 					wxs	191	198	5	30.16	73	70	70	73		bc	cir	6				
1873-07-22	14	-3.5	-81.63	258.75		4.6		https://s3.amazonaws.com/NARAprodstorage/lz/dc-metro/rg-024/581208/2020-03/581208-omaha-004/581208-omaha-004-131.JPG	https://s3.amazonaws.com/NARAprodstorage/lz/dc-metro/rg-024/581208/2020-03/581208-omaha-004/581208-omaha-004-131.JPG	 					wxs	191	198	5	30.15	73	70	70	73		bc	cir	2				
1873-07-22	15	-3.46	-81.75	275.62		6		https://s3.amazonaws.com/NARAprodstorage/lz/dc-metro/rg-024/581208/2020-03/581208-omaha-004/581208-omaha-004-131.JPG	https://s3.amazonaws.com/NARAprodstorage/lz/dc-metro/rg-024/581208/2020-03/581208-omaha-004/581208-omaha-004-131.JPG	 					w1/2n	202	210	13	30.1	73	70	70	73		oc	cir nim	0				
1873-07-22	16	-3.41	-81.86	281.25		6.4		https://s3.amazonaws.com/NARAprodstorage/lz/dc-metro/rg-024/581208/2020-03/581208-omaha-004/581208-omaha-004-131.JPG	https://s3.amazonaws.com/NARAprodstorage/lz/dc-metro/rg-024/581208/2020-03/581208-omaha-004/581208-omaha-004-131.JPG	 					wxn	214	221	8	30.13	73	70	70	73		oc	cir nim	0				
1873-07-22	17	-3.36	-81.98	278.44		6.4		https://s3.amazonaws.com/NARAprodstorage/lz/dc-metro/rg-024/581208/2020-03/581208-omaha-004/581208-omaha-004-131.JPG	https://s3.amazonaws.com/NARAprodstorage/lz/dc-metro/rg-024/581208/2020-03/581208-omaha-004/581208-omaha-004-131.JPG	 					w3/4n	202	210	13	30.14	73	69	69	72		oc	cum nim	0				
1873-07-22	18	-3.33	-82.1	267.19		6.2		https://s3.amazonaws.com/NARAprodstorage/lz/dc-metro/rg-024/581208/2020-03/581208-omaha-004/581208-omaha-004-131.JPG	https://s3.amazonaws.com/NARAprodstorage/lz/dc-metro/rg-024/581208/2020-03/581208-omaha-004/581208-omaha-004-131.JPG	 					w1/4s	191	198	8	30.15	73	69	69	71		oc	cum nim	0				
1873-07-22	19	-3.31	-82.2	267.19		5.4		https://s3.amazonaws.com/NARAprodstorage/lz/dc-metro/rg-024/581208/2020-03/581208-omaha-004/581208-omaha-004-131.JPG	https://s3.amazonaws.com/NARAprodstorage/lz/dc-metro/rg-024/581208/2020-03/581208-omaha-004/581208-omaha-004-131.JPG	 					w1/4s	191	198	8	30.18	72	68	68	71		oc	cum nim	0				
1873-07-22	20	-3.29	-82.31	258.75		5.6		https://s3.amazonaws.com/NARAprodstorage/lz/dc-metro/rg-024/581208/2020-03/581208-omaha-004/581208-omaha-004-131.JPG	https://s3.amazonaws.com/NARAprodstorage/lz/dc-metro/rg-024/581208/2020-03/581208-omaha-004/581208-omaha-004-131.JPG	 					wxs	186	193	8	30.2	71	68	68	70		oc	cum nim	0				
1873-07-22	21	-3.3	-82.45	250.31		7.4		https://s3.amazonaws.com/NARAprodstorage/lz/dc-metro/rg-024/581208/2020-03/581208-omaha-004/581208-omaha-004-131.JPG	https://s3.amazonaws.com/NARAprodstorage/lz/dc-metro/rg-024/581208/2020-03/581208-omaha-004/581208-omaha-004-131.JPG	 					wsw1/4w	186	193	13	30.2	70	67	67	69		ocr	nim	0				
1873-07-22	22	-3.3	-82.57	250.31		6.4		https://s3.amazonaws.com/NARAprodstorage/lz/dc-metro/rg-024/581208/2020-03/581208-omaha-004/581208-omaha-004-131.JPG	https://s3.amazonaws.com/NARAprodstorage/lz/dc-metro/rg-024/581208/2020-03/581208-omaha-004/581208-omaha-004-131.JPG	 					wsw1/4w	186	193	8	30.2	70	67	66	68		oc	nim	0				
1873-07-22	23	-3.31	-82.7	247.5		7		https://s3.amazonaws.com/NARAprodstorage/lz/dc-metro/rg-024/581208/2020-03/581208-omaha-004/581208-omaha-004-131.JPG	https://s3.amazonaws.com/NARAprodstorage/lz/dc-metro/rg-024/581208/2020-03/581208-omaha-004/581208-omaha-004-131.JPG	 					wsw	186	193	8	30.2	70	67	66	68		oc	nim	0				
1873-07-22	24	-3.32	-82.81	247.5		6		https://s3.amazonaws.com/NARAprodstorage/lz/dc-metro/rg-024/581208/2020-03/581208-omaha-004/581208-omaha-004-131.JPG	https://s3.amazonaws.com/NARAprodstorage/lz/dc-metro/rg-024/581208/2020-03/581208-omaha-004/581208-omaha-004-131.JPG	 					wsw	186	193	8	30.2	70	67	66	67		bc	nim	3				
1873-07-23	1	-3.31	-82.93	253.12		6		https://s3.amazonaws.com/NARAprodstorage/lz/dc-metro/rg-024/581208/2020-03/581208-omaha-004/581208-omaha-004-132.JPG	https://s3.amazonaws.com/NARAprodstorage/lz/dc-metro/rg-024/581208/2020-03/581208-omaha-004/581208-omaha-004-133.JPG	 					wsw1/2w	180	187	13	30.19	70	66	66	67		oc	cum nim	0				
1873-07-23	2	-3.3	-83.04	258.75		6		https://s3.amazonaws.com/NARAprodstorage/lz/dc-metro/rg-024/581208/2020-03/581208-omaha-004/581208-omaha-004-132.JPG	https://s3.amazonaws.com/NARAprodstorage/lz/dc-metro/rg-024/581208/2020-03/581208-omaha-004/581208-omaha-004-132.JPG	 					wxs	191	198	13	30.16	70	66	65	67		oc	cum nim	0				
1873-07-23	3	-3.28	-83.16	264.38		6		https://s3.amazonaws.com/NARAprodstorage/lz/dc-metro/rg-024/581208/2020-03/581208-omaha-004/581208-omaha-004-132.JPG	https://s3.amazonaws.com/NARAprodstorage/lz/dc-metro/rg-024/581208/2020-03/581208-omaha-004/581208-omaha-004-132.JPG	 					w1/2s	191	198	13	30.15	70	65	65	67		oc	cum nim	0				
1873-07-23	4	-3.26	-83.28	264.38		6		https://s3.amazonaws.com/NARAprodstorage/lz/dc-metro/rg-024/581208/2020-03/581208-omaha-004/581208-omaha-004-132.JPG	https://s3.amazonaws.com/NARAprodstorage/lz/dc-metro/rg-024/581208/2020-03/581208-omaha-004/581208-omaha-004-132.JPG	 					w1/2s	191	198	13	30.15	70	65	65	67		bc	cum nim	2				
1873-07-23	5	-3.24	-83.38	261.56		5.4		https://s3.amazonaws.com/NARAprodstorage/lz/dc-metro/rg-024/581208/2020-03/581208-omaha-004/581208-omaha-004-132.JPG	https://s3.amazonaws.com/NARAprodstorage/lz/dc-metro/rg-024/581208/2020-03/581208-omaha-004/581208-omaha-004-132.JPG	 					w3/4s	186	193	8	30.15	69	65	64	66		oc	nimb	0				
1873-07-23	6	-3.24	-83.48	250.31		5.2		https://s3.amazonaws.com/NARAprodstorage/lz/dc-metro/rg-024/581208/2020-03/581208-omaha-004/581208-omaha-004-132.JPG	https://s3.amazonaws.com/NARAprodstorage/lz/dc-metro/rg-024/581208/2020-03/581208-omaha-004/581208-omaha-004-132.JPG	 					wsw1/4w	191	198	8	30.14	69	65	65	66		ocqm	nimb	0				
1873-07-23	7	-3.23	-83.59	253.12		5.4		https://s3.amazonaws.com/NARAprodstorage/lz/dc-metro/rg-024/581208/2020-03/581208-omaha-004/581208-omaha-004-132.JPG	https://s3.amazonaws.com/NARAprodstorage/lz/dc-metro/rg-024/581208/2020-03/581208-omaha-004/581208-omaha-004-132.JPG	 					wsw1/2w	214	221	8	30.18	69	65	65	66		ocr	nimb	0				
1873-07-23	8	-3.23	-83.69	250.31		5.4		https://s3.amazonaws.com/NARAprodstorage/lz/dc-metro/rg-024/581208/2020-03/581208-omaha-004/581208-omaha-004-132.JPG	https://s3.amazonaws.com/NARAprodstorage/lz/dc-metro/rg-024/581208/2020-03/581208-omaha-004/581208-omaha-004-132.JPG	 					wsw1/4w	214	221	13	30.2	69	65	64	66		ocr	nimb	0				
1873-07-23	9	-3.23	-83.82	255.94		7		https://s3.amazonaws.com/NARAprodstorage/lz/dc-metro/rg-024/581208/2020-03/581208-omaha-004/581208-omaha-004-132.JPG	https://s3.amazonaws.com/NARAprodstorage/lz/dc-metro/rg-024/581208/2020-03/581208-omaha-004/581208-omaha-004-132.JPG	 					wsw3/4w	191	198	13	30.2	69	66	65	66		ocm	cum nim	0				
1873-07-23	10	-3.24	-83.96	247.5		7.4		https://s3.amazonaws.com/NARAprodstorage/lz/dc-metro/rg-024/581208/2020-03/581208-omaha-004/581208-omaha-004-132.JPG	https://s3.amazonaws.com/NARAprodstorage/lz/dc-metro/rg-024/581208/2020-03/581208-omaha-004/581208-omaha-004-132.JPG	 					wsw	180	188	13	30.2	69	66	65	67		oc	nim	0				
1873-07-23	11	-3.24	-84.08	250.31		6.2		https://s3.amazonaws.com/NARAprodstorage/lz/dc-metro/rg-024/581208/2020-03/581208-omaha-004/581208-omaha-004-132.JPG	https://s3.amazonaws.com/NARAprodstorage/lz/dc-metro/rg-024/581208/2020-03/581208-omaha-004/581208-omaha-004-132.JPG	 					wsw1/4w	180	188	8	30.2	68	66	65	68		bc	cir	5				
1873-07-23	12	-3.27	-84.22	241.88		8		https://s3.amazonaws.com/NARAprodstorage/lz/dc-metro/rg-024/581208/2020-03/581208-omaha-004/581208-omaha-004-132.JPG	https://s3.amazonaws.com/NARAprodstorage/lz/dc-metro/rg-024/581208/2020-03/581208-omaha-004/581208-omaha-004-132.JPG	Noon: Making passage from Puna to Coquimbo.			3 16S	84 13W	swxw1/2w	169	177	13	30.2	70	66	65	68		bcm	cir nim	4				
1873-07-23	13	-3.27	-84.33	253.12		6.4		https://s3.amazonaws.com/NARAprodstorage/lz/dc-metro/rg-024/581208/2020-03/581208-omaha-004/581208-omaha-004-132.JPG	https://s3.amazonaws.com/NARAprodstorage/lz/dc-metro/rg-024/581208/2020-03/581208-omaha-004/581208-omaha-004-132.JPG	 					wsw1/2w	180	188	13	30.18	70	67	66	68		bc	cum nim	0				
1873-07-23	14	-3.27	-84.44	258.75		5.4		https://s3.amazonaws.com/NARAprodstorage/lz/dc-metro/rg-024/581208/2020-03/581208-omaha-004/581208-omaha-004-132.JPG	https://s3.amazonaws.com/NARAprodstorage/lz/dc-metro/rg-024/581208/2020-03/581208-omaha-004/581208-omaha-004-132.JPG	 					wxs	191	199	8	30.16	70	67	66	69		bc	cum nim	2				
1873-07-23	15	-3.27	-84.55	253.12		6		https://s3.amazonaws.com/NARAprodstorage/lz/dc-metro/rg-024/581208/2020-03/581208-omaha-004/581208-omaha-004-132.JPG	https://s3.amazonaws.com/NARAprodstorage/lz/dc-metro/rg-024/581208/2020-03/581208-omaha-004/581208-omaha-004-132.JPG	 					wsw1/2w	180	188	13	30.14	70	67	66	69		bcqr	cum nim	3				
1873-07-23	16	-3.28	-84.67	250.31		7		https://s3.amazonaws.com/NARAprodstorage/lz/dc-metro/rg-024/581208/2020-03/581208-omaha-004/581208-omaha-004-132.JPG	https://s3.amazonaws.com/NARAprodstorage/lz/dc-metro/rg-024/581208/2020-03/581208-omaha-004/581208-omaha-004-132.JPG	 					wsw1/4w	180	188	13	30.14	70	67	66	69		'	cum nim	0				
1873-07-23	17	-3.3	-84.8	250.31		7		https://s3.amazonaws.com/NARAprodstorage/lz/dc-metro/rg-024/581208/2020-03/581208-omaha-004/581208-omaha-004-132.JPG	https://s3.amazonaws.com/NARAprodstorage/lz/dc-metro/rg-024/581208/2020-03/581208-omaha-004/581208-omaha-004-132.JPG	 					wsw1/4w	180	188	13	30.14	69	66	65	68		bcq	cum nim	1				
1873-07-23	18	-3.31	-84.91	247.5		6.6		https://s3.amazonaws.com/NARAprodstorage/lz/dc-metro/rg-024/581208/2020-03/581208-omaha-004/581208-omaha-004-132.JPG	https://s3.amazonaws.com/NARAprodstorage/lz/dc-metro/rg-024/581208/2020-03/581208-omaha-004/581208-omaha-004-132.JPG	 					wsw	186	194	13	30.13	68	66	65	68		bcqr	cum nim	0				
1873-07-23	19	-3.35	-85.02	236.25		6		https://s3.amazonaws.com/NARAprodstorage/lz/dc-metro/rg-024/581208/2020-03/581208-omaha-004/581208-omaha-004-132.JPG	https://s3.amazonaws.com/NARAprodstorage/lz/dc-metro/rg-024/581208/2020-03/581208-omaha-004/581208-omaha-004-132.JPG	 					swxw	163	171	13	30.15	69	66	65	68		bcqm	nim	0				
1873-07-23	20	-3.4	-85.1	222.19		6		https://s3.amazonaws.com/NARAprodstorage/lz/dc-metro/rg-024/581208/2020-03/581208-omaha-004/581208-omaha-004-132.JPG	https://s3.amazonaws.com/NARAprodstorage/lz/dc-metro/rg-024/581208/2020-03/581208-omaha-004/581208-omaha-004-132.JPG	 					sw1/4s	158	166	8	30.15	69	66	65	68		bcqm	nim	6				
1873-07-23	21	-3.46	-85.18	213.75		6		https://s3.amazonaws.com/NARAprodstorage/lz/dc-metro/rg-024/581208/2020-03/581208-omaha-004/581208-omaha-004-132.JPG	https://s3.amazonaws.com/NARAprodstorage/lz/dc-metro/rg-024/581208/2020-03/581208-omaha-004/581208-omaha-004-132.JPG	 					swxs	146	154	8	30.2	68	66	65	67		bcqm	nim	8				
1873-07-23	22	-3.52	-85.26	216.56		6		https://s3.amazonaws.com/NARAprodstorage/lz/dc-metro/rg-024/581208/2020-03/581208-omaha-004/581208-omaha-004-132.JPG	https://s3.amazonaws.com/NARAprodstorage/lz/dc-metro/rg-024/581208/2020-03/581208-omaha-004/581208-omaha-004-132.JPG	 					sw3/4s	146	154	8	30.2	68	66	65	68		ocqr	nim	0				
1873-07-23	23	-3.57	-85.35	225		5.4		https://s3.amazonaws.com/NARAprodstorage/lz/dc-metro/rg-024/581208/2020-03/581208-omaha-004/581208-omaha-004-132.JPG	https://s3.amazonaws.com/NARAprodstorage/lz/dc-metro/rg-024/581208/2020-03/581208-omaha-004/581208-omaha-004-132.JPG	 					sw	158	166	8	30.2	68	65	65	68		bc	cir nim	7				
1873-07-23	24	-3.62	-85.43	222.19		6		https://s3.amazonaws.com/NARAprodstorage/lz/dc-metro/rg-024/581208/2020-03/581208-omaha-004/581208-omaha-004-132.JPG	https://s3.amazonaws.com/NARAprodstorage/lz/dc-metro/rg-024/581208/2020-03/581208-omaha-004/581208-omaha-004-132.JPG	 					sw1/4s	158	166	8	30.2	66	65	65	68		bc	cir nim	6				
1873-07-24	1	-3.66	-85.52	225		5.4		https://s3.amazonaws.com/NARAprodstorage/lz/dc-metro/rg-024/581208/2020-03/581208-omaha-004/581208-omaha-004-134.JPG	https://s3.amazonaws.com/NARAprodstorage/lz/dc-metro/rg-024/581208/2020-03/581208-omaha-004/581208-omaha-004-134.JPG	 					sw	146	154	8	30.18	68	65	65	67		ocqr	nim	0				
1873-07-24	2	-3.7	-85.58	219.38		4		https://s3.amazonaws.com/NARAprodstorage/lz/dc-metro/rg-024/581208/2020-03/581208-omaha-004/581208-omaha-004-134.JPG	https://s3.amazonaws.com/NARAprodstorage/lz/dc-metro/rg-024/581208/2020-03/581208-omaha-004/581208-omaha-004-134.JPG	 					sw1/2s	146	154	5	30.17	68	65	65	67		ocq	nim	0				
1873-07-24	3	-3.73	-85.65	225		4.4		https://s3.amazonaws.com/NARAprodstorage/lz/dc-metro/rg-024/581208/2020-03/581208-omaha-004/581208-omaha-004-134.JPG	https://s3.amazonaws.com/NARAprodstorage/lz/dc-metro/rg-024/581208/2020-03/581208-omaha-004/581208-omaha-004-134.JPG	 					sw	146	154	5	30.14	68	65	65	67		bcq	nim	3				
1873-07-24	4	-3.77	-85.72	225		4.4		https://s3.amazonaws.com/NARAprodstorage/lz/dc-metro/rg-024/581208/2020-03/581208-omaha-004/581208-omaha-004-134.JPG	https://s3.amazonaws.com/NARAprodstorage/lz/dc-metro/rg-024/581208/2020-03/581208-omaha-004/581208-omaha-004-134.JPG	 					sw	146	154	6	30.14	68	65	65	67		ocq	nim	0				
1873-07-24	5	-3.79	-85.79	236.25		4.2		https://s3.amazonaws.com/NARAprodstorage/lz/dc-metro/rg-024/581208/2020-03/581208-omaha-004/581208-omaha-004-134.JPG	https://s3.amazonaws.com/NARAprodstorage/lz/dc-metro/rg-024/581208/2020-03/581208-omaha-004/581208-omaha-004-134.JPG	 					swxw	158	166	8	30.12	68	65	65	67		ocq	cum nim	0				
1873-07-24	6	-3.8	-85.86	236.25		4		https://s3.amazonaws.com/NARAprodstorage/lz/dc-metro/rg-024/581208/2020-03/581208-omaha-004/581208-omaha-004-134.JPG	https://s3.amazonaws.com/NARAprodstorage/lz/dc-metro/rg-024/581208/2020-03/581208-omaha-004/581208-omaha-004-134.JPG	 					swxw	158	166	8	30.12	68	65	65	68		ocq	cum nim	0				
1873-07-24	7	-3.8	-85.93	253.12		3.6		https://s3.amazonaws.com/NARAprodstorage/lz/dc-metro/rg-024/581208/2020-03/581208-omaha-004/581208-omaha-004-134.JPG	https://s3.amazonaws.com/NARAprodstorage/lz/dc-metro/rg-024/581208/2020-03/581208-omaha-004/581208-omaha-004-134.JPG	 					wsw1/2w	163	171	5	30.14	68	65	64	68		oc	cum nim	0				
1873-07-24	8	-3.8	-86.01	253.12		4		https://s3.amazonaws.com/NARAprodstorage/lz/dc-metro/rg-024/581208/2020-03/581208-omaha-004/581208-omaha-004-134.JPG	https://s3.amazonaws.com/NARAprodstorage/lz/dc-metro/rg-024/581208/2020-03/581208-omaha-004/581208-omaha-004-134.JPG	 					wsw1/2w	169	177	5	30.16	68	65	64	67		bc	cum nim	1				
1873-07-24	9	-3.81	-86.08	241.88		3.6		https://s3.amazonaws.com/NARAprodstorage/lz/dc-metro/rg-024/581208/2020-03/581208-omaha-004/581208-omaha-004-134.JPG	https://s3.amazonaws.com/NARAprodstorage/lz/dc-metro/rg-024/581208/2020-03/581208-omaha-004/581208-omaha-004-134.JPG	 					swxw1/2w	169	177	5	30.16	68	65	64	66		oc	nim	0				
1873-07-24	10	-3.83	-86.15	233.44		4		https://s3.amazonaws.com/NARAprodstorage/lz/dc-metro/rg-024/581208/2020-03/581208-omaha-004/581208-omaha-004-134.JPG	https://s3.amazonaws.com/NARAprodstorage/lz/dc-metro/rg-024/581208/2020-03/581208-omaha-004/581208-omaha-004-134.JPG	 					sw3/4w	158	166	8	30.2	69	66	65	67		oc	nim	0				
1873-07-24	11	-3.87	-86.23	230.62		5		https://s3.amazonaws.com/NARAprodstorage/lz/dc-metro/rg-024/581208/2020-03/581208-omaha-004/581208-omaha-004-134.JPG	https://s3.amazonaws.com/NARAprodstorage/lz/dc-metro/rg-024/581208/2020-03/581208-omaha-004/581208-omaha-004-134.JPG	 					sw1/2w	158	166	13	30.2	69	66	65	68		bc	cum nim	2				
1873-07-24	12	-3.9	-86.35	239.06		7		https://s3.amazonaws.com/NARAprodstorage/lz/dc-metro/rg-024/581208/2020-03/581208-omaha-004/581208-omaha-004-134.JPG	https://s3.amazonaws.com/NARAprodstorage/lz/dc-metro/rg-024/581208/2020-03/581208-omaha-004/581208-omaha-004-134.JPG	 			3 54S	86 21W	swxw1/4w	169	177	13	30.18	69	66	65	68		oc	cum nim	0				
1873-07-24	13	-3.92	-86.47	247.5		6		https://s3.amazonaws.com/NARAprodstorage/lz/dc-metro/rg-024/581208/2020-03/581208-omaha-004/581208-omaha-004-134.JPG	https://s3.amazonaws.com/NARAprodstorage/lz/dc-metro/rg-024/581208/2020-03/581208-omaha-004/581208-omaha-004-134.JPG	 					wsw	180	188	8	30.13	69	68	66	69		bc	cir nim					
1873-07-24	14	-3.93	-86.58	247.5		5.6		https://s3.amazonaws.com/NARAprodstorage/lz/dc-metro/rg-024/581208/2020-03/581208-omaha-004/581208-omaha-004-134.JPG	https://s3.amazonaws.com/NARAprodstorage/lz/dc-metro/rg-024/581208/2020-03/581208-omaha-004/581208-omaha-004-134.JPG	 					wsw	180	188	8	30.12	69	68	65	69		bc	cir nim					
1873-07-24	15	-3.94	-86.68	247.5		5.4		https://s3.amazonaws.com/NARAprodstorage/lz/dc-metro/rg-024/581208/2020-03/581208-omaha-004/581208-omaha-004-134.JPG	https://s3.amazonaws.com/NARAprodstorage/lz/dc-metro/rg-024/581208/2020-03/581208-omaha-004/581208-omaha-004-134.JPG	 					wsw	180	188	8	30.08	69	68	65	69		bc	cir nim					
1873-07-24	16	-3.96	-86.8	247.5		6		https://s3.amazonaws.com/NARAprodstorage/lz/dc-metro/rg-024/581208/2020-03/581208-omaha-004/581208-omaha-004-134.JPG	https://s3.amazonaws.com/NARAprodstorage/lz/dc-metro/rg-024/581208/2020-03/581208-omaha-004/581208-omaha-004-134.JPG	 					wsw	180	188	8	30.08	69	67	65	69		oc	cir nim str					
1873-07-24	17	-3.99	-86.91	236.25		6		https://s3.amazonaws.com/NARAprodstorage/lz/dc-metro/rg-024/581208/2020-03/581208-omaha-004/581208-omaha-004-134.JPG	https://s3.amazonaws.com/NARAprodstorage/lz/dc-metro/rg-024/581208/2020-03/581208-omaha-004/581208-omaha-004-134.JPG	 					swxw	169	177	13	30.09	69	67	65	68		oc						
1873-07-24	18	-4.02	-87.01	236.25		5.4		https://s3.amazonaws.com/NARAprodstorage/lz/dc-metro/rg-024/581208/2020-03/581208-omaha-004/581208-omaha-004-134.JPG	https://s3.amazonaws.com/NARAprodstorage/lz/dc-metro/rg-024/581208/2020-03/581208-omaha-004/581208-omaha-004-134.JPG	 					swxw	169	177	13	30.11	69	67	65	68		bc						
1873-07-24	19	-4.06	-87.12	236.25		6.2		https://s3.amazonaws.com/NARAprodstorage/lz/dc-metro/rg-024/581208/2020-03/581208-omaha-004/581208-omaha-004-134.JPG	https://s3.amazonaws.com/NARAprodstorage/lz/dc-metro/rg-024/581208/2020-03/581208-omaha-004/581208-omaha-004-134.JPG	 					swxw	169	177	13	30.12	67	66	65	69		ocqm						
1873-07-24	20	-4.08	-87.24	244.69		6.2		https://s3.amazonaws.com/NARAprodstorage/lz/dc-metro/rg-024/581208/2020-03/581208-omaha-004/581208-omaha-004-134.JPG	https://s3.amazonaws.com/NARAprodstorage/lz/dc-metro/rg-024/581208/2020-03/581208-omaha-004/581208-omaha-004-134.JPG	 					swxw3/4w	163	171	13	30.12	67	66	65	69		bcq						
1873-07-24	21	-4.11	-87.34	236.25		5.4		https://s3.amazonaws.com/NARAprodstorage/lz/dc-metro/rg-024/581208/2020-03/581208-omaha-004/581208-omaha-004-134.JPG	https://s3.amazonaws.com/NARAprodstorage/lz/dc-metro/rg-024/581208/2020-03/581208-omaha-004/581208-omaha-004-134.JPG	 					swxw	158	166	8	30.15	68	66	65	69		oc						
1873-07-24	22	-4.16	-87.43	219.38		5.4		https://s3.amazonaws.com/NARAprodstorage/lz/dc-metro/rg-024/581208/2020-03/581208-omaha-004/581208-omaha-004-134.JPG	https://s3.amazonaws.com/NARAprodstorage/lz/dc-metro/rg-024/581208/2020-03/581208-omaha-004/581208-omaha-004-134.JPG	 					sw1/2s	146	154	8	30.18	69	67	65	69		oc						
1873-07-24	23	-4.2	-87.54	233.44		6		https://s3.amazonaws.com/NARAprodstorage/lz/dc-metro/rg-024/581208/2020-03/581208-omaha-004/581208-omaha-004-134.JPG	https://s3.amazonaws.com/NARAprodstorage/lz/dc-metro/rg-024/581208/2020-03/581208-omaha-004/581208-omaha-004-134.JPG	 					sw3/4w	163	171	8	30.18	69	67	65	69		oc						
1873-07-24	24	-4.24	-87.64	233.44		5.4		https://s3.amazonaws.com/NARAprodstorage/lz/dc-metro/rg-024/581208/2020-03/581208-omaha-004/581208-omaha-004-134.JPG	https://s3.amazonaws.com/NARAprodstorage/lz/dc-metro/rg-024/581208/2020-03/581208-omaha-004/581208-omaha-004-134.JPG	 					sw3/4w	163	171	8	30.2	69	67	65	69		oc						
1873-07-25	1	-4.3	-87.71	208.12		5.4		https://s3.amazonaws.com/NARAprodstorage/lz/dc-metro/rg-024/581208/2020-03/581208-omaha-004/581208-omaha-004-135.JPG	https://s3.amazonaws.com/NARAprodstorage/lz/dc-metro/rg-024/581208/2020-03/581208-omaha-004/581208-omaha-004-135.JPG	 					ssw1/2w	135	143	8	30.17	68	67	65	69		ocq	nim	0				
1873-07-25	2	-4.35	-87.79	213.75		5		https://s3.amazonaws.com/NARAprodstorage/lz/dc-metro/rg-024/581208/2020-03/581208-omaha-004/581208-omaha-004-135.JPG	https://s3.amazonaws.com/NARAprodstorage/lz/dc-metro/rg-024/581208/2020-03/581208-omaha-004/581208-omaha-004-135.JPG	 					swxs	146	154	8	30.15	68	67	65	69		bcq	cir num	6				
1873-07-25	3	-4.42	-87.86	208.12		5.2		https://s3.amazonaws.com/NARAprodstorage/lz/dc-metro/rg-024/581208/2020-03/581208-omaha-004/581208-omaha-004-135.JPG	https://s3.amazonaws.com/NARAprodstorage/lz/dc-metro/rg-024/581208/2020-03/581208-omaha-004/581208-omaha-004-135.JPG	 					ssw1/2w	135	143	8	30.14	68	68	65	69		bcq	cir num	4				
1873-07-25	4	-4.48	-87.93	208.12		5.2		https://s3.amazonaws.com/NARAprodstorage/lz/dc-metro/rg-024/581208/2020-03/581208-omaha-004/581208-omaha-004-135.JPG	https://s3.amazonaws.com/NARAprodstorage/lz/dc-metro/rg-024/581208/2020-03/581208-omaha-004/581208-omaha-004-135.JPG	 					ssw1/2w	135	143	8	30.13	68	67	66	69		bcq	cir num	4				
1873-07-25	5	-4.56	-88	199.69		6		https://s3.amazonaws.com/NARAprodstorage/lz/dc-metro/rg-024/581208/2020-03/581208-omaha-004/581208-omaha-004-135.JPG	https://s3.amazonaws.com/NARAprodstorage/lz/dc-metro/rg-024/581208/2020-03/581208-omaha-004/581208-omaha-004-135.JPG	 					sxw3/4w	124	132	13	30.14	68	66	65	69		bcq	cum nim	6				
1873-07-25	6	-4.61	-88.07	213.75		5		https://s3.amazonaws.com/NARAprodstorage/lz/dc-metro/rg-024/581208/2020-03/581208-omaha-004/581208-omaha-004-135.JPG	https://s3.amazonaws.com/NARAprodstorage/lz/dc-metro/rg-024/581208/2020-03/581208-omaha-004/581208-omaha-004-135.JPG	 					swxs	146	154	8	30.14	69	67	65	69		bc	cum nim	4				
1873-07-25	7	-4.66	-88.15	219.38		5		https://s3.amazonaws.com/NARAprodstorage/lz/dc-metro/rg-024/581208/2020-03/581208-omaha-004/581208-omaha-004-135.JPG	https://s3.amazonaws.com/NARAprodstorage/lz/dc-metro/rg-024/581208/2020-03/581208-omaha-004/581208-omaha-004-135.JPG	 					sw1/2s	146	154	13	30.14	69	68	65	70		bc	cum nim	4				
1873-07-25	8	-4.71	-88.24	219.38		5.6		https://s3.amazonaws.com/NARAprodstorage/lz/dc-metro/rg-024/581208/2020-03/581208-omaha-004/581208-omaha-004-135.JPG	https://s3.amazonaws.com/NARAprodstorage/lz/dc-metro/rg-024/581208/2020-03/581208-omaha-004/581208-omaha-004-135.JPG	 					sw1/2s	146	154	13	30.16	69	68	66	70		bcq	cum nim	1				
1873-07-25	9	-4.77	-88.36	225		7		https://s3.amazonaws.com/NARAprodstorage/lz/dc-metro/rg-024/581208/2020-03/581208-omaha-004/581208-omaha-004-135.JPG	https://s3.amazonaws.com/NARAprodstorage/lz/dc-metro/rg-024/581208/2020-03/581208-omaha-004/581208-omaha-004-135.JPG	 					sw	141	149	13	30.14	69	67	66	70		bcq	cir cum	4				
1873-07-25	10	-4.83	-88.47	225		7		https://s3.amazonaws.com/NARAprodstorage/lz/dc-metro/rg-024/581208/2020-03/581208-omaha-004/581208-omaha-004-135.JPG	https://s3.amazonaws.com/NARAprodstorage/lz/dc-metro/rg-024/581208/2020-03/581208-omaha-004/581208-omaha-004-135.JPG	 					sw	141	149	13	30.18	69	68	66	70.5		bcq	cir cum	8				
1873-07-25	11	-4.9	-88.57	219.38		6.6		https://s3.amazonaws.com/NARAprodstorage/lz/dc-metro/rg-024/581208/2020-03/581208-omaha-004/581208-omaha-004-135.JPG	https://s3.amazonaws.com/NARAprodstorage/lz/dc-metro/rg-024/581208/2020-03/581208-omaha-004/581208-omaha-004-135.JPG	 					sw1/2s	146	154	10	30.15	70	69	66	70		bcq	cum nim	3				
1873-07-25	12	-4.97	-88.67	216.56		6.4		https://s3.amazonaws.com/NARAprodstorage/lz/dc-metro/rg-024/581208/2020-03/581208-omaha-004/581208-omaha-004-135.JPG	https://s3.amazonaws.com/NARAprodstorage/lz/dc-metro/rg-024/581208/2020-03/581208-omaha-004/581208-omaha-004-135.JPG	 			4 58S	88 40W	sw3/4s	141	150	8	30.16	70	69	66	70.5		bcq	cum str	4				
1873-07-25	13	-5.03	-88.75	216.56		6		https://s3.amazonaws.com/NARAprodstorage/lz/dc-metro/rg-024/581208/2020-03/581208-omaha-004/581208-omaha-004-135.JPG	https://s3.amazonaws.com/NARAprodstorage/lz/dc-metro/rg-024/581208/2020-03/581208-omaha-004/581208-omaha-004-135.JPG	 					sw3/4s	141	150	19	30.12	70	69	66	69		bcq	cum nim	3				
1873-07-25	14	-5.1	-88.84	210.94		6		https://s3.amazonaws.com/NARAprodstorage/lz/dc-metro/rg-024/581208/2020-03/581208-omaha-004/581208-omaha-004-135.JPG	https://s3.amazonaws.com/NARAprodstorage/lz/dc-metro/rg-024/581208/2020-03/581208-omaha-004/581208-omaha-004-135.JPG	 					ssw3/4w	135	144	19	30.12	70	69	66	70		bc	cum nim	3				
1873-07-25	15	-5.16	-88.92	216.56		5.6		https://s3.amazonaws.com/NARAprodstorage/lz/dc-metro/rg-024/581208/2020-03/581208-omaha-004/581208-omaha-004-135.JPG	https://s3.amazonaws.com/NARAprodstorage/lz/dc-metro/rg-024/581208/2020-03/581208-omaha-004/581208-omaha-004-135.JPG	 					sw3/4s	141	150	13	30.12	70	69	66	70		bc	cum nim	3				
1873-07-25	16	-5.22	-89	219.38		5		https://s3.amazonaws.com/NARAprodstorage/lz/dc-metro/rg-024/581208/2020-03/581208-omaha-004/581208-omaha-004-135.JPG	https://s3.amazonaws.com/NARAprodstorage/lz/dc-metro/rg-024/581208/2020-03/581208-omaha-004/581208-omaha-004-135.JPG	 					sw1/2s	141	150	13	30.1	70	69	66	69		bc	cum nim	3				
1873-07-25	17	-5.27	-89.09	222.19		6		https://s3.amazonaws.com/NARAprodstorage/lz/dc-metro/rg-024/581208/2020-03/581208-omaha-004/581208-omaha-004-135.JPG	https://s3.amazonaws.com/NARAprodstorage/lz/dc-metro/rg-024/581208/2020-03/581208-omaha-004/581208-omaha-004-135.JPG	 					sw1/4s	158	166	13	30.09	70	68	66	70		bc	cum	6				
1873-07-25	18	-5.33	-89.19	225		6		https://s3.amazonaws.com/NARAprodstorage/lz/dc-metro/rg-024/581208/2020-03/581208-omaha-004/581208-omaha-004-135.JPG	https://s3.amazonaws.com/NARAprodstorage/lz/dc-metro/rg-024/581208/2020-03/581208-omaha-004/581208-omaha-004-135.JPG	 					sw	158	166	13	30.1	70	68	66	70		bc	cum	1				
1873-07-25	19	-5.39	-89.28	219.38		6.4		https://s3.amazonaws.com/NARAprodstorage/lz/dc-metro/rg-024/581208/2020-03/581208-omaha-004/581208-omaha-004-135.JPG	https://s3.amazonaws.com/NARAprodstorage/lz/dc-metro/rg-024/581208/2020-03/581208-omaha-004/581208-omaha-004-135.JPG	 					sw1/2s	146	155	16	30.13	70	68	66	70		bcq	cum nim	7				
1873-07-25	20	-5.46	-89.37	210.94		6		https://s3.amazonaws.com/NARAprodstorage/lz/dc-metro/rg-024/581208/2020-03/581208-omaha-004/581208-omaha-004-135.JPG	https://s3.amazonaws.com/NARAprodstorage/lz/dc-metro/rg-024/581208/2020-03/581208-omaha-004/581208-omaha-004-135.JPG	 					ssw3/4w	135	144	13	30.14	70	68	66	70		bcq	cum nim	8				
1873-07-25	21	-5.54	-89.47	219.38		7		https://s3.amazonaws.com/NARAprodstorage/lz/dc-metro/rg-024/581208/2020-03/581208-omaha-004/581208-omaha-004-135.JPG	https://s3.amazonaws.com/NARAprodstorage/lz/dc-metro/rg-024/581208/2020-03/581208-omaha-004/581208-omaha-004-135.JPG	 					sw1/2s	146	155	10	30.12	69	67	66	70		bcqr	nimb	3				
1873-07-25	22	-5.57	-89.58	236.25		6		https://s3.amazonaws.com/NARAprodstorage/lz/dc-metro/rg-024/581208/2020-03/581208-omaha-004/581208-omaha-004-135.JPG	https://s3.amazonaws.com/NARAprodstorage/lz/dc-metro/rg-024/581208/2020-03/581208-omaha-004/581208-omaha-004-135.JPG	 					swxw	141	150	8	30.14	69	67	66	70		bcqr	nimb	4				
1873-07-25	23	-5.61	-89.68	236.25		6		https://s3.amazonaws.com/NARAprodstorage/lz/dc-metro/rg-024/581208/2020-03/581208-omaha-004/581208-omaha-004-135.JPG	https://s3.amazonaws.com/NARAprodstorage/lz/dc-metro/rg-024/581208/2020-03/581208-omaha-004/581208-omaha-004-135.JPG	 					swxw	141	150	8	30.15	68	66	65	68		bcq	nimb	3				
1873-07-25	24	-5.65	-89.79	236.25		6		https://s3.amazonaws.com/NARAprodstorage/lz/dc-metro/rg-024/581208/2020-03/581208-omaha-004/581208-omaha-004-135.JPG	https://s3.amazonaws.com/NARAprodstorage/lz/dc-metro/rg-024/581208/2020-03/581208-omaha-004/581208-omaha-004-135.JPG	 					swxw	141	150	8	30.15	68	66	65	70		bcqr	nimb	2				
1873-07-26	1	-5.72	-89.87	208.12		6		https://s3.amazonaws.com/NARAprodstorage/lz/dc-metro/rg-024/581208/2020-03/581208-omaha-004/581208-omaha-004-136.JPG	https://s3.amazonaws.com/NARAprodstorage/lz/dc-metro/rg-024/581208/2020-03/581208-omaha-004/581208-omaha-004-136.JPG	 					ssw1/2w	135	144	13	30.18	69	66	65	69		ocqr	nim	0				
1873-07-26	2	-5.78	-89.92	202.5		4.4		https://s3.amazonaws.com/NARAprodstorage/lz/dc-metro/rg-024/581208/2020-03/581208-omaha-004/581208-omaha-004-136.JPG	https://s3.amazonaws.com/NARAprodstorage/lz/dc-metro/rg-024/581208/2020-03/581208-omaha-004/581208-omaha-004-136.JPG	 					ssw	129	138	8	30.18	69	66	65	69		ocq	nim	0				
1873-07-26	3	-5.85	-89.99	202.5		5.4		https://s3.amazonaws.com/NARAprodstorage/lz/dc-metro/rg-024/581208/2020-03/581208-omaha-004/581208-omaha-004-136.JPG	https://s3.amazonaws.com/NARAprodstorage/lz/dc-metro/rg-024/581208/2020-03/581208-omaha-004/581208-omaha-004-136.JPG	 					ssw	129	138	8	30.16	68	65	64	69		bcq	nim cum	1				
1873-07-26	4	-5.92	-90.05	205.31		5.4		https://s3.amazonaws.com/NARAprodstorage/lz/dc-metro/rg-024/581208/2020-03/581208-omaha-004/581208-omaha-004-136.JPG	https://s3.amazonaws.com/NARAprodstorage/lz/dc-metro/rg-024/581208/2020-03/581208-omaha-004/581208-omaha-004-136.JPG	 					ssw1/4w	129	138	8	30.18	68	65	64	69		bcq	nim	4				
1873-07-26	5	-6	-90.13	205.31		6		https://s3.amazonaws.com/NARAprodstorage/lz/dc-metro/rg-024/581208/2020-03/581208-omaha-004/581208-omaha-004-136.JPG	https://s3.amazonaws.com/NARAprodstorage/lz/dc-metro/rg-024/581208/2020-03/581208-omaha-004/581208-omaha-004-136.JPG	 					ssw1/4w	129	138	8	30.15	67	66	66	70		bcqr	nim	7				
1873-07-26	6	-6.09	-90.19	199.69		6.4		https://s3.amazonaws.com/NARAprodstorage/lz/dc-metro/rg-024/581208/2020-03/581208-omaha-004/581208-omaha-004-136.JPG	https://s3.amazonaws.com/NARAprodstorage/lz/dc-metro/rg-024/581208/2020-03/581208-omaha-004/581208-omaha-004-136.JPG	 					sxw3/4w	146	155	8	30.15	67	67	65	70		bcq	nim	6				
1873-07-26	7	-6.18	-90.27	202.5		7		https://s3.amazonaws.com/NARAprodstorage/lz/dc-metro/rg-024/581208/2020-03/581208-omaha-004/581208-omaha-004-136.JPG	https://s3.amazonaws.com/NARAprodstorage/lz/dc-metro/rg-024/581208/2020-03/581208-omaha-004/581208-omaha-004-136.JPG	 					ssw	135	144	13	30.17	69	67	65	70		bcq	nim	6				
1873-07-26	8	-6.26	-90.35	208.12		6.4		https://s3.amazonaws.com/NARAprodstorage/lz/dc-metro/rg-024/581208/2020-03/581208-omaha-004/581208-omaha-004-136.JPG	https://s3.amazonaws.com/NARAprodstorage/lz/dc-metro/rg-024/581208/2020-03/581208-omaha-004/581208-omaha-004-136.JPG	 					ssw1/2w	146	155	13	30.19	68	67	65	70		bcq	cum	8				
1873-07-26	9	-6.33	-90.41	202.5		5.2		https://s3.amazonaws.com/NARAprodstorage/lz/dc-metro/rg-024/581208/2020-03/581208-omaha-004/581208-omaha-004-136.JPG	https://s3.amazonaws.com/NARAprodstorage/lz/dc-metro/rg-024/581208/2020-03/581208-omaha-004/581208-omaha-004-136.JPG	 					ssw	158	166	8	30.2	69	66	66	70		bcf	cum	5				
1873-07-26	10	-6.41	-90.48	202.5		6		https://s3.amazonaws.com/NARAprodstorage/lz/dc-metro/rg-024/581208/2020-03/581208-omaha-004/581208-omaha-004-136.JPG	https://s3.amazonaws.com/NARAprodstorage/lz/dc-metro/rg-024/581208/2020-03/581208-omaha-004/581208-omaha-004-136.JPG	 					ssw	135	144	13	30.2	70	68	67	70		bc	cum	8				
1873-07-26	11	-6.49	-90.56	208.12		6.2		https://s3.amazonaws.com/NARAprodstorage/lz/dc-metro/rg-024/581208/2020-03/581208-omaha-004/581208-omaha-004-136.JPG	https://s3.amazonaws.com/NARAprodstorage/lz/dc-metro/rg-024/581208/2020-03/581208-omaha-004/581208-omaha-004-136.JPG	 					ssw1/2w	135	144	13	30.2	70	68	67	70		bcq	cum nim	3				
1873-07-26	12	-6.58	-90.67	213.75		8		https://s3.amazonaws.com/NARAprodstorage/lz/dc-metro/rg-024/581208/2020-03/581208-omaha-004/581208-omaha-004-136.JPG	https://s3.amazonaws.com/NARAprodstorage/lz/dc-metro/rg-024/581208/2020-03/581208-omaha-004/581208-omaha-004-136.JPG	 			6 35S	90 40W	swxs	146	155	13	30.19	70	68	67	69		bcq	cum nim	2				
1873-07-26	13	-6.68	-90.76	208.12		7.2		https://s3.amazonaws.com/NARAprodstorage/lz/dc-metro/rg-024/581208/2020-03/581208-omaha-004/581208-omaha-004-136.JPG	https://s3.amazonaws.com/NARAprodstorage/lz/dc-metro/rg-024/581208/2020-03/581208-omaha-004/581208-omaha-004-136.JPG	 					ssw1/2w	129	138	13	30.19	71	69	67	69		bcq	cum str	6				
1873-07-26	14	-6.76	-90.84	205.31		6.4		https://s3.amazonaws.com/NARAprodstorage/lz/dc-metro/rg-024/581208/2020-03/581208-omaha-004/581208-omaha-004-136.JPG	https://s3.amazonaws.com/NARAprodstorage/lz/dc-metro/rg-024/581208/2020-03/581208-omaha-004/581208-omaha-004-136.JPG	 					ssw1/4w	129	138	10	30.15	71	69	67	69		bcqr	nim	2				
1873-07-26	15	-6.85	-90.92	202.5		6.4		https://s3.amazonaws.com/NARAprodstorage/lz/dc-metro/rg-024/581208/2020-03/581208-omaha-004/581208-omaha-004-136.JPG	https://s3.amazonaws.com/NARAprodstorage/lz/dc-metro/rg-024/581208/2020-03/581208-omaha-004/581208-omaha-004-136.JPG	 					ssw	127	136	13	30.1	70	68	67	69		bcq	cum nim	5				
1873-07-26	16	-6.94	-91.01	208.12		7		https://s3.amazonaws.com/NARAprodstorage/lz/dc-metro/rg-024/581208/2020-03/581208-omaha-004/581208-omaha-004-136.JPG	https://s3.amazonaws.com/NARAprodstorage/lz/dc-metro/rg-024/581208/2020-03/581208-omaha-004/581208-omaha-004-136.JPG	 					ssw1/2w	127	136	13	30.1	70	68	67	69		bcq	cum nim	4				
1873-07-26	17	-7.02	-91.1	205.31		6.4		https://s3.amazonaws.com/NARAprodstorage/lz/dc-metro/rg-024/581208/2020-03/581208-omaha-004/581208-omaha-004-136.JPG	https://s3.amazonaws.com/NARAprodstorage/lz/dc-metro/rg-024/581208/2020-03/581208-omaha-004/581208-omaha-004-136.JPG	 					ssw1/4w	124	133	13	30.1	70	68	66	70		ocq	cum nim	0				
1873-07-26	18	-7.1	-91.15	194.06		5.6		https://s3.amazonaws.com/NARAprodstorage/lz/dc-metro/rg-024/581208/2020-03/581208-omaha-004/581208-omaha-004-136.JPG	https://s3.amazonaws.com/NARAprodstorage/lz/dc-metro/rg-024/581208/2020-03/581208-omaha-004/581208-omaha-004-136.JPG	 					sxw1/4w	118	127	13	30.1	70	68	66	70		ocq	cum nim	0				
1873-07-26	19	-7.2	-91.2	182.81		6.4		https://s3.amazonaws.com/NARAprodstorage/lz/dc-metro/rg-024/581208/2020-03/581208-omaha-004/581208-omaha-004-136.JPG	https://s3.amazonaws.com/NARAprodstorage/lz/dc-metro/rg-024/581208/2020-03/581208-omaha-004/581208-omaha-004-136.JPG	 					s1/4w	112	122	13	30.17	70	69	66	70		ocq	nim	0				
1873-07-26	20	-7.3	-91.24	182.81		6.4		https://s3.amazonaws.com/NARAprodstorage/lz/dc-metro/rg-024/581208/2020-03/581208-omaha-004/581208-omaha-004-136.JPG	https://s3.amazonaws.com/NARAprodstorage/lz/dc-metro/rg-024/581208/2020-03/581208-omaha-004/581208-omaha-004-136.JPG	 					s1/4w	112	122	13	30.16	70	69	66	69		ocq	nim	0				
1873-07-26	21	-7.39	-91.29	188.44		6		https://s3.amazonaws.com/NARAprodstorage/lz/dc-metro/rg-024/581208/2020-03/581208-omaha-004/581208-omaha-004-136.JPG	https://s3.amazonaws.com/NARAprodstorage/lz/dc-metro/rg-024/581208/2020-03/581208-omaha-004/581208-omaha-004-136.JPG	 					s3/4w	112	122	13	30.18	70	68	67	70		bcq	cum nim	6				
1873-07-26	22	-7.48	-91.34	185.62		5.4		https://s3.amazonaws.com/NARAprodstorage/lz/dc-metro/rg-024/581208/2020-03/581208-omaha-004/581208-omaha-004-136.JPG	https://s3.amazonaws.com/NARAprodstorage/lz/dc-metro/rg-024/581208/2020-03/581208-omaha-004/581208-omaha-004-136.JPG	 					s1/2w	101	110	13	30.18	70	68	67	70		bcq	cum nim	7				
1873-07-26	23	-7.57	-91.37	180		6		https://s3.amazonaws.com/NARAprodstorage/lz/dc-metro/rg-024/581208/2020-03/581208-omaha-004/581208-omaha-004-136.JPG	https://s3.amazonaws.com/NARAprodstorage/lz/dc-metro/rg-024/581208/2020-03/581208-omaha-004/581208-omaha-004-136.JPG	 					s	101	110	13	30.2	70	67	66	70		bcqr	cum nim	2				
1873-07-26	24	-7.66	-91.41	180		5.6		https://s3.amazonaws.com/NARAprodstorage/lz/dc-metro/rg-024/581208/2020-03/581208-omaha-004/581208-omaha-004-136.JPG	https://s3.amazonaws.com/NARAprodstorage/lz/dc-metro/rg-024/581208/2020-03/581208-omaha-004/581208-omaha-004-136.JPG	 					s	101	110	13	30.2	70	67	66	70		bcq	cum nim	3				
1873-07-27	1	-7.75	-91.45	180		5.4		https://s3.amazonaws.com/NARAprodstorage/lz/dc-metro/rg-024/581208/2020-03/581208-omaha-004/581208-omaha-004-137.JPG	https://s3.amazonaws.com/NARAprodstorage/lz/dc-metro/rg-024/581208/2020-03/581208-omaha-004/581208-omaha-004-137.JPG	 					s	101	110	13	30.18	69	68	66	69		bcqr	nimb	2				
1873-07-27	2	-7.84	-91.48	180		6		https://s3.amazonaws.com/NARAprodstorage/lz/dc-metro/rg-024/581208/2020-03/581208-omaha-004/581208-omaha-004-137.JPG	https://s3.amazonaws.com/NARAprodstorage/lz/dc-metro/rg-024/581208/2020-03/581208-omaha-004/581208-omaha-004-137.JPG	 					s	101	110	13	30.16	69	68	66	70		bcqr	nimb	2				
1873-07-27	3	-7.92	-91.52	180		5		https://s3.amazonaws.com/NARAprodstorage/lz/dc-metro/rg-024/581208/2020-03/581208-omaha-004/581208-omaha-004-137.JPG	https://s3.amazonaws.com/NARAprodstorage/lz/dc-metro/rg-024/581208/2020-03/581208-omaha-004/581208-omaha-004-137.JPG	 					s	101	110	13	30.15	68	68	66	70		bcq	nimb	5				
1873-07-27	4	-8	-91.55	180		5		https://s3.amazonaws.com/NARAprodstorage/lz/dc-metro/rg-024/581208/2020-03/581208-omaha-004/581208-omaha-004-137.JPG	https://s3.amazonaws.com/NARAprodstorage/lz/dc-metro/rg-024/581208/2020-03/581208-omaha-004/581208-omaha-004-137.JPG	 					s	101	110	13	30.14	68	68	66	70		bcq	cum nimb	5				
1873-07-27	5	-8.08	-91.6	185.62		5.4		https://s3.amazonaws.com/NARAprodstorage/lz/dc-metro/rg-024/581208/2020-03/581208-omaha-004/581208-omaha-004-137.JPG	https://s3.amazonaws.com/NARAprodstorage/lz/dc-metro/rg-024/581208/2020-03/581208-omaha-004/581208-omaha-004-137.JPG	 					s1/2w	101	110	13	30.14	68	68	66	70		ocqr	nim	0				
1873-07-27	6	-8.15	-91.67	202.5		5.4		https://s3.amazonaws.com/NARAprodstorage/lz/dc-metro/rg-024/581208/2020-03/581208-omaha-004/581208-omaha-004-137.JPG	https://s3.amazonaws.com/NARAprodstorage/lz/dc-metro/rg-024/581208/2020-03/581208-omaha-004/581208-omaha-004-137.JPG	 					ssw	124	133	13	30.18	69	66	65	70		ocq	nim	0				
1873-07-27	7	-8.25	-91.71	185.62		6		https://s3.amazonaws.com/NARAprodstorage/lz/dc-metro/rg-024/581208/2020-03/581208-omaha-004/581208-omaha-004-137.JPG	https://s3.amazonaws.com/NARAprodstorage/lz/dc-metro/rg-024/581208/2020-03/581208-omaha-004/581208-omaha-004-137.JPG	 					s1/2w	101	110	13	30.2	69	66	65	69		bcq	nim cum	2				
1873-07-27	8	-8.35	-91.79	196.88		7		https://s3.amazonaws.com/NARAprodstorage/lz/dc-metro/rg-024/581208/2020-03/581208-omaha-004/581208-omaha-004-137.JPG	https://s3.amazonaws.com/NARAprodstorage/lz/dc-metro/rg-024/581208/2020-03/581208-omaha-004/581208-omaha-004-137.JPG	 					sxw1/2w	124	133	13	30.2	69	66	65	69		ocq	nim cum	0				
1873-07-27	9	-8.45	-91.85	191.25		7		https://s3.amazonaws.com/NARAprodstorage/lz/dc-metro/rg-024/581208/2020-03/581208-omaha-004/581208-omaha-004-137.JPG	https://s3.amazonaws.com/NARAprodstorage/lz/dc-metro/rg-024/581208/2020-03/581208-omaha-004/581208-omaha-004-137.JPG	 					sxw	124	133	13	30.14	68	66	66	68		bcq	nim cum	7				
1873-07-27	10	-8.55	-91.92	194.06		7		https://s3.amazonaws.com/NARAprodstorage/lz/dc-metro/rg-024/581208/2020-03/581208-omaha-004/581208-omaha-004-137.JPG	https://s3.amazonaws.com/NARAprodstorage/lz/dc-metro/rg-024/581208/2020-03/581208-omaha-004/581208-omaha-004-137.JPG	 					sxw1/4w	146	155	13	30.13	69	67	66	69		bcq	nim cum	8				
1873-07-27	11	-8.65	-92	199.69		7		https://s3.amazonaws.com/NARAprodstorage/lz/dc-metro/rg-024/581208/2020-03/581208-omaha-004/581208-omaha-004-137.JPG	https://s3.amazonaws.com/NARAprodstorage/lz/dc-metro/rg-024/581208/2020-03/581208-omaha-004/581208-omaha-004-137.JPG	 					sxw3/4w	146	155	13	30.13	69	69	67	71		bcq	cir nim	7				
1873-07-27	12	-8.78	-92.07	191.25		8.6		https://s3.amazonaws.com/NARAprodstorage/lz/dc-metro/rg-024/581208/2020-03/581208-omaha-004/581208-omaha-004-137.JPG	https://s3.amazonaws.com/NARAprodstorage/lz/dc-metro/rg-024/581208/2020-03/581208-omaha-004/581208-omaha-004-137.JPG	 			8 47S	92 4W	sxw	146	155	13	30.12	70	68	66	71		bcqr	cir nim	5				
1873-07-27	13	-8.9	-92.12	188.44		7.2		https://s3.amazonaws.com/NARAprodstorage/lz/dc-metro/rg-024/581208/2020-03/581208-omaha-004/581208-omaha-004-137.JPG	https://s3.amazonaws.com/NARAprodstorage/lz/dc-metro/rg-024/581208/2020-03/581208-omaha-004/581208-omaha-004-137.JPG	 					s3/4w	112	122	13	30.31	70	68	66	70		bcq	cum nim	4				
1873-07-27	14	-9	-92.19	202.5		6.6		https://s3.amazonaws.com/NARAprodstorage/lz/dc-metro/rg-024/581208/2020-03/581208-omaha-004/581208-omaha-004-137.JPG	https://s3.amazonaws.com/NARAprodstorage/lz/dc-metro/rg-024/581208/2020-03/581208-omaha-004/581208-omaha-004-137.JPG	 					ssw	135	144	13	30.19	70	69	66	70		bcq	cum nim	6				
1873-07-27	15	-9.1	-92.26	202.5		6.2		https://s3.amazonaws.com/NARAprodstorage/lz/dc-metro/rg-024/581208/2020-03/581208-omaha-004/581208-omaha-004-137.JPG	https://s3.amazonaws.com/NARAprodstorage/lz/dc-metro/rg-024/581208/2020-03/581208-omaha-004/581208-omaha-004-137.JPG	 					ssw	135	144	13	30.19	70	69	66	70		bcq	cum nim	3				
1873-07-27	16	-9.19	-92.31	196.88		6		https://s3.amazonaws.com/NARAprodstorage/lz/dc-metro/rg-024/581208/2020-03/581208-omaha-004/581208-omaha-004-137.JPG	https://s3.amazonaws.com/NARAprodstorage/lz/dc-metro/rg-024/581208/2020-03/581208-omaha-004/581208-omaha-004-137.JPG	 					sxw1/2w	146	155	13	30.17	70	68	66	70		bcq	cum nim	5				
1873-07-27	17	-9.3	-92.37	194.06		6.6		https://s3.amazonaws.com/NARAprodstorage/lz/dc-metro/rg-024/581208/2020-03/581208-omaha-004/581208-omaha-004-137.JPG	https://s3.amazonaws.com/NARAprodstorage/lz/dc-metro/rg-024/581208/2020-03/581208-omaha-004/581208-omaha-004-137.JPG	 					sxw1/4w	146	155	13	30.17	70	68	66	70		bcq	cum nim	4				
1873-07-27	18	-9.4	-92.42	194.06		6.4		https://s3.amazonaws.com/NARAprodstorage/lz/dc-metro/rg-024/581208/2020-03/581208-omaha-004/581208-omaha-004-137.JPG	https://s3.amazonaws.com/NARAprodstorage/lz/dc-metro/rg-024/581208/2020-03/581208-omaha-004/581208-omaha-004-137.JPG	 					sxw1/4w	146	155	13	30.2	70	68	66	70		bcq	cum nim	2				
1873-07-27	19	-9.49	-92.47	194.06		5.4		https://s3.amazonaws.com/NARAprodstorage/lz/dc-metro/rg-024/581208/2020-03/581208-omaha-004/581208-omaha-004-137.JPG	https://s3.amazonaws.com/NARAprodstorage/lz/dc-metro/rg-024/581208/2020-03/581208-omaha-004/581208-omaha-004-137.JPG	 					sxw1/4w	146	155	13	30.22	69	68	66	70		ocq	nim	0				
1873-07-27	20	-9.59	-92.52	191.25		6		https://s3.amazonaws.com/NARAprodstorage/lz/dc-metro/rg-024/581208/2020-03/581208-omaha-004/581208-omaha-004-137.JPG	https://s3.amazonaws.com/NARAprodstorage/lz/dc-metro/rg-024/581208/2020-03/581208-omaha-004/581208-omaha-004-137.JPG	 					sxw	118	127	13	30.22	69	68	66	70		ocq	nim	0				
1873-07-27	21	-9.71	-92.57	191.25		7		https://s3.amazonaws.com/NARAprodstorage/lz/dc-metro/rg-024/581208/2020-03/581208-omaha-004/581208-omaha-004-137.JPG	https://s3.amazonaws.com/NARAprodstorage/lz/dc-metro/rg-024/581208/2020-03/581208-omaha-004/581208-omaha-004-137.JPG	 					sxw	118	127	13	30.24	70	68	65	70		ocq	nim	0				
1873-07-27	22	-9.83	-92.63	191.25		7.4		https://s3.amazonaws.com/NARAprodstorage/lz/dc-metro/rg-024/581208/2020-03/581208-omaha-004/581208-omaha-004-137.JPG	https://s3.amazonaws.com/NARAprodstorage/lz/dc-metro/rg-024/581208/2020-03/581208-omaha-004/581208-omaha-004-137.JPG	 					sxw	118	127	13	30.27	69	68	65	69		ocq	nim	0				
1873-07-27	23	-9.94	-92.68	188.44		7		https://s3.amazonaws.com/NARAprodstorage/lz/dc-metro/rg-024/581208/2020-03/581208-omaha-004/581208-omaha-004-137.JPG	https://s3.amazonaws.com/NARAprodstorage/lz/dc-metro/rg-024/581208/2020-03/581208-omaha-004/581208-omaha-004-137.JPG	 					s3/4w	112	122	13	30.25	69	67	64	69		ocq	nim	0				
1873-07-27	24	-10.07	-92.73	185.62		7.6		https://s3.amazonaws.com/NARAprodstorage/lz/dc-metro/rg-024/581208/2020-03/581208-omaha-004/581208-omaha-004-137.JPG	https://s3.amazonaws.com/NARAprodstorage/lz/dc-metro/rg-024/581208/2020-03/581208-omaha-004/581208-omaha-004-137.JPG	 					s1/2w	112	122	19	30.26	70	67	65	69		ocq	nim	0				
1873-07-28	1	-10.2	-92.78	188.44		7.4		https://s3.amazonaws.com/NARAprodstorage/lz/dc-metro/rg-024/581208/2020-03/581208-omaha-004/581208-omaha-004-138.JPG	https://s3.amazonaws.com/NARAprodstorage/lz/dc-metro/rg-024/581208/2020-03/581208-omaha-004/581208-omaha-004-138.JPG	 					s3/4w	112	122	19	30.16	69	67	65	69		ocq	cum nim	0				
1873-07-28	2	-10.31	-92.83	188.44		7		https://s3.amazonaws.com/NARAprodstorage/lz/dc-metro/rg-024/581208/2020-03/581208-omaha-004/581208-omaha-004-138.JPG	https://s3.amazonaws.com/NARAprodstorage/lz/dc-metro/rg-024/581208/2020-03/581208-omaha-004/581208-omaha-004-138.JPG	 					s3/4w	112	122	19	30.14	69	67	65	69		ocq	cum nim	0				
1873-07-28	3	-10.42	-92.89	196.88		7		https://s3.amazonaws.com/NARAprodstorage/lz/dc-metro/rg-024/581208/2020-03/581208-omaha-004/581208-omaha-004-138.JPG	https://s3.amazonaws.com/NARAprodstorage/lz/dc-metro/rg-024/581208/2020-03/581208-omaha-004/581208-omaha-004-138.JPG	 					sxw1/2w	124	133	19	30.14	69	67	65	69		ocqr	nim	0				
1873-07-28	4	-10.54	-92.94	191.25		7		https://s3.amazonaws.com/NARAprodstorage/lz/dc-metro/rg-024/581208/2020-03/581208-omaha-004/581208-omaha-004-138.JPG	https://s3.amazonaws.com/NARAprodstorage/lz/dc-metro/rg-024/581208/2020-03/581208-omaha-004/581208-omaha-004-138.JPG	 					sxw	124	133	19	30.14	69	67	65	69		ocq	nim	0				
1873-07-28	5	-10.66	-93.01	196.88		7.6		https://s3.amazonaws.com/NARAprodstorage/lz/dc-metro/rg-024/581208/2020-03/581208-omaha-004/581208-omaha-004-138.JPG	https://s3.amazonaws.com/NARAprodstorage/lz/dc-metro/rg-024/581208/2020-03/581208-omaha-004/581208-omaha-004-138.JPG	 					sxw1/2w	124	133	19	30.14	69	67	65	69		ocq	nim	0				
1873-07-28	6	-10.78	-93.07	191.25		7.6		https://s3.amazonaws.com/NARAprodstorage/lz/dc-metro/rg-024/581208/2020-03/581208-omaha-004/581208-omaha-004-138.JPG	https://s3.amazonaws.com/NARAprodstorage/lz/dc-metro/rg-024/581208/2020-03/581208-omaha-004/581208-omaha-004-138.JPG	 					sxw	124	133	19	30.2	69	67	65	69		ocq	nim	0				
1873-07-28	7	-10.89	-93.12	191.25		6.6		https://s3.amazonaws.com/NARAprodstorage/lz/dc-metro/rg-024/581208/2020-03/581208-omaha-004/581208-omaha-004-138.JPG	https://s3.amazonaws.com/NARAprodstorage/lz/dc-metro/rg-024/581208/2020-03/581208-omaha-004/581208-omaha-004-138.JPG	 					sxw	124	133	19	30.28	69	68	65	70		ocq	nim	1				
1873-07-28	8	-10.99	-93.17	188.44		6		https://s3.amazonaws.com/NARAprodstorage/lz/dc-metro/rg-024/581208/2020-03/581208-omaha-004/581208-omaha-004-138.JPG	https://s3.amazonaws.com/NARAprodstorage/lz/dc-metro/rg-024/581208/2020-03/581208-omaha-004/581208-omaha-004-138.JPG	 					s3/4w	118	127	19	30.28	69	68	65	70		ocq	nim	0				
1873-07-28	9	-11.1	-93.2	180		6.4		https://s3.amazonaws.com/NARAprodstorage/lz/dc-metro/rg-024/581208/2020-03/581208-omaha-004/581208-omaha-004-138.JPG	https://s3.amazonaws.com/NARAprodstorage/lz/dc-metro/rg-024/581208/2020-03/581208-omaha-004/581208-omaha-004-138.JPG	 					s	118	127	24	30.29	69	67	65	70		ocq	nim	0				
1873-07-28	10	-11.21	-93.26	196.88		7		https://s3.amazonaws.com/NARAprodstorage/lz/dc-metro/rg-024/581208/2020-03/581208-omaha-004/581208-omaha-004-138.JPG	https://s3.amazonaws.com/NARAprodstorage/lz/dc-metro/rg-024/581208/2020-03/581208-omaha-004/581208-omaha-004-138.JPG	 					sxw1/2w	124	133	24	30.3	69	67	65	70		ocq	nim	0				
1873-07-28	11	-11.33	-93.33	196.88		7.4		https://s3.amazonaws.com/NARAprodstorage/lz/dc-metro/rg-024/581208/2020-03/581208-omaha-004/581208-omaha-004-138.JPG	https://s3.amazonaws.com/NARAprodstorage/lz/dc-metro/rg-024/581208/2020-03/581208-omaha-004/581208-omaha-004-138.JPG	 					sxw1/2w	124	133	24	30.3	70	66	66	70		ocq	nim	0				
1873-07-28	12	-11.45	-93.42	202.5		8.2		https://s3.amazonaws.com/NARAprodstorage/lz/dc-metro/rg-024/581208/2020-03/581208-omaha-004/581208-omaha-004-138.JPG	https://s3.amazonaws.com/NARAprodstorage/lz/dc-metro/rg-024/581208/2020-03/581208-omaha-004/581208-omaha-004-138.JPG	 			11 27S	93 25W	ssw	129	138	30	30.28	70	66	65	69		ocq	nim	0				
1873-07-28	13	-11.56	-93.51	196.88		7.6		https://s3.amazonaws.com/NARAprodstorage/lz/dc-metro/rg-024/581208/2020-03/581208-omaha-004/581208-omaha-004-138.JPG	https://s3.amazonaws.com/NARAprodstorage/lz/dc-metro/rg-024/581208/2020-03/581208-omaha-004/581208-omaha-004-138.JPG	 					sxw1/2w	124	133	19	30.28	70	68	68	70		bcq	cu nim	3				
1873-07-28	14	-11.67	-93.6	196.88		7.2		https://s3.amazonaws.com/NARAprodstorage/lz/dc-metro/rg-024/581208/2020-03/581208-omaha-004/581208-omaha-004-138.JPG	https://s3.amazonaws.com/NARAprodstorage/lz/dc-metro/rg-024/581208/2020-03/581208-omaha-004/581208-omaha-004-138.JPG	 					sxw1/2w	124	133	19	30.28	70	68	68	70		ocq	cu nim	0				
1873-07-28	15	-11.76	-93.68	196.88		6.6		https://s3.amazonaws.com/NARAprodstorage/lz/dc-metro/rg-024/581208/2020-03/581208-omaha-004/581208-omaha-004-138.JPG	https://s3.amazonaws.com/NARAprodstorage/lz/dc-metro/rg-024/581208/2020-03/581208-omaha-004/581208-omaha-004-138.JPG	 					sxw1/2w	124	133	13	30.28	70	68	68	70		ocq	cu nim	0				
1873-07-28	16	-11.86	-93.77	199.69		7		https://s3.amazonaws.com/NARAprodstorage/lz/dc-metro/rg-024/581208/2020-03/581208-omaha-004/581208-omaha-004-138.JPG	https://s3.amazonaws.com/NARAprodstorage/lz/dc-metro/rg-024/581208/2020-03/581208-omaha-004/581208-omaha-004-138.JPG	 					sxw3/4w	124	133	13	30.28	70	68	68	70		ocq	cu nim	0				
1873-07-28	17	-11.93	-93.88	213.75		6.2		https://s3.amazonaws.com/NARAprodstorage/lz/dc-metro/rg-024/581208/2020-03/581208-omaha-004/581208-omaha-004-138.JPG	https://s3.amazonaws.com/NARAprodstorage/lz/dc-metro/rg-024/581208/2020-03/581208-omaha-004/581208-omaha-004-138.JPG	 					swxs	146	155	13	30.28	70	68	66	69		ocq	cu nim	0				
1873-07-28	18	-12.01	-93.98	210.94		6.2		https://s3.amazonaws.com/NARAprodstorage/lz/dc-metro/rg-024/581208/2020-03/581208-omaha-004/581208-omaha-004-138.JPG	https://s3.amazonaws.com/NARAprodstorage/lz/dc-metro/rg-024/581208/2020-03/581208-omaha-004/581208-omaha-004-138.JPG	 					ssw3/4w	146	155	13	30.21	70	68	66	69		ocq	cu nim	0				
1873-07-28	19	-12.12	-94.09	202.5		8		https://s3.amazonaws.com/NARAprodstorage/lz/dc-metro/rg-024/581208/2020-03/581208-omaha-004/581208-omaha-004-138.JPG	https://s3.amazonaws.com/NARAprodstorage/lz/dc-metro/rg-024/581208/2020-03/581208-omaha-004/581208-omaha-004-138.JPG	 					ssw	141	150	16	30.21	69	68	66	70		ocq	cu nim	0				
1873-07-28	20	-12.22	-94.2	208.12		8		https://s3.amazonaws.com/NARAprodstorage/lz/dc-metro/rg-024/581208/2020-03/581208-omaha-004/581208-omaha-004-138.JPG	https://s3.amazonaws.com/NARAprodstorage/lz/dc-metro/rg-024/581208/2020-03/581208-omaha-004/581208-omaha-004-138.JPG	 					ssw1/2w	135	144	24	30.23	68	67	65	70		ocq	cu nim	0				
1873-07-28	21	-12.33	-94.29	196.88		7.2		https://s3.amazonaws.com/NARAprodstorage/lz/dc-metro/rg-024/581208/2020-03/581208-omaha-004/581208-omaha-004-138.JPG	https://s3.amazonaws.com/NARAprodstorage/lz/dc-metro/rg-024/581208/2020-03/581208-omaha-004/581208-omaha-004-138.JPG	 					sxw1/2w	124	133	19	30.26	69	67	65	70		ocq	cu nim	0				
1873-07-28	22	-12.43	-94.38	196.88		7.2		https://s3.amazonaws.com/NARAprodstorage/lz/dc-metro/rg-024/581208/2020-03/581208-omaha-004/581208-omaha-004-138.JPG	https://s3.amazonaws.com/NARAprodstorage/lz/dc-metro/rg-024/581208/2020-03/581208-omaha-004/581208-omaha-004-138.JPG	 					sxw1/2w	124	133	19	30.27	69	67	65	70		ocq	cu nim	0				
1873-07-28	23	-12.54	-94.47	196.88		7.4		https://s3.amazonaws.com/NARAprodstorage/lz/dc-metro/rg-024/581208/2020-03/581208-omaha-004/581208-omaha-004-138.JPG	https://s3.amazonaws.com/NARAprodstorage/lz/dc-metro/rg-024/581208/2020-03/581208-omaha-004/581208-omaha-004-138.JPG	 					sxw1/2w	124	133	18	30.28	69	67	65	69		ocq	cu nim	0				
1873-07-28	24	-12.66	-94.57	199.69		8.2		https://s3.amazonaws.com/NARAprodstorage/lz/dc-metro/rg-024/581208/2020-03/581208-omaha-004/581208-omaha-004-138.JPG	https://s3.amazonaws.com/NARAprodstorage/lz/dc-metro/rg-024/581208/2020-03/581208-omaha-004/581208-omaha-004-138.JPG	 					sxw3/4w	124	133	18	30.28	69	68	66	69		ocq	cu nim	0				
1873-07-29	1	-12.76	-94.68	205.31		7.4		https://s3.amazonaws.com/NARAprodstorage/lz/dc-metro/rg-024/581208/2020-03/581208-omaha-004/581208-omaha-004-139.JPG	https://s3.amazonaws.com/NARAprodstorage/lz/dc-metro/rg-024/581208/2020-03/581208-omaha-004/581208-omaha-004-139.JPG	 					ssw1/4w	141	150	24	30.28	68	68	66	69		ocq	nimb	0				
1873-07-29	2	-12.85	-94.79	208.12		7		https://s3.amazonaws.com/NARAprodstorage/lz/dc-metro/rg-024/581208/2020-03/581208-omaha-004/581208-omaha-004-139.JPG	https://s3.amazonaws.com/NARAprodstorage/lz/dc-metro/rg-024/581208/2020-03/581208-omaha-004/581208-omaha-004-139.JPG	 					ssw1/2w	135	144	24	30.28	68	67	65	69		ocq	nimb	0				
1873-07-29	3	-12.93	-94.88	205.31		6.4		https://s3.amazonaws.com/NARAprodstorage/lz/dc-metro/rg-024/581208/2020-03/581208-omaha-004/581208-omaha-004-139.JPG	https://s3.amazonaws.com/NARAprodstorage/lz/dc-metro/rg-024/581208/2020-03/581208-omaha-004/581208-omaha-004-139.JPG	 					ssw1/4w	135	144	24	30.28	68	67	65	69		ocq	nimb	0				
1873-07-29	4	-13.01	-94.97	202.5		6		https://s3.amazonaws.com/NARAprodstorage/lz/dc-metro/rg-024/581208/2020-03/581208-omaha-004/581208-omaha-004-139.JPG	https://s3.amazonaws.com/NARAprodstorage/lz/dc-metro/rg-024/581208/2020-03/581208-omaha-004/581208-omaha-004-139.JPG	 					ssw	129	139	19	30.28	68	67	65	69		ocq	nimb	0				
1873-07-29	5	-13.1	-95.08	208.12		7		https://s3.amazonaws.com/NARAprodstorage/lz/dc-metro/rg-024/581208/2020-03/581208-omaha-004/581208-omaha-004-139.JPG	https://s3.amazonaws.com/NARAprodstorage/lz/dc-metro/rg-024/581208/2020-03/581208-omaha-004/581208-omaha-004-139.JPG	 					ssw1/2w	135	145	19	30.23	68	66	65	69		bcq	cum nim	2				
1873-07-29	6	-13.18	-95.17	205.31		6		https://s3.amazonaws.com/NARAprodstorage/lz/dc-metro/rg-024/581208/2020-03/581208-omaha-004/581208-omaha-004-139.JPG	https://s3.amazonaws.com/NARAprodstorage/lz/dc-metro/rg-024/581208/2020-03/581208-omaha-004/581208-omaha-004-139.JPG	 					ssw1/4w	135	145	13	30.23	68	66	65	69		ocq	cum nim	0				
1873-07-29	7	-13.25	-95.27	213.75		6		https://s3.amazonaws.com/NARAprodstorage/lz/dc-metro/rg-024/581208/2020-03/581208-omaha-004/581208-omaha-004-139.JPG	https://s3.amazonaws.com/NARAprodstorage/lz/dc-metro/rg-024/581208/2020-03/581208-omaha-004/581208-omaha-004-139.JPG	 					swxs	146	156	13	30.26	69	67	66	69		bcq	cum nim	1				
1873-07-29	8	-13.32	-95.37	210.94		5.4		https://s3.amazonaws.com/NARAprodstorage/lz/dc-metro/rg-024/581208/2020-03/581208-omaha-004/581208-omaha-004-139.JPG	https://s3.amazonaws.com/NARAprodstorage/lz/dc-metro/rg-024/581208/2020-03/581208-omaha-004/581208-omaha-004-139.JPG	 					ssw3/4w	146	156	13	30.29	69	67	66	69		bcqr	cum nim	4				
1873-07-29	9	-13.39	-95.46	208.12		5.4		https://s3.amazonaws.com/NARAprodstorage/lz/dc-metro/rg-024/581208/2020-03/581208-omaha-004/581208-omaha-004-139.JPG	https://s3.amazonaws.com/NARAprodstorage/lz/dc-metro/rg-024/581208/2020-03/581208-omaha-004/581208-omaha-004-139.JPG	 					ssw1/2w	146	156	13	30.29	69	67	66	69		bcq	cum nim	2				
1873-07-29	10	-13.46	-95.54	202.5		5.4		https://s3.amazonaws.com/NARAprodstorage/lz/dc-metro/rg-024/581208/2020-03/581208-omaha-004/581208-omaha-004-139.JPG	https://s3.amazonaws.com/NARAprodstorage/lz/dc-metro/rg-024/581208/2020-03/581208-omaha-004/581208-omaha-004-139.JPG	 					ssw	129	139	24	30.33	70	67	66	70		bcq	cum nim	6				
1873-07-29	11	-13.54	-95.66	216.56		6.6		https://s3.amazonaws.com/NARAprodstorage/lz/dc-metro/rg-024/581208/2020-03/581208-omaha-004/581208-omaha-004-139.JPG	https://s3.amazonaws.com/NARAprodstorage/lz/dc-metro/rg-024/581208/2020-03/581208-omaha-004/581208-omaha-004-139.JPG	 					sw3/4s	146	156	24	30.33	70	67	66	70		bcq	cum nim	2				
1873-07-29	12	-13.57	-95.77	236.25		5		https://s3.amazonaws.com/NARAprodstorage/lz/dc-metro/rg-024/581208/2020-03/581208-omaha-004/581208-omaha-004-139.JPG	https://s3.amazonaws.com/NARAprodstorage/lz/dc-metro/rg-024/581208/2020-03/581208-omaha-004/581208-omaha-004-139.JPG	 			13 34S	95 46W	swxw	158	168	24	30.33	70	67	66	70		bcq	cum nim	8				
1873-07-29	13	-13.61	-95.87	230.62		5.6		https://s3.amazonaws.com/NARAprodstorage/lz/dc-metro/rg-024/581208/2020-03/581208-omaha-004/581208-omaha-004-139.JPG	https://s3.amazonaws.com/NARAprodstorage/lz/dc-metro/rg-024/581208/2020-03/581208-omaha-004/581208-omaha-004-139.JPG	 					sw1/2w	158	168	19	30.3	70	67	66	70		cum nim	ocq	0				
1873-07-29	14	-13.66	-95.95	213.75		5		https://s3.amazonaws.com/NARAprodstorage/lz/dc-metro/rg-024/581208/2020-03/581208-omaha-004/581208-omaha-004-139.JPG	https://s3.amazonaws.com/NARAprodstorage/lz/dc-metro/rg-024/581208/2020-03/581208-omaha-004/581208-omaha-004-139.JPG	 					swxs	146	156	19	30.23	68	66	66	70		cir cum	bc	7				
1873-07-29	15	-13.71	-96.04	219.38		5.4		https://s3.amazonaws.com/NARAprodstorage/lz/dc-metro/rg-024/581208/2020-03/581208-omaha-004/581208-omaha-004-139.JPG	https://s3.amazonaws.com/NARAprodstorage/lz/dc-metro/rg-024/581208/2020-03/581208-omaha-004/581208-omaha-004-139.JPG	 					sw1/2s	146	156	19	30.23	68	66	66	70		cir cum	bc	7				
1873-07-29	16	-13.77	-96.14	222.19		6.2		https://s3.amazonaws.com/NARAprodstorage/lz/dc-metro/rg-024/581208/2020-03/581208-omaha-004/581208-omaha-004-139.JPG	https://s3.amazonaws.com/NARAprodstorage/lz/dc-metro/rg-024/581208/2020-03/581208-omaha-004/581208-omaha-004-139.JPG	 					sw1/4s	146	156	19	30.2	68	65	65	70		cum nim	bc	3				
1873-07-29	17	-13.84	-96.26	219.38		7.2		https://s3.amazonaws.com/NARAprodstorage/lz/dc-metro/rg-024/581208/2020-03/581208-omaha-004/581208-omaha-004-139.JPG	https://s3.amazonaws.com/NARAprodstorage/lz/dc-metro/rg-024/581208/2020-03/581208-omaha-004/581208-omaha-004-139.JPG	 					sw1/2s	146	156	24	30.23	68	67	64	70		cum str	bcq	5				
1873-07-29	18	-13.91	-96.37	219.38		7		https://s3.amazonaws.com/NARAprodstorage/lz/dc-metro/rg-024/581208/2020-03/581208-omaha-004/581208-omaha-004-139.JPG	https://s3.amazonaws.com/NARAprodstorage/lz/dc-metro/rg-024/581208/2020-03/581208-omaha-004/581208-omaha-004-139.JPG	 					sw1/2s	146	156	13	30.22	68	67	65	70		cum nim	bcq	4				
1873-07-29	19	-13.99	-96.47	213.75		7.4		https://s3.amazonaws.com/NARAprodstorage/lz/dc-metro/rg-024/581208/2020-03/581208-omaha-004/581208-omaha-004-139.JPG	https://s3.amazonaws.com/NARAprodstorage/lz/dc-metro/rg-024/581208/2020-03/581208-omaha-004/581208-omaha-004-139.JPG	 					swxs	146	156	19	30.22	68	67	65	69		cum nim	bcq	4				
1873-07-29	20	-14.09	-96.58	208.12		8		https://s3.amazonaws.com/NARAprodstorage/lz/dc-metro/rg-024/581208/2020-03/581208-omaha-004/581208-omaha-004-139.JPG	https://s3.amazonaws.com/NARAprodstorage/lz/dc-metro/rg-024/581208/2020-03/581208-omaha-004/581208-omaha-004-139.JPG	 					ssw1/2w	135	145	19	30.26	68	67	65	69		cum nim	bcq	3				
1873-07-29	21	-14.16	-96.69	219.38		7.4		https://s3.amazonaws.com/NARAprodstorage/lz/dc-metro/rg-024/581208/2020-03/581208-omaha-004/581208-omaha-004-139.JPG	https://s3.amazonaws.com/NARAprodstorage/lz/dc-metro/rg-024/581208/2020-03/581208-omaha-004/581208-omaha-004-139.JPG	 					sw1/2s	146	156	19	30.22	69	67	65	69		cum nim	bcq	3				
1873-07-29	22	-14.25	-96.78	205.31		7		https://s3.amazonaws.com/NARAprodstorage/lz/dc-metro/rg-024/581208/2020-03/581208-omaha-004/581208-omaha-004-139.JPG	https://s3.amazonaws.com/NARAprodstorage/lz/dc-metro/rg-024/581208/2020-03/581208-omaha-004/581208-omaha-004-139.JPG	 					ssw1/4w	129	139	19	30.26	69	67	65	70		nimb	bcq	4				
1873-07-29	23	-14.34	-96.89	210.94		8		https://s3.amazonaws.com/NARAprodstorage/lz/dc-metro/rg-024/581208/2020-03/581208-omaha-004/581208-omaha-004-139.JPG	https://s3.amazonaws.com/NARAprodstorage/lz/dc-metro/rg-024/581208/2020-03/581208-omaha-004/581208-omaha-004-139.JPG	 					ssw3/4w	129	139	24	30.3	68	67	66	70		nimb	bcqr	3				
1873-07-29	24	-14.43	-97	210.94		7.4		https://s3.amazonaws.com/NARAprodstorage/lz/dc-metro/rg-024/581208/2020-03/581208-omaha-004/581208-omaha-004-139.JPG	https://s3.amazonaws.com/NARAprodstorage/lz/dc-metro/rg-024/581208/2020-03/581208-omaha-004/581208-omaha-004-139.JPG	 					ssw3/4w	129	139	24	30.3	68	67	66	70		nimb	bcqr	0				
1873-07-30	1	-14.51	-97.07	202.5		6		https://s3.amazonaws.com/NARAprodstorage/lz/dc-metro/rg-024/581208/2020-03/581208-omaha-004/581208-omaha-004-140.JPG	https://s3.amazonaws.com/NARAprodstorage/lz/dc-metro/rg-024/581208/2020-03/581208-omaha-004/581208-omaha-004-140.JPG	 					ssw	124	134	30	30.29	67	66	65	69		ocq	nim	0				
1873-07-30	2	-14.58	-97.14	202.5		5.4		https://s3.amazonaws.com/NARAprodstorage/lz/dc-metro/rg-024/581208/2020-03/581208-omaha-004/581208-omaha-004-140.JPG	https://s3.amazonaws.com/NARAprodstorage/lz/dc-metro/rg-024/581208/2020-03/581208-omaha-004/581208-omaha-004-140.JPG	 					ssw	124	134	30	30.29	67	66	65	69		ocq	nim	0				
1873-07-30	3	-14.63	-97.2	202.5		4		https://s3.amazonaws.com/NARAprodstorage/lz/dc-metro/rg-024/581208/2020-03/581208-omaha-004/581208-omaha-004-140.JPG	https://s3.amazonaws.com/NARAprodstorage/lz/dc-metro/rg-024/581208/2020-03/581208-omaha-004/581208-omaha-004-140.JPG	 					ssw	124	134	19	30.26	67	66	65	68		ocq	nim	0				
1873-07-30	4	-14.7	-97.27	202.5		5.6		https://s3.amazonaws.com/NARAprodstorage/lz/dc-metro/rg-024/581208/2020-03/581208-omaha-004/581208-omaha-004-140.JPG	https://s3.amazonaws.com/NARAprodstorage/lz/dc-metro/rg-024/581208/2020-03/581208-omaha-004/581208-omaha-004-140.JPG	 					ssw	124	134	24	30.24	67	66	64	68		ocq	nim	0				
1873-07-30	5	-14.79	-97.34	196.88		6.4		https://s3.amazonaws.com/NARAprodstorage/lz/dc-metro/rg-024/581208/2020-03/581208-omaha-004/581208-omaha-004-140.JPG	https://s3.amazonaws.com/NARAprodstorage/lz/dc-metro/rg-024/581208/2020-03/581208-omaha-004/581208-omaha-004-140.JPG	 					sxw1/2w	124	134	19	30.28	67	66	64	68		bcq	cir nim	3				
1873-07-30	6	-14.86	-97.4	196.88		5.4		https://s3.amazonaws.com/NARAprodstorage/lz/dc-metro/rg-024/581208/2020-03/581208-omaha-004/581208-omaha-004-140.JPG	https://s3.amazonaws.com/NARAprodstorage/lz/dc-metro/rg-024/581208/2020-03/581208-omaha-004/581208-omaha-004-140.JPG	 					sxw1/2w	124	134	19	30.28	67	67	65	68		bcq	cir nim	4				
1873-07-30	7	-14.96	-97.47	194.06		7		https://s3.amazonaws.com/NARAprodstorage/lz/dc-metro/rg-024/581208/2020-03/581208-omaha-004/581208-omaha-004-140.JPG	https://s3.amazonaws.com/NARAprodstorage/lz/dc-metro/rg-024/581208/2020-03/581208-omaha-004/581208-omaha-004-140.JPG	 					sxw1/4w	124	134	19	30.3	68	66	64	70		ocq	cir nim	0				
1873-07-30	8	-15.06	-97.55	196.88		7.2		https://s3.amazonaws.com/NARAprodstorage/lz/dc-metro/rg-024/581208/2020-03/581208-omaha-004/581208-omaha-004-140.JPG	https://s3.amazonaws.com/NARAprodstorage/lz/dc-metro/rg-024/581208/2020-03/581208-omaha-004/581208-omaha-004-140.JPG	 					sxw1/2w	124	134	24	30.3	68	66	64	70		ocq	cum nim	0				
1873-07-30	9	-15.16	-97.6	185.62		6.6		https://s3.amazonaws.com/NARAprodstorage/lz/dc-metro/rg-024/581208/2020-03/581208-omaha-004/581208-omaha-004-140.JPG	https://s3.amazonaws.com/NARAprodstorage/lz/dc-metro/rg-024/581208/2020-03/581208-omaha-004/581208-omaha-004-140.JPG	 					s1/2w	112	122	19	30.34	68	67	65	70		ocq	cum nim	0				
1873-07-30	10	-15.26	-97.65	185.62		6.6		https://s3.amazonaws.com/NARAprodstorage/lz/dc-metro/rg-024/581208/2020-03/581208-omaha-004/581208-omaha-004-140.JPG	https://s3.amazonaws.com/NARAprodstorage/lz/dc-metro/rg-024/581208/2020-03/581208-omaha-004/581208-omaha-004-140.JPG	 					s1/2w	112	122	19	30.34	68	68	65	70		ocq	cum nim	0				
1873-07-30	11	-15.36	-97.7	185.62		6.4		https://s3.amazonaws.com/NARAprodstorage/lz/dc-metro/rg-024/581208/2020-03/581208-omaha-004/581208-omaha-004-140.JPG	https://s3.amazonaws.com/NARAprodstorage/lz/dc-metro/rg-024/581208/2020-03/581208-omaha-004/581208-omaha-004-140.JPG	 					s1/2w	112	122	13	30.34	69	69	66	70		bc	cum	3				
1873-07-30	12	-15.47	-97.75	185.62		7.4		https://s3.amazonaws.com/NARAprodstorage/lz/dc-metro/rg-024/581208/2020-03/581208-omaha-004/581208-omaha-004-140.JPG	https://s3.amazonaws.com/NARAprodstorage/lz/dc-metro/rg-024/581208/2020-03/581208-omaha-004/581208-omaha-004-140.JPG	 			15 28S	97 45W	s1/2w	112	122	13	30.31	70	69	66	70		bc	cum str	3				
1873-07-30	13	-15.56	-97.8	185.62		6		https://s3.amazonaws.com/NARAprodstorage/lz/dc-metro/rg-024/581208/2020-03/581208-omaha-004/581208-omaha-004-140.JPG	https://s3.amazonaws.com/NARAprodstorage/lz/dc-metro/rg-024/581208/2020-03/581208-omaha-004/581208-omaha-004-140.JPG	 					s1/2w	112	122	13	30.3	70	69	66	70		bc	cum str	6				
1873-07-30	14	-15.65	-97.85	188.44		6		https://s3.amazonaws.com/NARAprodstorage/lz/dc-metro/rg-024/581208/2020-03/581208-omaha-004/581208-omaha-004-140.JPG	https://s3.amazonaws.com/NARAprodstorage/lz/dc-metro/rg-024/581208/2020-03/581208-omaha-004/581208-omaha-004-140.JPG	 					s3/4w	112	122	13	30.3	70	69	66	70		bc	cir nim	3				
1873-07-30	15	-15.72	-97.93	202.5		6		https://s3.amazonaws.com/NARAprodstorage/lz/dc-metro/rg-024/581208/2020-03/581208-omaha-004/581208-omaha-004-140.JPG	https://s3.amazonaws.com/NARAprodstorage/lz/dc-metro/rg-024/581208/2020-03/581208-omaha-004/581208-omaha-004-140.JPG	 					ssw	129	139	13	30.27	70	69	67	69		bc	cum nim	1				
1873-07-30	16	-15.8	-97.98	191.25		5		https://s3.amazonaws.com/NARAprodstorage/lz/dc-metro/rg-024/581208/2020-03/581208-omaha-004/581208-omaha-004-140.JPG	https://s3.amazonaws.com/NARAprodstorage/lz/dc-metro/rg-024/581208/2020-03/581208-omaha-004/581208-omaha-004-140.JPG	 					sxw	112	122	13	30.27	70	69	67	69		bc	cum nim	7				
1873-07-30	17	-15.85	-98.06	210.94		5		https://s3.amazonaws.com/NARAprodstorage/lz/dc-metro/rg-024/581208/2020-03/581208-omaha-004/581208-omaha-004-140.JPG	https://s3.amazonaws.com/NARAprodstorage/lz/dc-metro/rg-024/581208/2020-03/581208-omaha-004/581208-omaha-004-140.JPG	 					ssw3/4w	135	145	13	30.27	70	69	67	69		bc	cum nim	7				
1873-07-30	18	-15.91	-98.13	208.12		5.2		https://s3.amazonaws.com/NARAprodstorage/lz/dc-metro/rg-024/581208/2020-03/581208-omaha-004/581208-omaha-004-140.JPG	https://s3.amazonaws.com/NARAprodstorage/lz/dc-metro/rg-024/581208/2020-03/581208-omaha-004/581208-omaha-004-140.JPG	 					ssw1/2w	135	145	13	30.26	69	68	67	69		bc	cir	2				
1873-07-30	19	-15.97	-98.19	196.88		4.4		https://s3.amazonaws.com/NARAprodstorage/lz/dc-metro/rg-024/581208/2020-03/581208-omaha-004/581208-omaha-004-140.JPG	https://s3.amazonaws.com/NARAprodstorage/lz/dc-metro/rg-024/581208/2020-03/581208-omaha-004/581208-omaha-004-140.JPG	 					sxw1/2w	124	134	8	30.29	68	68	68	69		bc	cum nim	8				
1873-07-30	20	-16.04	-98.25	196.88		5		https://s3.amazonaws.com/NARAprodstorage/lz/dc-metro/rg-024/581208/2020-03/581208-omaha-004/581208-omaha-004-140.JPG	https://s3.amazonaws.com/NARAprodstorage/lz/dc-metro/rg-024/581208/2020-03/581208-omaha-004/581208-omaha-004-140.JPG	 					sxw1/2w	124	134	8	30.29	69	68	66	69		bc	cum nim	4				
1873-07-30	21	-16.13	-98.32	196.88		6.2		https://s3.amazonaws.com/NARAprodstorage/lz/dc-metro/rg-024/581208/2020-03/581208-omaha-004/581208-omaha-004-140.JPG	https://s3.amazonaws.com/NARAprodstorage/lz/dc-metro/rg-024/581208/2020-03/581208-omaha-004/581208-omaha-004-140.JPG	 					sxw1/2w	124	134	13	30.29	69	67	68	69		bcq	cum nim	3				
1873-07-30	22	-16.24	-98.38	191.25		7.4		https://s3.amazonaws.com/NARAprodstorage/lz/dc-metro/rg-024/581208/2020-03/581208-omaha-004/581208-omaha-004-140.JPG	https://s3.amazonaws.com/NARAprodstorage/lz/dc-metro/rg-024/581208/2020-03/581208-omaha-004/581208-omaha-004-140.JPG	 					sxw	124	134	13	30.31	69	67	66	69		bcqr	cum nim	2				
1873-07-30	23	-16.35	-98.43	180		7.4		https://s3.amazonaws.com/NARAprodstorage/lz/dc-metro/rg-024/581208/2020-03/581208-omaha-004/581208-omaha-004-140.JPG	https://s3.amazonaws.com/NARAprodstorage/lz/dc-metro/rg-024/581208/2020-03/581208-omaha-004/581208-omaha-004-140.JPG	 					s	112	122	13	30.31	69	67	66	69		bcqr	cum nim	7				
1873-07-30	24	-16.48	-98.49	188.44		8.2		https://s3.amazonaws.com/NARAprodstorage/lz/dc-metro/rg-024/581208/2020-03/581208-omaha-004/581208-omaha-004-140.JPG	https://s3.amazonaws.com/NARAprodstorage/lz/dc-metro/rg-024/581208/2020-03/581208-omaha-004/581208-omaha-004-140.JPG	 					s3/4w	112	122	13	30.31	69	67	66	69		bcqr	cum nim	2				
1873-07-31	1	-16.57	-98.55	188.44		6		https://s3.amazonaws.com/NARAprodstorage/lz/dc-metro/rg-024/581208/2020-03/581208-omaha-004/581208-omaha-004-141.JPG	https://s3.amazonaws.com/NARAprodstorage/lz/dc-metro/rg-024/581208/2020-03/581208-omaha-004/581208-omaha-004-141.JPG	 					s3/4w	112	122	24	30.3	69	67	65	69		bcq	cum nim	2				
1873-07-31	2	-16.64	-98.6	188.44		5.4		https://s3.amazonaws.com/NARAprodstorage/lz/dc-metro/rg-024/581208/2020-03/581208-omaha-004/581208-omaha-004-141.JPG	https://s3.amazonaws.com/NARAprodstorage/lz/dc-metro/rg-024/581208/2020-03/581208-omaha-004/581208-omaha-004-141.JPG	 					s3/4w	112	124	24	30.28	69	67	65	69		bcq	cum nim	6				
1873-07-31	3	-16.72	-98.65	188.44		5.4		https://s3.amazonaws.com/NARAprodstorage/lz/dc-metro/rg-024/581208/2020-03/581208-omaha-004/581208-omaha-004-141.JPG	https://s3.amazonaws.com/NARAprodstorage/lz/dc-metro/rg-024/581208/2020-03/581208-omaha-004/581208-omaha-004-141.JPG	 					s3/4w	112	124	24	30.26	69	67	65	69		bcq	cum nim	3				
1873-07-31	4	-16.81	-98.7	188.44		6		https://s3.amazonaws.com/NARAprodstorage/lz/dc-metro/rg-024/581208/2020-03/581208-omaha-004/581208-omaha-004-141.JPG	https://s3.amazonaws.com/NARAprodstorage/lz/dc-metro/rg-024/581208/2020-03/581208-omaha-004/581208-omaha-004-141.JPG	 					s3/4w	112	124	24	30.27	69	67	65	69		bcq	cum nim	3				
1873-07-31	5	-16.89	-98.75	185.62		5.4		https://s3.amazonaws.com/NARAprodstorage/lz/dc-metro/rg-024/581208/2020-03/581208-omaha-004/581208-omaha-004-141.JPG	https://s3.amazonaws.com/NARAprodstorage/lz/dc-metro/rg-024/581208/2020-03/581208-omaha-004/581208-omaha-004-141.JPG	 					s1/2w	112	124	19	30.28	67	66	65	69		ocq	cum nim	0				
1873-07-31	6	-16.98	-98.8	188.44		5.6		https://s3.amazonaws.com/NARAprodstorage/lz/dc-metro/rg-024/581208/2020-03/581208-omaha-004/581208-omaha-004-141.JPG	https://s3.amazonaws.com/NARAprodstorage/lz/dc-metro/rg-024/581208/2020-03/581208-omaha-004/581208-omaha-004-141.JPG	 					s3/4w	112	124	19	30.28	67	66	65	69		ocq	cum nim	0				
1873-07-31	7	-17.07	-98.86	188.44		6.4		https://s3.amazonaws.com/NARAprodstorage/lz/dc-metro/rg-024/581208/2020-03/581208-omaha-004/581208-omaha-004-141.JPG	https://s3.amazonaws.com/NARAprodstorage/lz/dc-metro/rg-024/581208/2020-03/581208-omaha-004/581208-omaha-004-141.JPG	 					s3/4w	112	124	24	30.3	67	67	66	69		ocq	cum nim	0				
1873-07-31	8	-17.17	-98.9	180		6.4		https://s3.amazonaws.com/NARAprodstorage/lz/dc-metro/rg-024/581208/2020-03/581208-omaha-004/581208-omaha-004-141.JPG	https://s3.amazonaws.com/NARAprodstorage/lz/dc-metro/rg-024/581208/2020-03/581208-omaha-004/581208-omaha-004-141.JPG	 					s	107	118	24	30.3	67	67	66	69		bcq	cum nim	3				
1873-07-31	9	-17.24	-99	213.75		6.4		https://s3.amazonaws.com/NARAprodstorage/lz/dc-metro/rg-024/581208/2020-03/581208-omaha-004/581208-omaha-004-141.JPG	https://s3.amazonaws.com/NARAprodstorage/lz/dc-metro/rg-024/581208/2020-03/581208-omaha-004/581208-omaha-004-141.JPG	 					swxs	146	157	19	30.3	67	67	66	69		bcq	cum nim	4				
1873-07-31	10	-17.32	-99.06	196.88		6		https://s3.amazonaws.com/NARAprodstorage/lz/dc-metro/rg-024/581208/2020-03/581208-omaha-004/581208-omaha-004-141.JPG	https://s3.amazonaws.com/NARAprodstorage/lz/dc-metro/rg-024/581208/2020-03/581208-omaha-004/581208-omaha-004-141.JPG	 					sxw1/2w	124	135	13	30.32	68	68	66	69		bcqr	cum nim	3				
1873-07-31	11	-17.41	-99.13	196.88		6.4		https://s3.amazonaws.com/NARAprodstorage/lz/dc-metro/rg-024/581208/2020-03/581208-omaha-004/581208-omaha-004-141.JPG	https://s3.amazonaws.com/NARAprodstorage/lz/dc-metro/rg-024/581208/2020-03/581208-omaha-004/581208-omaha-004-141.JPG	 					sxw1/2w	124	135	13	30.31	70	67	65	69		bcq	cir nim	8				
1873-07-31	12	-17.53	-99.2	188.44		8		https://s3.amazonaws.com/NARAprodstorage/lz/dc-metro/rg-024/581208/2020-03/581208-omaha-004/581208-omaha-004-141.JPG	https://s3.amazonaws.com/NARAprodstorage/lz/dc-metro/rg-024/581208/2020-03/581208-omaha-004/581208-omaha-004-141.JPG	 			17 32S	99 12W	s3/4w	112	124	19	30.31	70	67	65	69		bcq	cir	5				
1873-07-31	13	-17.64	-99.23	177.19		7		https://s3.amazonaws.com/NARAprodstorage/lz/dc-metro/rg-024/581208/2020-03/581208-omaha-004/581208-omaha-004-141.JPG	https://s3.amazonaws.com/NARAprodstorage/lz/dc-metro/rg-024/581208/2020-03/581208-omaha-004/581208-omaha-004-141.JPG	 					s1/4e	101	112	19	30.35	70	68	65	69		bc	cir cum	5				
1873-07-31	14	-17.75	-99.3	191.25		7		https://s3.amazonaws.com/NARAprodstorage/lz/dc-metro/rg-024/581208/2020-03/581208-omaha-004/581208-omaha-004-141.JPG	https://s3.amazonaws.com/NARAprodstorage/lz/dc-metro/rg-024/581208/2020-03/581208-omaha-004/581208-omaha-004-141.JPG	 					sxw	124	135	19	30.33	70	68	65	69		bc	cir cum	4				
1873-07-31	15	-17.83	-99.37	196.88		6.2		https://s3.amazonaws.com/NARAprodstorage/lz/dc-metro/rg-024/581208/2020-03/581208-omaha-004/581208-omaha-004-141.JPG	https://s3.amazonaws.com/NARAprodstorage/lz/dc-metro/rg-024/581208/2020-03/581208-omaha-004/581208-omaha-004-141.JPG	 					sxw1/2w	124	135	13	30.31	70	68	65	69		bc	cir cum	3				
1873-07-31	16	-17.91	-99.42	194.06		5.6		https://s3.amazonaws.com/NARAprodstorage/lz/dc-metro/rg-024/581208/2020-03/581208-omaha-004/581208-omaha-004-141.JPG	https://s3.amazonaws.com/NARAprodstorage/lz/dc-metro/rg-024/581208/2020-03/581208-omaha-004/581208-omaha-004-141.JPG	 					sxw1/4w	124	135	13	30.31	70	68	65	69		bc	cir cum	1				
1873-07-31	17	-17.99	-99.48	191.25		5.4		https://s3.amazonaws.com/NARAprodstorage/lz/dc-metro/rg-024/581208/2020-03/581208-omaha-004/581208-omaha-004-141.JPG	https://s3.amazonaws.com/NARAprodstorage/lz/dc-metro/rg-024/581208/2020-03/581208-omaha-004/581208-omaha-004-141.JPG	 					sxw	124	135	13	30.31	70	68	65	69		bc	cir cum	7				
1873-07-31	18	-18.07	-99.53	191.25		5.6		https://s3.amazonaws.com/NARAprodstorage/lz/dc-metro/rg-024/581208/2020-03/581208-omaha-004/581208-omaha-004-141.JPG	https://s3.amazonaws.com/NARAprodstorage/lz/dc-metro/rg-024/581208/2020-03/581208-omaha-004/581208-omaha-004-141.JPG	 					sxw	124	135	13	30.31	70	68	65	68		bc	cir cum	3				
1873-07-31	19	-18.15	-99.61	202.5		6.4		https://s3.amazonaws.com/NARAprodstorage/lz/dc-metro/rg-024/581208/2020-03/581208-omaha-004/581208-omaha-004-141.JPG	https://s3.amazonaws.com/NARAprodstorage/lz/dc-metro/rg-024/581208/2020-03/581208-omaha-004/581208-omaha-004-141.JPG	 					ssw	129	140	19	30.32	69	67	65	68		oc	nim cum	0				
1873-07-31	20	-18.23	-99.68	202.5		6		https://s3.amazonaws.com/NARAprodstorage/lz/dc-metro/rg-024/581208/2020-03/581208-omaha-004/581208-omaha-004-141.JPG	https://s3.amazonaws.com/NARAprodstorage/lz/dc-metro/rg-024/581208/2020-03/581208-omaha-004/581208-omaha-004-141.JPG	 					ssw	112	124	13	30.34	68	67	65	68		bc	nim cum	8				
1873-07-31	21	-18.32	-99.72	177.19		6		https://s3.amazonaws.com/NARAprodstorage/lz/dc-metro/rg-024/581208/2020-03/581208-omaha-004/581208-omaha-004-141.JPG	https://s3.amazonaws.com/NARAprodstorage/lz/dc-metro/rg-024/581208/2020-03/581208-omaha-004/581208-omaha-004-141.JPG	 					s1/4e	124	135	13	30.37	69	67	65	68		bcq	nim cum	6				
1873-07-31	22	-18.41	-99.77	191.25		6		https://s3.amazonaws.com/NARAprodstorage/lz/dc-metro/rg-024/581208/2020-03/581208-omaha-004/581208-omaha-004-141.JPG	https://s3.amazonaws.com/NARAprodstorage/lz/dc-metro/rg-024/581208/2020-03/581208-omaha-004/581208-omaha-004-141.JPG	 					sxw	124	135	13	30.38	68	66	64	67		bcq	nim cum	4				
1873-07-31	23	-18.49	-99.84	196.88		6		https://s3.amazonaws.com/NARAprodstorage/lz/dc-metro/rg-024/581208/2020-03/581208-omaha-004/581208-omaha-004-141.JPG	https://s3.amazonaws.com/NARAprodstorage/lz/dc-metro/rg-024/581208/2020-03/581208-omaha-004/581208-omaha-004-141.JPG	 					sxw1/2w	124	135	13	30.38	68	66	64	68		ocq	nim cum	0				
1873-07-31	24	-18.59	-99.91	196.88		7		https://s3.amazonaws.com/NARAprodstorage/lz/dc-metro/rg-024/581208/2020-03/581208-omaha-004/581208-omaha-004-141.JPG	https://s3.amazonaws.com/NARAprodstorage/lz/dc-metro/rg-024/581208/2020-03/581208-omaha-004/581208-omaha-004-141.JPG	 					sxw1/2w	124	135	8	30.38	68	66	64	68		bcq	nim cum	0				
1873-08-01	1	-18.67	-99.98	196.88		6		https://s3.amazonaws.com/NARAprodstorage/lz/dc-metro/rg-024/581208/2020-03/581208-omaha-004/581208-omaha-004-142.JPG	https://s3.amazonaws.com/NARAprodstorage/lz/dc-metro/rg-024/581208/2020-03/581208-omaha-004/581208-omaha-004-142.JPG	 					sxw1/2w	124	135	16	30.36	69	67	63	68		bcq	cum nim	2				
1873-08-01	2	-18.75	-100.05	199.69		6		https://s3.amazonaws.com/NARAprodstorage/lz/dc-metro/rg-024/581208/2020-03/581208-omaha-004/581208-omaha-004-142.JPG	https://s3.amazonaws.com/NARAprodstorage/lz/dc-metro/rg-024/581208/2020-03/581208-omaha-004/581208-omaha-004-142.JPG	 					sxw3/4w	124	135	16	30.36	69	66	63	68		bcq	cum nim	2				
1873-08-01	3	-18.86	-100.12	194.06		7.4		https://s3.amazonaws.com/NARAprodstorage/lz/dc-metro/rg-024/581208/2020-03/581208-omaha-004/581208-omaha-004-142.JPG	https://s3.amazonaws.com/NARAprodstorage/lz/dc-metro/rg-024/581208/2020-03/581208-omaha-004/581208-omaha-004-142.JPG	 					sxw1/4w	124	135	16	30.34	68	66	65	68		bcq	cum nim	1				
1873-08-01	4	-18.96	-100.2	199.69		7.2		https://s3.amazonaws.com/NARAprodstorage/lz/dc-metro/rg-024/581208/2020-03/581208-omaha-004/581208-omaha-004-142.JPG	https://s3.amazonaws.com/NARAprodstorage/lz/dc-metro/rg-024/581208/2020-03/581208-omaha-004/581208-omaha-004-142.JPG	 					sxw3/4w	124	135	19	30.34	68	66	65	68		bcq	cum nim	6				
1873-08-01	5	-19.05	-100.29	202.5		7.4		https://s3.amazonaws.com/NARAprodstorage/lz/dc-metro/rg-024/581208/2020-03/581208-omaha-004/581208-omaha-004-142.JPG	https://s3.amazonaws.com/NARAprodstorage/lz/dc-metro/rg-024/581208/2020-03/581208-omaha-004/581208-omaha-004-142.JPG	 					ssw	124	135	19	30.34	68	66	65	68		bcq	cum nim	3				
1873-08-01	6	-19.15	-100.38	202.5		7		https://s3.amazonaws.com/NARAprodstorage/lz/dc-metro/rg-024/581208/2020-03/581208-omaha-004/581208-omaha-004-142.JPG	https://s3.amazonaws.com/NARAprodstorage/lz/dc-metro/rg-024/581208/2020-03/581208-omaha-004/581208-omaha-004-142.JPG	 					ssw	124	135	19	30.34	68	66	65	68		bcq	cum nim	3				
1873-08-01	7	-19.23	-100.43	191.25		6		https://s3.amazonaws.com/NARAprodstorage/lz/dc-metro/rg-024/581208/2020-03/581208-omaha-004/581208-omaha-004-142.JPG	https://s3.amazonaws.com/NARAprodstorage/lz/dc-metro/rg-024/581208/2020-03/581208-omaha-004/581208-omaha-004-142.JPG	 					sxw	124	135	19	30.36	69	66	65	68		bcq	cum nim	1				
1873-08-01	8	-19.34	-100.52	196.88		8		https://s3.amazonaws.com/NARAprodstorage/lz/dc-metro/rg-024/581208/2020-03/581208-omaha-004/581208-omaha-004-142.JPG	https://s3.amazonaws.com/NARAprodstorage/lz/dc-metro/rg-024/581208/2020-03/581208-omaha-004/581208-omaha-004-142.JPG	 					sxw1/2w	124	135	19	30.38	69	66	65	69		bcq	cum nim	1				
1873-08-01	9	-19.44	-100.55	177.19		6.2		https://s3.amazonaws.com/NARAprodstorage/lz/dc-metro/rg-024/581208/2020-03/581208-omaha-004/581208-omaha-004-142.JPG	https://s3.amazonaws.com/NARAprodstorage/lz/dc-metro/rg-024/581208/2020-03/581208-omaha-004/581208-omaha-004-142.JPG	 					s1/4e	107	118	24	30.38	69	66	65	69		ocq	cum nim	0				
1873-08-01	10	-19.52	-100.58	177.19		5.2		https://s3.amazonaws.com/NARAprodstorage/lz/dc-metro/rg-024/581208/2020-03/581208-omaha-004/581208-omaha-004-142.JPG	https://s3.amazonaws.com/NARAprodstorage/lz/dc-metro/rg-024/581208/2020-03/581208-omaha-004/581208-omaha-004-142.JPG	 					s1/4e	107	118	19	30.1	69	66	65	68		ocq	cum nim	0				
1873-08-01	11	-19.6	-100.63	191.25		5.2		https://s3.amazonaws.com/NARAprodstorage/lz/dc-metro/rg-024/581208/2020-03/581208-omaha-004/581208-omaha-004-142.JPG	https://s3.amazonaws.com/NARAprodstorage/lz/dc-metro/rg-024/581208/2020-03/581208-omaha-004/581208-omaha-004-142.JPG	 					sxw	118	129	19	30.12	69	66	65	68		bcq	cum nim	2				
1873-08-01	12	-19.68	-100.7	196.88		6.4		https://s3.amazonaws.com/NARAprodstorage/lz/dc-metro/rg-024/581208/2020-03/581208-omaha-004/581208-omaha-004-142.JPG	https://s3.amazonaws.com/NARAprodstorage/lz/dc-metro/rg-024/581208/2020-03/581208-omaha-004/581208-omaha-004-142.JPG	 			19 41S	100 42W	sxw1/2w	124	135	19	30.12	69	66	65	68		bcq	cum nim	2				
1873-08-01	13	-19.78	-100.75	185.62		6		https://s3.amazonaws.com/NARAprodstorage/lz/dc-metro/rg-024/581208/2020-03/581208-omaha-004/581208-omaha-004-142.JPG	https://s3.amazonaws.com/NARAprodstorage/lz/dc-metro/rg-024/581208/2020-03/581208-omaha-004/581208-omaha-004-142.JPG	 					s1/2w	112	124	13	30.4	69	68	66	68		bc	cir	8				
1873-08-01	14	-19.89	-100.84	196.88		8		https://s3.amazonaws.com/NARAprodstorage/lz/dc-metro/rg-024/581208/2020-03/581208-omaha-004/581208-omaha-004-142.JPG	https://s3.amazonaws.com/NARAprodstorage/lz/dc-metro/rg-024/581208/2020-03/581208-omaha-004/581208-omaha-004-142.JPG	 					sxw1/2w	124	135	24	30.37	68	68	66	68		oc	nim	0				
1873-08-01	15	-19.99	-100.91	194.06		6.4		https://s3.amazonaws.com/NARAprodstorage/lz/dc-metro/rg-024/581208/2020-03/581208-omaha-004/581208-omaha-004-142.JPG	https://s3.amazonaws.com/NARAprodstorage/lz/dc-metro/rg-024/581208/2020-03/581208-omaha-004/581208-omaha-004-142.JPG	 					sxw1/4w	124	135	13	30.37	68	68	66	69		bcq	cir nim	6				
1873-08-01	16	-20.07	-100.96	182.81		5.4		https://s3.amazonaws.com/NARAprodstorage/lz/dc-metro/rg-024/581208/2020-03/581208-omaha-004/581208-omaha-004-142.JPG	https://s3.amazonaws.com/NARAprodstorage/lz/dc-metro/rg-024/581208/2020-03/581208-omaha-004/581208-omaha-004-142.JPG	 					s1/4w	112	124	13	30.38	69	68	65	69		bc	str cum	9				
1873-08-01	17	-20.16	-101	182.81		5.2		https://s3.amazonaws.com/NARAprodstorage/lz/dc-metro/rg-024/581208/2020-03/581208-omaha-004/581208-omaha-004-142.JPG	https://s3.amazonaws.com/NARAprodstorage/lz/dc-metro/rg-024/581208/2020-03/581208-omaha-004/581208-omaha-004-142.JPG	 					s1/4w	112	124	13	30.38	69	68	65	69		bc	cir cum	7				
1873-08-01	18	-20.24	-101.08	199.69		6		https://s3.amazonaws.com/NARAprodstorage/lz/dc-metro/rg-024/581208/2020-03/581208-omaha-004/581208-omaha-004-142.JPG	https://s3.amazonaws.com/NARAprodstorage/lz/dc-metro/rg-024/581208/2020-03/581208-omaha-004/581208-omaha-004-142.JPG	 					sxw3/4w	124	135	13	30.38	69	68	65	69		bc	cir cum	1				
1873-08-01	19	-20.35	-101.15	194.06		7		https://s3.amazonaws.com/NARAprodstorage/lz/dc-metro/rg-024/581208/2020-03/581208-omaha-004/581208-omaha-004-142.JPG	https://s3.amazonaws.com/NARAprodstorage/lz/dc-metro/rg-024/581208/2020-03/581208-omaha-004/581208-omaha-004-142.JPG	 					sxw1/4w	124	135	13	30.4	69	68	65	68		bc	cir cum	6				
1873-08-01	20	-20.44	-101.21	188.44		6		https://s3.amazonaws.com/NARAprodstorage/lz/dc-metro/rg-024/581208/2020-03/581208-omaha-004/581208-omaha-004-142.JPG	https://s3.amazonaws.com/NARAprodstorage/lz/dc-metro/rg-024/581208/2020-03/581208-omaha-004/581208-omaha-004-142.JPG	 					s3/4w	112	124	13	30.42	69	68	65	68		ocrq	nim	4				
1873-08-01	21	-20.55	-101.29	196.88		7.4		https://s3.amazonaws.com/NARAprodstorage/lz/dc-metro/rg-024/581208/2020-03/581208-omaha-004/581208-omaha-004-142.JPG	https://s3.amazonaws.com/NARAprodstorage/lz/dc-metro/rg-024/581208/2020-03/581208-omaha-004/581208-omaha-004-142.JPG	 					sxw1/2w	124	135	24	30.43	68	68	66	69		bcq	cir nim	6				
1873-08-01	22	-20.64	-101.35	185.62		6		https://s3.amazonaws.com/NARAprodstorage/lz/dc-metro/rg-024/581208/2020-03/581208-omaha-004/581208-omaha-004-142.JPG	https://s3.amazonaws.com/NARAprodstorage/lz/dc-metro/rg-024/581208/2020-03/581208-omaha-004/581208-omaha-004-142.JPG	 					s1/2w	158	168	19	30.46	68	66	66	68		ocqr	nim	0				
1873-08-01	23	-20.64	-101.46	258.75		5		https://s3.amazonaws.com/NARAprodstorage/lz/dc-metro/rg-024/581208/2020-03/581208-omaha-004/581208-omaha-004-142.JPG	https://s3.amazonaws.com/NARAprodstorage/lz/dc-metro/rg-024/581208/2020-03/581208-omaha-004/581208-omaha-004-142.JPG	 					wxs	124	135	13	30.46	68	66	66	69		bcq	nim	5				
1873-08-01	24	-20.64	-101.59	258.75		6.4		https://s3.amazonaws.com/NARAprodstorage/lz/dc-metro/rg-024/581208/2020-03/581208-omaha-004/581208-omaha-004-142.JPG	https://s3.amazonaws.com/NARAprodstorage/lz/dc-metro/rg-024/581208/2020-03/581208-omaha-004/581208-omaha-004-142.JPG	 					wxs	124	135	19	30.46	68	67	66	68		bcq	nim	0				
1873-08-02	1	-20.72	-101.64	185.62		5.4		https://s3.amazonaws.com/NARAprodstorage/lz/dc-metro/rg-024/581208/2020-03/581208-omaha-004/581208-omaha-004-143.JPG	https://s3.amazonaws.com/NARAprodstorage/lz/dc-metro/rg-024/581208/2020-03/581208-omaha-004/581208-omaha-004-143.JPG	 					s1/2w	112	124	19	30.44	67	67	65	68		bcq	ni cum	1				
1873-08-02	2	-20.81	-101.69	185.62		5.4		https://s3.amazonaws.com/NARAprodstorage/lz/dc-metro/rg-024/581208/2020-03/581208-omaha-004/581208-omaha-004-143.JPG	https://s3.amazonaws.com/NARAprodstorage/lz/dc-metro/rg-024/581208/2020-03/581208-omaha-004/581208-omaha-004-143.JPG	 					s1/2w	112	124	19	30.44	67	66	65	68		bcq	ni cum	2				
1873-08-02	3	-20.88	-101.74	188.44		5		https://s3.amazonaws.com/NARAprodstorage/lz/dc-metro/rg-024/581208/2020-03/581208-omaha-004/581208-omaha-004-143.JPG	https://s3.amazonaws.com/NARAprodstorage/lz/dc-metro/rg-024/581208/2020-03/581208-omaha-004/581208-omaha-004-143.JPG	 					s3/4w	112	124	19	30.4	67	66	65	68		ocq	nim	0				
1873-08-02	4	-20.99	-101.82	196.88		7		https://s3.amazonaws.com/NARAprodstorage/lz/dc-metro/rg-024/581208/2020-03/581208-omaha-004/581208-omaha-004-143.JPG	https://s3.amazonaws.com/NARAprodstorage/lz/dc-metro/rg-024/581208/2020-03/581208-omaha-004/581208-omaha-004-143.JPG	 					sxw1/2w	124	135	24	30.38	67	66	65	68		ocq	nim	0				
1873-08-02	5	-21.1	-101.88	182.81		7.4		https://s3.amazonaws.com/NARAprodstorage/lz/dc-metro/rg-024/581208/2020-03/581208-omaha-004/581208-omaha-004-143.JPG	https://s3.amazonaws.com/NARAprodstorage/lz/dc-metro/rg-024/581208/2020-03/581208-omaha-004/581208-omaha-004-143.JPG	 					s1/4w	124	135	21	30.42	68	66	63	68		bcq	cum nim	1				
1873-08-02	6	-21.23	-101.94	185.62		8		https://s3.amazonaws.com/NARAprodstorage/lz/dc-metro/rg-024/581208/2020-03/581208-omaha-004/581208-omaha-004-143.JPG	https://s3.amazonaws.com/NARAprodstorage/lz/dc-metro/rg-024/581208/2020-03/581208-omaha-004/581208-omaha-004-143.JPG	 					s1/2w	112	124	21	30.42	68	66	64	68		ocq	cum nim	0				
1873-08-02	7	-21.35	-102.03	196.88		8.2		https://s3.amazonaws.com/NARAprodstorage/lz/dc-metro/rg-024/581208/2020-03/581208-omaha-004/581208-omaha-004-143.JPG	https://s3.amazonaws.com/NARAprodstorage/lz/dc-metro/rg-024/581208/2020-03/581208-omaha-004/581208-omaha-004-143.JPG	 					sxw1/2w	124	135	21	30.42	68	65	63	68		ocq	cum nim	0				
1873-08-02	8	-21.47	-102.13	196.88		8.6		https://s3.amazonaws.com/NARAprodstorage/lz/dc-metro/rg-024/581208/2020-03/581208-omaha-004/581208-omaha-004-143.JPG	https://s3.amazonaws.com/NARAprodstorage/lz/dc-metro/rg-024/581208/2020-03/581208-omaha-004/581208-omaha-004-143.JPG	 					sxw1/2w	124	135	27	30.46	68	66	63	68		ocq	cum nim	0				
1873-08-02	9	-21.61	-102.19	185.62		8.4		https://s3.amazonaws.com/NARAprodstorage/lz/dc-metro/rg-024/581208/2020-03/581208-omaha-004/581208-omaha-004-143.JPG	https://s3.amazonaws.com/NARAprodstorage/lz/dc-metro/rg-024/581208/2020-03/581208-omaha-004/581208-omaha-004-143.JPG	 					s1/2w	112	124	27	30.48	69	66	64	68		ocq	cum nim	0				
1873-08-02	10	-21.71	-102.26	191.25		6.6		https://s3.amazonaws.com/NARAprodstorage/lz/dc-metro/rg-024/581208/2020-03/581208-omaha-004/581208-omaha-004-143.JPG	https://s3.amazonaws.com/NARAprodstorage/lz/dc-metro/rg-024/581208/2020-03/581208-omaha-004/581208-omaha-004-143.JPG	 					sxw	112	124	30	30.54	69	66	64	68		ocq	cum nim	0				
1873-08-02	11	-21.8	-102.3	180		6		https://s3.amazonaws.com/NARAprodstorage/lz/dc-metro/rg-024/581208/2020-03/581208-omaha-004/581208-omaha-004-143.JPG	https://s3.amazonaws.com/NARAprodstorage/lz/dc-metro/rg-024/581208/2020-03/581208-omaha-004/581208-omaha-004-143.JPG	 					s	101	112	24	30.48	69	66	63	68		ocq	cum nim	0				
1873-08-02	12	-21.9	-102.33	174.38		6		https://s3.amazonaws.com/NARAprodstorage/lz/dc-metro/rg-024/581208/2020-03/581208-omaha-004/581208-omaha-004-143.JPG	https://s3.amazonaws.com/NARAprodstorage/lz/dc-metro/rg-024/581208/2020-03/581208-omaha-004/581208-omaha-004-143.JPG	 			21 54S	102 20W	s1/2e	96	107	24	30.48	69	67	64	68		ocq	cum nim	0				
1873-08-02	13	-21.99	-102.38	180		5.6		https://s3.amazonaws.com/NARAprodstorage/lz/dc-metro/rg-024/581208/2020-03/581208-omaha-004/581208-omaha-004-143.JPG	https://s3.amazonaws.com/NARAprodstorage/lz/dc-metro/rg-024/581208/2020-03/581208-omaha-004/581208-omaha-004-143.JPG	 					s	107	118	19	30.47	69	67	65	68		bcq	cum nim	3				
1873-08-02	14	-22.08	-102.4	168.75		5.4		https://s3.amazonaws.com/NARAprodstorage/lz/dc-metro/rg-024/581208/2020-03/581208-omaha-004/581208-omaha-004-143.JPG	https://s3.amazonaws.com/NARAprodstorage/lz/dc-metro/rg-024/581208/2020-03/581208-omaha-004/581208-omaha-004-143.JPG	 					sxe	101	112	19	30.45	69	67	65	68		bcq	cum nim	6				
1873-08-02	15	-22.15	-102.42	168.75		4.2		https://s3.amazonaws.com/NARAprodstorage/lz/dc-metro/rg-024/581208/2020-03/581208-omaha-004/581208-omaha-004-143.JPG	https://s3.amazonaws.com/NARAprodstorage/lz/dc-metro/rg-024/581208/2020-03/581208-omaha-004/581208-omaha-004-143.JPG	 					sxe	101	112	19	30.43	69	66	64	68		bcq	cum nim	3				
1873-08-02	16	-22.22	-102.44	168.75		4.2		https://s3.amazonaws.com/NARAprodstorage/lz/dc-metro/rg-024/581208/2020-03/581208-omaha-004/581208-omaha-004-143.JPG	https://s3.amazonaws.com/NARAprodstorage/lz/dc-metro/rg-024/581208/2020-03/581208-omaha-004/581208-omaha-004-143.JPG	 					sxe	101	112	19	30.44	68	66	64	68		bcq	cum nim	0				
1873-08-02	17	-22.31	-102.47	174.38		5.2		https://s3.amazonaws.com/NARAprodstorage/lz/dc-metro/rg-024/581208/2020-03/581208-omaha-004/581208-omaha-004-143.JPG	https://s3.amazonaws.com/NARAprodstorage/lz/dc-metro/rg-024/581208/2020-03/581208-omaha-004/581208-omaha-004-143.JPG	 					s1/2e	101	112	24	30.44	68	66	64	68		bcq	cum str nim	6				
1873-08-02	18	-22.39	-102.51	174.38		5		https://s3.amazonaws.com/NARAprodstorage/lz/dc-metro/rg-024/581208/2020-03/581208-omaha-004/581208-omaha-004-143.JPG	https://s3.amazonaws.com/NARAprodstorage/lz/dc-metro/rg-024/581208/2020-03/581208-omaha-004/581208-omaha-004-143.JPG	 					s1/2e	96	107	24	30.44	68	65	64	68		bcq	cum str nim	2				
1873-08-02	19	-22.47	-102.53	168.75		4.4		https://s3.amazonaws.com/NARAprodstorage/lz/dc-metro/rg-024/581208/2020-03/581208-omaha-004/581208-omaha-004-143.JPG	https://s3.amazonaws.com/NARAprodstorage/lz/dc-metro/rg-024/581208/2020-03/581208-omaha-004/581208-omaha-004-143.JPG	 					sxe	90	101	24	30.46	68	66	64	68		bcq	cum str nim	3				
1873-08-02	20	-22.56	-102.55	165.94		5.2		https://s3.amazonaws.com/NARAprodstorage/lz/dc-metro/rg-024/581208/2020-03/581208-omaha-004/581208-omaha-004-143.JPG	https://s3.amazonaws.com/NARAprodstorage/lz/dc-metro/rg-024/581208/2020-03/581208-omaha-004/581208-omaha-004-143.JPG	 					sxe1/4e	90	101	24	30.46	68	66	64	68		bcq	cum nim	1				
1873-08-02	21	-22.64	-102.56	165.94		5		https://s3.amazonaws.com/NARAprodstorage/lz/dc-metro/rg-024/581208/2020-03/581208-omaha-004/581208-omaha-004-143.JPG	https://s3.amazonaws.com/NARAprodstorage/lz/dc-metro/rg-024/581208/2020-03/581208-omaha-004/581208-omaha-004-143.JPG	 					sxe1/4e	90	101	21	30.46	68	66	64	68		bcq	cum nim	4				
1873-08-02	22	-22.73	-102.57	157.5		5.4		https://s3.amazonaws.com/NARAprodstorage/lz/dc-metro/rg-024/581208/2020-03/581208-omaha-004/581208-omaha-004-143.JPG	https://s3.amazonaws.com/NARAprodstorage/lz/dc-metro/rg-024/581208/2020-03/581208-omaha-004/581208-omaha-004-143.JPG	 					sse	79	90	21	30.47	68	66	64	68		bcqr	nim	1				
1873-08-02	23	-22.79	-102.57	157.5		4		https://s3.amazonaws.com/NARAprodstorage/lz/dc-metro/rg-024/581208/2020-03/581208-omaha-004/581208-omaha-004-143.JPG	https://s3.amazonaws.com/NARAprodstorage/lz/dc-metro/rg-024/581208/2020-03/581208-omaha-004/581208-omaha-004-143.JPG	 					sse	79	90	16	30.46	68	66	63	68		bcq	cum nim	3				
1873-08-02	24	-22.88	-102.58	157.5		5.4		https://s3.amazonaws.com/NARAprodstorage/lz/dc-metro/rg-024/581208/2020-03/581208-omaha-004/581208-omaha-004-143.JPG	https://s3.amazonaws.com/NARAprodstorage/lz/dc-metro/rg-024/581208/2020-03/581208-omaha-004/581208-omaha-004-143.JPG	 					sse	79	90	13	30.46	68	66	63	68		ocq	cum nim	0				
1873-08-03	1	-22.95	-102.58	151.88		4.4		https://s3.amazonaws.com/NARAprodstorage/lz/dc-metro/rg-024/581208/2020-03/581208-omaha-004/581208-omaha-004-144.JPG	https://s3.amazonaws.com/NARAprodstorage/lz/dc-metro/rg-024/581208/2020-03/581208-omaha-004/581208-omaha-004-144.JPG	 					sse1/2e	84	95	19	30.48	67	66	64	68		bcq	cum nim	1				
1873-08-03	2	-23.02	-102.57	149.06		4.4		https://s3.amazonaws.com/NARAprodstorage/lz/dc-metro/rg-024/581208/2020-03/581208-omaha-004/581208-omaha-004-144.JPG	https://s3.amazonaws.com/NARAprodstorage/lz/dc-metro/rg-024/581208/2020-03/581208-omaha-004/581208-omaha-004-144.JPG	 					sse3/4e	79	90	19	30.48	67	66	64	68		ocq	nim	0				
1873-08-03	3	-23.1	-102.57	149.06		4.6		https://s3.amazonaws.com/NARAprodstorage/lz/dc-metro/rg-024/581208/2020-03/581208-omaha-004/581208-omaha-004-144.JPG	https://s3.amazonaws.com/NARAprodstorage/lz/dc-metro/rg-024/581208/2020-03/581208-omaha-004/581208-omaha-004-144.JPG	 					sse3/4e	79	90	19	30.46	67	66	64	68		ocq	nim	0				
1873-08-03	4	-23.17	-102.56	149.06		4.4		https://s3.amazonaws.com/NARAprodstorage/lz/dc-metro/rg-024/581208/2020-03/581208-omaha-004/581208-omaha-004-144.JPG	https://s3.amazonaws.com/NARAprodstorage/lz/dc-metro/rg-024/581208/2020-03/581208-omaha-004/581208-omaha-004-144.JPG	 					sse3/4e	79	90	19	30.44	66	65	63	67		ocq	nim	0				
1873-08-03	5	-23.26	-102.58	163.12		5.4		https://s3.amazonaws.com/NARAprodstorage/lz/dc-metro/rg-024/581208/2020-03/581208-omaha-004/581208-omaha-004-144.JPG	https://s3.amazonaws.com/NARAprodstorage/lz/dc-metro/rg-024/581208/2020-03/581208-omaha-004/581208-omaha-004-144.JPG	 					sxe1/2e	90	101	19	30.44	66	66	63	69		oc	cir nim	0				
1873-08-03	6	-23.34	-102.61	174.38		5		https://s3.amazonaws.com/NARAprodstorage/lz/dc-metro/rg-024/581208/2020-03/581208-omaha-004/581208-omaha-004-144.JPG	https://s3.amazonaws.com/NARAprodstorage/lz/dc-metro/rg-024/581208/2020-03/581208-omaha-004/581208-omaha-004-144.JPG	 					s1/2e	101	112	13	30.44	66	66	63	69		oc	cir nim	0				
1873-08-03	7	-23.43	-102.63	171.56		5.4		https://s3.amazonaws.com/NARAprodstorage/lz/dc-metro/rg-024/581208/2020-03/581208-omaha-004/581208-omaha-004-144.JPG	https://s3.amazonaws.com/NARAprodstorage/lz/dc-metro/rg-024/581208/2020-03/581208-omaha-004/581208-omaha-004-144.JPG	 					s3/4e	101	112	13	30.48	67	65	62	69		oc	cir nim	0				
1873-08-03	8	-23.53	-102.68	180		6.2		https://s3.amazonaws.com/NARAprodstorage/lz/dc-metro/rg-024/581208/2020-03/581208-omaha-004/581208-omaha-004-144.JPG	https://s3.amazonaws.com/NARAprodstorage/lz/dc-metro/rg-024/581208/2020-03/581208-omaha-004/581208-omaha-004-144.JPG	 					s	112	124	13	30.48	67	65	62	69		oc	cir nim	0				
1873-08-03	9	-23.64	-102.7	168.75		6.4		https://s3.amazonaws.com/NARAprodstorage/lz/dc-metro/rg-024/581208/2020-03/581208-omaha-004/581208-omaha-004-144.JPG	https://s3.amazonaws.com/NARAprodstorage/lz/dc-metro/rg-024/581208/2020-03/581208-omaha-004/581208-omaha-004-144.JPG	 					sxe	112	124	19	30.52	67	65	62	68		oc	cir nim	0				
1873-08-03	10	-23.76	-102.7	157.5		7		https://s3.amazonaws.com/NARAprodstorage/lz/dc-metro/rg-024/581208/2020-03/581208-omaha-004/581208-omaha-004-144.JPG	https://s3.amazonaws.com/NARAprodstorage/lz/dc-metro/rg-024/581208/2020-03/581208-omaha-004/581208-omaha-004-144.JPG	 					sse	101	112	19	30.54	67	66	62	68		bc	cum nim	2				
1873-08-03	11	-23.88	-102.69	154.69		7.4		https://s3.amazonaws.com/NARAprodstorage/lz/dc-metro/rg-024/581208/2020-03/581208-omaha-004/581208-omaha-004-144.JPG	https://s3.amazonaws.com/NARAprodstorage/lz/dc-metro/rg-024/581208/2020-03/581208-omaha-004/581208-omaha-004-144.JPG	 					sse1/4e	79	90	19	30.54	67	66	63	68		bcq	cum nim	1				
1873-08-03	12	-24	-102.7	163.12		7.4		https://s3.amazonaws.com/NARAprodstorage/lz/dc-metro/rg-024/581208/2020-03/581208-omaha-004/581208-omaha-004-144.JPG	https://s3.amazonaws.com/NARAprodstorage/lz/dc-metro/rg-024/581208/2020-03/581208-omaha-004/581208-omaha-004-144.JPG	 			24S	102 42W	sxe1/2e	90	101	21	30.54	67	66	63	68		bcq	cum nim	2				
1873-08-03	13	-24.08	-102.68	146.25		5		https://s3.amazonaws.com/NARAprodstorage/lz/dc-metro/rg-024/581208/2020-03/581208-omaha-004/581208-omaha-004-144.JPG	https://s3.amazonaws.com/NARAprodstorage/lz/dc-metro/rg-024/581208/2020-03/581208-omaha-004/581208-omaha-004-144.JPG	 					sexs	68	78	13	30.54	69	67	64	68		bcq	cum nim	6				
1873-08-03	14	-24.14	-102.7	174.38		3		https://s3.amazonaws.com/NARAprodstorage/lz/dc-metro/rg-024/581208/2020-03/581208-omaha-004/581208-omaha-004-144.JPG	https://s3.amazonaws.com/NARAprodstorage/lz/dc-metro/rg-024/581208/2020-03/581208-omaha-004/581208-omaha-004-144.JPG	 					s1/2e	101	112	13	30.52	69	67	64	68		bcq	cum nim	3				
1873-08-03	15	-24.23	-102.68	146.25		5.4		https://s3.amazonaws.com/NARAprodstorage/lz/dc-metro/rg-024/581208/2020-03/581208-omaha-004/581208-omaha-004-144.JPG	https://s3.amazonaws.com/NARAprodstorage/lz/dc-metro/rg-024/581208/2020-03/581208-omaha-004/581208-omaha-004-144.JPG	 					sexs	70	81	19	30.48	69	67	64	68		bcq	cum nim	2				
1873-08-03	16	-24.33	-102.66	151.88		6		https://s3.amazonaws.com/NARAprodstorage/lz/dc-metro/rg-024/581208/2020-03/581208-omaha-004/581208-omaha-004-144.JPG	https://s3.amazonaws.com/NARAprodstorage/lz/dc-metro/rg-024/581208/2020-03/581208-omaha-004/581208-omaha-004-144.JPG	 					sse1/2e	79	90	19	30.48	69	67	64	68		bcq	cum nim	1				
1873-08-03	17	-24.41	-102.66	157.5		5		https://s3.amazonaws.com/NARAprodstorage/lz/dc-metro/rg-024/581208/2020-03/581208-omaha-004/581208-omaha-004-144.JPG	https://s3.amazonaws.com/NARAprodstorage/lz/dc-metro/rg-024/581208/2020-03/581208-omaha-004/581208-omaha-004-144.JPG	 					sse	84	95	14	30.48	69	67	64	68		bcq	cum nim	1				
1873-08-03	18	-24.48	-102.65	146.25		4		https://s3.amazonaws.com/NARAprodstorage/lz/dc-metro/rg-024/581208/2020-03/581208-omaha-004/581208-omaha-004-144.JPG	https://s3.amazonaws.com/NARAprodstorage/lz/dc-metro/rg-024/581208/2020-03/581208-omaha-004/581208-omaha-004-144.JPG	 					sexs	73	84	5	30.48	69	67	64	68		bcqd	cum nim	2				
1873-08-03	19	-24.55	-102.59	123.75		5.4		https://s3.amazonaws.com/NARAprodstorage/lz/dc-metro/rg-024/581208/2020-03/581208-omaha-004/581208-omaha-004-144.JPG	https://s3.amazonaws.com/NARAprodstorage/lz/dc-metro/rg-024/581208/2020-03/581208-omaha-004/581208-omaha-004-144.JPG	 					sexe	56	67	8	30.5	65	64	63	69		bcqd	cir nim	5				
1873-08-03	20	-24.65	-102.53	129.38		7		https://s3.amazonaws.com/NARAprodstorage/lz/dc-metro/rg-024/581208/2020-03/581208-omaha-004/581208-omaha-004-144.JPG	https://s3.amazonaws.com/NARAprodstorage/lz/dc-metro/rg-024/581208/2020-03/581208-omaha-004/581208-omaha-004-144.JPG	 					se1/2e	56	67	19	30.51	65	65	64	68		bcq	cir	7				
1873-08-03	21	-24.74	-102.45	123.75		7.4		https://s3.amazonaws.com/NARAprodstorage/lz/dc-metro/rg-024/581208/2020-03/581208-omaha-004/581208-omaha-004-144.JPG	https://s3.amazonaws.com/NARAprodstorage/lz/dc-metro/rg-024/581208/2020-03/581208-omaha-004/581208-omaha-004-144.JPG	 					sexe	56	67	13	30.52	65	65	63	68		bcq	cir nim	6				
1873-08-03	22	-24.81	-102.4	123.75		5		https://s3.amazonaws.com/NARAprodstorage/lz/dc-metro/rg-024/581208/2020-03/581208-omaha-004/581208-omaha-004-144.JPG	https://s3.amazonaws.com/NARAprodstorage/lz/dc-metro/rg-024/581208/2020-03/581208-omaha-004/581208-omaha-004-144.JPG	 					sexe	56	67	10	30.52	65	65	63	68		bcq	cum nim	1				
1873-08-03	23	-24.88	-102.36	129.38		5		https://s3.amazonaws.com/NARAprodstorage/lz/dc-metro/rg-024/581208/2020-03/581208-omaha-004/581208-omaha-004-144.JPG	https://s3.amazonaws.com/NARAprodstorage/lz/dc-metro/rg-024/581208/2020-03/581208-omaha-004/581208-omaha-004-144.JPG	 					se1/2e	67	78	16	30.52	65	65	63	68		ocqr	cum nim	0				
1873-08-03	24	-24.96	-102.3	129.38		6.4		https://s3.amazonaws.com/NARAprodstorage/lz/dc-metro/rg-024/581208/2020-03/581208-omaha-004/581208-omaha-004-144.JPG	https://s3.amazonaws.com/NARAprodstorage/lz/dc-metro/rg-024/581208/2020-03/581208-omaha-004/581208-omaha-004-144.JPG	 			25 50S	101 45W	se1/2e	67	78	16	30.52	65	65	63	68		bcq	cum nim	7				
1873-08-04	1	-25.06	-102.28	151.88		6		https://s3.amazonaws.com/NARAprodstorage/lz/dc-metro/rg-024/581208/2020-03/581208-omaha-004/581208-omaha-004-145.JPG	https://s3.amazonaws.com/NARAprodstorage/lz/dc-metro/rg-024/581208/2020-03/581208-omaha-004/581208-omaha-004-145.JPG	 					sse1/2e	79	90	13	30.48	67	64	63	67		bcq	cum nim	2				
1873-08-04	2	-25.14	-102.25	140.62		5		https://s3.amazonaws.com/NARAprodstorage/lz/dc-metro/rg-024/581208/2020-03/581208-omaha-004/581208-omaha-004-145.JPG	https://s3.amazonaws.com/NARAprodstorage/lz/dc-metro/rg-024/581208/2020-03/581208-omaha-004/581208-omaha-004-145.JPG	 					se1/2s	68	78	13	30.47	67	64	63	68		bcq	cum nim	1				
1873-08-04	3	-25.22	-102.19	123.75		6		https://s3.amazonaws.com/NARAprodstorage/lz/dc-metro/rg-024/581208/2020-03/581208-omaha-004/581208-omaha-004-145.JPG	https://s3.amazonaws.com/NARAprodstorage/lz/dc-metro/rg-024/581208/2020-03/581208-omaha-004/581208-omaha-004-145.JPG	 					sexe	51	62	19	30.46	67	64	63	68		ocq	cum nim	0				
1873-08-04	4	-25.3	-102.13	123.75		6		https://s3.amazonaws.com/NARAprodstorage/lz/dc-metro/rg-024/581208/2020-03/581208-omaha-004/581208-omaha-004-145.JPG	https://s3.amazonaws.com/NARAprodstorage/lz/dc-metro/rg-024/581208/2020-03/581208-omaha-004/581208-omaha-004-145.JPG	 					sexe	51	62	19	30.47	67	64	63	68		ocq	cum nim	0				
1873-08-04	5	-25.36	-102.08	123.75		5		https://s3.amazonaws.com/NARAprodstorage/lz/dc-metro/rg-024/581208/2020-03/581208-omaha-004/581208-omaha-004-145.JPG	https://s3.amazonaws.com/NARAprodstorage/lz/dc-metro/rg-024/581208/2020-03/581208-omaha-004/581208-omaha-004-145.JPG	 					sexe	51	62	19	30.47	67	64	63	68		bcq	cum nim	3				
1873-08-04	6	-25.42	-102.04	126.56		4.4		https://s3.amazonaws.com/NARAprodstorage/lz/dc-metro/rg-024/581208/2020-03/581208-omaha-004/581208-omaha-004-145.JPG	https://s3.amazonaws.com/NARAprodstorage/lz/dc-metro/rg-024/581208/2020-03/581208-omaha-004/581208-omaha-004-145.JPG	 					se3/4e	51	62	13	30.48	67	63	62	68		bcq	cum nim	3				
1873-08-04	7	-25.47	-102.01	123.75		3.4		https://s3.amazonaws.com/NARAprodstorage/lz/dc-metro/rg-024/581208/2020-03/581208-omaha-004/581208-omaha-004-145.JPG	https://s3.amazonaws.com/NARAprodstorage/lz/dc-metro/rg-024/581208/2020-03/581208-omaha-004/581208-omaha-004-145.JPG	 					sexe	51	62	8	30.51	66	63	62	68		bcq	cum nim	1				
1873-08-04	8	-25.52	-101.98	129.38		4		https://s3.amazonaws.com/NARAprodstorage/lz/dc-metro/rg-024/581208/2020-03/581208-omaha-004/581208-omaha-004-145.JPG	https://s3.amazonaws.com/NARAprodstorage/lz/dc-metro/rg-024/581208/2020-03/581208-omaha-004/581208-omaha-004-145.JPG	 					se1/2e	51	62	8	30.54	66	63	65	68		bcq	cum nim	1				
1873-08-04	9	-25.6	-101.93	129.38		5.4		https://s3.amazonaws.com/NARAprodstorage/lz/dc-metro/rg-024/581208/2020-03/581208-omaha-004/581208-omaha-004-145.JPG	https://s3.amazonaws.com/NARAprodstorage/lz/dc-metro/rg-024/581208/2020-03/581208-omaha-004/581208-omaha-004-145.JPG	 					se1/2e	56	67	13	30.53	66	64	63	68		oc	nim	0				
1873-08-04	10	-25.68	-101.88	129.38		5.4		https://s3.amazonaws.com/NARAprodstorage/lz/dc-metro/rg-024/581208/2020-03/581208-omaha-004/581208-omaha-004-145.JPG	https://s3.amazonaws.com/NARAprodstorage/lz/dc-metro/rg-024/581208/2020-03/581208-omaha-004/581208-omaha-004-145.JPG	 					se1/2e	68	78	13	30.52	66	65	63	68		bc	cir nim	2				
1873-08-04	11	-25.76	-101.81	123.75		6.4		https://s3.amazonaws.com/NARAprodstorage/lz/dc-metro/rg-024/581208/2020-03/581208-omaha-004/581208-omaha-004-145.JPG	https://s3.amazonaws.com/NARAprodstorage/lz/dc-metro/rg-024/581208/2020-03/581208-omaha-004/581208-omaha-004-145.JPG	 					sexe	124	135	19	30.52	66	65	63	68		bc		2				
1873-08-04	12	-25.83	-101.75	123.75		6		https://s3.amazonaws.com/NARAprodstorage/lz/dc-metro/rg-024/581208/2020-03/581208-omaha-004/581208-omaha-004-145.JPG	https://s3.amazonaws.com/NARAprodstorage/lz/dc-metro/rg-024/581208/2020-03/581208-omaha-004/581208-omaha-004-145.JPG	 					sexe	124	137	13	30.52	66	65	63	68		bc		3				
1873-08-04	13	-25.92	-101.68	123.75		6.2		https://s3.amazonaws.com/NARAprodstorage/lz/dc-metro/rg-024/581208/2020-03/581208-omaha-004/581208-omaha-004-145.JPG	https://s3.amazonaws.com/NARAprodstorage/lz/dc-metro/rg-024/581208/2020-03/581208-omaha-004/581208-omaha-004-145.JPG	 					sexe	45	58	13	30.52	66	65	63	68		oc	cum nim	0				
1873-08-04	14	-26.01	-101.6	123.75		6.2		https://s3.amazonaws.com/NARAprodstorage/lz/dc-metro/rg-024/581208/2020-03/581208-omaha-004/581208-omaha-004-145.JPG	https://s3.amazonaws.com/NARAprodstorage/lz/dc-metro/rg-024/581208/2020-03/581208-omaha-004/581208-omaha-004-145.JPG	 					sexe	45	58	13	30.5	66	66	64	68		oc	cum nim	0				
1873-08-04	15	-26.09	-101.54	123.75		5.4		https://s3.amazonaws.com/NARAprodstorage/lz/dc-metro/rg-024/581208/2020-03/581208-omaha-004/581208-omaha-004-145.JPG	https://s3.amazonaws.com/NARAprodstorage/lz/dc-metro/rg-024/581208/2020-03/581208-omaha-004/581208-omaha-004-145.JPG	 					sexe	45	58	13	30.5	66	66	64	68		oc	cum nim	0				
1873-08-04	16	-26.16	-101.47	123.75		5.4		https://s3.amazonaws.com/NARAprodstorage/lz/dc-metro/rg-024/581208/2020-03/581208-omaha-004/581208-omaha-004-145.JPG	https://s3.amazonaws.com/NARAprodstorage/lz/dc-metro/rg-024/581208/2020-03/581208-omaha-004/581208-omaha-004-145.JPG	 					sexe	45	58	13	30.5	66	66	64	68		bc	cum nim	1				
1873-08-04	17	-26.25	-101.4	123.75		6		https://s3.amazonaws.com/NARAprodstorage/lz/dc-metro/rg-024/581208/2020-03/581208-omaha-004/581208-omaha-004-145.JPG	https://s3.amazonaws.com/NARAprodstorage/lz/dc-metro/rg-024/581208/2020-03/581208-omaha-004/581208-omaha-004-145.JPG	 					sexe	45	58	19	30.5	66	66	64	68		bc	cum nim	4				
1873-08-04	18	-26.33	-101.33	123.75		5.4		https://s3.amazonaws.com/NARAprodstorage/lz/dc-metro/rg-024/581208/2020-03/581208-omaha-004/581208-omaha-004-145.JPG	https://s3.amazonaws.com/NARAprodstorage/lz/dc-metro/rg-024/581208/2020-03/581208-omaha-004/581208-omaha-004-145.JPG	 					sexe	45	58	13	30.52	66	65	61	68		bc	cum nim	3				
1873-08-04	19	-26.41	-101.28	129.38		5		https://s3.amazonaws.com/NARAprodstorage/lz/dc-metro/rg-024/581208/2020-03/581208-omaha-004/581208-omaha-004-145.JPG	https://s3.amazonaws.com/NARAprodstorage/lz/dc-metro/rg-024/581208/2020-03/581208-omaha-004/581208-omaha-004-145.JPG	 					se1/2e	51	64	13	30.54	66	65	62	68		bc	cum nim	3				
1873-08-04	20	-26.49	-101.22	126.56		5.4		https://s3.amazonaws.com/NARAprodstorage/lz/dc-metro/rg-024/581208/2020-03/581208-omaha-004/581208-omaha-004-145.JPG	https://s3.amazonaws.com/NARAprodstorage/lz/dc-metro/rg-024/581208/2020-03/581208-omaha-004/581208-omaha-004-145.JPG	 					se3/4e	45	58	13	30.56	66	65	62	68		bc	cum nim	7				
1873-08-04	21	-26.57	-101.17	132.19		5.4		https://s3.amazonaws.com/NARAprodstorage/lz/dc-metro/rg-024/581208/2020-03/581208-omaha-004/581208-omaha-004-145.JPG	https://s3.amazonaws.com/NARAprodstorage/lz/dc-metro/rg-024/581208/2020-03/581208-omaha-004/581208-omaha-004-145.JPG	 					se1/4e	56	69	8	30.57	65	64	61	68		bc	cir	5				
1873-08-04	22	-26.66	-101.1	129.38		6		https://s3.amazonaws.com/NARAprodstorage/lz/dc-metro/rg-024/581208/2020-03/581208-omaha-004/581208-omaha-004-145.JPG	https://s3.amazonaws.com/NARAprodstorage/lz/dc-metro/rg-024/581208/2020-03/581208-omaha-004/581208-omaha-004-145.JPG	 					se1/2e	56	69	13	30.57	65	65	61	68		bc	cir	6				
1873-08-04	23	-26.76	-101.04	129.38		6		https://s3.amazonaws.com/NARAprodstorage/lz/dc-metro/rg-024/581208/2020-03/581208-omaha-004/581208-omaha-004-145.JPG	https://s3.amazonaws.com/NARAprodstorage/lz/dc-metro/rg-024/581208/2020-03/581208-omaha-004/581208-omaha-004-145.JPG	 					se1/2e	68	80	13	30.57	65	64	61	68		bc	cir	6				
1873-08-04	24	-26.85	-100.97	129.38		6.4		https://s3.amazonaws.com/NARAprodstorage/lz/dc-metro/rg-024/581208/2020-03/581208-omaha-004/581208-omaha-004-145.JPG	https://s3.amazonaws.com/NARAprodstorage/lz/dc-metro/rg-024/581208/2020-03/581208-omaha-004/581208-omaha-004-145.JPG	 					se1/2e	68	80	13	30.57	65	64	62	67		bc	cir	8				
1873-08-05	1	-26.95	-100.88	123.75		7		https://s3.amazonaws.com/NARAprodstorage/lz/dc-metro/rg-024/581208/2020-03/581208-omaha-004/581208-omaha-004-146.JPG	https://s3.amazonaws.com/NARAprodstorage/lz/dc-metro/rg-024/581208/2020-03/581208-omaha-004/581208-omaha-004-146.JPG	 					sexe	45	58	13	30.57	66	64	61	67		bcqr	cum nim	8				
1873-08-05	2	-27.05	-100.79	123.75		7.4		https://s3.amazonaws.com/NARAprodstorage/lz/dc-metro/rg-024/581208/2020-03/581208-omaha-004/581208-omaha-004-146.JPG	https://s3.amazonaws.com/NARAprodstorage/lz/dc-metro/rg-024/581208/2020-03/581208-omaha-004/581208-omaha-004-146.JPG	 					sexe	45	58	13	30.54	66	64	61	67		bcq	cir	7				
1873-08-05	3	-27.15	-100.7	123.75		7.2		https://s3.amazonaws.com/NARAprodstorage/lz/dc-metro/rg-024/581208/2020-03/581208-omaha-004/581208-omaha-004-146.JPG	https://s3.amazonaws.com/NARAprodstorage/lz/dc-metro/rg-024/581208/2020-03/581208-omaha-004/581208-omaha-004-146.JPG	 					sexe	45	58	16	30.52	66	64	61	67		bcqr	cum nim	6				
1873-08-05	4	-27.27	-100.6	123.75		8.4		https://s3.amazonaws.com/NARAprodstorage/lz/dc-metro/rg-024/581208/2020-03/581208-omaha-004/581208-omaha-004-146.JPG	https://s3.amazonaws.com/NARAprodstorage/lz/dc-metro/rg-024/581208/2020-03/581208-omaha-004/581208-omaha-004-146.JPG	 					sexe	39	52	16	30.52	66	64	61	67		bcq	cum nim	8				
1873-08-05	5	-27.36	-100.51	123.75		7		https://s3.amazonaws.com/NARAprodstorage/lz/dc-metro/rg-024/581208/2020-03/581208-omaha-004/581208-omaha-004-146.JPG	https://s3.amazonaws.com/NARAprodstorage/lz/dc-metro/rg-024/581208/2020-03/581208-omaha-004/581208-omaha-004-146.JPG	 					sexe	39	52	19	30.52	66	64	61	67		bcq	nim	3				
1873-08-05	6	-27.44	-100.45	123.75		5		https://s3.amazonaws.com/NARAprodstorage/lz/dc-metro/rg-024/581208/2020-03/581208-omaha-004/581208-omaha-004-146.JPG	https://s3.amazonaws.com/NARAprodstorage/lz/dc-metro/rg-024/581208/2020-03/581208-omaha-004/581208-omaha-004-146.JPG	 					sexe	888	888	19	30.52	66	64	61	67		bcq	nim	4				
1873-08-05	7	-27.52	-100.38	123.75		6		https://s3.amazonaws.com/NARAprodstorage/lz/dc-metro/rg-024/581208/2020-03/581208-omaha-004/581208-omaha-004-146.JPG	https://s3.amazonaws.com/NARAprodstorage/lz/dc-metro/rg-024/581208/2020-03/581208-omaha-004/581208-omaha-004-146.JPG	 					sexe	888	888	13	30.59	66	64	62	67		bcq	cum nim	1				
1873-08-05	8	-27.59	-100.33	123.75		4.4		https://s3.amazonaws.com/NARAprodstorage/lz/dc-metro/rg-024/581208/2020-03/581208-omaha-004/581208-omaha-004-146.JPG	https://s3.amazonaws.com/NARAprodstorage/lz/dc-metro/rg-024/581208/2020-03/581208-omaha-004/581208-omaha-004-146.JPG	 					sexe	888	888	13	30.6	66	64	62	67		bcq	cum nim	1				
1873-08-05	9	-27.65	-100.28	123.75		4.2		https://s3.amazonaws.com/NARAprodstorage/lz/dc-metro/rg-024/581208/2020-03/581208-omaha-004/581208-omaha-004-146.JPG	https://s3.amazonaws.com/NARAprodstorage/lz/dc-metro/rg-024/581208/2020-03/581208-omaha-004/581208-omaha-004-146.JPG	 					sexe	888	888	13	30.6	66	65	62	68		oc	cum nim	0				
1873-08-05	10	-27.71	-100.23	123.75		3.6		https://s3.amazonaws.com/NARAprodstorage/lz/dc-metro/rg-024/581208/2020-03/581208-omaha-004/581208-omaha-004-146.JPG	https://s3.amazonaws.com/NARAprodstorage/lz/dc-metro/rg-024/581208/2020-03/581208-omaha-004/581208-omaha-004-146.JPG	 					sexe	888	888	9	30.62	65	65	62	68		oc	cum nim	0				
1873-08-05	11	-27.77	-100.19	123.75		4		https://s3.amazonaws.com/NARAprodstorage/lz/dc-metro/rg-024/581208/2020-03/581208-omaha-004/581208-omaha-004-146.JPG	https://s3.amazonaws.com/NARAprodstorage/lz/dc-metro/rg-024/581208/2020-03/581208-omaha-004/581208-omaha-004-146.JPG	 					sexe	888	888	9	30.6	65	66	60	68		oc	cum nim	0				
1873-08-05	12	-27.83	-100.13	123.75		4.4		https://s3.amazonaws.com/NARAprodstorage/lz/dc-metro/rg-024/581208/2020-03/581208-omaha-004/581208-omaha-004-146.JPG	https://s3.amazonaws.com/NARAprodstorage/lz/dc-metro/rg-024/581208/2020-03/581208-omaha-004/581208-omaha-004-146.JPG	 			27 50S	100 8W	sexe	888	888	9	30.58	66	66	61	68		oc	cum nim	0				
1873-08-05	13	-27.9	-100.08	123.75		4.4		https://s3.amazonaws.com/NARAprodstorage/lz/dc-metro/rg-024/581208/2020-03/581208-omaha-004/581208-omaha-004-146.JPG	https://s3.amazonaws.com/NARAprodstorage/lz/dc-metro/rg-024/581208/2020-03/581208-omaha-004/581208-omaha-004-146.JPG	 					sexe	39	52	6	30.56	66	66	62	67		bc	cir	2				
1873-08-05	14	-27.95	-100.02	112.5		4.4		https://s3.amazonaws.com/NARAprodstorage/lz/dc-metro/rg-024/581208/2020-03/581208-omaha-004/581208-omaha-004-146.JPG	https://s3.amazonaws.com/NARAprodstorage/lz/dc-metro/rg-024/581208/2020-03/581208-omaha-004/581208-omaha-004-146.JPG	 					ese	39	52	6	30.57	66	66	62	67		oc	cir nim	0				
1873-08-05	15	-28.01	-99.94	112.5		5.4		https://s3.amazonaws.com/NARAprodstorage/lz/dc-metro/rg-024/581208/2020-03/581208-omaha-004/581208-omaha-004-146.JPG	https://s3.amazonaws.com/NARAprodstorage/lz/dc-metro/rg-024/581208/2020-03/581208-omaha-004/581208-omaha-004-146.JPG	 					ese	45	58	6	30.57	66	66	62	67		oc	cir str nim	0				
1873-08-05	16	-28.09	-99.87	123.75		6		https://s3.amazonaws.com/NARAprodstorage/lz/dc-metro/rg-024/581208/2020-03/581208-omaha-004/581208-omaha-004-146.JPG	https://s3.amazonaws.com/NARAprodstorage/lz/dc-metro/rg-024/581208/2020-03/581208-omaha-004/581208-omaha-004-146.JPG	 					sexe	56	69	8	30.57	66	65	62	67		oc	cir str nim	0				
1873-08-05	17	-28.15	-99.82	123.75		4.4		https://s3.amazonaws.com/NARAprodstorage/lz/dc-metro/rg-024/581208/2020-03/581208-omaha-004/581208-omaha-004-146.JPG	https://s3.amazonaws.com/NARAprodstorage/lz/dc-metro/rg-024/581208/2020-03/581208-omaha-004/581208-omaha-004-146.JPG	 					sexe	51	64	5	30.57	66	65	62	67		oc	cir str nim	0				
1873-08-05	18	-28.21	-99.75	112.5		5		https://s3.amazonaws.com/NARAprodstorage/lz/dc-metro/rg-024/581208/2020-03/581208-omaha-004/581208-omaha-004-146.JPG	https://s3.amazonaws.com/NARAprodstorage/lz/dc-metro/rg-024/581208/2020-03/581208-omaha-004/581208-omaha-004-146.JPG	 					ese	45	58	9	30.57	66	65	62	67		oc	cir str nim	0				
1873-08-05	19	-28.29	-99.65	115.31		7		https://s3.amazonaws.com/NARAprodstorage/lz/dc-metro/rg-024/581208/2020-03/581208-omaha-004/581208-omaha-004-146.JPG	https://s3.amazonaws.com/NARAprodstorage/lz/dc-metro/rg-024/581208/2020-03/581208-omaha-004/581208-omaha-004-146.JPG	 					sexe3/4e	39	52	19	30.6	67	64	60	67		bc	cir cum	3				
1873-08-05	20	-28.36	-99.56	112.5		6.2		https://s3.amazonaws.com/NARAprodstorage/lz/dc-metro/rg-024/581208/2020-03/581208-omaha-004/581208-omaha-004-146.JPG	https://s3.amazonaws.com/NARAprodstorage/lz/dc-metro/rg-024/581208/2020-03/581208-omaha-004/581208-omaha-004-146.JPG	 					ese	39	52	16	30.6	66	64	60	67		bc	cum nim	3				
1873-08-05	21	-28.44	-99.46	112.5		7		https://s3.amazonaws.com/NARAprodstorage/lz/dc-metro/rg-024/581208/2020-03/581208-omaha-004/581208-omaha-004-146.JPG	https://s3.amazonaws.com/NARAprodstorage/lz/dc-metro/rg-024/581208/2020-03/581208-omaha-004/581208-omaha-004-146.JPG	 					ese	39	52	16	30.63	65	64	60	67		bcd	cum nim	3				
1873-08-05	22	-28.53	-99.33	112.5		8.6		https://s3.amazonaws.com/NARAprodstorage/lz/dc-metro/rg-024/581208/2020-03/581208-omaha-004/581208-omaha-004-146.JPG	https://s3.amazonaws.com/NARAprodstorage/lz/dc-metro/rg-024/581208/2020-03/581208-omaha-004/581208-omaha-004-146.JPG	 					ese	39	52	16	30.63	65	64	60	66		bcd	cum nim	6				
1873-08-05	23	-28.64	-99.19	112.5		9.4		https://s3.amazonaws.com/NARAprodstorage/lz/dc-metro/rg-024/581208/2020-03/581208-omaha-004/581208-omaha-004-146.JPG	https://s3.amazonaws.com/NARAprodstorage/lz/dc-metro/rg-024/581208/2020-03/581208-omaha-004/581208-omaha-004-146.JPG	 					ese	39	52	16	30.63	65	64	60	66		bcq	cum nim	3				
1873-08-05	24	-28.72	-99.08	112.5		7.4		https://s3.amazonaws.com/NARAprodstorage/lz/dc-metro/rg-024/581208/2020-03/581208-omaha-004/581208-omaha-004-146.JPG	https://s3.amazonaws.com/NARAprodstorage/lz/dc-metro/rg-024/581208/2020-03/581208-omaha-004/581208-omaha-004-146.JPG	 					ese	39	52	16	30.63	65	64	60	66		bcq	cum nim	1				
1873-08-06	1	-28.78	-99.01	115.31		5		https://s3.amazonaws.com/NARAprodstorage/lz/dc-metro/rg-024/581208/2020-03/581208-omaha-004/581208-omaha-004-147.JPG	https://s3.amazonaws.com/NARAprodstorage/lz/dc-metro/rg-024/581208/2020-03/581208-omaha-004/581208-omaha-004-147.JPG	 					sexe3/4e	45	58	13	30.61	65	64	61	66		bcq	cir nim	5				
1873-08-06	2	-28.84	-98.93	112.5		5.4		https://s3.amazonaws.com/NARAprodstorage/lz/dc-metro/rg-024/581208/2020-03/581208-omaha-004/581208-omaha-004-147.JPG	https://s3.amazonaws.com/NARAprodstorage/lz/dc-metro/rg-024/581208/2020-03/581208-omaha-004/581208-omaha-004-147.JPG	 					ese	22	36	8	30.6	64	63	61	66		bc	cir cum nim	5				
1873-08-06	3	-28.91	-98.85	112.5		6		https://s3.amazonaws.com/NARAprodstorage/lz/dc-metro/rg-024/581208/2020-03/581208-omaha-004/581208-omaha-004-147.JPG	https://s3.amazonaws.com/NARAprodstorage/lz/dc-metro/rg-024/581208/2020-03/581208-omaha-004/581208-omaha-004-147.JPG	 					ese	45	58	13	30.6	64	63	61	66		bcr	cir nim	5				
1873-08-06	4	-28.98	-98.76	112.5		6		https://s3.amazonaws.com/NARAprodstorage/lz/dc-metro/rg-024/581208/2020-03/581208-omaha-004/581208-omaha-004-147.JPG	https://s3.amazonaws.com/NARAprodstorage/lz/dc-metro/rg-024/581208/2020-03/581208-omaha-004/581208-omaha-004-147.JPG	 					ese	45	58	13	30.6	64	64	61	66		bc	cum nim	4				
1873-08-06	5	-29.03	-98.71	120.94		4		https://s3.amazonaws.com/NARAprodstorage/lz/dc-metro/rg-024/581208/2020-03/581208-omaha-004/581208-omaha-004-147.JPG	https://s3.amazonaws.com/NARAprodstorage/lz/dc-metro/rg-024/581208/2020-03/581208-omaha-004/581208-omaha-004-147.JPG	 					sexe1/4e	888	888	9	30.6	64	62	60	66		bcqr	cum nim	2				
1873-08-06	6	-29.11	-98.6	112.5		7.4		https://s3.amazonaws.com/NARAprodstorage/lz/dc-metro/rg-024/581208/2020-03/581208-omaha-004/581208-omaha-004-147.JPG	https://s3.amazonaws.com/NARAprodstorage/lz/dc-metro/rg-024/581208/2020-03/581208-omaha-004/581208-omaha-004-147.JPG	 					ese	34	47	19	30.6	64	62	60	66		bcq	cum nim	4				
1873-08-06	7	-29.18	-98.51	112.5		6		https://s3.amazonaws.com/NARAprodstorage/lz/dc-metro/rg-024/581208/2020-03/581208-omaha-004/581208-omaha-004-147.JPG	https://s3.amazonaws.com/NARAprodstorage/lz/dc-metro/rg-024/581208/2020-03/581208-omaha-004/581208-omaha-004-147.JPG	 					ese	34	47	12	30.6	64	62	60	66		bcq	cum nim	3				
1873-08-06	8	-29.23	-98.46	112.5		4		https://s3.amazonaws.com/NARAprodstorage/lz/dc-metro/rg-024/581208/2020-03/581208-omaha-004/581208-omaha-004-147.JPG	https://s3.amazonaws.com/NARAprodstorage/lz/dc-metro/rg-024/581208/2020-03/581208-omaha-004/581208-omaha-004-147.JPG	 					ese	34	47	13	30.62	65	63	61	66		bc	cum nim	4				
1873-08-06	9	-29.3	-98.37	112.5		6		https://s3.amazonaws.com/NARAprodstorage/lz/dc-metro/rg-024/581208/2020-03/581208-omaha-004/581208-omaha-004-147.JPG	https://s3.amazonaws.com/NARAprodstorage/lz/dc-metro/rg-024/581208/2020-03/581208-omaha-004/581208-omaha-004-147.JPG	 					ese	34	47	19	30.64	66	63	61	66		oc	cum nim	0				
1873-08-06	10	-29.37	-98.27	112.5		6.4		https://s3.amazonaws.com/NARAprodstorage/lz/dc-metro/rg-024/581208/2020-03/581208-omaha-004/581208-omaha-004-147.JPG	https://s3.amazonaws.com/NARAprodstorage/lz/dc-metro/rg-024/581208/2020-03/581208-omaha-004/581208-omaha-004-147.JPG	 					ese	34	47	19	30.64	66	63	61	66		oc	cum nim	0				
1873-08-06	11	-29.44	-98.18	112.5		6.4		https://s3.amazonaws.com/NARAprodstorage/lz/dc-metro/rg-024/581208/2020-03/581208-omaha-004/581208-omaha-004-147.JPG	https://s3.amazonaws.com/NARAprodstorage/lz/dc-metro/rg-024/581208/2020-03/581208-omaha-004/581208-omaha-004-147.JPG	 					ese	34	47	19	30.63	66	63	61	65		oc	cum nim	0				
1873-08-06	12	-29.5	-98.1	112.5		5.4		https://s3.amazonaws.com/NARAprodstorage/lz/dc-metro/rg-024/581208/2020-03/581208-omaha-004/581208-omaha-004-147.JPG	https://s3.amazonaws.com/NARAprodstorage/lz/dc-metro/rg-024/581208/2020-03/581208-omaha-004/581208-omaha-004-147.JPG	Noon: Making passage from Puna to Coquimbo.			29 30S	98 6W	ese	34	47	19	30.63	66	63	61	65		bc	cum nim	1				
1873-08-06	13	-29.57	-98.03	123.75		5.4		https://s3.amazonaws.com/NARAprodstorage/lz/dc-metro/rg-024/581208/2020-03/581208-omaha-004/581208-omaha-004-147.JPG	https://s3.amazonaws.com/NARAprodstorage/lz/dc-metro/rg-024/581208/2020-03/581208-omaha-004/581208-omaha-004-147.JPG	 					sexe	888	888	13	30.62	66	63	61	66		bc	nim cum	3				
1873-08-06	14	-29.64	-97.95	120.94		6		https://s3.amazonaws.com/NARAprodstorage/lz/dc-metro/rg-024/581208/2020-03/581208-omaha-004/581208-omaha-004-147.JPG	https://s3.amazonaws.com/NARAprodstorage/lz/dc-metro/rg-024/581208/2020-03/581208-omaha-004/581208-omaha-004-147.JPG	 					sexe1/4e	51	65	19	30.6	66	64	62	66		bc	nim cum	2				
1873-08-06	15	-29.69	-97.86	109.69		5.6		https://s3.amazonaws.com/NARAprodstorage/lz/dc-metro/rg-024/581208/2020-03/581208-omaha-004/581208-omaha-004-147.JPG	https://s3.amazonaws.com/NARAprodstorage/lz/dc-metro/rg-024/581208/2020-03/581208-omaha-004/581208-omaha-004-147.JPG	 					ese1/4e	56	70	19	30.58	66	64	62	66		bc	nim cum	1				
1873-08-06	16	-29.73	-97.76	104.06		6		https://s3.amazonaws.com/NARAprodstorage/lz/dc-metro/rg-024/581208/2020-03/581208-omaha-004/581208-omaha-004-147.JPG	https://s3.amazonaws.com/NARAprodstorage/lz/dc-metro/rg-024/581208/2020-03/581208-omaha-004/581208-omaha-004-147.JPG	 					ese3/4e	62	76	19	30.58	66	64	62	66		bc	nim cum	1				
1873-08-06	17	-29.8	-97.64	109.69		7		https://s3.amazonaws.com/NARAprodstorage/lz/dc-metro/rg-024/581208/2020-03/581208-omaha-004/581208-omaha-004-147.JPG	https://s3.amazonaws.com/NARAprodstorage/lz/dc-metro/rg-024/581208/2020-03/581208-omaha-004/581208-omaha-004-147.JPG	 					ese1/4e	56	70	24	30.58	65	64	62	67		oc	cum nim str	0				
1873-08-06	18	-29.88	-97.52	112.5		8		https://s3.amazonaws.com/NARAprodstorage/lz/dc-metro/rg-024/581208/2020-03/581208-omaha-004/581208-omaha-004-147.JPG	https://s3.amazonaws.com/NARAprodstorage/lz/dc-metro/rg-024/581208/2020-03/581208-omaha-004/581208-omaha-004-147.JPG	 					ese	45	59	30	30.58	66	64	62	67		oc	cum nim str	0				
1873-08-06	19	-29.93	-97.39	101.25		7.6		https://s3.amazonaws.com/NARAprodstorage/lz/dc-metro/rg-024/581208/2020-03/581208-omaha-004/581208-omaha-004-147.JPG	https://s3.amazonaws.com/NARAprodstorage/lz/dc-metro/rg-024/581208/2020-03/581208-omaha-004/581208-omaha-004-147.JPG	 					exs	22	36	24	30.6	66	64	60	67		bc	cum nim	3				
1873-08-06	20	-29.98	-97.25	101.25		7.6		https://s3.amazonaws.com/NARAprodstorage/lz/dc-metro/rg-024/581208/2020-03/581208-omaha-004/581208-omaha-004-147.JPG	https://s3.amazonaws.com/NARAprodstorage/lz/dc-metro/rg-024/581208/2020-03/581208-omaha-004/581208-omaha-004-147.JPG	 					exs	22	36	24	30.6	66	64	60	66		bc	cum nim	1				
1873-08-06	21	-30.03	-97.12	98.44		7.2		https://s3.amazonaws.com/NARAprodstorage/lz/dc-metro/rg-024/581208/2020-03/581208-omaha-004/581208-omaha-004-147.JPG	https://s3.amazonaws.com/NARAprodstorage/lz/dc-metro/rg-024/581208/2020-03/581208-omaha-004/581208-omaha-004-147.JPG	 					e3/4s	22	36	24	30.62	66	64	60	65		bc	cum nim	2				
1873-08-06	22	-30.07	-97.01	101.25		6.4		https://s3.amazonaws.com/NARAprodstorage/lz/dc-metro/rg-024/581208/2020-03/581208-omaha-004/581208-omaha-004-147.JPG	https://s3.amazonaws.com/NARAprodstorage/lz/dc-metro/rg-024/581208/2020-03/581208-omaha-004/581208-omaha-004-147.JPG	 					exs	22	36	24	30.62	66	64	60	65		bc	cum nim	2				
1873-08-06	23	-30.12	-96.88	98.44		7.2		https://s3.amazonaws.com/NARAprodstorage/lz/dc-metro/rg-024/581208/2020-03/581208-omaha-004/581208-omaha-004-147.JPG	https://s3.amazonaws.com/NARAprodstorage/lz/dc-metro/rg-024/581208/2020-03/581208-omaha-004/581208-omaha-004-147.JPG	 					e3/4s	22	36	24	30.62	66	64	60	65		oc	cum nim	0				
1873-08-06	24	-30.15	-96.75	92.81		7		https://s3.amazonaws.com/NARAprodstorage/lz/dc-metro/rg-024/581208/2020-03/581208-omaha-004/581208-omaha-004-147.JPG	https://s3.amazonaws.com/NARAprodstorage/lz/dc-metro/rg-024/581208/2020-03/581208-omaha-004/581208-omaha-004-147.JPG	 					e1/4s	17	31	24	30.62	66	64	60	65		bc	cum nim	1				
1873-08-07	1	-30.18	-96.64	90		6		https://s3.amazonaws.com/NARAprodstorage/lz/dc-metro/rg-024/581208/2020-03/581208-omaha-004/581208-omaha-004-148.JPG	https://s3.amazonaws.com/NARAprodstorage/lz/dc-metro/rg-024/581208/2020-03/581208-omaha-004/581208-omaha-004-148.JPG	 					e	51	65	8	30.62	65	64	60	63		ocf	cum nim	0				
1873-08-07	2	-30.2	-96.54	90		5.2		https://s3.amazonaws.com/NARAprodstorage/lz/dc-metro/rg-024/581208/2020-03/581208-omaha-004/581208-omaha-004-148.JPG	https://s3.amazonaws.com/NARAprodstorage/lz/dc-metro/rg-024/581208/2020-03/581208-omaha-004/581208-omaha-004-148.JPG	 					e	51	65	13	30.6	65	64	61	63		ocf	cum nim	0				
1873-08-07	3	-30.21	-96.46	90		4		https://s3.amazonaws.com/NARAprodstorage/lz/dc-metro/rg-024/581208/2020-03/581208-omaha-004/581208-omaha-004-148.JPG	https://s3.amazonaws.com/NARAprodstorage/lz/dc-metro/rg-024/581208/2020-03/581208-omaha-004/581208-omaha-004-148.JPG	 					e	338	352	13	30.6	65	64	60	63		ocf	cum nim	0				
1873-08-07	4	-30.23	-96.36	90		5.6		https://s3.amazonaws.com/NARAprodstorage/lz/dc-metro/rg-024/581208/2020-03/581208-omaha-004/581208-omaha-004-148.JPG	https://s3.amazonaws.com/NARAprodstorage/lz/dc-metro/rg-024/581208/2020-03/581208-omaha-004/581208-omaha-004-148.JPG	 					e	11	25	13	30.58	64	64	59	63		ocf	cum nim	0				
1873-08-07	5	-30.24	-96.31	90		2.4		https://s3.amazonaws.com/NARAprodstorage/lz/dc-metro/rg-024/581208/2020-03/581208-omaha-004/581208-omaha-004-148.JPG	https://s3.amazonaws.com/NARAprodstorage/lz/dc-metro/rg-024/581208/2020-03/581208-omaha-004/581208-omaha-004-148.JPG	 					e	33	47	5	30.58	64	64	60	63		ocf	cum nim	0				
1873-08-07	6	-30.26	-96.27	101.25		2.4		https://s3.amazonaws.com/NARAprodstorage/lz/dc-metro/rg-024/581208/2020-03/581208-omaha-004/581208-omaha-004-148.JPG	https://s3.amazonaws.com/NARAprodstorage/lz/dc-metro/rg-024/581208/2020-03/581208-omaha-004/581208-omaha-004-148.JPG	 					exs	22	36	2	30.58	64	64	60	66		ocf	cum nim	0				
1873-08-07	7	-30.27	-96.23	90		2		https://s3.amazonaws.com/NARAprodstorage/lz/dc-metro/rg-024/581208/2020-03/581208-omaha-004/581208-omaha-004-148.JPG	https://s3.amazonaws.com/NARAprodstorage/lz/dc-metro/rg-024/581208/2020-03/581208-omaha-004/581208-omaha-004-148.JPG	 					e	22	36	2	30.6	65	63	59	65		ocf	cum nim	0				
1873-08-07	8	-30.28	-96.17	95.62		3.4		https://s3.amazonaws.com/NARAprodstorage/lz/dc-metro/rg-024/581208/2020-03/581208-omaha-004/581208-omaha-004-148.JPG	https://s3.amazonaws.com/NARAprodstorage/lz/dc-metro/rg-024/581208/2020-03/581208-omaha-004/581208-omaha-004-148.JPG	 					e1/2s	11	25	2	30.6	65	64	59	66		oc	cum nim	0				
1873-08-07	9	-30.3	-96.1	90		3.4		https://s3.amazonaws.com/NARAprodstorage/lz/dc-metro/rg-024/581208/2020-03/581208-omaha-004/581208-omaha-004-148.JPG	https://s3.amazonaws.com/NARAprodstorage/lz/dc-metro/rg-024/581208/2020-03/581208-omaha-004/581208-omaha-004-148.JPG	 					e	28	42	5	30.62	65	64	60	65		oc	cum nim	0				
1873-08-07	10	-30.31	-96.04	90		3		https://s3.amazonaws.com/NARAprodstorage/lz/dc-metro/rg-024/581208/2020-03/581208-omaha-004/581208-omaha-004-148.JPG	https://s3.amazonaws.com/NARAprodstorage/lz/dc-metro/rg-024/581208/2020-03/581208-omaha-004/581208-omaha-004-148.JPG	 					e	28	42	2	30.65	65	64	59	65		oc	cum nim	0				
1873-08-07	11	-30.32	-95.96	90		4.4		https://s3.amazonaws.com/NARAprodstorage/lz/dc-metro/rg-024/581208/2020-03/581208-omaha-004/581208-omaha-004-148.JPG	https://s3.amazonaws.com/NARAprodstorage/lz/dc-metro/rg-024/581208/2020-03/581208-omaha-004/581208-omaha-004-148.JPG	 					e	28	42	2	30.65	65	64	59	65		oc	cum nim	0				
1873-08-07	12	-30.33	-95.9	90		3		https://s3.amazonaws.com/NARAprodstorage/lz/dc-metro/rg-024/581208/2020-03/581208-omaha-004/581208-omaha-004-148.JPG	https://s3.amazonaws.com/NARAprodstorage/lz/dc-metro/rg-024/581208/2020-03/581208-omaha-004/581208-omaha-004-148.JPG	 			30 20S	95 54W	e	28	42	5	30.63	65	64	60	65		oc	cum nim	0				
1873-08-07	13	-30.37	-95.82	92.81		4		https://s3.amazonaws.com/NARAprodstorage/lz/dc-metro/rg-024/581208/2020-03/581208-omaha-004/581208-omaha-004-148.JPG	https://s3.amazonaws.com/NARAprodstorage/lz/dc-metro/rg-024/581208/2020-03/581208-omaha-004/581208-omaha-004-148.JPG	 					e1/4s	28	42	13	30.63	64	64	60	65		oc	cum nim	0				
1873-08-07	14	-30.4	-95.74	90		4		https://s3.amazonaws.com/NARAprodstorage/lz/dc-metro/rg-024/581208/2020-03/581208-omaha-004/581208-omaha-004-148.JPG	https://s3.amazonaws.com/NARAprodstorage/lz/dc-metro/rg-024/581208/2020-03/581208-omaha-004/581208-omaha-004-148.JPG	 					e	28	42	13	30.63	64	64	60	65		oc	cum nim	0				
1873-08-07	15	-30.43	-95.67	90		3.4		https://s3.amazonaws.com/NARAprodstorage/lz/dc-metro/rg-024/581208/2020-03/581208-omaha-004/581208-omaha-004-148.JPG	https://s3.amazonaws.com/NARAprodstorage/lz/dc-metro/rg-024/581208/2020-03/581208-omaha-004/581208-omaha-004-148.JPG	 					e	28	42	13	30.6	64	64	60	65		oc	cum nim	0				
1873-08-07	16	-30.45	-95.61	90		3		https://s3.amazonaws.com/NARAprodstorage/lz/dc-metro/rg-024/581208/2020-03/581208-omaha-004/581208-omaha-004-148.JPG	https://s3.amazonaws.com/NARAprodstorage/lz/dc-metro/rg-024/581208/2020-03/581208-omaha-004/581208-omaha-004-148.JPG	 					e	28	42	8	30.61	64	64	60	65		oc	cum nim	0				
1873-08-07	17	-30.48	-95.54	90		3.4		https://s3.amazonaws.com/NARAprodstorage/lz/dc-metro/rg-024/581208/2020-03/581208-omaha-004/581208-omaha-004-148.JPG	https://s3.amazonaws.com/NARAprodstorage/lz/dc-metro/rg-024/581208/2020-03/581208-omaha-004/581208-omaha-004-148.JPG	 					e	11	25	8	30.61	64	64	60	65		oc	cum nim	0				
1873-08-07	18	-30.51	-95.48	90		3.2		https://s3.amazonaws.com/NARAprodstorage/lz/dc-metro/rg-024/581208/2020-03/581208-omaha-004/581208-omaha-004-148.JPG	https://s3.amazonaws.com/NARAprodstorage/lz/dc-metro/rg-024/581208/2020-03/581208-omaha-004/581208-omaha-004-148.JPG	 					e	51	65	8	30.62	64	63	60	65		oc	cum nim	0				
1873-08-07	19	-30.53	-95.43	90		2		https://s3.amazonaws.com/NARAprodstorage/lz/dc-metro/rg-024/581208/2020-03/581208-omaha-004/581208-omaha-004-148.JPG	https://s3.amazonaws.com/NARAprodstorage/lz/dc-metro/rg-024/581208/2020-03/581208-omaha-004/581208-omaha-004-148.JPG	 					e	22	36	2	30.62	65	64	59	64		bc	cir cum nim	3				
1873-08-07	20	-30.55	-95.39	90		2		https://s3.amazonaws.com/NARAprodstorage/lz/dc-metro/rg-024/581208/2020-03/581208-omaha-004/581208-omaha-004-148.JPG	https://s3.amazonaws.com/NARAprodstorage/lz/dc-metro/rg-024/581208/2020-03/581208-omaha-004/581208-omaha-004-148.JPG	 					e	22	36	2	30.63	64	64	59	64		bc	cir cum nim	4				
1873-08-07	21	-30.57	-95.37	92.81		1		https://s3.amazonaws.com/NARAprodstorage/lz/dc-metro/rg-024/581208/2020-03/581208-omaha-004/581208-omaha-004-148.JPG	https://s3.amazonaws.com/NARAprodstorage/lz/dc-metro/rg-024/581208/2020-03/581208-omaha-004/581208-omaha-004-148.JPG	 					e1/4s	22	36	2	30.63	64	64	60	64		oc	cir cum nim	0				
1873-08-07	22	-30.59	-95.34	90		1		https://s3.amazonaws.com/NARAprodstorage/lz/dc-metro/rg-024/581208/2020-03/581208-omaha-004/581208-omaha-004-148.JPG	https://s3.amazonaws.com/NARAprodstorage/lz/dc-metro/rg-024/581208/2020-03/581208-omaha-004/581208-omaha-004-148.JPG	 					e	888	888	1	30.62	64	64	60	64		oc	cum nim	0				
1873-08-07	23	-30.6	-95.32	90		1		https://s3.amazonaws.com/NARAprodstorage/lz/dc-metro/rg-024/581208/2020-03/581208-omaha-004/581208-omaha-004-148.JPG	https://s3.amazonaws.com/NARAprodstorage/lz/dc-metro/rg-024/581208/2020-03/581208-omaha-004/581208-omaha-004-148.JPG	 					e	888	888	1	30.62	64	64	60	63		oc	cum	0				
1873-08-07	24	-30.62	-95.3	90		1		https://s3.amazonaws.com/NARAprodstorage/lz/dc-metro/rg-024/581208/2020-03/581208-omaha-004/581208-omaha-004-148.JPG	https://s3.amazonaws.com/NARAprodstorage/lz/dc-metro/rg-024/581208/2020-03/581208-omaha-004/581208-omaha-004-148.JPG	 					e	888	888	1	30.62	64	64	60	63		oc	cum	0				
1873-08-08	1	-30.63	-95.29			0		https://s3.amazonaws.com/NARAprodstorage/lz/dc-metro/rg-024/581208/2020-03/581208-omaha-004/581208-omaha-004-149.JPG	https://s3.amazonaws.com/NARAprodstorage/lz/dc-metro/rg-024/581208/2020-03/581208-omaha-004/581208-omaha-004-149.JPG	 					0	0	0	0	30.6	64	63	60	65		oc	cum nim	0				
1873-08-08	2	-30.65	-95.26	90		1.2		https://s3.amazonaws.com/NARAprodstorage/lz/dc-metro/rg-024/581208/2020-03/581208-omaha-004/581208-omaha-004-149.JPG	https://s3.amazonaws.com/NARAprodstorage/lz/dc-metro/rg-024/581208/2020-03/581208-omaha-004/581208-omaha-004-149.JPG	 					e	0	0	0	30.6	64	63	60	64		oc	cum nim	0				
1873-08-08	3	-30.68	-95.21	92.81		2.6		https://s3.amazonaws.com/NARAprodstorage/lz/dc-metro/rg-024/581208/2020-03/581208-omaha-004/581208-omaha-004-149.JPG	https://s3.amazonaws.com/NARAprodstorage/lz/dc-metro/rg-024/581208/2020-03/581208-omaha-004/581208-omaha-004-149.JPG	 					e1/4s	22	36	9	30.61	64	63	60	64		oc	cum nim	0				
1873-08-08	4	-30.73	-95.14	104.06		4		https://s3.amazonaws.com/NARAprodstorage/lz/dc-metro/rg-024/581208/2020-03/581208-omaha-004/581208-omaha-004-149.JPG	https://s3.amazonaws.com/NARAprodstorage/lz/dc-metro/rg-024/581208/2020-03/581208-omaha-004/581208-omaha-004-149.JPG	 					ese3/4e	34	48	13	30.61	64	63	60	64		oc	cum nim	0				
1873-08-08	5	-30.75	-95.08	92.81		2.6		https://s3.amazonaws.com/NARAprodstorage/lz/dc-metro/rg-024/581208/2020-03/581208-omaha-004/581208-omaha-004-149.JPG	https://s3.amazonaws.com/NARAprodstorage/lz/dc-metro/rg-024/581208/2020-03/581208-omaha-004/581208-omaha-004-149.JPG	 					e1/4s	22	36	5	30.62	64	63	60	64		oc	cum nim	0				
1873-08-08	6	-30.78	-95.02	90		3.2		https://s3.amazonaws.com/NARAprodstorage/lz/dc-metro/rg-024/581208/2020-03/581208-omaha-004/581208-omaha-004-149.JPG	https://s3.amazonaws.com/NARAprodstorage/lz/dc-metro/rg-024/581208/2020-03/581208-omaha-004/581208-omaha-004-149.JPG	 					e	22	36	8	30.62	64	63	60	64		oc	cum nim	0				
1873-08-08	7	-30.81	-94.95	90		3.4		https://s3.amazonaws.com/NARAprodstorage/lz/dc-metro/rg-024/581208/2020-03/581208-omaha-004/581208-omaha-004-149.JPG	https://s3.amazonaws.com/NARAprodstorage/lz/dc-metro/rg-024/581208/2020-03/581208-omaha-004/581208-omaha-004-149.JPG	 					e	22	36	8	30.63	65	63	59	64		bc	cum nim	0				
1873-08-08	8	-30.84	-94.89	95.62		3		https://s3.amazonaws.com/NARAprodstorage/lz/dc-metro/rg-024/581208/2020-03/581208-omaha-004/581208-omaha-004-149.JPG	https://s3.amazonaws.com/NARAprodstorage/lz/dc-metro/rg-024/581208/2020-03/581208-omaha-004/581208-omaha-004-149.JPG	 					e1/2s	28	42	8	30.63	65	63	59	64		bc	cum nim	0				
1873-08-08	9	-30.89	-94.84	123.75		3		https://s3.amazonaws.com/NARAprodstorage/lz/dc-metro/rg-024/581208/2020-03/581208-omaha-004/581208-omaha-004-149.JPG	https://s3.amazonaws.com/NARAprodstorage/lz/dc-metro/rg-024/581208/2020-03/581208-omaha-004/581208-omaha-004-149.JPG	 					sexe	28	42	5	30.63	65	63	59	64		bc	cum nim	0				
1873-08-08	10	-30.94	-94.8	123.75		3.4		https://s3.amazonaws.com/NARAprodstorage/lz/dc-metro/rg-024/581208/2020-03/581208-omaha-004/581208-omaha-004-149.JPG	https://s3.amazonaws.com/NARAprodstorage/lz/dc-metro/rg-024/581208/2020-03/581208-omaha-004/581208-omaha-004-149.JPG	 					sexe	28	42	5	30.61	65	63	59	64		bc	cum nim	5				
1873-08-08	11	-31	-94.73	118.12		4		https://s3.amazonaws.com/NARAprodstorage/lz/dc-metro/rg-024/581208/2020-03/581208-omaha-004/581208-omaha-004-149.JPG	https://s3.amazonaws.com/NARAprodstorage/lz/dc-metro/rg-024/581208/2020-03/581208-omaha-004/581208-omaha-004-149.JPG	 					sexe1/2e	45	59	5	30.61	65	63	59	64		bc	cum nim	4				
1873-08-08	12	-31.07	-94.65	112.5		5		https://s3.amazonaws.com/NARAprodstorage/lz/dc-metro/rg-024/581208/2020-03/581208-omaha-004/581208-omaha-004-149.JPG	https://s3.amazonaws.com/NARAprodstorage/lz/dc-metro/rg-024/581208/2020-03/581208-omaha-004/581208-omaha-004-149.JPG	 			31 4S	94 39W	ese	45	59	2	30.61	65	63	59	64		bc	cum nim	8				
1873-08-08	13	-31.12	-94.58	118.12		5		https://s3.amazonaws.com/NARAprodstorage/lz/dc-metro/rg-024/581208/2020-03/581208-omaha-004/581208-omaha-004-149.JPG	https://s3.amazonaws.com/NARAprodstorage/lz/dc-metro/rg-024/581208/2020-03/581208-omaha-004/581208-omaha-004-149.JPG	 					sexe1/2e	45	59	8	30.58	65	64	60	64		bc	ctr cir cum	9				
1873-08-08	14	-31.17	-94.49	106.88		5.4		https://s3.amazonaws.com/NARAprodstorage/lz/dc-metro/rg-024/581208/2020-03/581208-omaha-004/581208-omaha-004-149.JPG	https://s3.amazonaws.com/NARAprodstorage/lz/dc-metro/rg-024/581208/2020-03/581208-omaha-004/581208-omaha-004-149.JPG	 					ese1/2e	34	48	13	30.58	65	64	60	64		bc	ctr cir cum	8				
1873-08-08	15	-31.22	-94.4	106.88		5.4		https://s3.amazonaws.com/NARAprodstorage/lz/dc-metro/rg-024/581208/2020-03/581208-omaha-004/581208-omaha-004-149.JPG	https://s3.amazonaws.com/NARAprodstorage/lz/dc-metro/rg-024/581208/2020-03/581208-omaha-004/581208-omaha-004-149.JPG	 					ese1/2e	34	48	13	30.57	66	64	60	64		bc	ctr cir cum	7				
1873-08-08	16	-31.25	-94.3	95.62		5.4		https://s3.amazonaws.com/NARAprodstorage/lz/dc-metro/rg-024/581208/2020-03/581208-omaha-004/581208-omaha-004-149.JPG	https://s3.amazonaws.com/NARAprodstorage/lz/dc-metro/rg-024/581208/2020-03/581208-omaha-004/581208-omaha-004-149.JPG	 					e1/2s	28	42	13	30.57	66	64	60	64		bc	ctr cir cum	6				
1873-08-08	17	-31.28	-94.2	90		5.4		https://s3.amazonaws.com/NARAprodstorage/lz/dc-metro/rg-024/581208/2020-03/581208-omaha-004/581208-omaha-004-149.JPG	https://s3.amazonaws.com/NARAprodstorage/lz/dc-metro/rg-024/581208/2020-03/581208-omaha-004/581208-omaha-004-149.JPG	 					e	17	31	19	30.57	66	64	60	64		bc	ctr cir cum	2				
1873-08-08	18	-31.29	-94.14	90		3		https://s3.amazonaws.com/NARAprodstorage/lz/dc-metro/rg-024/581208/2020-03/581208-omaha-004/581208-omaha-004-149.JPG	https://s3.amazonaws.com/NARAprodstorage/lz/dc-metro/rg-024/581208/2020-03/581208-omaha-004/581208-omaha-004-149.JPG	 					e	888	888	5	30.57	66	64	60	64		oc	cum str	0				
1873-08-08	19	-31.3	-94.08	90		3		https://s3.amazonaws.com/NARAprodstorage/lz/dc-metro/rg-024/581208/2020-03/581208-omaha-004/581208-omaha-004-149.JPG	https://s3.amazonaws.com/NARAprodstorage/lz/dc-metro/rg-024/581208/2020-03/581208-omaha-004/581208-omaha-004-149.JPG	 					e	888	888	5	30.57	66	64	60	64		oc	cum str	0				
1873-08-08	20	-31.33	-94.02	101.25		3.4		https://s3.amazonaws.com/NARAprodstorage/lz/dc-metro/rg-024/581208/2020-03/581208-omaha-004/581208-omaha-004-149.JPG	https://s3.amazonaws.com/NARAprodstorage/lz/dc-metro/rg-024/581208/2020-03/581208-omaha-004/581208-omaha-004-149.JPG	 					exs	34	48	8	30.58	65	64	60	64		oc	cum str	0				
1873-08-08	21	-31.35	-93.92	92.81		5		https://s3.amazonaws.com/NARAprodstorage/lz/dc-metro/rg-024/581208/2020-03/581208-omaha-004/581208-omaha-004-149.JPG	https://s3.amazonaws.com/NARAprodstorage/lz/dc-metro/rg-024/581208/2020-03/581208-omaha-004/581208-omaha-004-149.JPG	 					e1/4s	22	36	5	30.6	64	63	60	64		bc	cir cum nim	3				
1873-08-08	22	-31.38	-93.81	90		6		https://s3.amazonaws.com/NARAprodstorage/lz/dc-metro/rg-024/581208/2020-03/581208-omaha-004/581208-omaha-004-149.JPG	https://s3.amazonaws.com/NARAprodstorage/lz/dc-metro/rg-024/581208/2020-03/581208-omaha-004/581208-omaha-004-149.JPG	 					e	22	36	13	30.59	65	63	60	64		bc	cir cum nim	4				
1873-08-08	23	-31.41	-93.71	95.62		5.4		https://s3.amazonaws.com/NARAprodstorage/lz/dc-metro/rg-024/581208/2020-03/581208-omaha-004/581208-omaha-004-149.JPG	https://s3.amazonaws.com/NARAprodstorage/lz/dc-metro/rg-024/581208/2020-03/581208-omaha-004/581208-omaha-004-149.JPG	 					e1/2s	22	36	8	30.58	65	63	60	64		bc	cir cum nim	4				
1873-08-08	24	-31.44	-93.63	95.62		4.4		https://s3.amazonaws.com/NARAprodstorage/lz/dc-metro/rg-024/581208/2020-03/581208-omaha-004/581208-omaha-004-149.JPG	https://s3.amazonaws.com/NARAprodstorage/lz/dc-metro/rg-024/581208/2020-03/581208-omaha-004/581208-omaha-004-149.JPG	 					e1/2s	22	36	8	30.58	64	63	60	64		bc	cir cum nim	4				
1873-08-09	1	-31.46	-93.54	90		4.4		https://s3.amazonaws.com/NARAprodstorage/lz/dc-metro/rg-024/581208/2020-03/581208-omaha-004/581208-omaha-004-150.JPG	https://s3.amazonaws.com/NARAprodstorage/lz/dc-metro/rg-024/581208/2020-03/581208-omaha-004/581208-omaha-004-150.JPG	 					e	11	25	8	30.56	64	62	57	64		oc	cum nim	0				
1873-08-09	2	-31.48	-93.45	90		4.6		https://s3.amazonaws.com/NARAprodstorage/lz/dc-metro/rg-024/581208/2020-03/581208-omaha-004/581208-omaha-004-150.JPG	https://s3.amazonaws.com/NARAprodstorage/lz/dc-metro/rg-024/581208/2020-03/581208-omaha-004/581208-omaha-004-150.JPG	 					e	11	25	8	30.56	64	62	57	64		oc	cum nim	0				
1873-08-09	3	-31.5	-93.34	90		6		https://s3.amazonaws.com/NARAprodstorage/lz/dc-metro/rg-024/581208/2020-03/581208-omaha-004/581208-omaha-004-150.JPG	https://s3.amazonaws.com/NARAprodstorage/lz/dc-metro/rg-024/581208/2020-03/581208-omaha-004/581208-omaha-004-150.JPG	 					e	354	8	13	30.53	64	62	60	63		oc	cum nim	0				
1873-08-09	4	-31.53	-93.22	90		6.2		https://s3.amazonaws.com/NARAprodstorage/lz/dc-metro/rg-024/581208/2020-03/581208-omaha-004/581208-omaha-004-150.JPG	https://s3.amazonaws.com/NARAprodstorage/lz/dc-metro/rg-024/581208/2020-03/581208-omaha-004/581208-omaha-004-150.JPG	 					e	45	59	19	30.53	64	62	60	63		oc	cum nim	0				
1873-08-09	5	-31.55	-93.12	90		5.4		https://s3.amazonaws.com/NARAprodstorage/lz/dc-metro/rg-024/581208/2020-03/581208-omaha-004/581208-omaha-004-150.JPG	https://s3.amazonaws.com/NARAprodstorage/lz/dc-metro/rg-024/581208/2020-03/581208-omaha-004/581208-omaha-004-150.JPG	 					e	0	0	13	30.48	64	62	60	63		oc	cum nim	0				
1873-08-09	6	-31.58	-93.02	90		5		https://s3.amazonaws.com/NARAprodstorage/lz/dc-metro/rg-024/581208/2020-03/581208-omaha-004/581208-omaha-004-150.JPG	https://s3.amazonaws.com/NARAprodstorage/lz/dc-metro/rg-024/581208/2020-03/581208-omaha-004/581208-omaha-004-150.JPG	 					e	0	0	13	30.48	64	62	60	63		oc	cum nim	0				
1873-08-09	7	-31.6	-92.94	90		4.2		https://s3.amazonaws.com/NARAprodstorage/lz/dc-metro/rg-024/581208/2020-03/581208-omaha-004/581208-omaha-004-150.JPG	https://s3.amazonaws.com/NARAprodstorage/lz/dc-metro/rg-024/581208/2020-03/581208-omaha-004/581208-omaha-004-150.JPG	 					e	0	0	13	30.48	64	62	60	63		oc	cum nim	0				
1873-08-09	8	-31.62	-92.84	90		5		https://s3.amazonaws.com/NARAprodstorage/lz/dc-metro/rg-024/581208/2020-03/581208-omaha-004/581208-omaha-004-150.JPG	https://s3.amazonaws.com/NARAprodstorage/lz/dc-metro/rg-024/581208/2020-03/581208-omaha-004/581208-omaha-004-150.JPG	 					e	326	340	13	30.5	64	62	60	63		oc	cum nim	0				
1873-08-09	9	-31.64	-92.74	90		5.4		https://s3.amazonaws.com/NARAprodstorage/lz/dc-metro/rg-024/581208/2020-03/581208-omaha-004/581208-omaha-004-150.JPG	https://s3.amazonaws.com/NARAprodstorage/lz/dc-metro/rg-024/581208/2020-03/581208-omaha-004/581208-omaha-004-150.JPG	0900: cc ENE1/2E.					e	315	329	13	30.52	64	63	61	63		oc	cum nim	0				
1873-08-09	10	-31.64	-92.64	73.12		5.2		https://s3.amazonaws.com/NARAprodstorage/lz/dc-metro/rg-024/581208/2020-03/581208-omaha-004/581208-omaha-004-150.JPG	https://s3.amazonaws.com/NARAprodstorage/lz/dc-metro/rg-024/581208/2020-03/581208-omaha-004/581208-omaha-004-150.JPG	 					ese1/2e	315	329	13	30.5	64	63	61	63		oc	cum nim	0				
1873-08-09	11	-31.64	-92.52	73.12		5.6		https://s3.amazonaws.com/NARAprodstorage/lz/dc-metro/rg-024/581208/2020-03/581208-omaha-004/581208-omaha-004-150.JPG	https://s3.amazonaws.com/NARAprodstorage/lz/dc-metro/rg-024/581208/2020-03/581208-omaha-004/581208-omaha-004-150.JPG	 					ese1/2e	326	342	13	30.5	64	63	61	63		oc	cum nim	0				
1873-08-09	12	-31.63	-92.42	73.12		5.4		https://s3.amazonaws.com/NARAprodstorage/lz/dc-metro/rg-024/581208/2020-03/581208-omaha-004/581208-omaha-004-150.JPG	https://s3.amazonaws.com/NARAprodstorage/lz/dc-metro/rg-024/581208/2020-03/581208-omaha-004/581208-omaha-004-150.JPG	 			31 38S	92 25W	ese1/2e	326	342	19	30.5	65	63	61	63		oc	cum nim	0				
1873-08-09	13	-31.64	-92.28	73.12		7		https://s3.amazonaws.com/NARAprodstorage/lz/dc-metro/rg-024/581208/2020-03/581208-omaha-004/581208-omaha-004-150.JPG	https://s3.amazonaws.com/NARAprodstorage/lz/dc-metro/rg-024/581208/2020-03/581208-omaha-004/581208-omaha-004-150.JPG	 					ese1/2e	315	331	19	30.49	65	64	61	63		oc	cir nim	0				
1873-08-09	14	-31.64	-92.14	73.12		6.6		https://s3.amazonaws.com/NARAprodstorage/lz/dc-metro/rg-024/581208/2020-03/581208-omaha-004/581208-omaha-004-150.JPG	https://s3.amazonaws.com/NARAprodstorage/lz/dc-metro/rg-024/581208/2020-03/581208-omaha-004/581208-omaha-004-150.JPG	 					ese1/2e	315	331	13	30.48	65	64	61	63		oc	cir nim	0				
1873-08-09	15	-31.65	-92	73.12		7		https://s3.amazonaws.com/NARAprodstorage/lz/dc-metro/rg-024/581208/2020-03/581208-omaha-004/581208-omaha-004-150.JPG	https://s3.amazonaws.com/NARAprodstorage/lz/dc-metro/rg-024/581208/2020-03/581208-omaha-004/581208-omaha-004-150.JPG	 					ese1/2e	315	331	19	30.48	65	64	61	63		bc	cir nim	0				
1873-08-09	16	-31.65	-91.86	73.12		7.4		https://s3.amazonaws.com/NARAprodstorage/lz/dc-metro/rg-024/581208/2020-03/581208-omaha-004/581208-omaha-004-150.JPG	https://s3.amazonaws.com/NARAprodstorage/lz/dc-metro/rg-024/581208/2020-03/581208-omaha-004/581208-omaha-004-150.JPG	 					ese1/2e	315	331	24	30.43	65	63	62	63		bc	cir str nim	4				
1873-08-09	17	-31.65	-91.7	73.12		8		https://s3.amazonaws.com/NARAprodstorage/lz/dc-metro/rg-024/581208/2020-03/581208-omaha-004/581208-omaha-004-150.JPG	https://s3.amazonaws.com/NARAprodstorage/lz/dc-metro/rg-024/581208/2020-03/581208-omaha-004/581208-omaha-004-150.JPG	 					ese1/2e	315	331	24	30.43	65	63	62	63		bc	cir str nim	3				
1873-08-09	18	-31.66	-91.54	73.12		8		https://s3.amazonaws.com/NARAprodstorage/lz/dc-metro/rg-024/581208/2020-03/581208-omaha-004/581208-omaha-004-150.JPG	https://s3.amazonaws.com/NARAprodstorage/lz/dc-metro/rg-024/581208/2020-03/581208-omaha-004/581208-omaha-004-150.JPG	 					ese1/2e	315	331	24	30.47	65	63	62	63		oc	cir str nim	0				
1873-08-09	19	-31.66	-91.37	73.12		8.2		https://s3.amazonaws.com/NARAprodstorage/lz/dc-metro/rg-024/581208/2020-03/581208-omaha-004/581208-omaha-004-150.JPG	https://s3.amazonaws.com/NARAprodstorage/lz/dc-metro/rg-024/581208/2020-03/581208-omaha-004/581208-omaha-004-150.JPG	 					ese1/2e	326	342	24	30.5	65	63	62	63		oc	cir str nim	0				
1873-08-09	20	-31.67	-91.19	73.12		9		https://s3.amazonaws.com/NARAprodstorage/lz/dc-metro/rg-024/581208/2020-03/581208-omaha-004/581208-omaha-004-150.JPG	https://s3.amazonaws.com/NARAprodstorage/lz/dc-metro/rg-024/581208/2020-03/581208-omaha-004/581208-omaha-004-150.JPG	 					ese1/2e	326	342	30	30.52	65	63	61	62		oc	cir str nim	0				
1873-08-09	21	-31.67	-91.03	73.12		8.4		https://s3.amazonaws.com/NARAprodstorage/lz/dc-metro/rg-024/581208/2020-03/581208-omaha-004/581208-omaha-004-150.JPG	https://s3.amazonaws.com/NARAprodstorage/lz/dc-metro/rg-024/581208/2020-03/581208-omaha-004/581208-omaha-004-150.JPG	 					ese1/2e	326	342	24	30.48	64	63	61	62		bc	cir str nim	8				
1873-08-09	22	-31.67	-90.87	73.12		8		https://s3.amazonaws.com/NARAprodstorage/lz/dc-metro/rg-024/581208/2020-03/581208-omaha-004/581208-omaha-004-150.JPG	https://s3.amazonaws.com/NARAprodstorage/lz/dc-metro/rg-024/581208/2020-03/581208-omaha-004/581208-omaha-004-150.JPG	 					ese1/2e	326	342	24	30.48	64	63	61	62		bc	cum nim	4				
1873-08-09	23	-31.68	-90.71	73.12		8		https://s3.amazonaws.com/NARAprodstorage/lz/dc-metro/rg-024/581208/2020-03/581208-omaha-004/581208-omaha-004-150.JPG	https://s3.amazonaws.com/NARAprodstorage/lz/dc-metro/rg-024/581208/2020-03/581208-omaha-004/581208-omaha-004-150.JPG	 					ese1/2e	326	342	24	30.47	64	63	61	62		bc	cum nim	2				
1873-08-09	24	-31.68	-90.56	73.12		7.6		https://s3.amazonaws.com/NARAprodstorage/lz/dc-metro/rg-024/581208/2020-03/581208-omaha-004/581208-omaha-004-150.JPG	https://s3.amazonaws.com/NARAprodstorage/lz/dc-metro/rg-024/581208/2020-03/581208-omaha-004/581208-omaha-004-150.JPG	 					ese1/2e	326	342	24	30.47	64	63	61	62		bc	cum nim	1				
1873-08-10	1	-31.69	-90.39	73.12		8.4		https://s3.amazonaws.com/NARAprodstorage/lz/dc-metro/rg-024/581208/2020-03/581208-omaha-004/581208-omaha-004-151.JPG	https://s3.amazonaws.com/NARAprodstorage/lz/dc-metro/rg-024/581208/2020-03/581208-omaha-004/581208-omaha-004-151.JPG	 					ene1/2e	360	16	24	30.4	63	61	60	59		bc	cir cum	3				
1873-08-10	2	-31.69	-90.24	73.12		7.6		https://s3.amazonaws.com/NARAprodstorage/lz/dc-metro/rg-024/581208/2020-03/581208-omaha-004/581208-omaha-004-151.JPG	https://s3.amazonaws.com/NARAprodstorage/lz/dc-metro/rg-024/581208/2020-03/581208-omaha-004/581208-omaha-004-151.JPG	 					ene1/2e	360	16	19	30.39	62	61	60	59		bc	cir cum	4				
1873-08-10	3	-31.69	-90.08	73.12		8		https://s3.amazonaws.com/NARAprodstorage/lz/dc-metro/rg-024/581208/2020-03/581208-omaha-004/581208-omaha-004-151.JPG	https://s3.amazonaws.com/NARAprodstorage/lz/dc-metro/rg-024/581208/2020-03/581208-omaha-004/581208-omaha-004-151.JPG	 					ene1/2e	360	16	24	30.38	62	61	60	62		bc	cir cum	3				
1873-08-10	4	-31.7	-89.93	73.12		7.4		https://s3.amazonaws.com/NARAprodstorage/lz/dc-metro/rg-024/581208/2020-03/581208-omaha-004/581208-omaha-004-151.JPG	https://s3.amazonaws.com/NARAprodstorage/lz/dc-metro/rg-024/581208/2020-03/581208-omaha-004/581208-omaha-004-151.JPG	 					ene1/2e	332	348	19	30.36	62	61	60	62		bc	cir cum	5				
1873-08-10	5	-31.7	-89.8	73.12		6.4		https://s3.amazonaws.com/NARAprodstorage/lz/dc-metro/rg-024/581208/2020-03/581208-omaha-004/581208-omaha-004-151.JPG	https://s3.amazonaws.com/NARAprodstorage/lz/dc-metro/rg-024/581208/2020-03/581208-omaha-004/581208-omaha-004-151.JPG	 					ene1/2e	338	354	10	30.36	62	61	60	62		bcr	cir cum nim	3				
1873-08-10	6	-31.71	-89.7	73.12		5		https://s3.amazonaws.com/NARAprodstorage/lz/dc-metro/rg-024/581208/2020-03/581208-omaha-004/581208-omaha-004-151.JPG	https://s3.amazonaws.com/NARAprodstorage/lz/dc-metro/rg-024/581208/2020-03/581208-omaha-004/581208-omaha-004-151.JPG	 					ene1/2e	343	359	13	30.36	63	61	60	62		ocr	cum nim	0				
1873-08-10	7	-31.71	-89.57	73.12		6.2		https://s3.amazonaws.com/NARAprodstorage/lz/dc-metro/rg-024/581208/2020-03/581208-omaha-004/581208-omaha-004-151.JPG	https://s3.amazonaws.com/NARAprodstorage/lz/dc-metro/rg-024/581208/2020-03/581208-omaha-004/581208-omaha-004-151.JPG	 					ene1/2e	360	16	13	30.36	64	61	60	61		bc	cir cum nim	3				
1873-08-10	8	-31.72	-89.45	73.12		6.2		https://s3.amazonaws.com/NARAprodstorage/lz/dc-metro/rg-024/581208/2020-03/581208-omaha-004/581208-omaha-004-151.JPG	https://s3.amazonaws.com/NARAprodstorage/lz/dc-metro/rg-024/581208/2020-03/581208-omaha-004/581208-omaha-004-151.JPG	 					ene1/2e	360	16	19	30.36	64	62	60	61		bc	cir cum nim	1				
1873-08-10	9	-31.72	-89.32	73.12		6.4		https://s3.amazonaws.com/NARAprodstorage/lz/dc-metro/rg-024/581208/2020-03/581208-omaha-004/581208-omaha-004-151.JPG	https://s3.amazonaws.com/NARAprodstorage/lz/dc-metro/rg-024/581208/2020-03/581208-omaha-004/581208-omaha-004-151.JPG	 					ene1/2e	360	16	19	30.37	64	62	60	61		bc	cir cum nim	2				
1873-08-10	10	-31.73	-89.19	73.12		6.6		https://s3.amazonaws.com/NARAprodstorage/lz/dc-metro/rg-024/581208/2020-03/581208-omaha-004/581208-omaha-004-151.JPG	https://s3.amazonaws.com/NARAprodstorage/lz/dc-metro/rg-024/581208/2020-03/581208-omaha-004/581208-omaha-004-151.JPG	 					ene1/2e	360	16	24	30.37	64	62	60	61		bc	cir cum nim	2				
1873-08-10	11	-31.73	-89.04	73.12		7.6		https://s3.amazonaws.com/NARAprodstorage/lz/dc-metro/rg-024/581208/2020-03/581208-omaha-004/581208-omaha-004-151.JPG	https://s3.amazonaws.com/NARAprodstorage/lz/dc-metro/rg-024/581208/2020-03/581208-omaha-004/581208-omaha-004-151.JPG	 					ene1/2e	360	16	24	30.37	64	62	60	61		bc	cir cum nim	1				
1873-08-10	12	-31.73	-88.88	73.12		7.6		https://s3.amazonaws.com/NARAprodstorage/lz/dc-metro/rg-024/581208/2020-03/581208-omaha-004/581208-omaha-004-151.JPG	https://s3.amazonaws.com/NARAprodstorage/lz/dc-metro/rg-024/581208/2020-03/581208-omaha-004/581208-omaha-004-151.JPG	 			31 44S	88 53W	ene1/2e	338	354	24	30.37	65	63	61	61		bc	cum nim	1				
1873-08-10	13	-31.74	-88.74	73.12		7.4		https://s3.amazonaws.com/NARAprodstorage/lz/dc-metro/rg-024/581208/2020-03/581208-omaha-004/581208-omaha-004-151.JPG	https://s3.amazonaws.com/NARAprodstorage/lz/dc-metro/rg-024/581208/2020-03/581208-omaha-004/581208-omaha-004-151.JPG	1300: cc ENE1/4E.					ene1/2e	343	359	24	30.4	64	63	61	61		bc	cum nim	1				
1873-08-10	14	-31.74	-88.58	70.31		8		https://s3.amazonaws.com/NARAprodstorage/lz/dc-metro/rg-024/581208/2020-03/581208-omaha-004/581208-omaha-004-151.JPG	https://s3.amazonaws.com/NARAprodstorage/lz/dc-metro/rg-024/581208/2020-03/581208-omaha-004/581208-omaha-004-151.JPG	 					ene1/4e	354	10	30	30.4	64	63	61	61		oc	cum nim	0				
1873-08-10	15	-31.73	-88.4	70.31		8.6		https://s3.amazonaws.com/NARAprodstorage/lz/dc-metro/rg-024/581208/2020-03/581208-omaha-004/581208-omaha-004-151.JPG	https://s3.amazonaws.com/NARAprodstorage/lz/dc-metro/rg-024/581208/2020-03/581208-omaha-004/581208-omaha-004-151.JPG	 					ene1/4e	354	10	30	30.38	64	63	61	61		oc	cum nim	0				
1873-08-10	16	-31.73	-88.22	70.31		9.2		https://s3.amazonaws.com/NARAprodstorage/lz/dc-metro/rg-024/581208/2020-03/581208-omaha-004/581208-omaha-004-151.JPG	https://s3.amazonaws.com/NARAprodstorage/lz/dc-metro/rg-024/581208/2020-03/581208-omaha-004/581208-omaha-004-151.JPG	 					ene1/4e	354	10	37	30.38	64	63	61	61		oc	cum nim	0				
1873-08-10	17	-31.73	-88.04	70.31		9		https://s3.amazonaws.com/NARAprodstorage/lz/dc-metro/rg-024/581208/2020-03/581208-omaha-004/581208-omaha-004-151.JPG	https://s3.amazonaws.com/NARAprodstorage/lz/dc-metro/rg-024/581208/2020-03/581208-omaha-004/581208-omaha-004-151.JPG	 					ene1/4e	360	16	37	30.26	63	62	60	61		bc	cum nim	0				
1873-08-10	18	-31.72	-87.85	70.31		9.6		https://s3.amazonaws.com/NARAprodstorage/lz/dc-metro/rg-024/581208/2020-03/581208-omaha-004/581208-omaha-004-151.JPG	https://s3.amazonaws.com/NARAprodstorage/lz/dc-metro/rg-024/581208/2020-03/581208-omaha-004/581208-omaha-004-151.JPG	 					ene1/4e	360	16	37	30.27	63	62	60	61		bc	cum nim	0				
1873-08-10	19	-31.72	-87.67	70.31		9.2		https://s3.amazonaws.com/NARAprodstorage/lz/dc-metro/rg-024/581208/2020-03/581208-omaha-004/581208-omaha-004-151.JPG	https://s3.amazonaws.com/NARAprodstorage/lz/dc-metro/rg-024/581208/2020-03/581208-omaha-004/581208-omaha-004-151.JPG	 					ene1/4e	354	10	30	30.27	63	62	60	61		oc	cum nim	0				
1873-08-10	20	-31.72	-87.49	70.31		8.6		https://s3.amazonaws.com/NARAprodstorage/lz/dc-metro/rg-024/581208/2020-03/581208-omaha-004/581208-omaha-004-151.JPG	https://s3.amazonaws.com/NARAprodstorage/lz/dc-metro/rg-024/581208/2020-03/581208-omaha-004/581208-omaha-004-151.JPG	 					ene1/4e	354	10	30	30.27	63	62	60	61		bc	cum nim	1				
1873-08-10	21	-31.72	-87.33	70.31		8		https://s3.amazonaws.com/NARAprodstorage/lz/dc-metro/rg-024/581208/2020-03/581208-omaha-004/581208-omaha-004-151.JPG	https://s3.amazonaws.com/NARAprodstorage/lz/dc-metro/rg-024/581208/2020-03/581208-omaha-004/581208-omaha-004-151.JPG	 					ene1/4e	354	10	24	30.27	63	62	60	60		oc	cum nim	0				
1873-08-10	22	-31.71	-87.16	70.31		9		https://s3.amazonaws.com/NARAprodstorage/lz/dc-metro/rg-024/581208/2020-03/581208-omaha-004/581208-omaha-004-151.JPG	https://s3.amazonaws.com/NARAprodstorage/lz/dc-metro/rg-024/581208/2020-03/581208-omaha-004/581208-omaha-004-151.JPG	 					ene1/4e	354	10	30	30.27	63	62	60	60		bc	cum nim	1				
1873-08-10	23	-31.71	-86.99	70.31		8.4		https://s3.amazonaws.com/NARAprodstorage/lz/dc-metro/rg-024/581208/2020-03/581208-omaha-004/581208-omaha-004-151.JPG	https://s3.amazonaws.com/NARAprodstorage/lz/dc-metro/rg-024/581208/2020-03/581208-omaha-004/581208-omaha-004-151.JPG	 					ene1/4e	354	10	24	30.24	63	62	60	60		bc	cum nim	1				
1873-08-10	24	-31.71	-86.84	70.31		7.6		https://s3.amazonaws.com/NARAprodstorage/lz/dc-metro/rg-024/581208/2020-03/581208-omaha-004/581208-omaha-004-151.JPG	https://s3.amazonaws.com/NARAprodstorage/lz/dc-metro/rg-024/581208/2020-03/581208-omaha-004/581208-omaha-004-151.JPG	 					ene1/4e	349	5	24	30.21	63	62	60	60		bc	cum nim	1				
1873-08-11	1	-31.71	-86.68	70.31		7.6		https://s3.amazonaws.com/NARAprodstorage/lz/dc-metro/rg-024/581208/2020-03/581208-omaha-004/581208-omaha-004-152.JPG	https://s3.amazonaws.com/NARAprodstorage/lz/dc-metro/rg-024/581208/2020-03/581208-omaha-004/581208-omaha-004-152.JPG	 					ene1/4e	354	10	24	30.21	63	62	60	60		bc	cum nim	1				
1873-08-11	2	-31.71	-86.53	70.31		7.6		https://s3.amazonaws.com/NARAprodstorage/lz/dc-metro/rg-024/581208/2020-03/581208-omaha-004/581208-omaha-004-152.JPG	https://s3.amazonaws.com/NARAprodstorage/lz/dc-metro/rg-024/581208/2020-03/581208-omaha-004/581208-omaha-004-152.JPG	 					ene1/4e	349	5	24	30.19	62	61	59	60		oc	cum nim	1				
1873-08-11	3	-31.71	-86.39	70.31		7.2		https://s3.amazonaws.com/NARAprodstorage/lz/dc-metro/rg-024/581208/2020-03/581208-omaha-004/581208-omaha-004-152.JPG	https://s3.amazonaws.com/NARAprodstorage/lz/dc-metro/rg-024/581208/2020-03/581208-omaha-004/581208-omaha-004-152.JPG	 					ene1/4e	349	5	24	30.19	62	61	59	60		bc	cum nim	1				
1873-08-11	4	-31.71	-86.26	70.31		6.2		https://s3.amazonaws.com/NARAprodstorage/lz/dc-metro/rg-024/581208/2020-03/581208-omaha-004/581208-omaha-004-152.JPG	https://s3.amazonaws.com/NARAprodstorage/lz/dc-metro/rg-024/581208/2020-03/581208-omaha-004/581208-omaha-004-152.JPG	 					ene1/4e	349	5	19	30.18	62	61	59	60		bc	cum nim	1				
1873-08-11	5	-31.71	-86.14	70.31		6		https://s3.amazonaws.com/NARAprodstorage/lz/dc-metro/rg-024/581208/2020-03/581208-omaha-004/581208-omaha-004-152.JPG	https://s3.amazonaws.com/NARAprodstorage/lz/dc-metro/rg-024/581208/2020-03/581208-omaha-004/581208-omaha-004-152.JPG	 					ene1/4e	360	16	19	30.16	60	61	61	60		bc	cum nim	3				
1873-08-11	6	-31.71	-86	70.31		7		https://s3.amazonaws.com/NARAprodstorage/lz/dc-metro/rg-024/581208/2020-03/581208-omaha-004/581208-omaha-004-152.JPG	https://s3.amazonaws.com/NARAprodstorage/lz/dc-metro/rg-024/581208/2020-03/581208-omaha-004/581208-omaha-004-152.JPG	 					ene1/4e	360	16	19	30.16	61	61	60	61		bc	cum nim	3				
1873-08-11	7	-31.73	-85.84	78.75		8		https://s3.amazonaws.com/NARAprodstorage/lz/dc-metro/rg-024/581208/2020-03/581208-omaha-004/581208-omaha-004-152.JPG	https://s3.amazonaws.com/NARAprodstorage/lz/dc-metro/rg-024/581208/2020-03/581208-omaha-004/581208-omaha-004-152.JPG	 					exn	360	16	24	30.16	63	61	61	61		bc	cum nim	4				
1873-08-11	8	-31.77	-85.68	90		8.2		https://s3.amazonaws.com/NARAprodstorage/lz/dc-metro/rg-024/581208/2020-03/581208-omaha-004/581208-omaha-004-152.JPG	https://s3.amazonaws.com/NARAprodstorage/lz/dc-metro/rg-024/581208/2020-03/581208-omaha-004/581208-omaha-004-152.JPG	 					e	360	16	24	30.16	63	61	61	61		bc	cum nim	4				
1873-08-11	9	-31.77	-85.54	70.31		7		https://s3.amazonaws.com/NARAprodstorage/lz/dc-metro/rg-024/581208/2020-03/581208-omaha-004/581208-omaha-004-152.JPG	https://s3.amazonaws.com/NARAprodstorage/lz/dc-metro/rg-024/581208/2020-03/581208-omaha-004/581208-omaha-004-152.JPG	 					ene1/4e	360	16	24	30.16	63	61	61	61		ocq	cum nim	0				
1873-08-11	10	-31.77	-85.4	70.31		7		https://s3.amazonaws.com/NARAprodstorage/lz/dc-metro/rg-024/581208/2020-03/581208-omaha-004/581208-omaha-004-152.JPG	https://s3.amazonaws.com/NARAprodstorage/lz/dc-metro/rg-024/581208/2020-03/581208-omaha-004/581208-omaha-004-152.JPG	 					ene1/4e	360	16	30	30.17	63	61	61	61		oc	cum nim	0				
1873-08-11	11	-31.77	-85.24	70.31		8.4		https://s3.amazonaws.com/NARAprodstorage/lz/dc-metro/rg-024/581208/2020-03/581208-omaha-004/581208-omaha-004-152.JPG	https://s3.amazonaws.com/NARAprodstorage/lz/dc-metro/rg-024/581208/2020-03/581208-omaha-004/581208-omaha-004-152.JPG	 					ene1/4e	349	5	37	30.17	63	62	61	62		ocqr	nim	0				
1873-08-11	12	-31.77	-85.13	70.31		5		https://s3.amazonaws.com/NARAprodstorage/lz/dc-metro/rg-024/581208/2020-03/581208-omaha-004/581208-omaha-004-152.JPG	https://s3.amazonaws.com/NARAprodstorage/lz/dc-metro/rg-024/581208/2020-03/581208-omaha-004/581208-omaha-004-152.JPG	 			31 46S	85 8W	ene1/4e	349	5	30	30.15	63	62	61	62		bc	cum nim	4				
1873-08-11	13	-31.76	-84.99	67.5		7.6		https://s3.amazonaws.com/NARAprodstorage/lz/dc-metro/rg-024/581208/2020-03/581208-omaha-004/581208-omaha-004-152.JPG	https://s3.amazonaws.com/NARAprodstorage/lz/dc-metro/rg-024/581208/2020-03/581208-omaha-004/581208-omaha-004-152.JPG	 					ene	349	5	24	30.14	64	62	61	61		bc	cum nim	3				
1873-08-11	14	-31.76	-84.83	67.5		8		https://s3.amazonaws.com/NARAprodstorage/lz/dc-metro/rg-024/581208/2020-03/581208-omaha-004/581208-omaha-004-152.JPG	https://s3.amazonaws.com/NARAprodstorage/lz/dc-metro/rg-024/581208/2020-03/581208-omaha-004/581208-omaha-004-152.JPG	 					ene	349	5	24	30.1	64	62	61	61		bc	cum nim	3				
1873-08-11	15	-31.75	-84.69	67.5		7		https://s3.amazonaws.com/NARAprodstorage/lz/dc-metro/rg-024/581208/2020-03/581208-omaha-004/581208-omaha-004-152.JPG	https://s3.amazonaws.com/NARAprodstorage/lz/dc-metro/rg-024/581208/2020-03/581208-omaha-004/581208-omaha-004-152.JPG	 					ene	349	5	30	30.1	64	60	61	61		bc	cum nim	3				
1873-08-11	16	-31.75	-84.58	67.5		5.6		https://s3.amazonaws.com/NARAprodstorage/lz/dc-metro/rg-024/581208/2020-03/581208-omaha-004/581208-omaha-004-152.JPG	https://s3.amazonaws.com/NARAprodstorage/lz/dc-metro/rg-024/581208/2020-03/581208-omaha-004/581208-omaha-004-152.JPG	 					ene	349	5	19	30.1	64	61	62	61		bc	cum nim	3				
1873-08-11	17	-31.75	-84.46	67.5		6.4		https://s3.amazonaws.com/NARAprodstorage/lz/dc-metro/rg-024/581208/2020-03/581208-omaha-004/581208-omaha-004-152.JPG	https://s3.amazonaws.com/NARAprodstorage/lz/dc-metro/rg-024/581208/2020-03/581208-omaha-004/581208-omaha-004-152.JPG	 					ene	349	5	19	30.1	64	60	60	61		bcq	cum nim	5				
1873-08-11	18	-31.74	-84.3	67.5		8		https://s3.amazonaws.com/NARAprodstorage/lz/dc-metro/rg-024/581208/2020-03/581208-omaha-004/581208-omaha-004-152.JPG	https://s3.amazonaws.com/NARAprodstorage/lz/dc-metro/rg-024/581208/2020-03/581208-omaha-004/581208-omaha-004-152.JPG	 					ene	349	5	30	30.1	64	60	60	61		ocqr	nim	0				
1873-08-11	19	-31.74	-84.16	67.5		7.4		https://s3.amazonaws.com/NARAprodstorage/lz/dc-metro/rg-024/581208/2020-03/581208-omaha-004/581208-omaha-004-152.JPG	https://s3.amazonaws.com/NARAprodstorage/lz/dc-metro/rg-024/581208/2020-03/581208-omaha-004/581208-omaha-004-152.JPG	 					ene	349	5	30	30.12	62	61	60	60		ocqr	nim	0				
1873-08-11	20	-31.73	-84.02	67.5		7		https://s3.amazonaws.com/NARAprodstorage/lz/dc-metro/rg-024/581208/2020-03/581208-omaha-004/581208-omaha-004-152.JPG	https://s3.amazonaws.com/NARAprodstorage/lz/dc-metro/rg-024/581208/2020-03/581208-omaha-004/581208-omaha-004-152.JPG	 					ene	349	5	30	30.12	62	62	61	61		bcqd	nim	5				
1873-08-11	21	-31.73	-83.89	67.5		7		https://s3.amazonaws.com/NARAprodstorage/lz/dc-metro/rg-024/581208/2020-03/581208-omaha-004/581208-omaha-004-152.JPG	https://s3.amazonaws.com/NARAprodstorage/lz/dc-metro/rg-024/581208/2020-03/581208-omaha-004/581208-omaha-004-152.JPG	 					ene	349	5	30	30.13	62	61	60	61		bcqr	nim	4				
1873-08-11	22	-31.72	-83.76	67.5		6.4		https://s3.amazonaws.com/NARAprodstorage/lz/dc-metro/rg-024/581208/2020-03/581208-omaha-004/581208-omaha-004-152.JPG	https://s3.amazonaws.com/NARAprodstorage/lz/dc-metro/rg-024/581208/2020-03/581208-omaha-004/581208-omaha-004-152.JPG	 					ene	349	5	24	30.13	62	61	60	60		bcq	cum nim	3				
1873-08-11	23	-31.72	-83.64	67.5		6		https://s3.amazonaws.com/NARAprodstorage/lz/dc-metro/rg-024/581208/2020-03/581208-omaha-004/581208-omaha-004-152.JPG	https://s3.amazonaws.com/NARAprodstorage/lz/dc-metro/rg-024/581208/2020-03/581208-omaha-004/581208-omaha-004-152.JPG	 					ene	349	5	21	30.13	62	61	60	60		ocqr	nim	0				
1873-08-11	24	-31.72	-83.53	67.5		6		https://s3.amazonaws.com/NARAprodstorage/lz/dc-metro/rg-024/581208/2020-03/581208-omaha-004/581208-omaha-004-152.JPG	https://s3.amazonaws.com/NARAprodstorage/lz/dc-metro/rg-024/581208/2020-03/581208-omaha-004/581208-omaha-004-152.JPG	 					ene	349	5	24	30.13	62	61	60	60		bcq	nim	2				
1873-08-12	1	-31.72	-83.41	67.5		6		https://s3.amazonaws.com/NARAprodstorage/lz/dc-metro/rg-024/581208/2020-03/581208-omaha-004/581208-omaha-004-153.JPG	https://s3.amazonaws.com/NARAprodstorage/lz/dc-metro/rg-024/581208/2020-03/581208-omaha-004/581208-omaha-004-153.JPG	 					ene	349	5	24	30.1	62	61	60	60		bcq	cum nim	2				
1873-08-12	2	-31.71	-83.28	67.5		6.6		https://s3.amazonaws.com/NARAprodstorage/lz/dc-metro/rg-024/581208/2020-03/581208-omaha-004/581208-omaha-004-153.JPG	https://s3.amazonaws.com/NARAprodstorage/lz/dc-metro/rg-024/581208/2020-03/581208-omaha-004/581208-omaha-004-153.JPG	 					ene	349	5	21	30.07	62	61	60	60		bcq	cum nim	3				
1873-08-12	3	-31.71	-83.14	67.5		7.2		https://s3.amazonaws.com/NARAprodstorage/lz/dc-metro/rg-024/581208/2020-03/581208-omaha-004/581208-omaha-004-153.JPG	https://s3.amazonaws.com/NARAprodstorage/lz/dc-metro/rg-024/581208/2020-03/581208-omaha-004/581208-omaha-004-153.JPG	 					ene	349	5	24	30.05	62	61	60	60		bcq	cum nim	1				
1873-08-12	4	-31.72	-83	73.12		7		https://s3.amazonaws.com/NARAprodstorage/lz/dc-metro/rg-024/581208/2020-03/581208-omaha-004/581208-omaha-004-153.JPG	https://s3.amazonaws.com/NARAprodstorage/lz/dc-metro/rg-024/581208/2020-03/581208-omaha-004/581208-omaha-004-153.JPG	 					ene1/2e	349	5	24	30.05	62	61	60	60		bcqr	nimb	1				
1873-08-12	5	-31.74	-82.84	78.75		8.4		https://s3.amazonaws.com/NARAprodstorage/lz/dc-metro/rg-024/581208/2020-03/581208-omaha-004/581208-omaha-004-153.JPG	https://s3.amazonaws.com/NARAprodstorage/lz/dc-metro/rg-024/581208/2020-03/581208-omaha-004/581208-omaha-004-153.JPG	 					exn	360	16	30	30.07	62	61	60	60		ocq	nimb	0				
1873-08-12	6	-31.77	-82.68	84.38		8.2		https://s3.amazonaws.com/NARAprodstorage/lz/dc-metro/rg-024/581208/2020-03/581208-omaha-004/581208-omaha-004-153.JPG	https://s3.amazonaws.com/NARAprodstorage/lz/dc-metro/rg-024/581208/2020-03/581208-omaha-004/581208-omaha-004-153.JPG	 					e1/2n	360	16	30	30.07	62	61	59	60		bcq	nim cum	4				
1873-08-12	7	-31.8	-82.54	84.38		7.4		https://s3.amazonaws.com/NARAprodstorage/lz/dc-metro/rg-024/581208/2020-03/581208-omaha-004/581208-omaha-004-153.JPG	https://s3.amazonaws.com/NARAprodstorage/lz/dc-metro/rg-024/581208/2020-03/581208-omaha-004/581208-omaha-004-153.JPG	 					e1/2n	360	16	24	30.07	62	61	59	60		bcq	nim cum	6				
1873-08-12	8	-31.83	-82.41	84.38		6.6		https://s3.amazonaws.com/NARAprodstorage/lz/dc-metro/rg-024/581208/2020-03/581208-omaha-004/581208-omaha-004-153.JPG	https://s3.amazonaws.com/NARAprodstorage/lz/dc-metro/rg-024/581208/2020-03/581208-omaha-004/581208-omaha-004-153.JPG	 					e1/2n	360	16	24	30.09	62	61	59	60		bcq	nim cum	4				
1873-08-12	9	-31.86	-82.27	84.38		7.2		https://s3.amazonaws.com/NARAprodstorage/lz/dc-metro/rg-024/581208/2020-03/581208-omaha-004/581208-omaha-004-153.JPG	https://s3.amazonaws.com/NARAprodstorage/lz/dc-metro/rg-024/581208/2020-03/581208-omaha-004/581208-omaha-004-153.JPG	 					e1/2n	360	16	24	30.06	62	61	59	60		bc	cir cum	5				
1873-08-12	10	-31.87	-82.13	75.94		7		https://s3.amazonaws.com/NARAprodstorage/lz/dc-metro/rg-024/581208/2020-03/581208-omaha-004/581208-omaha-004-153.JPG	https://s3.amazonaws.com/NARAprodstorage/lz/dc-metro/rg-024/581208/2020-03/581208-omaha-004/581208-omaha-004-153.JPG	 					ene3/4e	349	5	24	30.06	64	63	59	60		bc	cir cum	5				
1873-08-12	11	-31.89	-81.99	75.94		7.2		https://s3.amazonaws.com/NARAprodstorage/lz/dc-metro/rg-024/581208/2020-03/581208-omaha-004/581208-omaha-004-153.JPG	https://s3.amazonaws.com/NARAprodstorage/lz/dc-metro/rg-024/581208/2020-03/581208-omaha-004/581208-omaha-004-153.JPG	 					ene3/4e	349	5	24	30.1	64	60	57	60		bc	cir cum	7				
1873-08-12	12	-31.9	-81.87	75.94		6.4		https://s3.amazonaws.com/NARAprodstorage/lz/dc-metro/rg-024/581208/2020-03/581208-omaha-004/581208-omaha-004-153.JPG	https://s3.amazonaws.com/NARAprodstorage/lz/dc-metro/rg-024/581208/2020-03/581208-omaha-004/581208-omaha-004-153.JPG	Noon: cc NExE.			31 54S	81 52W	ene3/4e	349	5	24	30.1	64	60	57	60		bc	cir cum	8				
1873-08-12	13	-31.92	-81.71	75.94		8		https://s3.amazonaws.com/NARAprodstorage/lz/dc-metro/rg-024/581208/2020-03/581208-omaha-004/581208-omaha-004-153.JPG	https://s3.amazonaws.com/NARAprodstorage/lz/dc-metro/rg-024/581208/2020-03/581208-omaha-004/581208-omaha-004-153.JPG	 					ene3/4e	360	16	24	30.08	64	60	57	60		bc	cir cum	4				
1873-08-12	14	-31.93	-81.57	75.94		7.4		https://s3.amazonaws.com/NARAprodstorage/lz/dc-metro/rg-024/581208/2020-03/581208-omaha-004/581208-omaha-004-153.JPG	https://s3.amazonaws.com/NARAprodstorage/lz/dc-metro/rg-024/581208/2020-03/581208-omaha-004/581208-omaha-004-153.JPG	 					ene3/4e	360	16	24	30.07	64	60	57	60		bc	cum nim	1				
1873-08-12	15	-31.95	-81.42	75.94		8		https://s3.amazonaws.com/NARAprodstorage/lz/dc-metro/rg-024/581208/2020-03/581208-omaha-004/581208-omaha-004-153.JPG	https://s3.amazonaws.com/NARAprodstorage/lz/dc-metro/rg-024/581208/2020-03/581208-omaha-004/581208-omaha-004-153.JPG	 					ene3/4e	349	5	24	30.07	64	60	57	60		bc	cum nim	1				
1873-08-12	16	-31.94	-81.26	67.5		8		https://s3.amazonaws.com/NARAprodstorage/lz/dc-metro/rg-024/581208/2020-03/581208-omaha-004/581208-omaha-004-153.JPG	https://s3.amazonaws.com/NARAprodstorage/lz/dc-metro/rg-024/581208/2020-03/581208-omaha-004/581208-omaha-004-153.JPG	 					ene	349	5	24	30.07	64	60	57	60		bc	cum nim	1				
1873-08-12	17	-31.96	-81.11	78.75		8		https://s3.amazonaws.com/NARAprodstorage/lz/dc-metro/rg-024/581208/2020-03/581208-omaha-004/581208-omaha-004-153.JPG	https://s3.amazonaws.com/NARAprodstorage/lz/dc-metro/rg-024/581208/2020-03/581208-omaha-004/581208-omaha-004-153.JPG	 					exn	360	16	24	30.05	64	60	57	60		oc	cum nim	0				
1873-08-12	18	-31.97	-80.95	73.12		8.4		https://s3.amazonaws.com/NARAprodstorage/lz/dc-metro/rg-024/581208/2020-03/581208-omaha-004/581208-omaha-004-153.JPG	https://s3.amazonaws.com/NARAprodstorage/lz/dc-metro/rg-024/581208/2020-03/581208-omaha-004/581208-omaha-004-153.JPG	 					exn1/2n	354	10	30	30.05	64	60	57	60		bc	cum nim	2				
1873-08-12	19	-31.99	-80.78	75.94		8.4		https://s3.amazonaws.com/NARAprodstorage/lz/dc-metro/rg-024/581208/2020-03/581208-omaha-004/581208-omaha-004-153.JPG	https://s3.amazonaws.com/NARAprodstorage/lz/dc-metro/rg-024/581208/2020-03/581208-omaha-004/581208-omaha-004-153.JPG	 					ene3/4e	354	10	30	30.08	64	60	57	59		bc	cum nim	1				
1873-08-12	20	-32	-80.62	73.12		8.4		https://s3.amazonaws.com/NARAprodstorage/lz/dc-metro/rg-024/581208/2020-03/581208-omaha-004/581208-omaha-004-153.JPG	https://s3.amazonaws.com/NARAprodstorage/lz/dc-metro/rg-024/581208/2020-03/581208-omaha-004/581208-omaha-004-153.JPG	 					ene1/2e	354	10	30	30.08	64	60	57	59		bc	cum nim	3				
1873-08-12	21	-32	-80.47	70.31		8		https://s3.amazonaws.com/NARAprodstorage/lz/dc-metro/rg-024/581208/2020-03/581208-omaha-004/581208-omaha-004-153.JPG	https://s3.amazonaws.com/NARAprodstorage/lz/dc-metro/rg-024/581208/2020-03/581208-omaha-004/581208-omaha-004-153.JPG	 					ene1/4e	349	5	30	30.07	62	59	57	59		bc	cum nim	3				
1873-08-12	22	-32.02	-80.31	75.94		8		https://s3.amazonaws.com/NARAprodstorage/lz/dc-metro/rg-024/581208/2020-03/581208-omaha-004/581208-omaha-004-153.JPG	https://s3.amazonaws.com/NARAprodstorage/lz/dc-metro/rg-024/581208/2020-03/581208-omaha-004/581208-omaha-004-153.JPG	 					ene3/4e	360	16	30	30.06	62	59	57	59		bc	cum nim	4				
1873-08-12	23	-32.03	-80.15	75.94		8.4		https://s3.amazonaws.com/NARAprodstorage/lz/dc-metro/rg-024/581208/2020-03/581208-omaha-004/581208-omaha-004-153.JPG	https://s3.amazonaws.com/NARAprodstorage/lz/dc-metro/rg-024/581208/2020-03/581208-omaha-004/581208-omaha-004-153.JPG	 					ene3/4e	11	27	30	30.06	61	58	57	59		bc	nim	4				
1873-08-12	24	-32.03	-79.98	70.31		9		https://s3.amazonaws.com/NARAprodstorage/lz/dc-metro/rg-024/581208/2020-03/581208-omaha-004/581208-omaha-004-153.JPG	https://s3.amazonaws.com/NARAprodstorage/lz/dc-metro/rg-024/581208/2020-03/581208-omaha-004/581208-omaha-004-153.JPG	 					ene1/4e	11	27	30	30.04	61	58	57	59		bc		4				
1873-08-13	1	-32.09	-79.8	90		9.4		https://s3.amazonaws.com/NARAprodstorage/lz/dc-metro/rg-024/581208/2020-03/581208-omaha-004/581208-omaha-004-154.JPG	https://s3.amazonaws.com/NARAprodstorage/lz/dc-metro/rg-024/581208/2020-03/581208-omaha-004/581208-omaha-004-154.JPG	 					e	11	27	30	30.04	62	59	62	58		bc	cum nim	2				
1873-08-13	2	-32.14	-79.62	90		10		https://s3.amazonaws.com/NARAprodstorage/lz/dc-metro/rg-024/581208/2020-03/581208-omaha-004/581208-omaha-004-154.JPG	https://s3.amazonaws.com/NARAprodstorage/lz/dc-metro/rg-024/581208/2020-03/581208-omaha-004/581208-omaha-004-154.JPG	 					e	11	27	30	30	62	59	62	58		oc	cum nim	0				
1873-08-13	3	-32.2	-79.44	90		9.6		https://s3.amazonaws.com/NARAprodstorage/lz/dc-metro/rg-024/581208/2020-03/581208-omaha-004/581208-omaha-004-154.JPG	https://s3.amazonaws.com/NARAprodstorage/lz/dc-metro/rg-024/581208/2020-03/581208-omaha-004/581208-omaha-004-154.JPG	 					e	11	27	37	30	62	59	62	58		bc	cum nim	4				
1873-08-13	4	-32.25	-79.26	90		9.4		https://s3.amazonaws.com/NARAprodstorage/lz/dc-metro/rg-024/581208/2020-03/581208-omaha-004/581208-omaha-004-154.JPG	https://s3.amazonaws.com/NARAprodstorage/lz/dc-metro/rg-024/581208/2020-03/581208-omaha-004/581208-omaha-004-154.JPG	 					e	11	27	37	30	62	59	62	58		bc	cum nim	3				
1873-08-13	5	-32.28	-79.08	78.75		9.4		https://s3.amazonaws.com/NARAprodstorage/lz/dc-metro/rg-024/581208/2020-03/581208-omaha-004/581208-omaha-004-154.JPG	https://s3.amazonaws.com/NARAprodstorage/lz/dc-metro/rg-024/581208/2020-03/581208-omaha-004/581208-omaha-004-154.JPG	 					exn	360	16	33	29.98	62	59	62	58		oc	cum nim	0				
1873-08-13	6	-32.3	-78.9	78.75		9.4		https://s3.amazonaws.com/NARAprodstorage/lz/dc-metro/rg-024/581208/2020-03/581208-omaha-004/581208-omaha-004-154.JPG	https://s3.amazonaws.com/NARAprodstorage/lz/dc-metro/rg-024/581208/2020-03/581208-omaha-004/581208-omaha-004-154.JPG	 					exn	360	16		29.98	62	59	62	58		oc	cum nim	0				
1873-08-13	7	-32.32	-78.72	78.75		9		https://s3.amazonaws.com/NARAprodstorage/lz/dc-metro/rg-024/581208/2020-03/581208-omaha-004/581208-omaha-004-154.JPG	https://s3.amazonaws.com/NARAprodstorage/lz/dc-metro/rg-024/581208/2020-03/581208-omaha-004/581208-omaha-004-154.JPG	 					exn	360	16	37	30	62	59	62	58		bcqr	cum nim	1				
1873-08-13	8	-32.35	-78.55	78.75		9		https://s3.amazonaws.com/NARAprodstorage/lz/dc-metro/rg-024/581208/2020-03/581208-omaha-004/581208-omaha-004-154.JPG	https://s3.amazonaws.com/NARAprodstorage/lz/dc-metro/rg-024/581208/2020-03/581208-omaha-004/581208-omaha-004-154.JPG	 					exn	360	16	37	30.01	62	59	62	58		bcqr	nim	0				
1873-08-13	9	-32.34	-78.39	67.5		8.4		https://s3.amazonaws.com/NARAprodstorage/lz/dc-metro/rg-024/581208/2020-03/581208-omaha-004/581208-omaha-004-154.JPG	https://s3.amazonaws.com/NARAprodstorage/lz/dc-metro/rg-024/581208/2020-03/581208-omaha-004/581208-omaha-004-154.JPG	 					ene	349	5	30	30.01	62	58	57	57		bcqr	nim	0				
1873-08-13	10	-32.33	-78.29	56.25		5.4		https://s3.amazonaws.com/NARAprodstorage/lz/dc-metro/rg-024/581208/2020-03/581208-omaha-004/581208-omaha-004-154.JPG	https://s3.amazonaws.com/NARAprodstorage/lz/dc-metro/rg-024/581208/2020-03/581208-omaha-004/581208-omaha-004-154.JPG	 					nexe	338	354	24	30.01	62	58	57	57		bcq	nim	1				
1873-08-13	11	-32.31	-78.19	56.25		5.4		https://s3.amazonaws.com/NARAprodstorage/lz/dc-metro/rg-024/581208/2020-03/581208-omaha-004/581208-omaha-004-154.JPG	https://s3.amazonaws.com/NARAprodstorage/lz/dc-metro/rg-024/581208/2020-03/581208-omaha-004/581208-omaha-004-154.JPG	 					nexe	338	354	24	30	61	59	57	58		bcq	cir cum nim	6				
1873-08-13	12	-32.3	-78.12	56.25		4		https://s3.amazonaws.com/NARAprodstorage/lz/dc-metro/rg-024/581208/2020-03/581208-omaha-004/581208-omaha-004-154.JPG	https://s3.amazonaws.com/NARAprodstorage/lz/dc-metro/rg-024/581208/2020-03/581208-omaha-004/581208-omaha-004-154.JPG	 			32 18S	78 7W	nexe	338	354	24	30	62	61	58	58		bcq	cir cum nim	7				
1873-08-13	13	-32.29	-77.97	67.5		7		https://s3.amazonaws.com/NARAprodstorage/lz/dc-metro/rg-024/581208/2020-03/581208-omaha-004/581208-omaha-004-154.JPG	https://s3.amazonaws.com/NARAprodstorage/lz/dc-metro/rg-024/581208/2020-03/581208-omaha-004/581208-omaha-004-154.JPG	 					ene	338	354	30	30	61	59	57	57		bc	cir cum	8				
1873-08-13	14	-32.27	-77.82	67.5		7.4		https://s3.amazonaws.com/NARAprodstorage/lz/dc-metro/rg-024/581208/2020-03/581208-omaha-004/581208-omaha-004-154.JPG	https://s3.amazonaws.com/NARAprodstorage/lz/dc-metro/rg-024/581208/2020-03/581208-omaha-004/581208-omaha-004-154.JPG	 					ene	338	354	30	29.99	61	58	57	57		bc	cir cum	8				
1873-08-13	15	-32.26	-77.69	67.5		6.4		https://s3.amazonaws.com/NARAprodstorage/lz/dc-metro/rg-024/581208/2020-03/581208-omaha-004/581208-omaha-004-154.JPG	https://s3.amazonaws.com/NARAprodstorage/lz/dc-metro/rg-024/581208/2020-03/581208-omaha-004/581208-omaha-004-154.JPG	 					ene	338	354	24	30	60	58	57	56		bc	cir str nim	4				
1873-08-13	16	-32.24	-77.57	61.88		5.6		https://s3.amazonaws.com/NARAprodstorage/lz/dc-metro/rg-024/581208/2020-03/581208-omaha-004/581208-omaha-004-154.JPG	https://s3.amazonaws.com/NARAprodstorage/lz/dc-metro/rg-024/581208/2020-03/581208-omaha-004/581208-omaha-004-154.JPG	 					nexe1/2e	326	342	24	30	61	59	57	56		bc	cir str nim	0				
1873-08-13	17	-32.22	-77.45	61.88		6		https://s3.amazonaws.com/NARAprodstorage/lz/dc-metro/rg-024/581208/2020-03/581208-omaha-004/581208-omaha-004-154.JPG	https://s3.amazonaws.com/NARAprodstorage/lz/dc-metro/rg-024/581208/2020-03/581208-omaha-004/581208-omaha-004-154.JPG	 					nexe1/2e	326	342	30	30	61	59	57	56		ocq	cum nim	0				
1873-08-13	18	-32.2	-77.31	61.88		6.4		https://s3.amazonaws.com/NARAprodstorage/lz/dc-metro/rg-024/581208/2020-03/581208-omaha-004/581208-omaha-004-154.JPG	https://s3.amazonaws.com/NARAprodstorage/lz/dc-metro/rg-024/581208/2020-03/581208-omaha-004/581208-omaha-004-154.JPG	 					nexe1/2e	326	342	30	30.01	61	59	57	56		ocq	cum nim	0				
1873-08-13	19	-32.16	-77.18	56.25		7		https://s3.amazonaws.com/NARAprodstorage/lz/dc-metro/rg-024/581208/2020-03/581208-omaha-004/581208-omaha-004-154.JPG	https://s3.amazonaws.com/NARAprodstorage/lz/dc-metro/rg-024/581208/2020-03/581208-omaha-004/581208-omaha-004-154.JPG	 					nexe	332	348	30	30.02	61	59	57	56		ocqr	nimb	0				
1873-08-13	20	-32.13	-77.04	56.25		7		https://s3.amazonaws.com/NARAprodstorage/lz/dc-metro/rg-024/581208/2020-03/581208-omaha-004/581208-omaha-004-154.JPG	https://s3.amazonaws.com/NARAprodstorage/lz/dc-metro/rg-024/581208/2020-03/581208-omaha-004/581208-omaha-004-154.JPG	2000: cc NE1/2E.					nexe	326	342	24	30.06	61	59	57	56		bcq	nimb	2				
1873-08-13	21	-32.09	-76.91	50.62		6.4		https://s3.amazonaws.com/NARAprodstorage/lz/dc-metro/rg-024/581208/2020-03/581208-omaha-004/581208-omaha-004-154.JPG	https://s3.amazonaws.com/NARAprodstorage/lz/dc-metro/rg-024/581208/2020-03/581208-omaha-004/581208-omaha-004-154.JPG	 					ne1/2e	326	342	24	30.07	61	59	57	56		ocqr	nimb	0				
1873-08-13	22	-32.04	-76.79	50.62		6.4		https://s3.amazonaws.com/NARAprodstorage/lz/dc-metro/rg-024/581208/2020-03/581208-omaha-004/581208-omaha-004-154.JPG	https://s3.amazonaws.com/NARAprodstorage/lz/dc-metro/rg-024/581208/2020-03/581208-omaha-004/581208-omaha-004-154.JPG	 					ne1/2e	326	342	24	30.1	61	59	57	55		bcqr	nimb	1				
1873-08-13	23	-32	-76.67	50.62		6.4		https://s3.amazonaws.com/NARAprodstorage/lz/dc-metro/rg-024/581208/2020-03/581208-omaha-004/581208-omaha-004-154.JPG	https://s3.amazonaws.com/NARAprodstorage/lz/dc-metro/rg-024/581208/2020-03/581208-omaha-004/581208-omaha-004-154.JPG	 					ne1/2e	326	342	24	30.12	61	59	57	55		ocqr	nimb	0				
1873-08-13	24	-31.96	-76.55	50.62		6		https://s3.amazonaws.com/NARAprodstorage/lz/dc-metro/rg-024/581208/2020-03/581208-omaha-004/581208-omaha-004-154.JPG	https://s3.amazonaws.com/NARAprodstorage/lz/dc-metro/rg-024/581208/2020-03/581208-omaha-004/581208-omaha-004-154.JPG	 					ne1/2e	315	331	19	30.14	61	59	57	55		bcqd	nimb	2				
1873-08-14	1	-31.93	-76.45	50.62		5.2		https://s3.amazonaws.com/NARAprodstorage/lz/dc-metro/rg-024/581208/2020-03/581208-omaha-004/581208-omaha-004-155.JPG	https://s3.amazonaws.com/NARAprodstorage/lz/dc-metro/rg-024/581208/2020-03/581208-omaha-004/581208-omaha-004-155.JPG	 					ne1/2e	292	308	8	30.16	60	59	57	59		bc	nim	2				
1873-08-14	2	-31.9	-76.35	50.62		5		https://s3.amazonaws.com/NARAprodstorage/lz/dc-metro/rg-024/581208/2020-03/581208-omaha-004/581208-omaha-004-155.JPG	https://s3.amazonaws.com/NARAprodstorage/lz/dc-metro/rg-024/581208/2020-03/581208-omaha-004/581208-omaha-004-155.JPG	 					ne1/2e	292	308	8	30.19	61	59	58	58		bc	nim	5				
1873-08-14	3	-31.87	-76.27	50.62		4		https://s3.amazonaws.com/NARAprodstorage/lz/dc-metro/rg-024/581208/2020-03/581208-omaha-004/581208-omaha-004-155.JPG	https://s3.amazonaws.com/NARAprodstorage/lz/dc-metro/rg-024/581208/2020-03/581208-omaha-004/581208-omaha-004-155.JPG	 					ne1/2e	225	241	5	30.2	61	60	58	58		bc	nim	4				
1873-08-14	4	-31.84	-76.19	50.62		4		https://s3.amazonaws.com/NARAprodstorage/lz/dc-metro/rg-024/581208/2020-03/581208-omaha-004/581208-omaha-004-155.JPG	https://s3.amazonaws.com/NARAprodstorage/lz/dc-metro/rg-024/581208/2020-03/581208-omaha-004/581208-omaha-004-155.JPG	 					ne1/2e	225	241	5	30.2	61	60	58	58		bc	cir nim	5				
1873-08-14	5	-31.81	-76.09	50.62		5.2		https://s3.amazonaws.com/NARAprodstorage/lz/dc-metro/rg-024/581208/2020-03/581208-omaha-004/581208-omaha-004-155.JPG	https://s3.amazonaws.com/NARAprodstorage/lz/dc-metro/rg-024/581208/2020-03/581208-omaha-004/581208-omaha-004-155.JPG	 					ne1/2e	225	241	8	30.22	61	60	58	58		bc	cir nim	4				
1873-08-14	6	-31.78	-75.99	50.62		5		https://s3.amazonaws.com/NARAprodstorage/lz/dc-metro/rg-024/581208/2020-03/581208-omaha-004/581208-omaha-004-155.JPG	https://s3.amazonaws.com/NARAprodstorage/lz/dc-metro/rg-024/581208/2020-03/581208-omaha-004/581208-omaha-004-155.JPG	 					ne1/2e	225	241	8	30.26	61	60	57	58		bc	cir nim	8				
1873-08-14	7	-31.74	-75.89	50.62		5		https://s3.amazonaws.com/NARAprodstorage/lz/dc-metro/rg-024/581208/2020-03/581208-omaha-004/581208-omaha-004-155.JPG	https://s3.amazonaws.com/NARAprodstorage/lz/dc-metro/rg-024/581208/2020-03/581208-omaha-004/581208-omaha-004-155.JPG	 					ne1/2e	202	218	8	30.29	61	60	56	58		bc	cir nim	2				
1873-08-14	8	-31.71	-75.79	50.62		5		https://s3.amazonaws.com/NARAprodstorage/lz/dc-metro/rg-024/581208/2020-03/581208-omaha-004/581208-omaha-004-155.JPG	https://s3.amazonaws.com/NARAprodstorage/lz/dc-metro/rg-024/581208/2020-03/581208-omaha-004/581208-omaha-004-155.JPG	 					ne1/2e	202	218	8	30.3	61	59	55	58		bc	cir nim	4				
1873-08-14	9	-31.69	-75.69	56.25		5		https://s3.amazonaws.com/NARAprodstorage/lz/dc-metro/rg-024/581208/2020-03/581208-omaha-004/581208-omaha-004-155.JPG	https://s3.amazonaws.com/NARAprodstorage/lz/dc-metro/rg-024/581208/2020-03/581208-omaha-004/581208-omaha-004-155.JPG	 					nexe	202	218	13	30.32	61	58	55	58		bc	cir nim	5				
1873-08-14	10	-31.66	-75.59	56.25		5		https://s3.amazonaws.com/NARAprodstorage/lz/dc-metro/rg-024/581208/2020-03/581208-omaha-004/581208-omaha-004-155.JPG	https://s3.amazonaws.com/NARAprodstorage/lz/dc-metro/rg-024/581208/2020-03/581208-omaha-004/581208-omaha-004-155.JPG	 					nexe	202	218	16	30.35	63	58	57	58		bc	cir nim	5				
1873-08-14	11	-31.63	-75.47	56.25		6		https://s3.amazonaws.com/NARAprodstorage/lz/dc-metro/rg-024/581208/2020-03/581208-omaha-004/581208-omaha-004-155.JPG	https://s3.amazonaws.com/NARAprodstorage/lz/dc-metro/rg-024/581208/2020-03/581208-omaha-004/581208-omaha-004-155.JPG	 					nexe	202	218	16	30.35	63	60	57	57		bc	cir nim	7				
1873-08-14	12	-31.6	-75.35	56.25		6		https://s3.amazonaws.com/NARAprodstorage/lz/dc-metro/rg-024/581208/2020-03/581208-omaha-004/581208-omaha-004-155.JPG	https://s3.amazonaws.com/NARAprodstorage/lz/dc-metro/rg-024/581208/2020-03/581208-omaha-004/581208-omaha-004-155.JPG	 			31 36S	75 21W	nexe	202	218	19	30.35	63	60	57	57		bc	cir nim	7				
1873-08-14	13	-31.55	-75.24	56.25		7		https://s3.amazonaws.com/NARAprodstorage/lz/dc-metro/rg-024/581208/2020-03/581208-omaha-004/581208-omaha-004-155.JPG	https://s3.amazonaws.com/NARAprodstorage/lz/dc-metro/rg-024/581208/2020-03/581208-omaha-004/581208-omaha-004-155.JPG	 					nexe	202	218	24	30.33	62	58	54	57		bc	cir cum	8				
1873-08-14	14	-31.5	-75.13	56.25		6.6		https://s3.amazonaws.com/NARAprodstorage/lz/dc-metro/rg-024/581208/2020-03/581208-omaha-004/581208-omaha-004-155.JPG	https://s3.amazonaws.com/NARAprodstorage/lz/dc-metro/rg-024/581208/2020-03/581208-omaha-004/581208-omaha-004-155.JPG	 					nexe	202	218	24	30.33	62	58	54	57		bc	cir cum	8				
1873-08-14	15	-31.45	-75.01	56.25		7.4		https://s3.amazonaws.com/NARAprodstorage/lz/dc-metro/rg-024/581208/2020-03/581208-omaha-004/581208-omaha-004-155.JPG	https://s3.amazonaws.com/NARAprodstorage/lz/dc-metro/rg-024/581208/2020-03/581208-omaha-004/581208-omaha-004-155.JPG	 					nexe	202	218	24	30.33	62	58	54	57		bc	cir cum	7				
1873-08-14	16	-31.39	-74.87	56.25		8		https://s3.amazonaws.com/NARAprodstorage/lz/dc-metro/rg-024/581208/2020-03/581208-omaha-004/581208-omaha-004-155.JPG	https://s3.amazonaws.com/NARAprodstorage/lz/dc-metro/rg-024/581208/2020-03/581208-omaha-004/581208-omaha-004-155.JPG	 					nexe	191	207	30	30.35	62	58	54	57		bc	cir cum	5				
1873-08-14	17	-31.34	-74.74	56.25		8		https://s3.amazonaws.com/NARAprodstorage/lz/dc-metro/rg-024/581208/2020-03/581208-omaha-004/581208-omaha-004-155.JPG	https://s3.amazonaws.com/NARAprodstorage/lz/dc-metro/rg-024/581208/2020-03/581208-omaha-004/581208-omaha-004-155.JPG	 					nexe	180	196	30	30.35	62	58	54	57		bc	cir cum	5				
1873-08-14	18	-31.29	-74.65	56.25		6		https://s3.amazonaws.com/NARAprodstorage/lz/dc-metro/rg-024/581208/2020-03/581208-omaha-004/581208-omaha-004-155.JPG	https://s3.amazonaws.com/NARAprodstorage/lz/dc-metro/rg-024/581208/2020-03/581208-omaha-004/581208-omaha-004-155.JPG	 					nexe	180	196	30	30.35	62	57	53	56		bc	cir cum	5				
1873-08-14	19	-31.24	-74.52	56.25		7.4		https://s3.amazonaws.com/NARAprodstorage/lz/dc-metro/rg-024/581208/2020-03/581208-omaha-004/581208-omaha-004-155.JPG	https://s3.amazonaws.com/NARAprodstorage/lz/dc-metro/rg-024/581208/2020-03/581208-omaha-004/581208-omaha-004-155.JPG	 					nexe	135	151	30	30.38	62	57	53	56		bc	cir cum	7				
1873-08-14	20	-31.18	-74.4	56.25		7.4		https://s3.amazonaws.com/NARAprodstorage/lz/dc-metro/rg-024/581208/2020-03/581208-omaha-004/581208-omaha-004-155.JPG	https://s3.amazonaws.com/NARAprodstorage/lz/dc-metro/rg-024/581208/2020-03/581208-omaha-004/581208-omaha-004-155.JPG	 					nexe	135	151	24	30.4	62	56	53	56		bc	cir cum	7				
1873-08-14	21	-31.13	-74.28	56.25		7.2		https://s3.amazonaws.com/NARAprodstorage/lz/dc-metro/rg-024/581208/2020-03/581208-omaha-004/581208-omaha-004-155.JPG	https://s3.amazonaws.com/NARAprodstorage/lz/dc-metro/rg-024/581208/2020-03/581208-omaha-004/581208-omaha-004-155.JPG	 					nexe	135	151	24	30.4	62	56	53	56		bc	cir cum	6				
1873-08-14	22	-31.08	-74.17	56.25		7		https://s3.amazonaws.com/NARAprodstorage/lz/dc-metro/rg-024/581208/2020-03/581208-omaha-004/581208-omaha-004-155.JPG	https://s3.amazonaws.com/NARAprodstorage/lz/dc-metro/rg-024/581208/2020-03/581208-omaha-004/581208-omaha-004-155.JPG	 					nexe	135	151	24	30.42	62	56	53	56		bc	cir cum	9				
1873-08-14	23	-31.03	-74.05	56.25		7.2		https://s3.amazonaws.com/NARAprodstorage/lz/dc-metro/rg-024/581208/2020-03/581208-omaha-004/581208-omaha-004-155.JPG	https://s3.amazonaws.com/NARAprodstorage/lz/dc-metro/rg-024/581208/2020-03/581208-omaha-004/581208-omaha-004-155.JPG	 					nexe	135	151	24	30.43	61	56	53	56		bc	cum nim	8				
1873-08-14	24	-30.97	-73.92	56.25		8		https://s3.amazonaws.com/NARAprodstorage/lz/dc-metro/rg-024/581208/2020-03/581208-omaha-004/581208-omaha-004-155.JPG	https://s3.amazonaws.com/NARAprodstorage/lz/dc-metro/rg-024/581208/2020-03/581208-omaha-004/581208-omaha-004-155.JPG	 					nexe	135	151	24	30.44	61	56	53	56		bc	cum nim	8				
1873-08-15	1	-30.92	-73.79	56.25		8		https://s3.amazonaws.com/NARAprodstorage/lz/dc-metro/rg-024/581208/2020-03/581208-omaha-004/581208-omaha-004-156.JPG	https://s3.amazonaws.com/NARAprodstorage/lz/dc-metro/rg-024/581208/2020-03/581208-omaha-004/581208-omaha-004-156.JPG	 					nexe	135	151	30	30.42	60	56	55	57		bc	cum nim	7				
1873-08-15	2	-30.86	-73.66	56.25		8		https://s3.amazonaws.com/NARAprodstorage/lz/dc-metro/rg-024/581208/2020-03/581208-omaha-004/581208-omaha-004-156.JPG	https://s3.amazonaws.com/NARAprodstorage/lz/dc-metro/rg-024/581208/2020-03/581208-omaha-004/581208-omaha-004-156.JPG	 					nexe	135	151	30	30.42	60	56	55	57		bc	cum nim	5				
1873-08-15	3	-30.8	-73.52	56.25		8		https://s3.amazonaws.com/NARAprodstorage/lz/dc-metro/rg-024/581208/2020-03/581208-omaha-004/581208-omaha-004-156.JPG	https://s3.amazonaws.com/NARAprodstorage/lz/dc-metro/rg-024/581208/2020-03/581208-omaha-004/581208-omaha-004-156.JPG	 					nexe	135	151	30	30.42	60	55	55	57		bc	cum nim	3				
1873-08-15	4	-30.75	-73.38	56.25		8.4		https://s3.amazonaws.com/NARAprodstorage/lz/dc-metro/rg-024/581208/2020-03/581208-omaha-004/581208-omaha-004-156.JPG	https://s3.amazonaws.com/NARAprodstorage/lz/dc-metro/rg-024/581208/2020-03/581208-omaha-004/581208-omaha-004-156.JPG	 					nexe	135	151	30	30.42	60	55	55	57		bc	cum nim	5				
1873-08-15	5	-30.69	-73.25	56.25		8.4		https://s3.amazonaws.com/NARAprodstorage/lz/dc-metro/rg-024/581208/2020-03/581208-omaha-004/581208-omaha-004-156.JPG	https://s3.amazonaws.com/NARAprodstorage/lz/dc-metro/rg-024/581208/2020-03/581208-omaha-004/581208-omaha-004-156.JPG	 					nexe	135	151	30	30.42	58	55	55	56		bc	cum nim	6				
1873-08-15	6	-30.63	-73.09	56.25		9.2		https://s3.amazonaws.com/NARAprodstorage/lz/dc-metro/rg-024/581208/2020-03/581208-omaha-004/581208-omaha-004-156.JPG	https://s3.amazonaws.com/NARAprodstorage/lz/dc-metro/rg-024/581208/2020-03/581208-omaha-004/581208-omaha-004-156.JPG	 					nexe	135	151	30	30.42	58	55	55	56		bc	cum nim	6				
1873-08-15	7	-30.56	-72.93	56.25		9.6		https://s3.amazonaws.com/NARAprodstorage/lz/dc-metro/rg-024/581208/2020-03/581208-omaha-004/581208-omaha-004-156.JPG	https://s3.amazonaws.com/NARAprodstorage/lz/dc-metro/rg-024/581208/2020-03/581208-omaha-004/581208-omaha-004-156.JPG	 					nexe	135	151	30	30.42	58	55	55	56		bc	cum nim	6				
1873-08-15	8	-30.49	-72.75	56.25		10.4		https://s3.amazonaws.com/NARAprodstorage/lz/dc-metro/rg-024/581208/2020-03/581208-omaha-004/581208-omaha-004-156.JPG	https://s3.amazonaws.com/NARAprodstorage/lz/dc-metro/rg-024/581208/2020-03/581208-omaha-004/581208-omaha-004-156.JPG	 					nexe	135	151	37	30.44	59	55	55	56		bc	cum nim	7				
1873-08-15	9	-30.42	-72.59	56.25		10		https://s3.amazonaws.com/NARAprodstorage/lz/dc-metro/rg-024/581208/2020-03/581208-omaha-004/581208-omaha-004-156.JPG	https://s3.amazonaws.com/NARAprodstorage/lz/dc-metro/rg-024/581208/2020-03/581208-omaha-004/581208-omaha-004-156.JPG	 					nexe	158	174	30	30.46	59	55	55	56		bc	cum nim	5				
1873-08-15	10	-30.36	-72.43	56.25		9.4		https://s3.amazonaws.com/NARAprodstorage/lz/dc-metro/rg-024/581208/2020-03/581208-omaha-004/581208-omaha-004-156.JPG	https://s3.amazonaws.com/NARAprodstorage/lz/dc-metro/rg-024/581208/2020-03/581208-omaha-004/581208-omaha-004-156.JPG	 					nexe	158	174	30	30.47	59	55	53	56		bc	cum nim	4				
1873-08-15	11	-30.3	-72.28	56.25		9.2		https://s3.amazonaws.com/NARAprodstorage/lz/dc-metro/rg-024/581208/2020-03/581208-omaha-004/581208-omaha-004-156.JPG	https://s3.amazonaws.com/NARAprodstorage/lz/dc-metro/rg-024/581208/2020-03/581208-omaha-004/581208-omaha-004-156.JPG	1100: cc NExE1/4E.					nexe	158	174	30	30.47	59	55	52	56		bc	cum	3				
1873-08-15	12	-30.25	-72.14	59.06		8		https://s3.amazonaws.com/NARAprodstorage/lz/dc-metro/rg-024/581208/2020-03/581208-omaha-004/581208-omaha-004-156.JPG	https://s3.amazonaws.com/NARAprodstorage/lz/dc-metro/rg-024/581208/2020-03/581208-omaha-004/581208-omaha-004-156.JPG	Noon: Steering for Coquimbo Harbor.					nexe1/4e	158	174	30	30.44	59	55	52	55		bc	cum	3				
1873-08-15	13	-30.19	-71.96	60		10.6		https://s3.amazonaws.com/NARAprodstorage/lz/dc-metro/rg-024/581208/2020-03/581208-omaha-004/581208-omaha-004-156.JPG	https://s3.amazonaws.com/NARAprodstorage/lz/dc-metro/rg-024/581208/2020-03/581208-omaha-004/581208-omaha-004-156.JPG	 					nexe1/4e | nexe1/2e	180	196	30	30.4	59	56	54	55		bc	cum	3				
1873-08-15	14	-30.14	-71.77	64.69		11		https://s3.amazonaws.com/NARAprodstorage/lz/dc-metro/rg-024/581208/2020-03/581208-omaha-004/581208-omaha-004-156.JPG	https://s3.amazonaws.com/NARAprodstorage/lz/dc-metro/rg-024/581208/2020-03/581208-omaha-004/581208-omaha-004-156.JPG	 					nexe1/2E | nexe3/4e	180	196	30	30.4	59	56	54	55		bc	cum	6				
1873-08-15	15	-30.11	-71.57	69		11		https://s3.amazonaws.com/NARAprodstorage/lz/dc-metro/rg-024/581208/2020-03/581208-omaha-004/581208-omaha-004-156.JPG	https://s3.amazonaws.com/NARAprodstorage/lz/dc-metro/rg-024/581208/2020-03/581208-omaha-004/581208-omaha-004-156.JPG	 					Ene | ene1/4e	180	196	30	30.4	59	56	54	55		bc	cum	6				
1873-08-15	16	-29.99	-71.47	888		9		https://s3.amazonaws.com/NARAprodstorage/lz/dc-metro/rg-024/581208/2020-03/581208-omaha-004/581208-omaha-004-156.JPG	https://s3.amazonaws.com/NARAprodstorage/lz/dc-metro/rg-024/581208/2020-03/581208-omaha-004/581208-omaha-004-156.JPG	 					v	180	196	30	30.4	59	56	54	55		bc	cum	6				
1873-08-15	17	-29.93	-71.33	888		8		https://s3.amazonaws.com/NARAprodstorage/lz/dc-metro/rg-024/581208/2020-03/581208-omaha-004/581208-omaha-004-156.JPG	https://s3.amazonaws.com/NARAprodstorage/lz/dc-metro/rg-024/581208/2020-03/581208-omaha-004/581208-omaha-004-156.JPG	1715: Anchored. Coquimbo. Brgs: Railway Bridge SE3/4S; Corner of plaza SWxW1/4W.						180	196	24	30.4	59	56	54	55		bc	cum	5				
1873-08-15	18	-29.95	-71.33	888		2		https://s3.amazonaws.com/NARAprodstorage/lz/dc-metro/rg-024/581208/2020-03/581208-omaha-004/581208-omaha-004-156.JPG	https://s3.amazonaws.com/NARAprodstorage/lz/dc-metro/rg-024/581208/2020-03/581208-omaha-004/581208-omaha-004-156.JPG	 						888	888	2	30.4	59	56	54	55		bc	cum	5				
1873-08-15	19	-29.95	-71.33			a		https://s3.amazonaws.com/NARAprodstorage/lz/dc-metro/rg-024/581208/2020-03/581208-omaha-004/581208-omaha-004-156.JPG	https://s3.amazonaws.com/NARAprodstorage/lz/dc-metro/rg-024/581208/2020-03/581208-omaha-004/581208-omaha-004-156.JPG	 						888	888	2	30.4	60	58	56	56		bc	cum	5				
1873-08-15	20	-29.95	-71.33			a		https://s3.amazonaws.com/NARAprodstorage/lz/dc-metro/rg-024/581208/2020-03/581208-omaha-004/581208-omaha-004-156.JPG	https://s3.amazonaws.com/NARAprodstorage/lz/dc-metro/rg-024/581208/2020-03/581208-omaha-004/581208-omaha-004-156.JPG	 						0	0	0	30.46	60	56	56	56		bc	cum	5				
1873-08-15	21	-29.95	-71.33			a		https://s3.amazonaws.com/NARAprodstorage/lz/dc-metro/rg-024/581208/2020-03/581208-omaha-004/581208-omaha-004-156.JPG	https://s3.amazonaws.com/NARAprodstorage/lz/dc-metro/rg-024/581208/2020-03/581208-omaha-004/581208-omaha-004-156.JPG	 						0	0	0	30.42	60	56	55	56		bc	nim	8				
1873-08-15	22	-29.95	-71.33			a		https://s3.amazonaws.com/NARAprodstorage/lz/dc-metro/rg-024/581208/2020-03/581208-omaha-004/581208-omaha-004-156.JPG	https://s3.amazonaws.com/NARAprodstorage/lz/dc-metro/rg-024/581208/2020-03/581208-omaha-004/581208-omaha-004-156.JPG	 						0	0	0	30.4	60	56	55	56		bc	nim	8				
1873-08-15	23	-29.95	-71.33			a		https://s3.amazonaws.com/NARAprodstorage/lz/dc-metro/rg-024/581208/2020-03/581208-omaha-004/581208-omaha-004-156.JPG	https://s3.amazonaws.com/NARAprodstorage/lz/dc-metro/rg-024/581208/2020-03/581208-omaha-004/581208-omaha-004-156.JPG	 						0	0	0	30.38	60	56	55	56		bc	nim	6				
1873-08-15	24	-29.95	-71.33			a		https://s3.amazonaws.com/NARAprodstorage/lz/dc-metro/rg-024/581208/2020-03/581208-omaha-004/581208-omaha-004-156.JPG	https://s3.amazonaws.com/NARAprodstorage/lz/dc-metro/rg-024/581208/2020-03/581208-omaha-004/581208-omaha-004-156.JPG	 						0	0	0	30.38	60	56	55	56		bc	nim	4				
1873-08-16	1	-29.95	-71.33			a		https://s3.amazonaws.com/NARAprodstorage/lz/dc-metro/rg-024/581208/2020-03/581208-omaha-004/581208-omaha-004-157.JPG	https://s3.amazonaws.com/NARAprodstorage/lz/dc-metro/rg-024/581208/2020-03/581208-omaha-004/581208-omaha-004-157.JPG	 						0	0	0	30.29	57	54	53			b	none	10				
1873-08-16	2	-29.95	-71.33			a		https://s3.amazonaws.com/NARAprodstorage/lz/dc-metro/rg-024/581208/2020-03/581208-omaha-004/581208-omaha-004-157.JPG	https://s3.amazonaws.com/NARAprodstorage/lz/dc-metro/rg-024/581208/2020-03/581208-omaha-004/581208-omaha-004-157.JPG	 						0	0	0	30.29	57	54	53			b	none	10				
1873-08-16	3	-29.95	-71.33			a		https://s3.amazonaws.com/NARAprodstorage/lz/dc-metro/rg-024/581208/2020-03/581208-omaha-004/581208-omaha-004-157.JPG	https://s3.amazonaws.com/NARAprodstorage/lz/dc-metro/rg-024/581208/2020-03/581208-omaha-004/581208-omaha-004-157.JPG	 						0	0	0	30.29	57	54	53			b	none	10				
1873-08-16	4	-29.95	-71.33			a		https://s3.amazonaws.com/NARAprodstorage/lz/dc-metro/rg-024/581208/2020-03/581208-omaha-004/581208-omaha-004-157.JPG	https://s3.amazonaws.com/NARAprodstorage/lz/dc-metro/rg-024/581208/2020-03/581208-omaha-004/581208-omaha-004-157.JPG	 						888	888	1	30.29	57	54	53			b	none	10				
1873-08-16	5	-29.95	-71.33			a		https://s3.amazonaws.com/NARAprodstorage/lz/dc-metro/rg-024/581208/2020-03/581208-omaha-004/581208-omaha-004-157.JPG	https://s3.amazonaws.com/NARAprodstorage/lz/dc-metro/rg-024/581208/2020-03/581208-omaha-004/581208-omaha-004-157.JPG	 						22	38	2	30.42	57	54	53			bm	none	10				
1873-08-16	6	-29.95	-71.33			a		https://s3.amazonaws.com/NARAprodstorage/lz/dc-metro/rg-024/581208/2020-03/581208-omaha-004/581208-omaha-004-157.JPG	https://s3.amazonaws.com/NARAprodstorage/lz/dc-metro/rg-024/581208/2020-03/581208-omaha-004/581208-omaha-004-157.JPG	 						22	38	2	30.42	57	54	53			bm	none	10				
1873-08-16	7	-29.95	-71.33			a		https://s3.amazonaws.com/NARAprodstorage/lz/dc-metro/rg-024/581208/2020-03/581208-omaha-004/581208-omaha-004-157.JPG	https://s3.amazonaws.com/NARAprodstorage/lz/dc-metro/rg-024/581208/2020-03/581208-omaha-004/581208-omaha-004-157.JPG	 						22	38	2	30.42	57	54	53			bm	none	10				
1873-08-16	8	-29.95	-71.33			a		https://s3.amazonaws.com/NARAprodstorage/lz/dc-metro/rg-024/581208/2020-03/581208-omaha-004/581208-omaha-004-157.JPG	https://s3.amazonaws.com/NARAprodstorage/lz/dc-metro/rg-024/581208/2020-03/581208-omaha-004/581208-omaha-004-157.JPG	 						34	50	2	30.4	57	54	52			bm	none	10			0800: USS Pensacola	
1873-08-16	9	-29.95	-71.33			a		https://s3.amazonaws.com/NARAprodstorage/lz/dc-metro/rg-024/581208/2020-03/581208-omaha-004/581208-omaha-004-157.JPG	https://s3.amazonaws.com/NARAprodstorage/lz/dc-metro/rg-024/581208/2020-03/581208-omaha-004/581208-omaha-004-157.JPG	 						34	50	2	30.38	60	57	55			b	none	10				
1873-08-16	10	-29.95	-71.33			a		https://s3.amazonaws.com/NARAprodstorage/lz/dc-metro/rg-024/581208/2020-03/581208-omaha-004/581208-omaha-004-157.JPG	https://s3.amazonaws.com/NARAprodstorage/lz/dc-metro/rg-024/581208/2020-03/581208-omaha-004/581208-omaha-004-157.JPG	 						34	50	2	30.31	60	57	55			b	none	10				
1873-08-16	11	-29.95	-71.33			a		https://s3.amazonaws.com/NARAprodstorage/lz/dc-metro/rg-024/581208/2020-03/581208-omaha-004/581208-omaha-004-157.JPG	https://s3.amazonaws.com/NARAprodstorage/lz/dc-metro/rg-024/581208/2020-03/581208-omaha-004/581208-omaha-004-157.JPG	 						34	50	2	30.3	60	57	55			b	none	10				
1873-08-16	12	-29.95	-71.33			a		https://s3.amazonaws.com/NARAprodstorage/lz/dc-metro/rg-024/581208/2020-03/581208-omaha-004/581208-omaha-004-157.JPG	https://s3.amazonaws.com/NARAprodstorage/lz/dc-metro/rg-024/581208/2020-03/581208-omaha-004/581208-omaha-004-157.JPG	"Noon: Coquimbo, Chile"						0	0	0	30.3	60	57	55			b	none	10				
1873-08-16	13	-29.95	-71.33			a		https://s3.amazonaws.com/NARAprodstorage/lz/dc-metro/rg-024/581208/2020-03/581208-omaha-004/581208-omaha-004-157.JPG	https://s3.amazonaws.com/NARAprodstorage/lz/dc-metro/rg-024/581208/2020-03/581208-omaha-004/581208-omaha-004-157.JPG	 						315	331	2	30.28	60	60	56			bc	cir cum	8				
1873-08-16	14	-29.95	-71.33			a		https://s3.amazonaws.com/NARAprodstorage/lz/dc-metro/rg-024/581208/2020-03/581208-omaha-004/581208-omaha-004-157.JPG	https://s3.amazonaws.com/NARAprodstorage/lz/dc-metro/rg-024/581208/2020-03/581208-omaha-004/581208-omaha-004-157.JPG	 						315	331	5	30.26	60	60	56			bc	cir cum	8				
1873-08-16	15	-29.95	-71.33			a		https://s3.amazonaws.com/NARAprodstorage/lz/dc-metro/rg-024/581208/2020-03/581208-omaha-004/581208-omaha-004-157.JPG	https://s3.amazonaws.com/NARAprodstorage/lz/dc-metro/rg-024/581208/2020-03/581208-omaha-004/581208-omaha-004-157.JPG	 						315	331	5	30.26	60	61	56			b	none	10				
1873-08-16	16	-29.95	-71.33			a		https://s3.amazonaws.com/NARAprodstorage/lz/dc-metro/rg-024/581208/2020-03/581208-omaha-004/581208-omaha-004-157.JPG	https://s3.amazonaws.com/NARAprodstorage/lz/dc-metro/rg-024/581208/2020-03/581208-omaha-004/581208-omaha-004-157.JPG	 						315	331	5	30.26	60	61	56			b	none	10				
1873-08-16	17	-29.95	-71.33			a		https://s3.amazonaws.com/NARAprodstorage/lz/dc-metro/rg-024/581208/2020-03/581208-omaha-004/581208-omaha-004-157.JPG	https://s3.amazonaws.com/NARAprodstorage/lz/dc-metro/rg-024/581208/2020-03/581208-omaha-004/581208-omaha-004-157.JPG	 						315	331	8	30.26	60	60	55			bc	none	10				
1873-08-16	18	-29.95	-71.33			a		https://s3.amazonaws.com/NARAprodstorage/lz/dc-metro/rg-024/581208/2020-03/581208-omaha-004/581208-omaha-004-157.JPG	https://s3.amazonaws.com/NARAprodstorage/lz/dc-metro/rg-024/581208/2020-03/581208-omaha-004/581208-omaha-004-157.JPG	 						315	331	8	30.26	59	58	55			bc	none	10				
1873-08-16	19	-29.95	-71.33			a		https://s3.amazonaws.com/NARAprodstorage/lz/dc-metro/rg-024/581208/2020-03/581208-omaha-004/581208-omaha-004-157.JPG	https://s3.amazonaws.com/NARAprodstorage/lz/dc-metro/rg-024/581208/2020-03/581208-omaha-004/581208-omaha-004-157.JPG	 						315	331	8	30.26	59	58	55			bc	cir cum	8				
1873-08-16	20	-29.95	-71.33			a		https://s3.amazonaws.com/NARAprodstorage/lz/dc-metro/rg-024/581208/2020-03/581208-omaha-004/581208-omaha-004-157.JPG	https://s3.amazonaws.com/NARAprodstorage/lz/dc-metro/rg-024/581208/2020-03/581208-omaha-004/581208-omaha-004-157.JPG	 						315	331	1	30.26	59	58	55			bc	cir cum	8				
1873-08-16	21	-29.95	-71.33			a		https://s3.amazonaws.com/NARAprodstorage/lz/dc-metro/rg-024/581208/2020-03/581208-omaha-004/581208-omaha-004-157.JPG	https://s3.amazonaws.com/NARAprodstorage/lz/dc-metro/rg-024/581208/2020-03/581208-omaha-004/581208-omaha-004-157.JPG	 						0	0	0	30.26	59	57	55			b	none	10				
1873-08-16	22	-29.95	-71.33			a		https://s3.amazonaws.com/NARAprodstorage/lz/dc-metro/rg-024/581208/2020-03/581208-omaha-004/581208-omaha-004-157.JPG	https://s3.amazonaws.com/NARAprodstorage/lz/dc-metro/rg-024/581208/2020-03/581208-omaha-004/581208-omaha-004-157.JPG	 						0	0	0	30.26	58	56	55			b	none	10				
1873-08-16	23	-29.95	-71.33			a		https://s3.amazonaws.com/NARAprodstorage/lz/dc-metro/rg-024/581208/2020-03/581208-omaha-004/581208-omaha-004-157.JPG	https://s3.amazonaws.com/NARAprodstorage/lz/dc-metro/rg-024/581208/2020-03/581208-omaha-004/581208-omaha-004-157.JPG	 						0	0	0	30.26	58	56	55			b	none	10				
1873-08-16	24	-29.95	-71.33			a		https://s3.amazonaws.com/NARAprodstorage/lz/dc-metro/rg-024/581208/2020-03/581208-omaha-004/581208-omaha-004-157.JPG	https://s3.amazonaws.com/NARAprodstorage/lz/dc-metro/rg-024/581208/2020-03/581208-omaha-004/581208-omaha-004-157.JPG	 						0	0	0	30.26	58	56	55			b	none	10				
1873-08-17	1	-29.95	-71.33			a		https://s3.amazonaws.com/NARAprodstorage/lz/dc-metro/rg-024/581208/2020-03/581208-omaha-004/581208-omaha-004-158.JPG	https://s3.amazonaws.com/NARAprodstorage/lz/dc-metro/rg-024/581208/2020-03/581208-omaha-004/581208-omaha-004-159.JPG	 						888	888	2	30.28	58	56	54			bf	cir	10				
1873-08-17	2	-29.95	-71.33			a		https://s3.amazonaws.com/NARAprodstorage/lz/dc-metro/rg-024/581208/2020-03/581208-omaha-004/581208-omaha-004-158.JPG	https://s3.amazonaws.com/NARAprodstorage/lz/dc-metro/rg-024/581208/2020-03/581208-omaha-004/581208-omaha-004-158.JPG	 						888	888	2	30.28	58	56	54			bf	cir	10				
1873-08-17	3	-29.95	-71.33			a		https://s3.amazonaws.com/NARAprodstorage/lz/dc-metro/rg-024/581208/2020-03/581208-omaha-004/581208-omaha-004-158.JPG	https://s3.amazonaws.com/NARAprodstorage/lz/dc-metro/rg-024/581208/2020-03/581208-omaha-004/581208-omaha-004-158.JPG	 						888	888	2	30.28	58	54	50			bf	cir	10				
1873-08-17	4	-29.95	-71.33			a		https://s3.amazonaws.com/NARAprodstorage/lz/dc-metro/rg-024/581208/2020-03/581208-omaha-004/581208-omaha-004-158.JPG	https://s3.amazonaws.com/NARAprodstorage/lz/dc-metro/rg-024/581208/2020-03/581208-omaha-004/581208-omaha-004-158.JPG	 						888	888	2	30.28	58	54	50			bf	cir	10				
1873-08-17	5	-29.95	-71.33			a		https://s3.amazonaws.com/NARAprodstorage/lz/dc-metro/rg-024/581208/2020-03/581208-omaha-004/581208-omaha-004-158.JPG	https://s3.amazonaws.com/NARAprodstorage/lz/dc-metro/rg-024/581208/2020-03/581208-omaha-004/581208-omaha-004-158.JPG	 						0	0	0	30.28	58	49	46			bh	cir	10				
1873-08-17	6	-29.95	-71.33			a		https://s3.amazonaws.com/NARAprodstorage/lz/dc-metro/rg-024/581208/2020-03/581208-omaha-004/581208-omaha-004-158.JPG	https://s3.amazonaws.com/NARAprodstorage/lz/dc-metro/rg-024/581208/2020-03/581208-omaha-004/581208-omaha-004-158.JPG	 						0	0	0	30.28	58	51	48			bh	cir	10				
1873-08-17	7	-29.95	-71.33			a		https://s3.amazonaws.com/NARAprodstorage/lz/dc-metro/rg-024/581208/2020-03/581208-omaha-004/581208-omaha-004-158.JPG	https://s3.amazonaws.com/NARAprodstorage/lz/dc-metro/rg-024/581208/2020-03/581208-omaha-004/581208-omaha-004-158.JPG	 						0	0	0	30.26	58	54	52			bc	cir	8				
1873-08-17	8	-29.95	-71.33			a		https://s3.amazonaws.com/NARAprodstorage/lz/dc-metro/rg-024/581208/2020-03/581208-omaha-004/581208-omaha-004-158.JPG	https://s3.amazonaws.com/NARAprodstorage/lz/dc-metro/rg-024/581208/2020-03/581208-omaha-004/581208-omaha-004-158.JPG	 						0	0	0	30.26	58	57	55			bc	cir	8				
1873-08-17	9	-29.95	-71.33			a		https://s3.amazonaws.com/NARAprodstorage/lz/dc-metro/rg-024/581208/2020-03/581208-omaha-004/581208-omaha-004-158.JPG	https://s3.amazonaws.com/NARAprodstorage/lz/dc-metro/rg-024/581208/2020-03/581208-omaha-004/581208-omaha-004-158.JPG	 						0	0	0	30.26	58	57	54			bc	none	10				
1873-08-17	10	-29.95	-71.33			a		https://s3.amazonaws.com/NARAprodstorage/lz/dc-metro/rg-024/581208/2020-03/581208-omaha-004/581208-omaha-004-158.JPG	https://s3.amazonaws.com/NARAprodstorage/lz/dc-metro/rg-024/581208/2020-03/581208-omaha-004/581208-omaha-004-158.JPG	 						0	0	0	30.26	58	57	54			b	none	10				
1873-08-17	11	-29.95	-71.33			a		https://s3.amazonaws.com/NARAprodstorage/lz/dc-metro/rg-024/581208/2020-03/581208-omaha-004/581208-omaha-004-158.JPG	https://s3.amazonaws.com/NARAprodstorage/lz/dc-metro/rg-024/581208/2020-03/581208-omaha-004/581208-omaha-004-158.JPG	 						0	0	0	30.26	58	57	54			b	none	10				
1873-08-17	12	-29.95	-71.33			a		https://s3.amazonaws.com/NARAprodstorage/lz/dc-metro/rg-024/581208/2020-03/581208-omaha-004/581208-omaha-004-158.JPG	https://s3.amazonaws.com/NARAprodstorage/lz/dc-metro/rg-024/581208/2020-03/581208-omaha-004/581208-omaha-004-158.JPG	 						191	207	2	30.26	58	57	54			b	none	10				
1873-08-17	13	-29.95	-71.33			a		https://s3.amazonaws.com/NARAprodstorage/lz/dc-metro/rg-024/581208/2020-03/581208-omaha-004/581208-omaha-004-158.JPG	https://s3.amazonaws.com/NARAprodstorage/lz/dc-metro/rg-024/581208/2020-03/581208-omaha-004/581208-omaha-004-158.JPG	 						225	241	5	30.22	60	59	56			bc	cir str	8				
1873-08-17	14	-29.95	-71.33			a		https://s3.amazonaws.com/NARAprodstorage/lz/dc-metro/rg-024/581208/2020-03/581208-omaha-004/581208-omaha-004-158.JPG	https://s3.amazonaws.com/NARAprodstorage/lz/dc-metro/rg-024/581208/2020-03/581208-omaha-004/581208-omaha-004-158.JPG	 						225	241	5	30.22	60	59	56			bc	cir str	8				
1873-08-17	15	-29.95	-71.33			a		https://s3.amazonaws.com/NARAprodstorage/lz/dc-metro/rg-024/581208/2020-03/581208-omaha-004/581208-omaha-004-158.JPG	https://s3.amazonaws.com/NARAprodstorage/lz/dc-metro/rg-024/581208/2020-03/581208-omaha-004/581208-omaha-004-158.JPG	 						225	241	5	30.22	60	59	56			bc	cir str	8				
1873-08-17	16	-29.95	-71.33			a		https://s3.amazonaws.com/NARAprodstorage/lz/dc-metro/rg-024/581208/2020-03/581208-omaha-004/581208-omaha-004-158.JPG	https://s3.amazonaws.com/NARAprodstorage/lz/dc-metro/rg-024/581208/2020-03/581208-omaha-004/581208-omaha-004-158.JPG	 						225	241	5	30.22	60	59	56			bc	cir str	8				
1873-08-17	17	-29.95	-71.33			a		https://s3.amazonaws.com/NARAprodstorage/lz/dc-metro/rg-024/581208/2020-03/581208-omaha-004/581208-omaha-004-158.JPG	https://s3.amazonaws.com/NARAprodstorage/lz/dc-metro/rg-024/581208/2020-03/581208-omaha-004/581208-omaha-004-158.JPG	 						225	241	2	30.22	60	59	56			bc	cir str	9				
1873-08-17	18	-29.95	-71.33			a		https://s3.amazonaws.com/NARAprodstorage/lz/dc-metro/rg-024/581208/2020-03/581208-omaha-004/581208-omaha-004-158.JPG	https://s3.amazonaws.com/NARAprodstorage/lz/dc-metro/rg-024/581208/2020-03/581208-omaha-004/581208-omaha-004-158.JPG	 						225	241	2	30.22	59	58	56			bc	cir str	9				
1873-08-17	19	-29.95	-71.33			a		https://s3.amazonaws.com/NARAprodstorage/lz/dc-metro/rg-024/581208/2020-03/581208-omaha-004/581208-omaha-004-158.JPG	https://s3.amazonaws.com/NARAprodstorage/lz/dc-metro/rg-024/581208/2020-03/581208-omaha-004/581208-omaha-004-158.JPG	 						225	241	2	30.22	59	58	56			bc	cir str	9				
1873-08-17	20	-29.95	-71.33			a		https://s3.amazonaws.com/NARAprodstorage/lz/dc-metro/rg-024/581208/2020-03/581208-omaha-004/581208-omaha-004-158.JPG	https://s3.amazonaws.com/NARAprodstorage/lz/dc-metro/rg-024/581208/2020-03/581208-omaha-004/581208-omaha-004-158.JPG	 						225	241	2	30.22	59	58	56			bc	cir str	9				
1873-08-17	21	-29.95	-71.33			a		https://s3.amazonaws.com/NARAprodstorage/lz/dc-metro/rg-024/581208/2020-03/581208-omaha-004/581208-omaha-004-158.JPG	https://s3.amazonaws.com/NARAprodstorage/lz/dc-metro/rg-024/581208/2020-03/581208-omaha-004/581208-omaha-004-158.JPG	 						0	0	0	30.24	59	58	56			b	nine	10				
1873-08-17	22	-29.95	-71.33			a		https://s3.amazonaws.com/NARAprodstorage/lz/dc-metro/rg-024/581208/2020-03/581208-omaha-004/581208-omaha-004-158.JPG	https://s3.amazonaws.com/NARAprodstorage/lz/dc-metro/rg-024/581208/2020-03/581208-omaha-004/581208-omaha-004-158.JPG	 						0	0	0	30.24	59	58	56			b	nine	10				
1873-08-17	23	-29.95	-71.33			a		https://s3.amazonaws.com/NARAprodstorage/lz/dc-metro/rg-024/581208/2020-03/581208-omaha-004/581208-omaha-004-158.JPG	https://s3.amazonaws.com/NARAprodstorage/lz/dc-metro/rg-024/581208/2020-03/581208-omaha-004/581208-omaha-004-158.JPG	 						0	0	0	30.24	59	58	56			b	nine	10				
1873-08-17	24	-29.95	-71.33			a		https://s3.amazonaws.com/NARAprodstorage/lz/dc-metro/rg-024/581208/2020-03/581208-omaha-004/581208-omaha-004-158.JPG	https://s3.amazonaws.com/NARAprodstorage/lz/dc-metro/rg-024/581208/2020-03/581208-omaha-004/581208-omaha-004-158.JPG	 						0	0	0	30.24	59	58	56			b	nine	10				
1873-08-18	1	-29.95	-71.33			a		https://s3.amazonaws.com/NARAprodstorage/lz/dc-metro/rg-024/581208/2020-03/581208-omaha-004/581208-omaha-004-160.JPG	https://s3.amazonaws.com/NARAprodstorage/lz/dc-metro/rg-024/581208/2020-03/581208-omaha-004/581208-omaha-004-160.JPG	 						0	0	0	30.24	59	57	55			bc	nimb	2				
1873-08-18	2	-29.95	-71.33			a		https://s3.amazonaws.com/NARAprodstorage/lz/dc-metro/rg-024/581208/2020-03/581208-omaha-004/581208-omaha-004-160.JPG	https://s3.amazonaws.com/NARAprodstorage/lz/dc-metro/rg-024/581208/2020-03/581208-omaha-004/581208-omaha-004-160.JPG	 						0	0	0	30.24	59	57	55			bc	nimb	2				
1873-08-18	3	-29.95	-71.33			a		https://s3.amazonaws.com/NARAprodstorage/lz/dc-metro/rg-024/581208/2020-03/581208-omaha-004/581208-omaha-004-160.JPG	https://s3.amazonaws.com/NARAprodstorage/lz/dc-metro/rg-024/581208/2020-03/581208-omaha-004/581208-omaha-004-160.JPG	 						0	0	0	30.24	59	57	55			bc	nimb	2				
1873-08-18	4	-29.95	-71.33			a		https://s3.amazonaws.com/NARAprodstorage/lz/dc-metro/rg-024/581208/2020-03/581208-omaha-004/581208-omaha-004-160.JPG	https://s3.amazonaws.com/NARAprodstorage/lz/dc-metro/rg-024/581208/2020-03/581208-omaha-004/581208-omaha-004-160.JPG	 						0	0	0	30.24	59	57	55			bc	nimb	2				
1873-08-18	5	-29.95	-71.33			a		https://s3.amazonaws.com/NARAprodstorage/lz/dc-metro/rg-024/581208/2020-03/581208-omaha-004/581208-omaha-004-160.JPG	https://s3.amazonaws.com/NARAprodstorage/lz/dc-metro/rg-024/581208/2020-03/581208-omaha-004/581208-omaha-004-160.JPG	 						0	0	0	30.28	59	55	53			oc	cum nim	0				
1873-08-18	6	-29.95	-71.33			a		https://s3.amazonaws.com/NARAprodstorage/lz/dc-metro/rg-024/581208/2020-03/581208-omaha-004/581208-omaha-004-160.JPG	https://s3.amazonaws.com/NARAprodstorage/lz/dc-metro/rg-024/581208/2020-03/581208-omaha-004/581208-omaha-004-160.JPG	 						45	61	2	30.26	59	55	53			oc	cum nim	0				
1873-08-18	7	-29.95	-71.33			a		https://s3.amazonaws.com/NARAprodstorage/lz/dc-metro/rg-024/581208/2020-03/581208-omaha-004/581208-omaha-004-160.JPG	https://s3.amazonaws.com/NARAprodstorage/lz/dc-metro/rg-024/581208/2020-03/581208-omaha-004/581208-omaha-004-160.JPG	 						45	61	2	30.24	59	55	53			oc	cum nim	0				
1873-08-18	8	-29.95	-71.33			a		https://s3.amazonaws.com/NARAprodstorage/lz/dc-metro/rg-024/581208/2020-03/581208-omaha-004/581208-omaha-004-160.JPG	https://s3.amazonaws.com/NARAprodstorage/lz/dc-metro/rg-024/581208/2020-03/581208-omaha-004/581208-omaha-004-160.JPG	 						45	61	2	30.24	59	55	53			oc	cum nim	0				
1873-08-18	9	-29.95	-71.33			a		https://s3.amazonaws.com/NARAprodstorage/lz/dc-metro/rg-024/581208/2020-03/581208-omaha-004/581208-omaha-004-160.JPG	https://s3.amazonaws.com/NARAprodstorage/lz/dc-metro/rg-024/581208/2020-03/581208-omaha-004/581208-omaha-004-160.JPG	 						45	61	2	30.3	61	57	53			bc	cum nim	1				
1873-08-18	10	-29.95	-71.33			a		https://s3.amazonaws.com/NARAprodstorage/lz/dc-metro/rg-024/581208/2020-03/581208-omaha-004/581208-omaha-004-160.JPG	https://s3.amazonaws.com/NARAprodstorage/lz/dc-metro/rg-024/581208/2020-03/581208-omaha-004/581208-omaha-004-160.JPG	 						45	61	2	30.3	61	57	53			bc	cum nim	1				
1873-08-18	11	-29.95	-71.33			a		https://s3.amazonaws.com/NARAprodstorage/lz/dc-metro/rg-024/581208/2020-03/581208-omaha-004/581208-omaha-004-160.JPG	https://s3.amazonaws.com/NARAprodstorage/lz/dc-metro/rg-024/581208/2020-03/581208-omaha-004/581208-omaha-004-160.JPG	 						45	61	2	30.32	61	57	53			bc	cum nim	1				
1873-08-18	12	-29.95	-71.33			a		https://s3.amazonaws.com/NARAprodstorage/lz/dc-metro/rg-024/581208/2020-03/581208-omaha-004/581208-omaha-004-160.JPG	https://s3.amazonaws.com/NARAprodstorage/lz/dc-metro/rg-024/581208/2020-03/581208-omaha-004/581208-omaha-004-160.JPG	"Noon: Coquimbo, Chile"						45	61	2	30.32	61	57	53			bc	cum nim	1				
1873-08-18	13	-29.95	-71.33			a		https://s3.amazonaws.com/NARAprodstorage/lz/dc-metro/rg-024/581208/2020-03/581208-omaha-004/581208-omaha-004-160.JPG	https://s3.amazonaws.com/NARAprodstorage/lz/dc-metro/rg-024/581208/2020-03/581208-omaha-004/581208-omaha-004-160.JPG	 						225	241	5	30.34	60	59	55			bc	cir cum	8				
1873-08-18	14	-29.95	-71.33			a		https://s3.amazonaws.com/NARAprodstorage/lz/dc-metro/rg-024/581208/2020-03/581208-omaha-004/581208-omaha-004-160.JPG	https://s3.amazonaws.com/NARAprodstorage/lz/dc-metro/rg-024/581208/2020-03/581208-omaha-004/581208-omaha-004-160.JPG	 						225	241	5	30.34	60	59	55			bc	nim cum	3				
1873-08-18	15	-29.95	-71.33			a		https://s3.amazonaws.com/NARAprodstorage/lz/dc-metro/rg-024/581208/2020-03/581208-omaha-004/581208-omaha-004-160.JPG	https://s3.amazonaws.com/NARAprodstorage/lz/dc-metro/rg-024/581208/2020-03/581208-omaha-004/581208-omaha-004-160.JPG	 						225	241	5	30.34	60	59	55			oc	nim cum	0				
1873-08-18	16	-29.95	-71.33			a		https://s3.amazonaws.com/NARAprodstorage/lz/dc-metro/rg-024/581208/2020-03/581208-omaha-004/581208-omaha-004-160.JPG	https://s3.amazonaws.com/NARAprodstorage/lz/dc-metro/rg-024/581208/2020-03/581208-omaha-004/581208-omaha-004-160.JPG	 						225	241	5	30.32	59	57	54			oc	nim cum	0				
1873-08-18	17	-29.95	-71.33			a		https://s3.amazonaws.com/NARAprodstorage/lz/dc-metro/rg-024/581208/2020-03/581208-omaha-004/581208-omaha-004-160.JPG	https://s3.amazonaws.com/NARAprodstorage/lz/dc-metro/rg-024/581208/2020-03/581208-omaha-004/581208-omaha-004-160.JPG	 						225	241	2	30.32	59	57	54			bc	nim cum	4				
1873-08-18	18	-29.95	-71.33			a		https://s3.amazonaws.com/NARAprodstorage/lz/dc-metro/rg-024/581208/2020-03/581208-omaha-004/581208-omaha-004-160.JPG	https://s3.amazonaws.com/NARAprodstorage/lz/dc-metro/rg-024/581208/2020-03/581208-omaha-004/581208-omaha-004-160.JPG	 						225	241	2	30.32	59	57	54			bc	nim cum	4				
1873-08-18	19	-29.95	-71.33			a		https://s3.amazonaws.com/NARAprodstorage/lz/dc-metro/rg-024/581208/2020-03/581208-omaha-004/581208-omaha-004-160.JPG	https://s3.amazonaws.com/NARAprodstorage/lz/dc-metro/rg-024/581208/2020-03/581208-omaha-004/581208-omaha-004-160.JPG	 						225	241	2	30.36	59	57	54			bc	nim cum	8				
1873-08-18	20	-29.95	-71.33			a		https://s3.amazonaws.com/NARAprodstorage/lz/dc-metro/rg-024/581208/2020-03/581208-omaha-004/581208-omaha-004-160.JPG	https://s3.amazonaws.com/NARAprodstorage/lz/dc-metro/rg-024/581208/2020-03/581208-omaha-004/581208-omaha-004-160.JPG	 						225	241	2	30.38	59	57	54			bc	nim cum	8				
1873-08-18	21	-29.95	-71.33			a		https://s3.amazonaws.com/NARAprodstorage/lz/dc-metro/rg-024/581208/2020-03/581208-omaha-004/581208-omaha-004-160.JPG	https://s3.amazonaws.com/NARAprodstorage/lz/dc-metro/rg-024/581208/2020-03/581208-omaha-004/581208-omaha-004-160.JPG	 						0	0	0	30.4	59	57	54			bc	nim cum	8				
1873-08-18	22	-29.95	-71.33			a		https://s3.amazonaws.com/NARAprodstorage/lz/dc-metro/rg-024/581208/2020-03/581208-omaha-004/581208-omaha-004-160.JPG	https://s3.amazonaws.com/NARAprodstorage/lz/dc-metro/rg-024/581208/2020-03/581208-omaha-004/581208-omaha-004-160.JPG	 						0	0	0	30.4	59	57	54			oc	nimb	0				
1873-08-18	23	-29.95	-71.33			a		https://s3.amazonaws.com/NARAprodstorage/lz/dc-metro/rg-024/581208/2020-03/581208-omaha-004/581208-omaha-004-160.JPG	https://s3.amazonaws.com/NARAprodstorage/lz/dc-metro/rg-024/581208/2020-03/581208-omaha-004/581208-omaha-004-160.JPG	 						0	0	0	30.38	59	57	54			bc	nimb	2				
1873-08-18	24	-29.95	-71.33			a		https://s3.amazonaws.com/NARAprodstorage/lz/dc-metro/rg-024/581208/2020-03/581208-omaha-004/581208-omaha-004-160.JPG	https://s3.amazonaws.com/NARAprodstorage/lz/dc-metro/rg-024/581208/2020-03/581208-omaha-004/581208-omaha-004-160.JPG	 						0	0	0	30.38	59	57	54			bc	nimb	2				
1873-08-19	1	-29.95	-71.33			a		https://s3.amazonaws.com/NARAprodstorage/lz/dc-metro/rg-024/581208/2020-03/581208-omaha-004/581208-omaha-004-161.JPG	https://s3.amazonaws.com/NARAprodstorage/lz/dc-metro/rg-024/581208/2020-03/581208-omaha-004/581208-omaha-004-161.JPG	 						225	241	2	30.38	59	56	54			bc	cum	6				
1873-08-19	2	-29.95	-71.33			a		https://s3.amazonaws.com/NARAprodstorage/lz/dc-metro/rg-024/581208/2020-03/581208-omaha-004/581208-omaha-004-161.JPG	https://s3.amazonaws.com/NARAprodstorage/lz/dc-metro/rg-024/581208/2020-03/581208-omaha-004/581208-omaha-004-161.JPG	 						225	241	2	30.38	59	56	54			bc	cum	6				
1873-08-19	3	-29.95	-71.33			a		https://s3.amazonaws.com/NARAprodstorage/lz/dc-metro/rg-024/581208/2020-03/581208-omaha-004/581208-omaha-004-161.JPG	https://s3.amazonaws.com/NARAprodstorage/lz/dc-metro/rg-024/581208/2020-03/581208-omaha-004/581208-omaha-004-161.JPG	 						225	241	2	30.38	59	56	54			bc	cum	6				
1873-08-19	4	-29.95	-71.33			a		https://s3.amazonaws.com/NARAprodstorage/lz/dc-metro/rg-024/581208/2020-03/581208-omaha-004/581208-omaha-004-161.JPG	https://s3.amazonaws.com/NARAprodstorage/lz/dc-metro/rg-024/581208/2020-03/581208-omaha-004/581208-omaha-004-161.JPG	 						225	241	2	30.38	59	56	54			bc	cum	6				
1873-08-19	5	-29.95	-71.33			a		https://s3.amazonaws.com/NARAprodstorage/lz/dc-metro/rg-024/581208/2020-03/581208-omaha-004/581208-omaha-004-161.JPG	https://s3.amazonaws.com/NARAprodstorage/lz/dc-metro/rg-024/581208/2020-03/581208-omaha-004/581208-omaha-004-161.JPG	 						225	241	2	30.38	59	54	52			bc	cum	6				
1873-08-19	6	-29.95	-71.33			a		https://s3.amazonaws.com/NARAprodstorage/lz/dc-metro/rg-024/581208/2020-03/581208-omaha-004/581208-omaha-004-161.JPG	https://s3.amazonaws.com/NARAprodstorage/lz/dc-metro/rg-024/581208/2020-03/581208-omaha-004/581208-omaha-004-161.JPG	 						225	241	2	30.4	59	54	52			bc	cum	6				
1873-08-19	7	-29.95	-71.33			a		https://s3.amazonaws.com/NARAprodstorage/lz/dc-metro/rg-024/581208/2020-03/581208-omaha-004/581208-omaha-004-161.JPG	https://s3.amazonaws.com/NARAprodstorage/lz/dc-metro/rg-024/581208/2020-03/581208-omaha-004/581208-omaha-004-161.JPG	 						225	241	2	30.44	59	54	52			bc	cum	9				
1873-08-19	8	-29.95	-71.33			a		https://s3.amazonaws.com/NARAprodstorage/lz/dc-metro/rg-024/581208/2020-03/581208-omaha-004/581208-omaha-004-161.JPG	https://s3.amazonaws.com/NARAprodstorage/lz/dc-metro/rg-024/581208/2020-03/581208-omaha-004/581208-omaha-004-161.JPG	 						225	241	2	30.47	59	54	52			bc	cum	9				
1873-08-19	9	-29.95	-71.33			a		https://s3.amazonaws.com/NARAprodstorage/lz/dc-metro/rg-024/581208/2020-03/581208-omaha-004/581208-omaha-004-161.JPG	https://s3.amazonaws.com/NARAprodstorage/lz/dc-metro/rg-024/581208/2020-03/581208-omaha-004/581208-omaha-004-161.JPG	 						0	0	0	30.48	60	55	53			bc	cum	9				
1873-08-19	10	-29.95	-71.33			a		https://s3.amazonaws.com/NARAprodstorage/lz/dc-metro/rg-024/581208/2020-03/581208-omaha-004/581208-omaha-004-161.JPG	https://s3.amazonaws.com/NARAprodstorage/lz/dc-metro/rg-024/581208/2020-03/581208-omaha-004/581208-omaha-004-161.JPG	 						0	0	0	30.48	60	55	53			bc	cum	9				
1873-08-19	11	-29.95	-71.33			a		https://s3.amazonaws.com/NARAprodstorage/lz/dc-metro/rg-024/581208/2020-03/581208-omaha-004/581208-omaha-004-161.JPG	https://s3.amazonaws.com/NARAprodstorage/lz/dc-metro/rg-024/581208/2020-03/581208-omaha-004/581208-omaha-004-161.JPG	 						0	0	0	30.48	60	55	53			bm	none	10				
1873-08-19	12	-29.95	-71.33			a		https://s3.amazonaws.com/NARAprodstorage/lz/dc-metro/rg-024/581208/2020-03/581208-omaha-004/581208-omaha-004-161.JPG	https://s3.amazonaws.com/NARAprodstorage/lz/dc-metro/rg-024/581208/2020-03/581208-omaha-004/581208-omaha-004-161.JPG	"Noon: Coquimbo, Chile"						225	241	0	30.5	60	55	53			b	none	10				
1873-08-19	13	-29.95	-71.33			a		https://s3.amazonaws.com/NARAprodstorage/lz/dc-metro/rg-024/581208/2020-03/581208-omaha-004/581208-omaha-004-161.JPG	https://s3.amazonaws.com/NARAprodstorage/lz/dc-metro/rg-024/581208/2020-03/581208-omaha-004/581208-omaha-004-161.JPG	 						225	241	13	30.46	60	60	55			bcq	cir	8				
1873-08-19	14	-29.95	-71.33			a		https://s3.amazonaws.com/NARAprodstorage/lz/dc-metro/rg-024/581208/2020-03/581208-omaha-004/581208-omaha-004-161.JPG	https://s3.amazonaws.com/NARAprodstorage/lz/dc-metro/rg-024/581208/2020-03/581208-omaha-004/581208-omaha-004-161.JPG	 						225	241	13	30.45	61	60	55			bcfq	cir	9				
1873-08-19	15	-29.95	-71.33			a		https://s3.amazonaws.com/NARAprodstorage/lz/dc-metro/rg-024/581208/2020-03/581208-omaha-004/581208-omaha-004-161.JPG	https://s3.amazonaws.com/NARAprodstorage/lz/dc-metro/rg-024/581208/2020-03/581208-omaha-004/581208-omaha-004-161.JPG	 						225	241	8	30.45	61	60	55			b	cir	10				
1873-08-19	16	-29.95	-71.33			a		https://s3.amazonaws.com/NARAprodstorage/lz/dc-metro/rg-024/581208/2020-03/581208-omaha-004/581208-omaha-004-161.JPG	https://s3.amazonaws.com/NARAprodstorage/lz/dc-metro/rg-024/581208/2020-03/581208-omaha-004/581208-omaha-004-161.JPG	 						225	241	8	30.45	61	60	56			b	cir	10				
1873-08-19	17	-29.95	-71.33			a		https://s3.amazonaws.com/NARAprodstorage/lz/dc-metro/rg-024/581208/2020-03/581208-omaha-004/581208-omaha-004-161.JPG	https://s3.amazonaws.com/NARAprodstorage/lz/dc-metro/rg-024/581208/2020-03/581208-omaha-004/581208-omaha-004-161.JPG	 						225	241	8	30.45	61	60	56			b	none	10				
1873-08-19	18	-29.95	-71.33			a		https://s3.amazonaws.com/NARAprodstorage/lz/dc-metro/rg-024/581208/2020-03/581208-omaha-004/581208-omaha-004-161.JPG	https://s3.amazonaws.com/NARAprodstorage/lz/dc-metro/rg-024/581208/2020-03/581208-omaha-004/581208-omaha-004-161.JPG	 						225	241	5	30.45	61	60	56			b	none	10				
1873-08-19	19	-29.95	-71.33			a		https://s3.amazonaws.com/NARAprodstorage/lz/dc-metro/rg-024/581208/2020-03/581208-omaha-004/581208-omaha-004-161.JPG	https://s3.amazonaws.com/NARAprodstorage/lz/dc-metro/rg-024/581208/2020-03/581208-omaha-004/581208-omaha-004-161.JPG	 						0	0	0	30.44	61	60	56			b	none	10				
1873-08-19	20	-29.95	-71.33			a		https://s3.amazonaws.com/NARAprodstorage/lz/dc-metro/rg-024/581208/2020-03/581208-omaha-004/581208-omaha-004-161.JPG	https://s3.amazonaws.com/NARAprodstorage/lz/dc-metro/rg-024/581208/2020-03/581208-omaha-004/581208-omaha-004-161.JPG	 						0	0	0	30.44	60	59	55			b	none	10				
1873-08-19	21	-29.95	-71.33			a		https://s3.amazonaws.com/NARAprodstorage/lz/dc-metro/rg-024/581208/2020-03/581208-omaha-004/581208-omaha-004-161.JPG	https://s3.amazonaws.com/NARAprodstorage/lz/dc-metro/rg-024/581208/2020-03/581208-omaha-004/581208-omaha-004-161.JPG	 						0	0	0	30.44	58	58	55			b	none	10				
1873-08-19	22	-29.95	-71.33			a		https://s3.amazonaws.com/NARAprodstorage/lz/dc-metro/rg-024/581208/2020-03/581208-omaha-004/581208-omaha-004-161.JPG	https://s3.amazonaws.com/NARAprodstorage/lz/dc-metro/rg-024/581208/2020-03/581208-omaha-004/581208-omaha-004-161.JPG	 						0	0	0	30.43	57	56	55			b	none	10				
1873-08-19	23	-29.95	-71.33			a		https://s3.amazonaws.com/NARAprodstorage/lz/dc-metro/rg-024/581208/2020-03/581208-omaha-004/581208-omaha-004-161.JPG	https://s3.amazonaws.com/NARAprodstorage/lz/dc-metro/rg-024/581208/2020-03/581208-omaha-004/581208-omaha-004-161.JPG	 						0	0	0	30.4	57	56	55			b	none	10				
1873-08-19	24	-29.95	-71.33			a		https://s3.amazonaws.com/NARAprodstorage/lz/dc-metro/rg-024/581208/2020-03/581208-omaha-004/581208-omaha-004-161.JPG	https://s3.amazonaws.com/NARAprodstorage/lz/dc-metro/rg-024/581208/2020-03/581208-omaha-004/581208-omaha-004-161.JPG	 						0	0	0	30.4	57	56	55			b	none	10				
1873-08-20	1	-29.95	-71.33			a		https://s3.amazonaws.com/NARAprodstorage/lz/dc-metro/rg-024/581208/2020-03/581208-omaha-004/581208-omaha-004-162.JPG	https://s3.amazonaws.com/NARAprodstorage/lz/dc-metro/rg-024/581208/2020-03/581208-omaha-004/581208-omaha-004-162.JPG	 						0	0	0	30.4	57	56	54			b	none	10				
1873-08-20	2	-29.95	-71.33			a		https://s3.amazonaws.com/NARAprodstorage/lz/dc-metro/rg-024/581208/2020-03/581208-omaha-004/581208-omaha-004-162.JPG	https://s3.amazonaws.com/NARAprodstorage/lz/dc-metro/rg-024/581208/2020-03/581208-omaha-004/581208-omaha-004-162.JPG	 						0	0	0	30.4	57	56	54			b	none	10				
1873-08-20	3	-29.95	-71.33			a		https://s3.amazonaws.com/NARAprodstorage/lz/dc-metro/rg-024/581208/2020-03/581208-omaha-004/581208-omaha-004-162.JPG	https://s3.amazonaws.com/NARAprodstorage/lz/dc-metro/rg-024/581208/2020-03/581208-omaha-004/581208-omaha-004-162.JPG	 						888	888	2	30.4	57	56	54			b	none	10				
1873-08-20	4	-29.95	-71.33			a		https://s3.amazonaws.com/NARAprodstorage/lz/dc-metro/rg-024/581208/2020-03/581208-omaha-004/581208-omaha-004-162.JPG	https://s3.amazonaws.com/NARAprodstorage/lz/dc-metro/rg-024/581208/2020-03/581208-omaha-004/581208-omaha-004-162.JPG	 						0	0	0	30.4	57	56	54			b	none	10				
1873-08-20	5	-29.95	-71.33			a		https://s3.amazonaws.com/NARAprodstorage/lz/dc-metro/rg-024/581208/2020-03/581208-omaha-004/581208-omaha-004-162.JPG	https://s3.amazonaws.com/NARAprodstorage/lz/dc-metro/rg-024/581208/2020-03/581208-omaha-004/581208-omaha-004-162.JPG	 						0	0	0	30.35	55	53	50			b	none	10				
1873-08-20	6	-29.95	-71.33			a		https://s3.amazonaws.com/NARAprodstorage/lz/dc-metro/rg-024/581208/2020-03/581208-omaha-004/581208-omaha-004-162.JPG	https://s3.amazonaws.com/NARAprodstorage/lz/dc-metro/rg-024/581208/2020-03/581208-omaha-004/581208-omaha-004-162.JPG	 						0	0	0	30.35	55	53	50			b	none	10				
1873-08-20	7	-29.95	-71.33			a		https://s3.amazonaws.com/NARAprodstorage/lz/dc-metro/rg-024/581208/2020-03/581208-omaha-004/581208-omaha-004-162.JPG	https://s3.amazonaws.com/NARAprodstorage/lz/dc-metro/rg-024/581208/2020-03/581208-omaha-004/581208-omaha-004-162.JPG	 						0	0	0	30.35	55	53	50			b	none	10				
1873-08-20	8	-29.95	-71.33			a		https://s3.amazonaws.com/NARAprodstorage/lz/dc-metro/rg-024/581208/2020-03/581208-omaha-004/581208-omaha-004-162.JPG	https://s3.amazonaws.com/NARAprodstorage/lz/dc-metro/rg-024/581208/2020-03/581208-omaha-004/581208-omaha-004-162.JPG	 						0	0	0	30.35	55	53	50			b	none	10				
1873-08-20	9	-29.95	-71.33			a		https://s3.amazonaws.com/NARAprodstorage/lz/dc-metro/rg-024/581208/2020-03/581208-omaha-004/581208-omaha-004-162.JPG	https://s3.amazonaws.com/NARAprodstorage/lz/dc-metro/rg-024/581208/2020-03/581208-omaha-004/581208-omaha-004-162.JPG	 						0	0	0	30.33	57	59	55			b	none	10				
1873-08-20	10	-29.95	-71.33			a		https://s3.amazonaws.com/NARAprodstorage/lz/dc-metro/rg-024/581208/2020-03/581208-omaha-004/581208-omaha-004-162.JPG	https://s3.amazonaws.com/NARAprodstorage/lz/dc-metro/rg-024/581208/2020-03/581208-omaha-004/581208-omaha-004-162.JPG	 						0	0	0	30.3	59	60	55			b	none	10				
1873-08-20	11	-29.95	-71.33			a		https://s3.amazonaws.com/NARAprodstorage/lz/dc-metro/rg-024/581208/2020-03/581208-omaha-004/581208-omaha-004-162.JPG	https://s3.amazonaws.com/NARAprodstorage/lz/dc-metro/rg-024/581208/2020-03/581208-omaha-004/581208-omaha-004-162.JPG	 						270	286	5	30.25	61	61	57			b	none	10				
1873-08-20	12	-29.95	-71.33			a		https://s3.amazonaws.com/NARAprodstorage/lz/dc-metro/rg-024/581208/2020-03/581208-omaha-004/581208-omaha-004-162.JPG	https://s3.amazonaws.com/NARAprodstorage/lz/dc-metro/rg-024/581208/2020-03/581208-omaha-004/581208-omaha-004-162.JPG	"Noon: Coquimbo, Chile"						270	286	5	30.25	61	61	57			b	none	10				
1873-08-20	13	-29.95	-71.33			a		https://s3.amazonaws.com/NARAprodstorage/lz/dc-metro/rg-024/581208/2020-03/581208-omaha-004/581208-omaha-004-162.JPG	https://s3.amazonaws.com/NARAprodstorage/lz/dc-metro/rg-024/581208/2020-03/581208-omaha-004/581208-omaha-004-162.JPG	 						45	61	2	30.26	60	60	58			b	none	10				
1873-08-20	14	-29.95	-71.33			a		https://s3.amazonaws.com/NARAprodstorage/lz/dc-metro/rg-024/581208/2020-03/581208-omaha-004/581208-omaha-004-162.JPG	https://s3.amazonaws.com/NARAprodstorage/lz/dc-metro/rg-024/581208/2020-03/581208-omaha-004/581208-omaha-004-162.JPG	 						45	61	2	30.26	59	60	58			b	none	10				
1873-08-20	15	-29.95	-71.33			a		https://s3.amazonaws.com/NARAprodstorage/lz/dc-metro/rg-024/581208/2020-03/581208-omaha-004/581208-omaha-004-162.JPG	https://s3.amazonaws.com/NARAprodstorage/lz/dc-metro/rg-024/581208/2020-03/581208-omaha-004/581208-omaha-004-162.JPG	 						45	61	2	30.26	58	60	58			b	none	10				
1873-08-20	16	-29.95	-71.33			a		https://s3.amazonaws.com/NARAprodstorage/lz/dc-metro/rg-024/581208/2020-03/581208-omaha-004/581208-omaha-004-162.JPG	https://s3.amazonaws.com/NARAprodstorage/lz/dc-metro/rg-024/581208/2020-03/581208-omaha-004/581208-omaha-004-162.JPG	 						45	61	2	30.26	58	60	58			b	none	10				
1873-08-20	17	-29.95	-71.33			a		https://s3.amazonaws.com/NARAprodstorage/lz/dc-metro/rg-024/581208/2020-03/581208-omaha-004/581208-omaha-004-162.JPG	https://s3.amazonaws.com/NARAprodstorage/lz/dc-metro/rg-024/581208/2020-03/581208-omaha-004/581208-omaha-004-162.JPG	 						90	106	2	30.24	63	59	57			b	none	10				
1873-08-20	18	-29.95	-71.33			a		https://s3.amazonaws.com/NARAprodstorage/lz/dc-metro/rg-024/581208/2020-03/581208-omaha-004/581208-omaha-004-162.JPG	https://s3.amazonaws.com/NARAprodstorage/lz/dc-metro/rg-024/581208/2020-03/581208-omaha-004/581208-omaha-004-162.JPG	 						0	0	0	30.24	61	58	57			b	none	10				
1873-08-20	19	-29.95	-71.33			a		https://s3.amazonaws.com/NARAprodstorage/lz/dc-metro/rg-024/581208/2020-03/581208-omaha-004/581208-omaha-004-162.JPG	https://s3.amazonaws.com/NARAprodstorage/lz/dc-metro/rg-024/581208/2020-03/581208-omaha-004/581208-omaha-004-162.JPG	 						0	0	0	30.23	61	58	56			b	none	10				
1873-08-20	20	-29.95	-71.33			a		https://s3.amazonaws.com/NARAprodstorage/lz/dc-metro/rg-024/581208/2020-03/581208-omaha-004/581208-omaha-004-162.JPG	https://s3.amazonaws.com/NARAprodstorage/lz/dc-metro/rg-024/581208/2020-03/581208-omaha-004/581208-omaha-004-162.JPG	 						0	0	0	30.23	61	58	56			b	none	10				
1873-08-20	21	-29.95	-71.33			a		https://s3.amazonaws.com/NARAprodstorage/lz/dc-metro/rg-024/581208/2020-03/581208-omaha-004/581208-omaha-004-162.JPG	https://s3.amazonaws.com/NARAprodstorage/lz/dc-metro/rg-024/581208/2020-03/581208-omaha-004/581208-omaha-004-162.JPG	 						0	0	0	30.22	60	58	57			b	none	10				
1873-08-20	22	-29.95	-71.33			a		https://s3.amazonaws.com/NARAprodstorage/lz/dc-metro/rg-024/581208/2020-03/581208-omaha-004/581208-omaha-004-162.JPG	https://s3.amazonaws.com/NARAprodstorage/lz/dc-metro/rg-024/581208/2020-03/581208-omaha-004/581208-omaha-004-162.JPG	 						0	0	0	30.22	60	58	57			b	none	10				
1873-08-20	23	-29.95	-71.33			a		https://s3.amazonaws.com/NARAprodstorage/lz/dc-metro/rg-024/581208/2020-03/581208-omaha-004/581208-omaha-004-162.JPG	https://s3.amazonaws.com/NARAprodstorage/lz/dc-metro/rg-024/581208/2020-03/581208-omaha-004/581208-omaha-004-162.JPG	 						0	0	0	30.22	60	58	57			b	none	10				
1873-08-20	24	-29.95	-71.33			a		https://s3.amazonaws.com/NARAprodstorage/lz/dc-metro/rg-024/581208/2020-03/581208-omaha-004/581208-omaha-004-162.JPG	https://s3.amazonaws.com/NARAprodstorage/lz/dc-metro/rg-024/581208/2020-03/581208-omaha-004/581208-omaha-004-162.JPG	 						0	0	0	30.22	60	58	57			b	none	10				
1873-08-21	1	-29.95	-71.33			a		https://s3.amazonaws.com/NARAprodstorage/lz/dc-metro/rg-024/581208/2020-03/581208-omaha-004/581208-omaha-004-163.JPG	https://s3.amazonaws.com/NARAprodstorage/lz/dc-metro/rg-024/581208/2020-03/581208-omaha-004/581208-omaha-004-163.JPG	 						0	0	0	30.2	57	54	56			of		0				
1873-08-21	2	-29.95	-71.33			a		https://s3.amazonaws.com/NARAprodstorage/lz/dc-metro/rg-024/581208/2020-03/581208-omaha-004/581208-omaha-004-163.JPG	https://s3.amazonaws.com/NARAprodstorage/lz/dc-metro/rg-024/581208/2020-03/581208-omaha-004/581208-omaha-004-163.JPG	 						0	0	0	30.2	57	54	56			of		0				
1873-08-21	3	-29.95	-71.33			a		https://s3.amazonaws.com/NARAprodstorage/lz/dc-metro/rg-024/581208/2020-03/581208-omaha-004/581208-omaha-004-163.JPG	https://s3.amazonaws.com/NARAprodstorage/lz/dc-metro/rg-024/581208/2020-03/581208-omaha-004/581208-omaha-004-163.JPG	 						0	0	0	30.01	54	52	54			of		0				
1873-08-21	4	-29.95	-71.33			a		https://s3.amazonaws.com/NARAprodstorage/lz/dc-metro/rg-024/581208/2020-03/581208-omaha-004/581208-omaha-004-163.JPG	https://s3.amazonaws.com/NARAprodstorage/lz/dc-metro/rg-024/581208/2020-03/581208-omaha-004/581208-omaha-004-163.JPG	 						0	0	0	30.01	54	52	54			of		0				
1873-08-21	5	-29.95	-71.33			a		https://s3.amazonaws.com/NARAprodstorage/lz/dc-metro/rg-024/581208/2020-03/581208-omaha-004/581208-omaha-004-163.JPG	https://s3.amazonaws.com/NARAprodstorage/lz/dc-metro/rg-024/581208/2020-03/581208-omaha-004/581208-omaha-004-163.JPG	 						0	0	0	30.16	49	48	51			of		0				
1873-08-21	6	-29.95	-71.33			a		https://s3.amazonaws.com/NARAprodstorage/lz/dc-metro/rg-024/581208/2020-03/581208-omaha-004/581208-omaha-004-163.JPG	https://s3.amazonaws.com/NARAprodstorage/lz/dc-metro/rg-024/581208/2020-03/581208-omaha-004/581208-omaha-004-163.JPG	 						0	0	0	30.14	51	48	51			of		0				
1873-08-21	7	-29.95	-71.33			a		https://s3.amazonaws.com/NARAprodstorage/lz/dc-metro/rg-024/581208/2020-03/581208-omaha-004/581208-omaha-004-163.JPG	https://s3.amazonaws.com/NARAprodstorage/lz/dc-metro/rg-024/581208/2020-03/581208-omaha-004/581208-omaha-004-163.JPG	 						0	0	0	30.12	52	50	51			of		0				
1873-08-21	8	-29.95	-71.33			a		https://s3.amazonaws.com/NARAprodstorage/lz/dc-metro/rg-024/581208/2020-03/581208-omaha-004/581208-omaha-004-163.JPG	https://s3.amazonaws.com/NARAprodstorage/lz/dc-metro/rg-024/581208/2020-03/581208-omaha-004/581208-omaha-004-163.JPG	 						0	0	0	30.12	54	52	52			of		0				
1873-08-21	9	-29.95	-71.33			a		https://s3.amazonaws.com/NARAprodstorage/lz/dc-metro/rg-024/581208/2020-03/581208-omaha-004/581208-omaha-004-163.JPG	https://s3.amazonaws.com/NARAprodstorage/lz/dc-metro/rg-024/581208/2020-03/581208-omaha-004/581208-omaha-004-163.JPG	 						0	0	0	30.12	55	53	53			of		0				
1873-08-21	10	-29.95	-71.33			a		https://s3.amazonaws.com/NARAprodstorage/lz/dc-metro/rg-024/581208/2020-03/581208-omaha-004/581208-omaha-004-163.JPG	https://s3.amazonaws.com/NARAprodstorage/lz/dc-metro/rg-024/581208/2020-03/581208-omaha-004/581208-omaha-004-163.JPG	 						0	0	0	30.13	55	54	53			of		0				
1873-08-21	11	-29.95	-71.33			a		https://s3.amazonaws.com/NARAprodstorage/lz/dc-metro/rg-024/581208/2020-03/581208-omaha-004/581208-omaha-004-163.JPG	https://s3.amazonaws.com/NARAprodstorage/lz/dc-metro/rg-024/581208/2020-03/581208-omaha-004/581208-omaha-004-163.JPG	 						0	0	0	30.13	55	54	53			bm		6				
1873-08-21	12	-29.95	-71.33			a		https://s3.amazonaws.com/NARAprodstorage/lz/dc-metro/rg-024/581208/2020-03/581208-omaha-004/581208-omaha-004-163.JPG	https://s3.amazonaws.com/NARAprodstorage/lz/dc-metro/rg-024/581208/2020-03/581208-omaha-004/581208-omaha-004-163.JPG	"Noon: Coquimbo, Chile"						315	331	2	30.13	57	56	55			bc		8				
1873-08-21	13	-29.95	-71.33			a		https://s3.amazonaws.com/NARAprodstorage/lz/dc-metro/rg-024/581208/2020-03/581208-omaha-004/581208-omaha-004-163.JPG	https://s3.amazonaws.com/NARAprodstorage/lz/dc-metro/rg-024/581208/2020-03/581208-omaha-004/581208-omaha-004-163.JPG	 						315	331	5	30.13	59	57	56			b	none	10				
1873-08-21	14	-29.95	-71.33			a		https://s3.amazonaws.com/NARAprodstorage/lz/dc-metro/rg-024/581208/2020-03/581208-omaha-004/581208-omaha-004-163.JPG	https://s3.amazonaws.com/NARAprodstorage/lz/dc-metro/rg-024/581208/2020-03/581208-omaha-004/581208-omaha-004-163.JPG	 						315	331	5	30.13	59	57	56			b	none	10				
1873-08-21	15	-29.95	-71.33			a		https://s3.amazonaws.com/NARAprodstorage/lz/dc-metro/rg-024/581208/2020-03/581208-omaha-004/581208-omaha-004-163.JPG	https://s3.amazonaws.com/NARAprodstorage/lz/dc-metro/rg-024/581208/2020-03/581208-omaha-004/581208-omaha-004-163.JPG	 						315	331	5	30.13	59	57	56			b	none	10				
1873-08-21	16	-29.95	-71.33			a		https://s3.amazonaws.com/NARAprodstorage/lz/dc-metro/rg-024/581208/2020-03/581208-omaha-004/581208-omaha-004-163.JPG	https://s3.amazonaws.com/NARAprodstorage/lz/dc-metro/rg-024/581208/2020-03/581208-omaha-004/581208-omaha-004-163.JPG	 						315	331	5	30.13	59	57	56			b	none	10				
1873-08-21	17	-29.95	-71.33			a		https://s3.amazonaws.com/NARAprodstorage/lz/dc-metro/rg-024/581208/2020-03/581208-omaha-004/581208-omaha-004-163.JPG	https://s3.amazonaws.com/NARAprodstorage/lz/dc-metro/rg-024/581208/2020-03/581208-omaha-004/581208-omaha-004-163.JPG	 						0	0	0	30.12	59	57	56			b	none	10				
1873-08-21	18	-29.95	-71.33			a		https://s3.amazonaws.com/NARAprodstorage/lz/dc-metro/rg-024/581208/2020-03/581208-omaha-004/581208-omaha-004-163.JPG	https://s3.amazonaws.com/NARAprodstorage/lz/dc-metro/rg-024/581208/2020-03/581208-omaha-004/581208-omaha-004-163.JPG	 						0	0	0	30.11	59	57	56			b	none	10				
1873-08-21	19	-29.95	-71.33			a		https://s3.amazonaws.com/NARAprodstorage/lz/dc-metro/rg-024/581208/2020-03/581208-omaha-004/581208-omaha-004-163.JPG	https://s3.amazonaws.com/NARAprodstorage/lz/dc-metro/rg-024/581208/2020-03/581208-omaha-004/581208-omaha-004-163.JPG	 						0	0	0	30.1	59	57	56			b	none	10				
1873-08-21	20	-29.95	-71.33			a		https://s3.amazonaws.com/NARAprodstorage/lz/dc-metro/rg-024/581208/2020-03/581208-omaha-004/581208-omaha-004-163.JPG	https://s3.amazonaws.com/NARAprodstorage/lz/dc-metro/rg-024/581208/2020-03/581208-omaha-004/581208-omaha-004-163.JPG	 						0	0	0	30.1	59	57	56			b	none	10				
1873-08-21	21	-29.95	-71.33			a		https://s3.amazonaws.com/NARAprodstorage/lz/dc-metro/rg-024/581208/2020-03/581208-omaha-004/581208-omaha-004-163.JPG	https://s3.amazonaws.com/NARAprodstorage/lz/dc-metro/rg-024/581208/2020-03/581208-omaha-004/581208-omaha-004-163.JPG	 						0	0	0	30.12	57	51	50			bc	cir cum	4				
1873-08-21	22	-29.95	-71.33			a		https://s3.amazonaws.com/NARAprodstorage/lz/dc-metro/rg-024/581208/2020-03/581208-omaha-004/581208-omaha-004-163.JPG	https://s3.amazonaws.com/NARAprodstorage/lz/dc-metro/rg-024/581208/2020-03/581208-omaha-004/581208-omaha-004-163.JPG	 						0	0	0	30.11	57	51	50			bc	cir cum	4				
1873-08-21	23	-29.95	-71.33			a		https://s3.amazonaws.com/NARAprodstorage/lz/dc-metro/rg-024/581208/2020-03/581208-omaha-004/581208-omaha-004-163.JPG	https://s3.amazonaws.com/NARAprodstorage/lz/dc-metro/rg-024/581208/2020-03/581208-omaha-004/581208-omaha-004-163.JPG	 						0	0	0	30.1	57	51	50			bc	cir cum	6				
1873-08-21	24	-29.95	-71.33			a		https://s3.amazonaws.com/NARAprodstorage/lz/dc-metro/rg-024/581208/2020-03/581208-omaha-004/581208-omaha-004-163.JPG	https://s3.amazonaws.com/NARAprodstorage/lz/dc-metro/rg-024/581208/2020-03/581208-omaha-004/581208-omaha-004-163.JPG	 						0	0	0	30.1	57	51	50			bc	cir cum	8				
1873-08-22	1	-29.95	-71.33			a		https://s3.amazonaws.com/NARAprodstorage/lz/dc-metro/rg-024/581208/2020-03/581208-omaha-004/581208-omaha-004-164.JPG	https://s3.amazonaws.com/NARAprodstorage/lz/dc-metro/rg-024/581208/2020-03/581208-omaha-004/581208-omaha-004-164.JPG	 						0	0	0	30.11	57	51	50			bcm	cir cum	5				
1873-08-22	2	-29.95	-71.33			a		https://s3.amazonaws.com/NARAprodstorage/lz/dc-metro/rg-024/581208/2020-03/581208-omaha-004/581208-omaha-004-164.JPG	https://s3.amazonaws.com/NARAprodstorage/lz/dc-metro/rg-024/581208/2020-03/581208-omaha-004/581208-omaha-004-164.JPG	 						0	0	0	30.11	57	51	50			ocm	none	0				
1873-08-22	3	-29.95	-71.33			a		https://s3.amazonaws.com/NARAprodstorage/lz/dc-metro/rg-024/581208/2020-03/581208-omaha-004/581208-omaha-004-164.JPG	https://s3.amazonaws.com/NARAprodstorage/lz/dc-metro/rg-024/581208/2020-03/581208-omaha-004/581208-omaha-004-164.JPG	 						0	0	0	30.12	57	51	50			ocm	none	0				
1873-08-22	4	-29.95	-71.33			a		https://s3.amazonaws.com/NARAprodstorage/lz/dc-metro/rg-024/581208/2020-03/581208-omaha-004/581208-omaha-004-164.JPG	https://s3.amazonaws.com/NARAprodstorage/lz/dc-metro/rg-024/581208/2020-03/581208-omaha-004/581208-omaha-004-164.JPG	 						0	0	0	30.12	57	51	50			ocm	none	0				
1873-08-22	5	-29.95	-71.33			a		https://s3.amazonaws.com/NARAprodstorage/lz/dc-metro/rg-024/581208/2020-03/581208-omaha-004/581208-omaha-004-164.JPG	https://s3.amazonaws.com/NARAprodstorage/lz/dc-metro/rg-024/581208/2020-03/581208-omaha-004/581208-omaha-004-164.JPG	 						0	0	0	30.14	57	54	53			ocm	cum nim	0				
1873-08-22	6	-29.95	-71.33			a		https://s3.amazonaws.com/NARAprodstorage/lz/dc-metro/rg-024/581208/2020-03/581208-omaha-004/581208-omaha-004-164.JPG	https://s3.amazonaws.com/NARAprodstorage/lz/dc-metro/rg-024/581208/2020-03/581208-omaha-004/581208-omaha-004-164.JPG	 						0	0	0	30.14	57	54	53			ocm	cum nim	0				
1873-08-22	7	-29.95	-71.33			a		https://s3.amazonaws.com/NARAprodstorage/lz/dc-metro/rg-024/581208/2020-03/581208-omaha-004/581208-omaha-004-164.JPG	https://s3.amazonaws.com/NARAprodstorage/lz/dc-metro/rg-024/581208/2020-03/581208-omaha-004/581208-omaha-004-164.JPG	 						0	0	0	30.14	57	54	53			ocm	cum nim	0				
1873-08-22	8	-29.95	-71.33			a		https://s3.amazonaws.com/NARAprodstorage/lz/dc-metro/rg-024/581208/2020-03/581208-omaha-004/581208-omaha-004-164.JPG	https://s3.amazonaws.com/NARAprodstorage/lz/dc-metro/rg-024/581208/2020-03/581208-omaha-004/581208-omaha-004-164.JPG	 						0	0	0	30.14	57	54	53			ocm	cum nim	0				
1873-08-22	9	-29.95	-71.33			a		https://s3.amazonaws.com/NARAprodstorage/lz/dc-metro/rg-024/581208/2020-03/581208-omaha-004/581208-omaha-004-164.JPG	https://s3.amazonaws.com/NARAprodstorage/lz/dc-metro/rg-024/581208/2020-03/581208-omaha-004/581208-omaha-004-164.JPG	 						315	331	2	30.18	58	54	53			bc	cum nim	0				
1873-08-22	10	-29.95	-71.33			a		https://s3.amazonaws.com/NARAprodstorage/lz/dc-metro/rg-024/581208/2020-03/581208-omaha-004/581208-omaha-004-164.JPG	https://s3.amazonaws.com/NARAprodstorage/lz/dc-metro/rg-024/581208/2020-03/581208-omaha-004/581208-omaha-004-164.JPG	 						315	331	2	30.18	58	54	56			bc	cum nim	0				
1873-08-22	11	-29.95	-71.33			a		https://s3.amazonaws.com/NARAprodstorage/lz/dc-metro/rg-024/581208/2020-03/581208-omaha-004/581208-omaha-004-164.JPG	https://s3.amazonaws.com/NARAprodstorage/lz/dc-metro/rg-024/581208/2020-03/581208-omaha-004/581208-omaha-004-164.JPG	 						315	331	5	30.2	59	57	56			bc	cum nim	0				
1873-08-22	12	-29.95	-71.33			a		https://s3.amazonaws.com/NARAprodstorage/lz/dc-metro/rg-024/581208/2020-03/581208-omaha-004/581208-omaha-004-164.JPG	https://s3.amazonaws.com/NARAprodstorage/lz/dc-metro/rg-024/581208/2020-03/581208-omaha-004/581208-omaha-004-164.JPG	"Noon: Coquimbo, Chile"						315	331	5	30.22	59	57	56			bc	cum nim	0				
1873-08-22	13	-29.95	-71.33			a		https://s3.amazonaws.com/NARAprodstorage/lz/dc-metro/rg-024/581208/2020-03/581208-omaha-004/581208-omaha-004-164.JPG	https://s3.amazonaws.com/NARAprodstorage/lz/dc-metro/rg-024/581208/2020-03/581208-omaha-004/581208-omaha-004-164.JPG	 						315	331	5	30.2	57	58	56			bc	cum nim	2				
1873-08-22	14	-29.95	-71.33			a		https://s3.amazonaws.com/NARAprodstorage/lz/dc-metro/rg-024/581208/2020-03/581208-omaha-004/581208-omaha-004-164.JPG	https://s3.amazonaws.com/NARAprodstorage/lz/dc-metro/rg-024/581208/2020-03/581208-omaha-004/581208-omaha-004-164.JPG	 						315	331	5	30.2	57	58	56			oc	cum nim	0				
1873-08-22	15	-29.95	-71.33			a		https://s3.amazonaws.com/NARAprodstorage/lz/dc-metro/rg-024/581208/2020-03/581208-omaha-004/581208-omaha-004-164.JPG	https://s3.amazonaws.com/NARAprodstorage/lz/dc-metro/rg-024/581208/2020-03/581208-omaha-004/581208-omaha-004-164.JPG	 						315	331	5	30.2	57	58	56			oc	cum nim	0				
1873-08-22	16	-29.95	-71.33			a		https://s3.amazonaws.com/NARAprodstorage/lz/dc-metro/rg-024/581208/2020-03/581208-omaha-004/581208-omaha-004-164.JPG	https://s3.amazonaws.com/NARAprodstorage/lz/dc-metro/rg-024/581208/2020-03/581208-omaha-004/581208-omaha-004-164.JPG	 						315	331	5	30.18	60	59	56			bc	cum nim	8				
1873-08-22	17	-29.95	-71.33			a		https://s3.amazonaws.com/NARAprodstorage/lz/dc-metro/rg-024/581208/2020-03/581208-omaha-004/581208-omaha-004-164.JPG	https://s3.amazonaws.com/NARAprodstorage/lz/dc-metro/rg-024/581208/2020-03/581208-omaha-004/581208-omaha-004-164.JPG	 						315	331	5	30.16	60	59	56			bc	cum nim	9				
1873-08-22	18	-29.95	-71.33			a		https://s3.amazonaws.com/NARAprodstorage/lz/dc-metro/rg-024/581208/2020-03/581208-omaha-004/581208-omaha-004-164.JPG	https://s3.amazonaws.com/NARAprodstorage/lz/dc-metro/rg-024/581208/2020-03/581208-omaha-004/581208-omaha-004-164.JPG	 						225	241	2	30.16	60	59	56			bc	cum nim	9				
1873-08-22	19	-29.95	-71.33			a		https://s3.amazonaws.com/NARAprodstorage/lz/dc-metro/rg-024/581208/2020-03/581208-omaha-004/581208-omaha-004-164.JPG	https://s3.amazonaws.com/NARAprodstorage/lz/dc-metro/rg-024/581208/2020-03/581208-omaha-004/581208-omaha-004-164.JPG	 						225	241	2	30.18	58	57	56			bc	cum nim	9				
1873-08-22	20	-29.95	-71.33			a		https://s3.amazonaws.com/NARAprodstorage/lz/dc-metro/rg-024/581208/2020-03/581208-omaha-004/581208-omaha-004-164.JPG	https://s3.amazonaws.com/NARAprodstorage/lz/dc-metro/rg-024/581208/2020-03/581208-omaha-004/581208-omaha-004-164.JPG	 						225	241	2	30.18	58	57	56			bc	cum nim	9				
1873-08-22	21	-29.95	-71.33			a		https://s3.amazonaws.com/NARAprodstorage/lz/dc-metro/rg-024/581208/2020-03/581208-omaha-004/581208-omaha-004-164.JPG	https://s3.amazonaws.com/NARAprodstorage/lz/dc-metro/rg-024/581208/2020-03/581208-omaha-004/581208-omaha-004-164.JPG	 						225	241	2	30.2	58	57	56			bc	cum nim	4				
1873-08-22	22	-29.95	-71.33			a		https://s3.amazonaws.com/NARAprodstorage/lz/dc-metro/rg-024/581208/2020-03/581208-omaha-004/581208-omaha-004-164.JPG	https://s3.amazonaws.com/NARAprodstorage/lz/dc-metro/rg-024/581208/2020-03/581208-omaha-004/581208-omaha-004-164.JPG	 						0	0	0	30.2	58	57	56			bc	cum nim	4				
1873-08-22	23	-29.95	-71.33			a		https://s3.amazonaws.com/NARAprodstorage/lz/dc-metro/rg-024/581208/2020-03/581208-omaha-004/581208-omaha-004-164.JPG	https://s3.amazonaws.com/NARAprodstorage/lz/dc-metro/rg-024/581208/2020-03/581208-omaha-004/581208-omaha-004-164.JPG	 						0	0	0	30.2	58	56	55			oc	cum nim	0				
1873-08-22	24	-29.95	-71.33			a		https://s3.amazonaws.com/NARAprodstorage/lz/dc-metro/rg-024/581208/2020-03/581208-omaha-004/581208-omaha-004-164.JPG	https://s3.amazonaws.com/NARAprodstorage/lz/dc-metro/rg-024/581208/2020-03/581208-omaha-004/581208-omaha-004-164.JPG	 						0	0	0	30.2	58	56	55			oc	cum nim	0				
1873-08-23	1	-29.95	-71.33			a		https://s3.amazonaws.com/NARAprodstorage/lz/dc-metro/rg-024/581208/2020-03/581208-omaha-004/581208-omaha-004-165.JPG	https://s3.amazonaws.com/NARAprodstorage/lz/dc-metro/rg-024/581208/2020-03/581208-omaha-004/581208-omaha-004-165.JPG	 						888	888	2	30.2	55	52	51			oc	nimb	0				
1873-08-23	2	-29.95	-71.33			a		https://s3.amazonaws.com/NARAprodstorage/lz/dc-metro/rg-024/581208/2020-03/581208-omaha-004/581208-omaha-004-165.JPG	https://s3.amazonaws.com/NARAprodstorage/lz/dc-metro/rg-024/581208/2020-03/581208-omaha-004/581208-omaha-004-165.JPG	 						888	888	2	30.2	55	52	51			oc	nimb	0				
1873-08-23	3	-29.95	-71.33			a		https://s3.amazonaws.com/NARAprodstorage/lz/dc-metro/rg-024/581208/2020-03/581208-omaha-004/581208-omaha-004-165.JPG	https://s3.amazonaws.com/NARAprodstorage/lz/dc-metro/rg-024/581208/2020-03/581208-omaha-004/581208-omaha-004-165.JPG	 						888	888	2	30.2	55	51	50			oc	nimb	0				
1873-08-23	4	-29.95	-71.33			a		https://s3.amazonaws.com/NARAprodstorage/lz/dc-metro/rg-024/581208/2020-03/581208-omaha-004/581208-omaha-004-165.JPG	https://s3.amazonaws.com/NARAprodstorage/lz/dc-metro/rg-024/581208/2020-03/581208-omaha-004/581208-omaha-004-165.JPG	 						888	888	2	30.2	55	51	50			oc	nimb	0				
1873-08-23	5	-29.95	-71.33			a		https://s3.amazonaws.com/NARAprodstorage/lz/dc-metro/rg-024/581208/2020-03/581208-omaha-004/581208-omaha-004-165.JPG	https://s3.amazonaws.com/NARAprodstorage/lz/dc-metro/rg-024/581208/2020-03/581208-omaha-004/581208-omaha-004-165.JPG	 						0	0	0	30.18	57	54	52			ocf	nimb	0				
1873-08-23	6	-29.95	-71.33			a		https://s3.amazonaws.com/NARAprodstorage/lz/dc-metro/rg-024/581208/2020-03/581208-omaha-004/581208-omaha-004-165.JPG	https://s3.amazonaws.com/NARAprodstorage/lz/dc-metro/rg-024/581208/2020-03/581208-omaha-004/581208-omaha-004-165.JPG	 						0	0	0	30.18	57	54	52			ocf	nimb	0				
1873-08-23	7	-29.95	-71.33			a		https://s3.amazonaws.com/NARAprodstorage/lz/dc-metro/rg-024/581208/2020-03/581208-omaha-004/581208-omaha-004-165.JPG	https://s3.amazonaws.com/NARAprodstorage/lz/dc-metro/rg-024/581208/2020-03/581208-omaha-004/581208-omaha-004-165.JPG	 						0	0	0	30.18	57	54	52			ocf	nimb	0				
1873-08-23	8	-29.95	-71.33			a		https://s3.amazonaws.com/NARAprodstorage/lz/dc-metro/rg-024/581208/2020-03/581208-omaha-004/581208-omaha-004-165.JPG	https://s3.amazonaws.com/NARAprodstorage/lz/dc-metro/rg-024/581208/2020-03/581208-omaha-004/581208-omaha-004-165.JPG	 						0	0	0	30.18	57	54	52			ocf	nimb	0				
1873-08-23	9	-29.95	-71.33			a		https://s3.amazonaws.com/NARAprodstorage/lz/dc-metro/rg-024/581208/2020-03/581208-omaha-004/581208-omaha-004-165.JPG	https://s3.amazonaws.com/NARAprodstorage/lz/dc-metro/rg-024/581208/2020-03/581208-omaha-004/581208-omaha-004-165.JPG	 						360	16	5	30.2	59	54	53			ocm	nimb	0				
1873-08-23	10	-29.95	-71.33			a		https://s3.amazonaws.com/NARAprodstorage/lz/dc-metro/rg-024/581208/2020-03/581208-omaha-004/581208-omaha-004-165.JPG	https://s3.amazonaws.com/NARAprodstorage/lz/dc-metro/rg-024/581208/2020-03/581208-omaha-004/581208-omaha-004-165.JPG	 						360	16	5	30.22	59	54	54			ocm	nimb	0				
1873-08-23	11	-29.95	-71.33			a		https://s3.amazonaws.com/NARAprodstorage/lz/dc-metro/rg-024/581208/2020-03/581208-omaha-004/581208-omaha-004-165.JPG	https://s3.amazonaws.com/NARAprodstorage/lz/dc-metro/rg-024/581208/2020-03/581208-omaha-004/581208-omaha-004-165.JPG	 						360	16	5	30.22	60	55	54			ocm	nimb	0				
1873-08-23	12	-29.95	-71.33			a		https://s3.amazonaws.com/NARAprodstorage/lz/dc-metro/rg-024/581208/2020-03/581208-omaha-004/581208-omaha-004-165.JPG	https://s3.amazonaws.com/NARAprodstorage/lz/dc-metro/rg-024/581208/2020-03/581208-omaha-004/581208-omaha-004-165.JPG	"Noon: Coquimbo, Chile"						360	16	5	30.22	60	55	54			oc	nimb	0				
1873-08-23	13	-29.95	-71.33			a		https://s3.amazonaws.com/NARAprodstorage/lz/dc-metro/rg-024/581208/2020-03/581208-omaha-004/581208-omaha-004-165.JPG	https://s3.amazonaws.com/NARAprodstorage/lz/dc-metro/rg-024/581208/2020-03/581208-omaha-004/581208-omaha-004-165.JPG	 						338	354	5	30.15	60	56	54			oc	nimb	0				
1873-08-23	14	-29.95	-71.33			a		https://s3.amazonaws.com/NARAprodstorage/lz/dc-metro/rg-024/581208/2020-03/581208-omaha-004/581208-omaha-004-165.JPG	https://s3.amazonaws.com/NARAprodstorage/lz/dc-metro/rg-024/581208/2020-03/581208-omaha-004/581208-omaha-004-165.JPG	 						338	354	5	30.15	60	56	54			oc	nimb	0				
1873-08-23	15	-29.95	-71.33			a		https://s3.amazonaws.com/NARAprodstorage/lz/dc-metro/rg-024/581208/2020-03/581208-omaha-004/581208-omaha-004-165.JPG	https://s3.amazonaws.com/NARAprodstorage/lz/dc-metro/rg-024/581208/2020-03/581208-omaha-004/581208-omaha-004-165.JPG	 						338	354	2	30.15	60	56	55			oc	nimb	0				
1873-08-23	16	-29.95	-71.33			a		https://s3.amazonaws.com/NARAprodstorage/lz/dc-metro/rg-024/581208/2020-03/581208-omaha-004/581208-omaha-004-165.JPG	https://s3.amazonaws.com/NARAprodstorage/lz/dc-metro/rg-024/581208/2020-03/581208-omaha-004/581208-omaha-004-165.JPG	 						338	354	2	30.15	60	56	55			oc	nimb	0				
1873-08-23	17	-29.95	-71.33			a		https://s3.amazonaws.com/NARAprodstorage/lz/dc-metro/rg-024/581208/2020-03/581208-omaha-004/581208-omaha-004-165.JPG	https://s3.amazonaws.com/NARAprodstorage/lz/dc-metro/rg-024/581208/2020-03/581208-omaha-004/581208-omaha-004-165.JPG	 						338	354	2	30.15	60	56	55			oc	nimb	0				
1873-08-23	18	-29.95	-71.33			a		https://s3.amazonaws.com/NARAprodstorage/lz/dc-metro/rg-024/581208/2020-03/581208-omaha-004/581208-omaha-004-165.JPG	https://s3.amazonaws.com/NARAprodstorage/lz/dc-metro/rg-024/581208/2020-03/581208-omaha-004/581208-omaha-004-165.JPG	 						0	0	0	30.15	60	56	55			oc	nimb	0				
1873-08-23	19	-29.95	-71.33			a		https://s3.amazonaws.com/NARAprodstorage/lz/dc-metro/rg-024/581208/2020-03/581208-omaha-004/581208-omaha-004-165.JPG	https://s3.amazonaws.com/NARAprodstorage/lz/dc-metro/rg-024/581208/2020-03/581208-omaha-004/581208-omaha-004-165.JPG	 						0	0	0	30.13	60	56	55			oc	nimb	0				
1873-08-23	20	-29.95	-71.33			a		https://s3.amazonaws.com/NARAprodstorage/lz/dc-metro/rg-024/581208/2020-03/581208-omaha-004/581208-omaha-004-165.JPG	https://s3.amazonaws.com/NARAprodstorage/lz/dc-metro/rg-024/581208/2020-03/581208-omaha-004/581208-omaha-004-165.JPG	 						888	888	2	30.14	60	56	55			oc	nimb	0				
1873-08-23	21	-29.95	-71.33			a		https://s3.amazonaws.com/NARAprodstorage/lz/dc-metro/rg-024/581208/2020-03/581208-omaha-004/581208-omaha-004-165.JPG	https://s3.amazonaws.com/NARAprodstorage/lz/dc-metro/rg-024/581208/2020-03/581208-omaha-004/581208-omaha-004-165.JPG	 						888	888	2	30.18	60	56	56			oc	nimb	0				
1873-08-23	22	-29.95	-71.33			a		https://s3.amazonaws.com/NARAprodstorage/lz/dc-metro/rg-024/581208/2020-03/581208-omaha-004/581208-omaha-004-165.JPG	https://s3.amazonaws.com/NARAprodstorage/lz/dc-metro/rg-024/581208/2020-03/581208-omaha-004/581208-omaha-004-165.JPG	 						888	888	2	30.2	60	56	56			oc	nimb	0				
1873-08-23	23	-29.95	-71.33			a		https://s3.amazonaws.com/NARAprodstorage/lz/dc-metro/rg-024/581208/2020-03/581208-omaha-004/581208-omaha-004-165.JPG	https://s3.amazonaws.com/NARAprodstorage/lz/dc-metro/rg-024/581208/2020-03/581208-omaha-004/581208-omaha-004-165.JPG	 						0	0	0	30.2	60	55	55			oc	nimb	0				
1873-08-23	24	-29.95	-71.33			a		https://s3.amazonaws.com/NARAprodstorage/lz/dc-metro/rg-024/581208/2020-03/581208-omaha-004/581208-omaha-004-165.JPG	https://s3.amazonaws.com/NARAprodstorage/lz/dc-metro/rg-024/581208/2020-03/581208-omaha-004/581208-omaha-004-165.JPG	 						0	0	0	30.2	60	55	54			oc	nimb	0				
1873-08-24	1	-29.95	-71.33			a		https://s3.amazonaws.com/NARAprodstorage/lz/dc-metro/rg-024/581208/2020-03/581208-omaha-004/581208-omaha-004-166.JPG	https://s3.amazonaws.com/NARAprodstorage/lz/dc-metro/rg-024/581208/2020-03/581208-omaha-004/581208-omaha-004-166.JPG	 						0	0	0	30.22	58	55	55			ocm	cum nim	0				
1873-08-24	2	-29.95	-71.33			a		https://s3.amazonaws.com/NARAprodstorage/lz/dc-metro/rg-024/581208/2020-03/581208-omaha-004/581208-omaha-004-166.JPG	https://s3.amazonaws.com/NARAprodstorage/lz/dc-metro/rg-024/581208/2020-03/581208-omaha-004/581208-omaha-004-166.JPG	 						888	888	2	30.22	58	55	55			ocm	cum nim	0				
1873-08-24	3	-29.95	-71.33			a		https://s3.amazonaws.com/NARAprodstorage/lz/dc-metro/rg-024/581208/2020-03/581208-omaha-004/581208-omaha-004-166.JPG	https://s3.amazonaws.com/NARAprodstorage/lz/dc-metro/rg-024/581208/2020-03/581208-omaha-004/581208-omaha-004-166.JPG	 						888	888	2	30.22	58	55	55			ocm	cum nim	0				
1873-08-24	4	-29.95	-71.33			a		https://s3.amazonaws.com/NARAprodstorage/lz/dc-metro/rg-024/581208/2020-03/581208-omaha-004/581208-omaha-004-166.JPG	https://s3.amazonaws.com/NARAprodstorage/lz/dc-metro/rg-024/581208/2020-03/581208-omaha-004/581208-omaha-004-166.JPG	 						0	0	0	30.22	58	55	55			ocm	cum nim	0				
1873-08-24	5	-29.95	-71.33			a		https://s3.amazonaws.com/NARAprodstorage/lz/dc-metro/rg-024/581208/2020-03/581208-omaha-004/581208-omaha-004-166.JPG	https://s3.amazonaws.com/NARAprodstorage/lz/dc-metro/rg-024/581208/2020-03/581208-omaha-004/581208-omaha-004-166.JPG	 						0	0	0	30.22	58	55	55			ocm	cum nim	0				
1873-08-24	6	-29.95	-71.33			a		https://s3.amazonaws.com/NARAprodstorage/lz/dc-metro/rg-024/581208/2020-03/581208-omaha-004/581208-omaha-004-166.JPG	https://s3.amazonaws.com/NARAprodstorage/lz/dc-metro/rg-024/581208/2020-03/581208-omaha-004/581208-omaha-004-166.JPG	 						0	0	0	30.22	58	55	55			ocm	cum nim	0				
1873-08-24	7	-29.95	-71.33			a		https://s3.amazonaws.com/NARAprodstorage/lz/dc-metro/rg-024/581208/2020-03/581208-omaha-004/581208-omaha-004-166.JPG	https://s3.amazonaws.com/NARAprodstorage/lz/dc-metro/rg-024/581208/2020-03/581208-omaha-004/581208-omaha-004-166.JPG	 						0	0	0	30.22	58	55	55			ocm	cum nim	0				
1873-08-24	8	-29.95	-71.33			a		https://s3.amazonaws.com/NARAprodstorage/lz/dc-metro/rg-024/581208/2020-03/581208-omaha-004/581208-omaha-004-166.JPG	https://s3.amazonaws.com/NARAprodstorage/lz/dc-metro/rg-024/581208/2020-03/581208-omaha-004/581208-omaha-004-166.JPG	 						0	0	0	30.23	58	55	55			ocm	cum nim	0				
1873-08-24	9	-29.95	-71.33			a		https://s3.amazonaws.com/NARAprodstorage/lz/dc-metro/rg-024/581208/2020-03/581208-omaha-004/581208-omaha-004-166.JPG	https://s3.amazonaws.com/NARAprodstorage/lz/dc-metro/rg-024/581208/2020-03/581208-omaha-004/581208-omaha-004-166.JPG	 						0	0	0	30.24	59	57	56			ocm	nimb	0				
1873-08-24	10	-29.95	-71.33			a		https://s3.amazonaws.com/NARAprodstorage/lz/dc-metro/rg-024/581208/2020-03/581208-omaha-004/581208-omaha-004-166.JPG	https://s3.amazonaws.com/NARAprodstorage/lz/dc-metro/rg-024/581208/2020-03/581208-omaha-004/581208-omaha-004-166.JPG	 						0	0	0	30.24	60	57	56			ocm	nimb	0				
1873-08-24	11	-29.95	-71.33			a		https://s3.amazonaws.com/NARAprodstorage/lz/dc-metro/rg-024/581208/2020-03/581208-omaha-004/581208-omaha-004-166.JPG	https://s3.amazonaws.com/NARAprodstorage/lz/dc-metro/rg-024/581208/2020-03/581208-omaha-004/581208-omaha-004-166.JPG	 						0	0	0	30.26	60	57	56			ocm	nimb	0				
1873-08-24	12	-29.95	-71.33			a		https://s3.amazonaws.com/NARAprodstorage/lz/dc-metro/rg-024/581208/2020-03/581208-omaha-004/581208-omaha-004-166.JPG	https://s3.amazonaws.com/NARAprodstorage/lz/dc-metro/rg-024/581208/2020-03/581208-omaha-004/581208-omaha-004-166.JPG	"Noon: Coquimbo, Chile"						0	0	0	30.28	60	57	56			ocm	nimb	0				
1873-08-24	13	-29.95	-71.33			a		https://s3.amazonaws.com/NARAprodstorage/lz/dc-metro/rg-024/581208/2020-03/581208-omaha-004/581208-omaha-004-166.JPG	https://s3.amazonaws.com/NARAprodstorage/lz/dc-metro/rg-024/581208/2020-03/581208-omaha-004/581208-omaha-004-166.JPG	 						225	241	2	30.26	59	52	49			oc	cum nim	0				
1873-08-24	14	-29.95	-71.33			a		https://s3.amazonaws.com/NARAprodstorage/lz/dc-metro/rg-024/581208/2020-03/581208-omaha-004/581208-omaha-004-166.JPG	https://s3.amazonaws.com/NARAprodstorage/lz/dc-metro/rg-024/581208/2020-03/581208-omaha-004/581208-omaha-004-166.JPG	 						225	241	2	30.26	59	52	49			oc	cum nim	0				
1873-08-24	15	-29.95	-71.33			a		https://s3.amazonaws.com/NARAprodstorage/lz/dc-metro/rg-024/581208/2020-03/581208-omaha-004/581208-omaha-004-166.JPG	https://s3.amazonaws.com/NARAprodstorage/lz/dc-metro/rg-024/581208/2020-03/581208-omaha-004/581208-omaha-004-166.JPG	 						225	241	5	30.26	59	52	49			oc	cum nim	0				
1873-08-24	16	-29.95	-71.33			a		https://s3.amazonaws.com/NARAprodstorage/lz/dc-metro/rg-024/581208/2020-03/581208-omaha-004/581208-omaha-004-166.JPG	https://s3.amazonaws.com/NARAprodstorage/lz/dc-metro/rg-024/581208/2020-03/581208-omaha-004/581208-omaha-004-166.JPG	 						225	241	8	30.26	59	52	49			oc	cum nim	0				
1873-08-24	17	-29.95	-71.33			a		https://s3.amazonaws.com/NARAprodstorage/lz/dc-metro/rg-024/581208/2020-03/581208-omaha-004/581208-omaha-004-166.JPG	https://s3.amazonaws.com/NARAprodstorage/lz/dc-metro/rg-024/581208/2020-03/581208-omaha-004/581208-omaha-004-166.JPG	 						888	888	2	30.26	59	56	55			ocm	cum nim	0				
1873-08-24	18	-29.95	-71.33			a		https://s3.amazonaws.com/NARAprodstorage/lz/dc-metro/rg-024/581208/2020-03/581208-omaha-004/581208-omaha-004-166.JPG	https://s3.amazonaws.com/NARAprodstorage/lz/dc-metro/rg-024/581208/2020-03/581208-omaha-004/581208-omaha-004-166.JPG	 						888	888	2	30.26	59	56	55			ocm	cum nim	0				
1873-08-24	19	-29.95	-71.33			a		https://s3.amazonaws.com/NARAprodstorage/lz/dc-metro/rg-024/581208/2020-03/581208-omaha-004/581208-omaha-004-166.JPG	https://s3.amazonaws.com/NARAprodstorage/lz/dc-metro/rg-024/581208/2020-03/581208-omaha-004/581208-omaha-004-166.JPG	 						888	888	2	30.26	59	56	55			ocm	cum nim	0				
1873-08-24	20	-29.95	-71.33			a		https://s3.amazonaws.com/NARAprodstorage/lz/dc-metro/rg-024/581208/2020-03/581208-omaha-004/581208-omaha-004-166.JPG	https://s3.amazonaws.com/NARAprodstorage/lz/dc-metro/rg-024/581208/2020-03/581208-omaha-004/581208-omaha-004-166.JPG	 						0	0	0	30.26	59	56	55			ocm	cum nim	0				
1873-08-24	21	-29.95	-71.33			a		https://s3.amazonaws.com/NARAprodstorage/lz/dc-metro/rg-024/581208/2020-03/581208-omaha-004/581208-omaha-004-166.JPG	https://s3.amazonaws.com/NARAprodstorage/lz/dc-metro/rg-024/581208/2020-03/581208-omaha-004/581208-omaha-004-166.JPG	 						0	0	0	30.24	59	57	56			ocm	cum nim	0				
1873-08-24	22	-29.95	-71.33			a		https://s3.amazonaws.com/NARAprodstorage/lz/dc-metro/rg-024/581208/2020-03/581208-omaha-004/581208-omaha-004-166.JPG	https://s3.amazonaws.com/NARAprodstorage/lz/dc-metro/rg-024/581208/2020-03/581208-omaha-004/581208-omaha-004-166.JPG	 						0	0	0	30.24	59	57	56			ocm	cum nim	0				
1873-08-24	23	-29.95	-71.33			a		https://s3.amazonaws.com/NARAprodstorage/lz/dc-metro/rg-024/581208/2020-03/581208-omaha-004/581208-omaha-004-166.JPG	https://s3.amazonaws.com/NARAprodstorage/lz/dc-metro/rg-024/581208/2020-03/581208-omaha-004/581208-omaha-004-166.JPG	 						0	0	0	30.24	59	57	56			ocm	cum nim	0				
1873-08-24	24	-29.95	-71.33			a		https://s3.amazonaws.com/NARAprodstorage/lz/dc-metro/rg-024/581208/2020-03/581208-omaha-004/581208-omaha-004-166.JPG	https://s3.amazonaws.com/NARAprodstorage/lz/dc-metro/rg-024/581208/2020-03/581208-omaha-004/581208-omaha-004-166.JPG	 						0	0	0	30.24	59	57	56			ocm	cum nim	0				
1873-08-25	1	-29.95	-71.33			a		https://s3.amazonaws.com/NARAprodstorage/lz/dc-metro/rg-024/581208/2020-03/581208-omaha-004/581208-omaha-004-167.JPG	https://s3.amazonaws.com/NARAprodstorage/lz/dc-metro/rg-024/581208/2020-03/581208-omaha-004/581208-omaha-004-167.JPG	 						0	0	0	30.2	58	56	56			ocm	cum	0				
1873-08-25	2	-29.95	-71.33			a		https://s3.amazonaws.com/NARAprodstorage/lz/dc-metro/rg-024/581208/2020-03/581208-omaha-004/581208-omaha-004-167.JPG	https://s3.amazonaws.com/NARAprodstorage/lz/dc-metro/rg-024/581208/2020-03/581208-omaha-004/581208-omaha-004-167.JPG	 						0	0	0	30.2	58	56	56			ocm	cum	0				
1873-08-25	3	-29.95	-71.33			a		https://s3.amazonaws.com/NARAprodstorage/lz/dc-metro/rg-024/581208/2020-03/581208-omaha-004/581208-omaha-004-167.JPG	https://s3.amazonaws.com/NARAprodstorage/lz/dc-metro/rg-024/581208/2020-03/581208-omaha-004/581208-omaha-004-167.JPG	 						0	0	0	30.22	58	56	56			oc	cum	0				
1873-08-25	4	-29.95	-71.33			a		https://s3.amazonaws.com/NARAprodstorage/lz/dc-metro/rg-024/581208/2020-03/581208-omaha-004/581208-omaha-004-167.JPG	https://s3.amazonaws.com/NARAprodstorage/lz/dc-metro/rg-024/581208/2020-03/581208-omaha-004/581208-omaha-004-167.JPG	 						0	0	0	30.22	58	56	56			oc	cum	0				
1873-08-25	5	-29.95	-71.33			a		https://s3.amazonaws.com/NARAprodstorage/lz/dc-metro/rg-024/581208/2020-03/581208-omaha-004/581208-omaha-004-167.JPG	https://s3.amazonaws.com/NARAprodstorage/lz/dc-metro/rg-024/581208/2020-03/581208-omaha-004/581208-omaha-004-167.JPG	 						0	0	0	30.22	58	56	56			oc	nimb	0				
1873-08-25	6	-29.95	-71.33			a		https://s3.amazonaws.com/NARAprodstorage/lz/dc-metro/rg-024/581208/2020-03/581208-omaha-004/581208-omaha-004-167.JPG	https://s3.amazonaws.com/NARAprodstorage/lz/dc-metro/rg-024/581208/2020-03/581208-omaha-004/581208-omaha-004-167.JPG	 						0	0	0	30.22	58	56	56			oc	nimb	0				
1873-08-25	7	-29.95	-71.33			a		https://s3.amazonaws.com/NARAprodstorage/lz/dc-metro/rg-024/581208/2020-03/581208-omaha-004/581208-omaha-004-167.JPG	https://s3.amazonaws.com/NARAprodstorage/lz/dc-metro/rg-024/581208/2020-03/581208-omaha-004/581208-omaha-004-167.JPG	 						90	106	2	30.22	58	56	54			oc	nimb	0				
1873-08-25	8	-29.95	-71.33			a		https://s3.amazonaws.com/NARAprodstorage/lz/dc-metro/rg-024/581208/2020-03/581208-omaha-004/581208-omaha-004-167.JPG	https://s3.amazonaws.com/NARAprodstorage/lz/dc-metro/rg-024/581208/2020-03/581208-omaha-004/581208-omaha-004-167.JPG	 						90	106	2	30.22	59	56	54			oc	nimb	0				
1873-08-25	9	-29.95	-71.33			a		https://s3.amazonaws.com/NARAprodstorage/lz/dc-metro/rg-024/581208/2020-03/581208-omaha-004/581208-omaha-004-167.JPG	https://s3.amazonaws.com/NARAprodstorage/lz/dc-metro/rg-024/581208/2020-03/581208-omaha-004/581208-omaha-004-167.JPG	 						0	0	0	30.26	60	57	55			ocm	cum nim	0				
1873-08-25	10	-29.95	-71.33			a		https://s3.amazonaws.com/NARAprodstorage/lz/dc-metro/rg-024/581208/2020-03/581208-omaha-004/581208-omaha-004-167.JPG	https://s3.amazonaws.com/NARAprodstorage/lz/dc-metro/rg-024/581208/2020-03/581208-omaha-004/581208-omaha-004-167.JPG	 						0	0	0	30.26	60	57	55			ocm	cum nim	0		1015: Rear Admiral Chas Steedman and Staff came on board to inspect the ship.		
1873-08-25	11	-29.95	-71.33			a		https://s3.amazonaws.com/NARAprodstorage/lz/dc-metro/rg-024/581208/2020-03/581208-omaha-004/581208-omaha-004-167.JPG	https://s3.amazonaws.com/NARAprodstorage/lz/dc-metro/rg-024/581208/2020-03/581208-omaha-004/581208-omaha-004-167.JPG	 						225	241	2	30.26	60	57	55			ocm	cum nim	0				
1873-08-25	12	-29.95	-71.33			a		https://s3.amazonaws.com/NARAprodstorage/lz/dc-metro/rg-024/581208/2020-03/581208-omaha-004/581208-omaha-004-167.JPG	https://s3.amazonaws.com/NARAprodstorage/lz/dc-metro/rg-024/581208/2020-03/581208-omaha-004/581208-omaha-004-167.JPG	"Noon: Coquimbo, Chile"						225	241	2	30.26	60	57	55			ocm	cum nim	0				
1873-08-25	13	-29.95	-71.33			a		https://s3.amazonaws.com/NARAprodstorage/lz/dc-metro/rg-024/581208/2020-03/581208-omaha-004/581208-omaha-004-167.JPG	https://s3.amazonaws.com/NARAprodstorage/lz/dc-metro/rg-024/581208/2020-03/581208-omaha-004/581208-omaha-004-167.JPG	 						360	16	2	30.24	60	57	55			oc	cum nim	0				
1873-08-25	14	-29.95	-71.33			a		https://s3.amazonaws.com/NARAprodstorage/lz/dc-metro/rg-024/581208/2020-03/581208-omaha-004/581208-omaha-004-167.JPG	https://s3.amazonaws.com/NARAprodstorage/lz/dc-metro/rg-024/581208/2020-03/581208-omaha-004/581208-omaha-004-167.JPG	 						360	16	2	30.25	60	57	55			oc	cum nim	0				
1873-08-25	15	-29.95	-71.33			a		https://s3.amazonaws.com/NARAprodstorage/lz/dc-metro/rg-024/581208/2020-03/581208-omaha-004/581208-omaha-004-167.JPG	https://s3.amazonaws.com/NARAprodstorage/lz/dc-metro/rg-024/581208/2020-03/581208-omaha-004/581208-omaha-004-167.JPG	 						360	16	2	30.25	60	57	55			oc	cum nim	0				
1873-08-25	16	-29.95	-71.33			a		https://s3.amazonaws.com/NARAprodstorage/lz/dc-metro/rg-024/581208/2020-03/581208-omaha-004/581208-omaha-004-167.JPG	https://s3.amazonaws.com/NARAprodstorage/lz/dc-metro/rg-024/581208/2020-03/581208-omaha-004/581208-omaha-004-167.JPG	 						360	16	2	30.22	60	57	55			oc	cum nim	0				
1873-08-25	17	-29.95	-71.33			a		https://s3.amazonaws.com/NARAprodstorage/lz/dc-metro/rg-024/581208/2020-03/581208-omaha-004/581208-omaha-004-167.JPG	https://s3.amazonaws.com/NARAprodstorage/lz/dc-metro/rg-024/581208/2020-03/581208-omaha-004/581208-omaha-004-167.JPG	 						315	331	2	30.22	60	57	55			ocm	cum nim	0				
1873-08-25	18	-29.95	-71.33			a		https://s3.amazonaws.com/NARAprodstorage/lz/dc-metro/rg-024/581208/2020-03/581208-omaha-004/581208-omaha-004-167.JPG	https://s3.amazonaws.com/NARAprodstorage/lz/dc-metro/rg-024/581208/2020-03/581208-omaha-004/581208-omaha-004-167.JPG	 						315	331	2	30.22	60	57	55			ocm	cum nim	0				
1873-08-25	19	-29.95	-71.33			a		https://s3.amazonaws.com/NARAprodstorage/lz/dc-metro/rg-024/581208/2020-03/581208-omaha-004/581208-omaha-004-167.JPG	https://s3.amazonaws.com/NARAprodstorage/lz/dc-metro/rg-024/581208/2020-03/581208-omaha-004/581208-omaha-004-167.JPG	 						315	331	2	30.22	60	57	55			ocm	cum nim	0				
1873-08-25	20	-29.95	-71.33			a		https://s3.amazonaws.com/NARAprodstorage/lz/dc-metro/rg-024/581208/2020-03/581208-omaha-004/581208-omaha-004-167.JPG	https://s3.amazonaws.com/NARAprodstorage/lz/dc-metro/rg-024/581208/2020-03/581208-omaha-004/581208-omaha-004-167.JPG	 						315	331	2	30.22	60	57	55			ocm	cum nim	0				
1873-08-25	21	-29.95	-71.33			a		https://s3.amazonaws.com/NARAprodstorage/lz/dc-metro/rg-024/581208/2020-03/581208-omaha-004/581208-omaha-004-167.JPG	https://s3.amazonaws.com/NARAprodstorage/lz/dc-metro/rg-024/581208/2020-03/581208-omaha-004/581208-omaha-004-167.JPG	 						315	331	2	30.21	58	55	52			ocm	cum nim	0				
1873-08-25	22	-29.95	-71.33			a		https://s3.amazonaws.com/NARAprodstorage/lz/dc-metro/rg-024/581208/2020-03/581208-omaha-004/581208-omaha-004-167.JPG	https://s3.amazonaws.com/NARAprodstorage/lz/dc-metro/rg-024/581208/2020-03/581208-omaha-004/581208-omaha-004-167.JPG	 						315	331	2	30.22	58	55	52			ocm	cum nim	0				
1873-08-25	23	-29.95	-71.33			a		https://s3.amazonaws.com/NARAprodstorage/lz/dc-metro/rg-024/581208/2020-03/581208-omaha-004/581208-omaha-004-167.JPG	https://s3.amazonaws.com/NARAprodstorage/lz/dc-metro/rg-024/581208/2020-03/581208-omaha-004/581208-omaha-004-167.JPG	 						315	331	2	30.22	58	55	52			ocm	cum nim	0				
1873-08-25	24	-29.95	-71.33			a		https://s3.amazonaws.com/NARAprodstorage/lz/dc-metro/rg-024/581208/2020-03/581208-omaha-004/581208-omaha-004-167.JPG	https://s3.amazonaws.com/NARAprodstorage/lz/dc-metro/rg-024/581208/2020-03/581208-omaha-004/581208-omaha-004-167.JPG	 						315	331	2	30.22	58	55	52			ocm	cum nim	0				
1873-08-26	1	-29.95	-71.33			a		https://s3.amazonaws.com/NARAprodstorage/lz/dc-metro/rg-024/581208/2020-03/581208-omaha-004/581208-omaha-004-168.JPG	https://s3.amazonaws.com/NARAprodstorage/lz/dc-metro/rg-024/581208/2020-03/581208-omaha-004/581208-omaha-004-168.JPG	 						0	0	0	30.31	60	57	55			oc	nim	0				
1873-08-26	2	-29.95	-71.33			a		https://s3.amazonaws.com/NARAprodstorage/lz/dc-metro/rg-024/581208/2020-03/581208-omaha-004/581208-omaha-004-168.JPG	https://s3.amazonaws.com/NARAprodstorage/lz/dc-metro/rg-024/581208/2020-03/581208-omaha-004/581208-omaha-004-168.JPG	 						0	0	0	30.31	60	57	55			oc	nim	0				
1873-08-26	3	-29.95	-71.33			a		https://s3.amazonaws.com/NARAprodstorage/lz/dc-metro/rg-024/581208/2020-03/581208-omaha-004/581208-omaha-004-168.JPG	https://s3.amazonaws.com/NARAprodstorage/lz/dc-metro/rg-024/581208/2020-03/581208-omaha-004/581208-omaha-004-168.JPG	 						0	0	0	30.31	60	57	55			oc	nim	0				
1873-08-26	4	-29.95	-71.33			a		https://s3.amazonaws.com/NARAprodstorage/lz/dc-metro/rg-024/581208/2020-03/581208-omaha-004/581208-omaha-004-168.JPG	https://s3.amazonaws.com/NARAprodstorage/lz/dc-metro/rg-024/581208/2020-03/581208-omaha-004/581208-omaha-004-168.JPG	 						0	0	0	30.3	60	57	55			oc	nim	0				
1873-08-26	5	-29.95	-71.33			a		https://s3.amazonaws.com/NARAprodstorage/lz/dc-metro/rg-024/581208/2020-03/581208-omaha-004/581208-omaha-004-168.JPG	https://s3.amazonaws.com/NARAprodstorage/lz/dc-metro/rg-024/581208/2020-03/581208-omaha-004/581208-omaha-004-168.JPG	 						0	0	0	30.22	59	55	53			ocm	cum nim	0				
1873-08-26	6	-29.95	-71.33			a		https://s3.amazonaws.com/NARAprodstorage/lz/dc-metro/rg-024/581208/2020-03/581208-omaha-004/581208-omaha-004-168.JPG	https://s3.amazonaws.com/NARAprodstorage/lz/dc-metro/rg-024/581208/2020-03/581208-omaha-004/581208-omaha-004-168.JPG	 						0	0	0	30.22	59	55	53			ocm	cum nim	0				
1873-08-26	7	-29.95	-71.33			a		https://s3.amazonaws.com/NARAprodstorage/lz/dc-metro/rg-024/581208/2020-03/581208-omaha-004/581208-omaha-004-168.JPG	https://s3.amazonaws.com/NARAprodstorage/lz/dc-metro/rg-024/581208/2020-03/581208-omaha-004/581208-omaha-004-168.JPG	 						0	0	0	30.22	59	55	53			ocm	cum nim	0				
1873-08-26	8	-29.95	-71.33			a		https://s3.amazonaws.com/NARAprodstorage/lz/dc-metro/rg-024/581208/2020-03/581208-omaha-004/581208-omaha-004-168.JPG	https://s3.amazonaws.com/NARAprodstorage/lz/dc-metro/rg-024/581208/2020-03/581208-omaha-004/581208-omaha-004-168.JPG	 						0	0	0	30.22	59	55	53			ocm	cum nim	0				
1873-08-26	9	-29.95	-71.33			a		https://s3.amazonaws.com/NARAprodstorage/lz/dc-metro/rg-024/581208/2020-03/581208-omaha-004/581208-omaha-004-168.JPG	https://s3.amazonaws.com/NARAprodstorage/lz/dc-metro/rg-024/581208/2020-03/581208-omaha-004/581208-omaha-004-168.JPG	 						315	331	2	30.2	58	54	52			ocm	cum nim	0				
1873-08-26	10	-29.95	-71.33			a		https://s3.amazonaws.com/NARAprodstorage/lz/dc-metro/rg-024/581208/2020-03/581208-omaha-004/581208-omaha-004-168.JPG	https://s3.amazonaws.com/NARAprodstorage/lz/dc-metro/rg-024/581208/2020-03/581208-omaha-004/581208-omaha-004-168.JPG	 						315	331	2	30.2	58	54	52			ocm	cum nim	0				
1873-08-26	11	-29.95	-71.33			a		https://s3.amazonaws.com/NARAprodstorage/lz/dc-metro/rg-024/581208/2020-03/581208-omaha-004/581208-omaha-004-168.JPG	https://s3.amazonaws.com/NARAprodstorage/lz/dc-metro/rg-024/581208/2020-03/581208-omaha-004/581208-omaha-004-168.JPG	 						270	286	2	30.2	58	54	52			ocm	cum nim	0				
1873-08-26	12	-29.95	-71.33			a		https://s3.amazonaws.com/NARAprodstorage/lz/dc-metro/rg-024/581208/2020-03/581208-omaha-004/581208-omaha-004-168.JPG	https://s3.amazonaws.com/NARAprodstorage/lz/dc-metro/rg-024/581208/2020-03/581208-omaha-004/581208-omaha-004-168.JPG	"Noon: Coquimbo, Chile"						270	286	2	30.2	58	54	52			ocm	cum nim	0				
1873-08-26	13	-29.95	-71.33			a		https://s3.amazonaws.com/NARAprodstorage/lz/dc-metro/rg-024/581208/2020-03/581208-omaha-004/581208-omaha-004-168.JPG	https://s3.amazonaws.com/NARAprodstorage/lz/dc-metro/rg-024/581208/2020-03/581208-omaha-004/581208-omaha-004-168.JPG	 						360	16	2	30.2	59	58	54			oc	cum nim	0				
1873-08-26	14	-29.95	-71.33			a		https://s3.amazonaws.com/NARAprodstorage/lz/dc-metro/rg-024/581208/2020-03/581208-omaha-004/581208-omaha-004-168.JPG	https://s3.amazonaws.com/NARAprodstorage/lz/dc-metro/rg-024/581208/2020-03/581208-omaha-004/581208-omaha-004-168.JPG	 						360	16	2	30.2	59	58	54			oc	cum nim	0				
1873-08-26	15	-29.95	-71.33			a		https://s3.amazonaws.com/NARAprodstorage/lz/dc-metro/rg-024/581208/2020-03/581208-omaha-004/581208-omaha-004-168.JPG	https://s3.amazonaws.com/NARAprodstorage/lz/dc-metro/rg-024/581208/2020-03/581208-omaha-004/581208-omaha-004-168.JPG	 						360	16	2	30.2	59	58	54			oc	cum nim	0				
1873-08-26	16	-29.95	-71.33			a		https://s3.amazonaws.com/NARAprodstorage/lz/dc-metro/rg-024/581208/2020-03/581208-omaha-004/581208-omaha-004-168.JPG	https://s3.amazonaws.com/NARAprodstorage/lz/dc-metro/rg-024/581208/2020-03/581208-omaha-004/581208-omaha-004-168.JPG	 						360	16	2	30.18	59	55	54			oc	cum nim	0				
1873-08-26	17	-29.95	-71.33			a		https://s3.amazonaws.com/NARAprodstorage/lz/dc-metro/rg-024/581208/2020-03/581208-omaha-004/581208-omaha-004-168.JPG	https://s3.amazonaws.com/NARAprodstorage/lz/dc-metro/rg-024/581208/2020-03/581208-omaha-004/581208-omaha-004-168.JPG	 						0	0	0	30.2	57	55	54			oc	cum nim	0				
1873-08-26	18	-29.95	-71.33			a		https://s3.amazonaws.com/NARAprodstorage/lz/dc-metro/rg-024/581208/2020-03/581208-omaha-004/581208-omaha-004-168.JPG	https://s3.amazonaws.com/NARAprodstorage/lz/dc-metro/rg-024/581208/2020-03/581208-omaha-004/581208-omaha-004-168.JPG	 						0	0	0	30.2	57	55	54			oc	cum nim	0				
1873-08-26	19	-29.95	-71.33			a		https://s3.amazonaws.com/NARAprodstorage/lz/dc-metro/rg-024/581208/2020-03/581208-omaha-004/581208-omaha-004-168.JPG	https://s3.amazonaws.com/NARAprodstorage/lz/dc-metro/rg-024/581208/2020-03/581208-omaha-004/581208-omaha-004-168.JPG	 						0	0	0	30.2	56	53	51			oc	cum nim	0				
1873-08-26	20	-29.95	-71.33			a		https://s3.amazonaws.com/NARAprodstorage/lz/dc-metro/rg-024/581208/2020-03/581208-omaha-004/581208-omaha-004-168.JPG	https://s3.amazonaws.com/NARAprodstorage/lz/dc-metro/rg-024/581208/2020-03/581208-omaha-004/581208-omaha-004-168.JPG	 						0	0	0	30.2	56	53	51			oc	cum nim	0				
1873-08-26	21	-29.95	-71.33			a		https://s3.amazonaws.com/NARAprodstorage/lz/dc-metro/rg-024/581208/2020-03/581208-omaha-004/581208-omaha-004-168.JPG	https://s3.amazonaws.com/NARAprodstorage/lz/dc-metro/rg-024/581208/2020-03/581208-omaha-004/581208-omaha-004-168.JPG	 						360	16	2	30.2	56	53	51			oc	cum nim	0				
1873-08-26	22	-29.95	-71.33			a		https://s3.amazonaws.com/NARAprodstorage/lz/dc-metro/rg-024/581208/2020-03/581208-omaha-004/581208-omaha-004-168.JPG	https://s3.amazonaws.com/NARAprodstorage/lz/dc-metro/rg-024/581208/2020-03/581208-omaha-004/581208-omaha-004-168.JPG	 						360	16	2	30.2	56	52	51			oc	cum nim	0				
1873-08-26	23	-29.95	-71.33			a		https://s3.amazonaws.com/NARAprodstorage/lz/dc-metro/rg-024/581208/2020-03/581208-omaha-004/581208-omaha-004-168.JPG	https://s3.amazonaws.com/NARAprodstorage/lz/dc-metro/rg-024/581208/2020-03/581208-omaha-004/581208-omaha-004-168.JPG	 						360	16	2	30.2	56	52	51			oc	cum nim	0				
1873-08-26	24	-29.95	-71.33			a		https://s3.amazonaws.com/NARAprodstorage/lz/dc-metro/rg-024/581208/2020-03/581208-omaha-004/581208-omaha-004-168.JPG	https://s3.amazonaws.com/NARAprodstorage/lz/dc-metro/rg-024/581208/2020-03/581208-omaha-004/581208-omaha-004-168.JPG	 						360	16	2	30.2	58		51			oc	cum nim	0				
1873-08-27	1	-29.95	-71.33			a		https://s3.amazonaws.com/NARAprodstorage/lz/dc-metro/rg-024/581208/2020-03/581208-omaha-004/581208-omaha-004-169.JPG	https://s3.amazonaws.com/NARAprodstorage/lz/dc-metro/rg-024/581208/2020-03/581208-omaha-004/581208-omaha-004-169.JPG	 						0	0	0	30.2	56	55	54			oc	nimb	0				
1873-08-27	2	-29.95	-71.33			a		https://s3.amazonaws.com/NARAprodstorage/lz/dc-metro/rg-024/581208/2020-03/581208-omaha-004/581208-omaha-004-169.JPG	https://s3.amazonaws.com/NARAprodstorage/lz/dc-metro/rg-024/581208/2020-03/581208-omaha-004/581208-omaha-004-169.JPG	 						0	0	0	30.2	56	55	54			oc	nimb	0				
1873-08-27	3	-29.95	-71.33			a		https://s3.amazonaws.com/NARAprodstorage/lz/dc-metro/rg-024/581208/2020-03/581208-omaha-004/581208-omaha-004-169.JPG	https://s3.amazonaws.com/NARAprodstorage/lz/dc-metro/rg-024/581208/2020-03/581208-omaha-004/581208-omaha-004-169.JPG	 						0	0	0	30.2	56	55	54			oc	nimb	0				
1873-08-27	4	-29.95	-71.33			a		https://s3.amazonaws.com/NARAprodstorage/lz/dc-metro/rg-024/581208/2020-03/581208-omaha-004/581208-omaha-004-169.JPG	https://s3.amazonaws.com/NARAprodstorage/lz/dc-metro/rg-024/581208/2020-03/581208-omaha-004/581208-omaha-004-169.JPG	 						0	0	0	30.2	56	55	54			oc	nimb	0				
1873-08-27	5	-29.95	-71.33			a		https://s3.amazonaws.com/NARAprodstorage/lz/dc-metro/rg-024/581208/2020-03/581208-omaha-004/581208-omaha-004-169.JPG	https://s3.amazonaws.com/NARAprodstorage/lz/dc-metro/rg-024/581208/2020-03/581208-omaha-004/581208-omaha-004-169.JPG	 						0	0	0	30.2	57	55	54			ocm	cum nim	0				
1873-08-27	6	-29.95	-71.33			a		https://s3.amazonaws.com/NARAprodstorage/lz/dc-metro/rg-024/581208/2020-03/581208-omaha-004/581208-omaha-004-169.JPG	https://s3.amazonaws.com/NARAprodstorage/lz/dc-metro/rg-024/581208/2020-03/581208-omaha-004/581208-omaha-004-169.JPG	 						0	0	0	30.2	57	55	54			ocm	cum nim	0				
1873-08-27	7	-29.95	-71.33			a		https://s3.amazonaws.com/NARAprodstorage/lz/dc-metro/rg-024/581208/2020-03/581208-omaha-004/581208-omaha-004-169.JPG	https://s3.amazonaws.com/NARAprodstorage/lz/dc-metro/rg-024/581208/2020-03/581208-omaha-004/581208-omaha-004-169.JPG	 						0	0	0	30.17	57	55	54			ocm	cum nim	0				
1873-08-27	8	-29.95	-71.33			a		https://s3.amazonaws.com/NARAprodstorage/lz/dc-metro/rg-024/581208/2020-03/581208-omaha-004/581208-omaha-004-169.JPG	https://s3.amazonaws.com/NARAprodstorage/lz/dc-metro/rg-024/581208/2020-03/581208-omaha-004/581208-omaha-004-169.JPG	 						0	0	0	30.17	57	55	54			ocm	cum nim	0				
1873-08-27	9	-29.95	-71.33			a		https://s3.amazonaws.com/NARAprodstorage/lz/dc-metro/rg-024/581208/2020-03/581208-omaha-004/581208-omaha-004-169.JPG	https://s3.amazonaws.com/NARAprodstorage/lz/dc-metro/rg-024/581208/2020-03/581208-omaha-004/581208-omaha-004-169.JPG	 						888	888	2	30.16	59	55	53			om	cum nim	0				
1873-08-27	10	-29.95	-71.33			a		https://s3.amazonaws.com/NARAprodstorage/lz/dc-metro/rg-024/581208/2020-03/581208-omaha-004/581208-omaha-004-169.JPG	https://s3.amazonaws.com/NARAprodstorage/lz/dc-metro/rg-024/581208/2020-03/581208-omaha-004/581208-omaha-004-169.JPG	 						888	888	2	30.16	59	55	53			om	cum nim	0				
1873-08-27	11	-29.95	-71.33			a		https://s3.amazonaws.com/NARAprodstorage/lz/dc-metro/rg-024/581208/2020-03/581208-omaha-004/581208-omaha-004-169.JPG	https://s3.amazonaws.com/NARAprodstorage/lz/dc-metro/rg-024/581208/2020-03/581208-omaha-004/581208-omaha-004-169.JPG	 						888	888	2	30.16	59	55	53			om	cum nim	0				
1873-08-27	12	-29.95	-71.33			a		https://s3.amazonaws.com/NARAprodstorage/lz/dc-metro/rg-024/581208/2020-03/581208-omaha-004/581208-omaha-004-169.JPG	https://s3.amazonaws.com/NARAprodstorage/lz/dc-metro/rg-024/581208/2020-03/581208-omaha-004/581208-omaha-004-169.JPG	"Noon: Coquimbo, Chile"						888	888	2	30.16	59	55	53			om	cum nim	0				
1873-08-27	13	-29.95	-71.33			a		https://s3.amazonaws.com/NARAprodstorage/lz/dc-metro/rg-024/581208/2020-03/581208-omaha-004/581208-omaha-004-169.JPG	https://s3.amazonaws.com/NARAprodstorage/lz/dc-metro/rg-024/581208/2020-03/581208-omaha-004/581208-omaha-004-169.JPG	 						0	0	0	30.16	59	56	54			oc	nimb	0				
1873-08-27	14	-29.95	-71.33			a		https://s3.amazonaws.com/NARAprodstorage/lz/dc-metro/rg-024/581208/2020-03/581208-omaha-004/581208-omaha-004-169.JPG	https://s3.amazonaws.com/NARAprodstorage/lz/dc-metro/rg-024/581208/2020-03/581208-omaha-004/581208-omaha-004-169.JPG	 						0	0	0	30.16	59	56	54			oc	nimb	0				
1873-08-27	15	-29.95	-71.33			a		https://s3.amazonaws.com/NARAprodstorage/lz/dc-metro/rg-024/581208/2020-03/581208-omaha-004/581208-omaha-004-169.JPG	https://s3.amazonaws.com/NARAprodstorage/lz/dc-metro/rg-024/581208/2020-03/581208-omaha-004/581208-omaha-004-169.JPG	 						0	0	0	30.16	59	56	54			oc	nimb	0				
1873-08-27	16	-29.95	-71.33			a		https://s3.amazonaws.com/NARAprodstorage/lz/dc-metro/rg-024/581208/2020-03/581208-omaha-004/581208-omaha-004-169.JPG	https://s3.amazonaws.com/NARAprodstorage/lz/dc-metro/rg-024/581208/2020-03/581208-omaha-004/581208-omaha-004-169.JPG	 						0	0	0	30.16	59	56	54			oc	nimb	0				
1873-08-27	17	-29.95	-71.33			a		https://s3.amazonaws.com/NARAprodstorage/lz/dc-metro/rg-024/581208/2020-03/581208-omaha-004/581208-omaha-004-169.JPG	https://s3.amazonaws.com/NARAprodstorage/lz/dc-metro/rg-024/581208/2020-03/581208-omaha-004/581208-omaha-004-169.JPG	 						0	0	0	30.16	59	56	54			bc	nimb	2				
1873-08-27	18	-29.95	-71.33			a		https://s3.amazonaws.com/NARAprodstorage/lz/dc-metro/rg-024/581208/2020-03/581208-omaha-004/581208-omaha-004-169.JPG	https://s3.amazonaws.com/NARAprodstorage/lz/dc-metro/rg-024/581208/2020-03/581208-omaha-004/581208-omaha-004-169.JPG	 						0	0	0	30.16	59	56	54			bc	nimb	5				
1873-08-27	19	-29.95	-71.33			a		https://s3.amazonaws.com/NARAprodstorage/lz/dc-metro/rg-024/581208/2020-03/581208-omaha-004/581208-omaha-004-169.JPG	https://s3.amazonaws.com/NARAprodstorage/lz/dc-metro/rg-024/581208/2020-03/581208-omaha-004/581208-omaha-004-169.JPG	 						0	0	0	30.16	59	56	54			bc	nimb	8				
1873-08-27	20	-29.95	-71.33			a		https://s3.amazonaws.com/NARAprodstorage/lz/dc-metro/rg-024/581208/2020-03/581208-omaha-004/581208-omaha-004-169.JPG	https://s3.amazonaws.com/NARAprodstorage/lz/dc-metro/rg-024/581208/2020-03/581208-omaha-004/581208-omaha-004-169.JPG	 						0	0	0	30.17	59	55	54			bc	nimb	2				
1873-08-27	21	-29.95	-71.33			a		https://s3.amazonaws.com/NARAprodstorage/lz/dc-metro/rg-024/581208/2020-03/581208-omaha-004/581208-omaha-004-169.JPG	https://s3.amazonaws.com/NARAprodstorage/lz/dc-metro/rg-024/581208/2020-03/581208-omaha-004/581208-omaha-004-169.JPG	 						0	0	0	30.17	59	55	54			bc	cum nim	4				
1873-08-27	22	-29.95	-71.33			a		https://s3.amazonaws.com/NARAprodstorage/lz/dc-metro/rg-024/581208/2020-03/581208-omaha-004/581208-omaha-004-169.JPG	https://s3.amazonaws.com/NARAprodstorage/lz/dc-metro/rg-024/581208/2020-03/581208-omaha-004/581208-omaha-004-169.JPG	 						0	0	0	30.17	59	55	54			ocm	cum nim	0				
1873-08-27	23	-29.95	-71.33			a		https://s3.amazonaws.com/NARAprodstorage/lz/dc-metro/rg-024/581208/2020-03/581208-omaha-004/581208-omaha-004-169.JPG	https://s3.amazonaws.com/NARAprodstorage/lz/dc-metro/rg-024/581208/2020-03/581208-omaha-004/581208-omaha-004-169.JPG	 						888	888	2	30.17	59	55	54			ocm	cum nim	0				
1873-08-27	24	-29.95	-71.33			a		https://s3.amazonaws.com/NARAprodstorage/lz/dc-metro/rg-024/581208/2020-03/581208-omaha-004/581208-omaha-004-169.JPG	https://s3.amazonaws.com/NARAprodstorage/lz/dc-metro/rg-024/581208/2020-03/581208-omaha-004/581208-omaha-004-169.JPG	 						888	888	2	30.17	59	55	54			ocm	cum nim	0				
1873-08-28	1	-29.95	-71.33			a		https://s3.amazonaws.com/NARAprodstorage/lz/dc-metro/rg-024/581208/2020-03/581208-omaha-004/581208-omaha-004-170.JPG	https://s3.amazonaws.com/NARAprodstorage/lz/dc-metro/rg-024/581208/2020-03/581208-omaha-004/581208-omaha-004-170.JPG	 						0	0	0	30.15	59	55	53			oc	cum nim	0				
1873-08-28	2	-29.95	-71.33			a		https://s3.amazonaws.com/NARAprodstorage/lz/dc-metro/rg-024/581208/2020-03/581208-omaha-004/581208-omaha-004-170.JPG	https://s3.amazonaws.com/NARAprodstorage/lz/dc-metro/rg-024/581208/2020-03/581208-omaha-004/581208-omaha-004-170.JPG	 						0	0	0	30.15	59	55	53			oc	cum nim	0				
1873-08-28	3	-29.95	-71.33			a		https://s3.amazonaws.com/NARAprodstorage/lz/dc-metro/rg-024/581208/2020-03/581208-omaha-004/581208-omaha-004-170.JPG	https://s3.amazonaws.com/NARAprodstorage/lz/dc-metro/rg-024/581208/2020-03/581208-omaha-004/581208-omaha-004-170.JPG	 						360	16	2	30.15	59	55	53			oc	cum nim	0				
1873-08-28	4	-29.95	-71.33			a		https://s3.amazonaws.com/NARAprodstorage/lz/dc-metro/rg-024/581208/2020-03/581208-omaha-004/581208-omaha-004-170.JPG	https://s3.amazonaws.com/NARAprodstorage/lz/dc-metro/rg-024/581208/2020-03/581208-omaha-004/581208-omaha-004-170.JPG	 						360	16	2	30.15	59	55	53			oc	cum nim	0				
1873-08-28	5	-29.95	-71.33			a		https://s3.amazonaws.com/NARAprodstorage/lz/dc-metro/rg-024/581208/2020-03/581208-omaha-004/581208-omaha-004-170.JPG	https://s3.amazonaws.com/NARAprodstorage/lz/dc-metro/rg-024/581208/2020-03/581208-omaha-004/581208-omaha-004-170.JPG	 						0	0	0	30.16	59	55	53			o	nimb	0				
1873-08-28	6	-29.95	-71.33			a		https://s3.amazonaws.com/NARAprodstorage/lz/dc-metro/rg-024/581208/2020-03/581208-omaha-004/581208-omaha-004-170.JPG	https://s3.amazonaws.com/NARAprodstorage/lz/dc-metro/rg-024/581208/2020-03/581208-omaha-004/581208-omaha-004-170.JPG	 						0	0	0	30.16	59	55	53			of	nimb	0				
1873-08-28	7	-29.95	-71.33			a		https://s3.amazonaws.com/NARAprodstorage/lz/dc-metro/rg-024/581208/2020-03/581208-omaha-004/581208-omaha-004-170.JPG	https://s3.amazonaws.com/NARAprodstorage/lz/dc-metro/rg-024/581208/2020-03/581208-omaha-004/581208-omaha-004-170.JPG	 						68	84	2	30.19	59	54	53			of	nimb	0				
1873-08-28	8	-29.95	-71.33			a		https://s3.amazonaws.com/NARAprodstorage/lz/dc-metro/rg-024/581208/2020-03/581208-omaha-004/581208-omaha-004-170.JPG	https://s3.amazonaws.com/NARAprodstorage/lz/dc-metro/rg-024/581208/2020-03/581208-omaha-004/581208-omaha-004-170.JPG	 						68	84	2	30.19	59	54	53			of	nimb	0				
1873-08-28	9	-29.95	-71.33			a		https://s3.amazonaws.com/NARAprodstorage/lz/dc-metro/rg-024/581208/2020-03/581208-omaha-004/581208-omaha-004-170.JPG	https://s3.amazonaws.com/NARAprodstorage/lz/dc-metro/rg-024/581208/2020-03/581208-omaha-004/581208-omaha-004-170.JPG	 						0	0	0	30.2	59	55	54			ocm	nimb	0				
1873-08-28	10	-29.95	-71.33			a		https://s3.amazonaws.com/NARAprodstorage/lz/dc-metro/rg-024/581208/2020-03/581208-omaha-004/581208-omaha-004-170.JPG	https://s3.amazonaws.com/NARAprodstorage/lz/dc-metro/rg-024/581208/2020-03/581208-omaha-004/581208-omaha-004-170.JPG	 						0	0	0	30.2	59	55	54			ocm	nimb	0				
1873-08-28	11	-29.95	-71.33			a		https://s3.amazonaws.com/NARAprodstorage/lz/dc-metro/rg-024/581208/2020-03/581208-omaha-004/581208-omaha-004-170.JPG	https://s3.amazonaws.com/NARAprodstorage/lz/dc-metro/rg-024/581208/2020-03/581208-omaha-004/581208-omaha-004-170.JPG	 						0	0	0	30.2	59	56	55			ocm	nimb	0				
1873-08-28	12	-29.95	-71.33			a		https://s3.amazonaws.com/NARAprodstorage/lz/dc-metro/rg-024/581208/2020-03/581208-omaha-004/581208-omaha-004-170.JPG	https://s3.amazonaws.com/NARAprodstorage/lz/dc-metro/rg-024/581208/2020-03/581208-omaha-004/581208-omaha-004-170.JPG	"Noon: Coquimbo, Chile"						0	0	0	30.2	59	56	55			ocm	nimb	0				
1873-08-28	13	-29.95	-71.33			a		https://s3.amazonaws.com/NARAprodstorage/lz/dc-metro/rg-024/581208/2020-03/581208-omaha-004/581208-omaha-004-170.JPG	https://s3.amazonaws.com/NARAprodstorage/lz/dc-metro/rg-024/581208/2020-03/581208-omaha-004/581208-omaha-004-170.JPG	 						225	241	2	30.16	60	57	55			oc	cum nim	0				
1873-08-28	14	-29.95	-71.33			a		https://s3.amazonaws.com/NARAprodstorage/lz/dc-metro/rg-024/581208/2020-03/581208-omaha-004/581208-omaha-004-170.JPG	https://s3.amazonaws.com/NARAprodstorage/lz/dc-metro/rg-024/581208/2020-03/581208-omaha-004/581208-omaha-004-170.JPG	 						225	241	2	30.16	60	57	55			oc	cum nim	0				
1873-08-28	15	-29.95	-71.33			a		https://s3.amazonaws.com/NARAprodstorage/lz/dc-metro/rg-024/581208/2020-03/581208-omaha-004/581208-omaha-004-170.JPG	https://s3.amazonaws.com/NARAprodstorage/lz/dc-metro/rg-024/581208/2020-03/581208-omaha-004/581208-omaha-004-170.JPG	 						225	241	2	30.16	60	57	55			oc	cum nim	0				
1873-08-28	16	-29.95	-71.33			a		https://s3.amazonaws.com/NARAprodstorage/lz/dc-metro/rg-024/581208/2020-03/581208-omaha-004/581208-omaha-004-170.JPG	https://s3.amazonaws.com/NARAprodstorage/lz/dc-metro/rg-024/581208/2020-03/581208-omaha-004/581208-omaha-004-170.JPG	 						225	241	2	30.16	60	57	55			oc	cum nim	0				
1873-08-28	17	-29.95	-71.33			a		https://s3.amazonaws.com/NARAprodstorage/lz/dc-metro/rg-024/581208/2020-03/581208-omaha-004/581208-omaha-004-170.JPG	https://s3.amazonaws.com/NARAprodstorage/lz/dc-metro/rg-024/581208/2020-03/581208-omaha-004/581208-omaha-004-170.JPG	 						225	241	2	30.16	60	57	55			oc	cum nim	0				
1873-08-28	18	-29.95	-71.33			a		https://s3.amazonaws.com/NARAprodstorage/lz/dc-metro/rg-024/581208/2020-03/581208-omaha-004/581208-omaha-004-170.JPG	https://s3.amazonaws.com/NARAprodstorage/lz/dc-metro/rg-024/581208/2020-03/581208-omaha-004/581208-omaha-004-170.JPG	 						225	241	2	30.16	60	57	55			oc	cum nim	0				
1873-08-28	19	-29.95	-71.33			a		https://s3.amazonaws.com/NARAprodstorage/lz/dc-metro/rg-024/581208/2020-03/581208-omaha-004/581208-omaha-004-170.JPG	https://s3.amazonaws.com/NARAprodstorage/lz/dc-metro/rg-024/581208/2020-03/581208-omaha-004/581208-omaha-004-170.JPG	 						225	241	2	30.16	60	57	55			oc	cum nim	0				
1873-08-28	20	-29.95	-71.33			a		https://s3.amazonaws.com/NARAprodstorage/lz/dc-metro/rg-024/581208/2020-03/581208-omaha-004/581208-omaha-004-170.JPG	https://s3.amazonaws.com/NARAprodstorage/lz/dc-metro/rg-024/581208/2020-03/581208-omaha-004/581208-omaha-004-170.JPG	 						225	241	2	30.16	60	57	55			oc	cum nim	0				
1873-08-28	21	-29.95	-71.33			a		https://s3.amazonaws.com/NARAprodstorage/lz/dc-metro/rg-024/581208/2020-03/581208-omaha-004/581208-omaha-004-170.JPG	https://s3.amazonaws.com/NARAprodstorage/lz/dc-metro/rg-024/581208/2020-03/581208-omaha-004/581208-omaha-004-170.JPG	 						0	0	0	30.14	60	57	56			oc	cum nim	0				
1873-08-28	22	-29.95	-71.33			a		https://s3.amazonaws.com/NARAprodstorage/lz/dc-metro/rg-024/581208/2020-03/581208-omaha-004/581208-omaha-004-170.JPG	https://s3.amazonaws.com/NARAprodstorage/lz/dc-metro/rg-024/581208/2020-03/581208-omaha-004/581208-omaha-004-170.JPG	 						0	0	0	30.14	60	57	56			oc	cum nim	0				
1873-08-28	23	-29.95	-71.33			a		https://s3.amazonaws.com/NARAprodstorage/lz/dc-metro/rg-024/581208/2020-03/581208-omaha-004/581208-omaha-004-170.JPG	https://s3.amazonaws.com/NARAprodstorage/lz/dc-metro/rg-024/581208/2020-03/581208-omaha-004/581208-omaha-004-170.JPG	 						315	331	2	30.14	60	57	56			oc	cum nim	0				
1873-08-28	24	-29.95	-71.33			a		https://s3.amazonaws.com/NARAprodstorage/lz/dc-metro/rg-024/581208/2020-03/581208-omaha-004/581208-omaha-004-170.JPG	https://s3.amazonaws.com/NARAprodstorage/lz/dc-metro/rg-024/581208/2020-03/581208-omaha-004/581208-omaha-004-170.JPG	 						315	331	2	30.14	60	57	56			oc	cum nim	0				
1873-08-29	1	-29.95	-71.33			a		https://s3.amazonaws.com/NARAprodstorage/lz/dc-metro/rg-024/581208/2020-03/581208-omaha-004/581208-omaha-004-171.JPG	https://s3.amazonaws.com/NARAprodstorage/lz/dc-metro/rg-024/581208/2020-03/581208-omaha-004/581208-omaha-004-171.JPG	 						0	0	0	30.2	57	53	52			oc	cum nim	0				
1873-08-29	2	-29.95	-71.33			a		https://s3.amazonaws.com/NARAprodstorage/lz/dc-metro/rg-024/581208/2020-03/581208-omaha-004/581208-omaha-004-171.JPG	https://s3.amazonaws.com/NARAprodstorage/lz/dc-metro/rg-024/581208/2020-03/581208-omaha-004/581208-omaha-004-171.JPG	 						0	0	0	30.16	57	53	52			oc	cum nim	0				
1873-08-29	3	-29.95	-71.33			a		https://s3.amazonaws.com/NARAprodstorage/lz/dc-metro/rg-024/581208/2020-03/581208-omaha-004/581208-omaha-004-171.JPG	https://s3.amazonaws.com/NARAprodstorage/lz/dc-metro/rg-024/581208/2020-03/581208-omaha-004/581208-omaha-004-171.JPG	 						0	0	0	30.15	57	53	52			oc	cum nim	0				
1873-08-29	4	-29.95	-71.33			a		https://s3.amazonaws.com/NARAprodstorage/lz/dc-metro/rg-024/581208/2020-03/581208-omaha-004/581208-omaha-004-171.JPG	https://s3.amazonaws.com/NARAprodstorage/lz/dc-metro/rg-024/581208/2020-03/581208-omaha-004/581208-omaha-004-171.JPG	 						0	0	0	30.15	57	53	52			oc	cum nim	0				
1873-08-29	5	-29.95	-71.33			a		https://s3.amazonaws.com/NARAprodstorage/lz/dc-metro/rg-024/581208/2020-03/581208-omaha-004/581208-omaha-004-171.JPG	https://s3.amazonaws.com/NARAprodstorage/lz/dc-metro/rg-024/581208/2020-03/581208-omaha-004/581208-omaha-004-171.JPG	 						315	331	5	30.15	59	56	55			oc	cum nim	0				
1873-08-29	6	-29.95	-71.33			a		https://s3.amazonaws.com/NARAprodstorage/lz/dc-metro/rg-024/581208/2020-03/581208-omaha-004/581208-omaha-004-171.JPG	https://s3.amazonaws.com/NARAprodstorage/lz/dc-metro/rg-024/581208/2020-03/581208-omaha-004/581208-omaha-004-171.JPG	 						315	331	5	30.15	59	56	55			oc	cum nim	0				
1873-08-29	7	-29.95	-71.33			a		https://s3.amazonaws.com/NARAprodstorage/lz/dc-metro/rg-024/581208/2020-03/581208-omaha-004/581208-omaha-004-171.JPG	https://s3.amazonaws.com/NARAprodstorage/lz/dc-metro/rg-024/581208/2020-03/581208-omaha-004/581208-omaha-004-171.JPG	 						315	331	5	30.15	59	56	55			oc	cum nim	0				
1873-08-29	8	-29.95	-71.33			a		https://s3.amazonaws.com/NARAprodstorage/lz/dc-metro/rg-024/581208/2020-03/581208-omaha-004/581208-omaha-004-171.JPG	https://s3.amazonaws.com/NARAprodstorage/lz/dc-metro/rg-024/581208/2020-03/581208-omaha-004/581208-omaha-004-171.JPG	 						315	331	5	30.15	59	56	55			ocd	cum nim	0				
1873-08-29	9	-29.95	-71.33			a		https://s3.amazonaws.com/NARAprodstorage/lz/dc-metro/rg-024/581208/2020-03/581208-omaha-004/581208-omaha-004-171.JPG	https://s3.amazonaws.com/NARAprodstorage/lz/dc-metro/rg-024/581208/2020-03/581208-omaha-004/581208-omaha-004-171.JPG	 						315	331	8	30.2	60	56	55			oc	cum nim	0				
1873-08-29	10	-29.95	-71.33			a		https://s3.amazonaws.com/NARAprodstorage/lz/dc-metro/rg-024/581208/2020-03/581208-omaha-004/581208-omaha-004-171.JPG	https://s3.amazonaws.com/NARAprodstorage/lz/dc-metro/rg-024/581208/2020-03/581208-omaha-004/581208-omaha-004-171.JPG	 						315	331	5	30.2	60	56	55			oc	cum nim	0				
1873-08-29	11	-29.95	-71.33			a		https://s3.amazonaws.com/NARAprodstorage/lz/dc-metro/rg-024/581208/2020-03/581208-omaha-004/581208-omaha-004-171.JPG	https://s3.amazonaws.com/NARAprodstorage/lz/dc-metro/rg-024/581208/2020-03/581208-omaha-004/581208-omaha-004-171.JPG	 						315	331	2	30.2	60	56	55			oc	cum nim	0				
1873-08-29	12	-29.95	-71.33			a		https://s3.amazonaws.com/NARAprodstorage/lz/dc-metro/rg-024/581208/2020-03/581208-omaha-004/581208-omaha-004-171.JPG	https://s3.amazonaws.com/NARAprodstorage/lz/dc-metro/rg-024/581208/2020-03/581208-omaha-004/581208-omaha-004-171.JPG	"Noon: Coquimbo, Chile"						315	331	2	30.2	60	56	55			oc	cum nim	0				
1873-08-29	13	-29.95	-71.33			a		https://s3.amazonaws.com/NARAprodstorage/lz/dc-metro/rg-024/581208/2020-03/581208-omaha-004/581208-omaha-004-171.JPG	https://s3.amazonaws.com/NARAprodstorage/lz/dc-metro/rg-024/581208/2020-03/581208-omaha-004/581208-omaha-004-171.JPG	 						0	0	0	30.2	62	57	56			oc	nimb	0				
1873-08-29	14	-29.95	-71.33			a		https://s3.amazonaws.com/NARAprodstorage/lz/dc-metro/rg-024/581208/2020-03/581208-omaha-004/581208-omaha-004-171.JPG	https://s3.amazonaws.com/NARAprodstorage/lz/dc-metro/rg-024/581208/2020-03/581208-omaha-004/581208-omaha-004-171.JPG	 						0	0	0	30.2	62	57	56			oc	nimb	0				
1873-08-29	15	-29.95	-71.33			a		https://s3.amazonaws.com/NARAprodstorage/lz/dc-metro/rg-024/581208/2020-03/581208-omaha-004/581208-omaha-004-171.JPG	https://s3.amazonaws.com/NARAprodstorage/lz/dc-metro/rg-024/581208/2020-03/581208-omaha-004/581208-omaha-004-171.JPG	 						0	0	0	30.2	62	57	56			oc	nimb	0				
1873-08-29	16	-29.95	-71.33			a		https://s3.amazonaws.com/NARAprodstorage/lz/dc-metro/rg-024/581208/2020-03/581208-omaha-004/581208-omaha-004-171.JPG	https://s3.amazonaws.com/NARAprodstorage/lz/dc-metro/rg-024/581208/2020-03/581208-omaha-004/581208-omaha-004-171.JPG	 						360	16	1	30.2	60	56	56			oc	nimb	0				
1873-08-29	17	-29.95	-71.33			a		https://s3.amazonaws.com/NARAprodstorage/lz/dc-metro/rg-024/581208/2020-03/581208-omaha-004/581208-omaha-004-171.JPG	https://s3.amazonaws.com/NARAprodstorage/lz/dc-metro/rg-024/581208/2020-03/581208-omaha-004/581208-omaha-004-171.JPG	 						360	16	2	30.18	60	56	56			oc	nimb	0				
1873-08-29	18	-29.95	-71.33			a		https://s3.amazonaws.com/NARAprodstorage/lz/dc-metro/rg-024/581208/2020-03/581208-omaha-004/581208-omaha-004-171.JPG	https://s3.amazonaws.com/NARAprodstorage/lz/dc-metro/rg-024/581208/2020-03/581208-omaha-004/581208-omaha-004-171.JPG	 						360	16	2	30.18	59	55	52			oc	nimb	0				
1873-08-29	19	-29.95	-71.33			a		https://s3.amazonaws.com/NARAprodstorage/lz/dc-metro/rg-024/581208/2020-03/581208-omaha-004/581208-omaha-004-171.JPG	https://s3.amazonaws.com/NARAprodstorage/lz/dc-metro/rg-024/581208/2020-03/581208-omaha-004/581208-omaha-004-171.JPG	 						360	16	2	30.18	59	55	52			oc	nimb	0				
1873-08-29	20	-29.95	-71.33			a		https://s3.amazonaws.com/NARAprodstorage/lz/dc-metro/rg-024/581208/2020-03/581208-omaha-004/581208-omaha-004-171.JPG	https://s3.amazonaws.com/NARAprodstorage/lz/dc-metro/rg-024/581208/2020-03/581208-omaha-004/581208-omaha-004-171.JPG	 						360	16	2	30.16	59	55	52			oc	nimb	0				
1873-08-29	21	-29.95	-71.33			a		https://s3.amazonaws.com/NARAprodstorage/lz/dc-metro/rg-024/581208/2020-03/581208-omaha-004/581208-omaha-004-171.JPG	https://s3.amazonaws.com/NARAprodstorage/lz/dc-metro/rg-024/581208/2020-03/581208-omaha-004/581208-omaha-004-171.JPG	 						360	16	2	30.16	59	55	52			oc	nimb	0				
1873-08-29	22	-29.95	-71.33			a		https://s3.amazonaws.com/NARAprodstorage/lz/dc-metro/rg-024/581208/2020-03/581208-omaha-004/581208-omaha-004-171.JPG	https://s3.amazonaws.com/NARAprodstorage/lz/dc-metro/rg-024/581208/2020-03/581208-omaha-004/581208-omaha-004-171.JPG	 						360	16	2	30.16	59	55	52			oc	nimb	0				
1873-08-29	23	-29.95	-71.33			a		https://s3.amazonaws.com/NARAprodstorage/lz/dc-metro/rg-024/581208/2020-03/581208-omaha-004/581208-omaha-004-171.JPG	https://s3.amazonaws.com/NARAprodstorage/lz/dc-metro/rg-024/581208/2020-03/581208-omaha-004/581208-omaha-004-171.JPG	 						360	16	2	30.15	59	55	52			oc	nimb	0				
1873-08-29	24	-29.95	-71.33			a		https://s3.amazonaws.com/NARAprodstorage/lz/dc-metro/rg-024/581208/2020-03/581208-omaha-004/581208-omaha-004-171.JPG	https://s3.amazonaws.com/NARAprodstorage/lz/dc-metro/rg-024/581208/2020-03/581208-omaha-004/581208-omaha-004-171.JPG	 						360	16	2	30.15	59	55	52			oc	nimb	0				
1873-08-30	1	-29.95	-71.33			a		https://s3.amazonaws.com/NARAprodstorage/lz/dc-metro/rg-024/581208/2020-03/581208-omaha-004/581208-omaha-004-172.JPG	https://s3.amazonaws.com/NARAprodstorage/lz/dc-metro/rg-024/581208/2020-03/581208-omaha-004/581208-omaha-004-172.JPG	 						0	0	0	30.16	60	57	56			oc	nimb	0				
1873-08-30	2	-29.95	-71.33			a		https://s3.amazonaws.com/NARAprodstorage/lz/dc-metro/rg-024/581208/2020-03/581208-omaha-004/581208-omaha-004-172.JPG	https://s3.amazonaws.com/NARAprodstorage/lz/dc-metro/rg-024/581208/2020-03/581208-omaha-004/581208-omaha-004-172.JPG	 						0	0	0	30.16	60	57	56			oc	nimb	0				
1873-08-30	3	-29.95	-71.33			a		https://s3.amazonaws.com/NARAprodstorage/lz/dc-metro/rg-024/581208/2020-03/581208-omaha-004/581208-omaha-004-172.JPG	https://s3.amazonaws.com/NARAprodstorage/lz/dc-metro/rg-024/581208/2020-03/581208-omaha-004/581208-omaha-004-172.JPG	 						0	0	0	30.16	60	57	56			oc	nimb	0				
1873-08-30	4	-29.95	-71.33			a		https://s3.amazonaws.com/NARAprodstorage/lz/dc-metro/rg-024/581208/2020-03/581208-omaha-004/581208-omaha-004-172.JPG	https://s3.amazonaws.com/NARAprodstorage/lz/dc-metro/rg-024/581208/2020-03/581208-omaha-004/581208-omaha-004-172.JPG	 						0	0	0	30.16	60	57	56			oc	nimb	0				
1873-08-30	5	-29.95	-71.33			a		https://s3.amazonaws.com/NARAprodstorage/lz/dc-metro/rg-024/581208/2020-03/581208-omaha-004/581208-omaha-004-172.JPG	https://s3.amazonaws.com/NARAprodstorage/lz/dc-metro/rg-024/581208/2020-03/581208-omaha-004/581208-omaha-004-172.JPG	 						315	331	10	30.18	59	56	54			oc	cum nimb	0				
1873-08-30	6	-29.95	-71.33			a		https://s3.amazonaws.com/NARAprodstorage/lz/dc-metro/rg-024/581208/2020-03/581208-omaha-004/581208-omaha-004-172.JPG	https://s3.amazonaws.com/NARAprodstorage/lz/dc-metro/rg-024/581208/2020-03/581208-omaha-004/581208-omaha-004-172.JPG	 						315	331	5	30.18	59	56	54			oc	cum nimb	0				
1873-08-30	7	-29.95	-71.33			a		https://s3.amazonaws.com/NARAprodstorage/lz/dc-metro/rg-024/581208/2020-03/581208-omaha-004/581208-omaha-004-172.JPG	https://s3.amazonaws.com/NARAprodstorage/lz/dc-metro/rg-024/581208/2020-03/581208-omaha-004/581208-omaha-004-172.JPG	 						888	888	5	30.18	59	56	54			bc	cum nimb	2				
1873-08-30	8	-29.95	-71.33			a		https://s3.amazonaws.com/NARAprodstorage/lz/dc-metro/rg-024/581208/2020-03/581208-omaha-004/581208-omaha-004-172.JPG	https://s3.amazonaws.com/NARAprodstorage/lz/dc-metro/rg-024/581208/2020-03/581208-omaha-004/581208-omaha-004-172.JPG	 						135	151	2	30.18	59	56	54			bc	cum nimb	4				8AM: Transferred 2250 lbs of Soap to the Pensacola.
1873-08-30	9	-29.95	-71.33			a		https://s3.amazonaws.com/NARAprodstorage/lz/dc-metro/rg-024/581208/2020-03/581208-omaha-004/581208-omaha-004-172.JPG	https://s3.amazonaws.com/NARAprodstorage/lz/dc-metro/rg-024/581208/2020-03/581208-omaha-004/581208-omaha-004-172.JPG	 						315	331	2	30.2	59	56	54			bc	cum nimb	4				
1873-08-30	10	-29.95	-71.33			a		https://s3.amazonaws.com/NARAprodstorage/lz/dc-metro/rg-024/581208/2020-03/581208-omaha-004/581208-omaha-004-172.JPG	https://s3.amazonaws.com/NARAprodstorage/lz/dc-metro/rg-024/581208/2020-03/581208-omaha-004/581208-omaha-004-172.JPG	 						315	331	5	30.2	59	56	54			ocr	nimb	0				
1873-08-30	11	-29.95	-71.33			a		https://s3.amazonaws.com/NARAprodstorage/lz/dc-metro/rg-024/581208/2020-03/581208-omaha-004/581208-omaha-004-172.JPG	https://s3.amazonaws.com/NARAprodstorage/lz/dc-metro/rg-024/581208/2020-03/581208-omaha-004/581208-omaha-004-172.JPG	 						315	331	8	30.22	60	57	54			ocr	nim cum	0				
1873-08-30	12	-29.95	-71.33			a		https://s3.amazonaws.com/NARAprodstorage/lz/dc-metro/rg-024/581208/2020-03/581208-omaha-004/581208-omaha-004-172.JPG	https://s3.amazonaws.com/NARAprodstorage/lz/dc-metro/rg-024/581208/2020-03/581208-omaha-004/581208-omaha-004-172.JPG	"Noon: Coquimbo, Chile"						315	331	19	30.22	60	57	54			ocr	nim cum	0				
1873-08-30	13	-29.95	-71.33			a		https://s3.amazonaws.com/NARAprodstorage/lz/dc-metro/rg-024/581208/2020-03/581208-omaha-004/581208-omaha-004-172.JPG	https://s3.amazonaws.com/NARAprodstorage/lz/dc-metro/rg-024/581208/2020-03/581208-omaha-004/581208-omaha-004-172.JPG	 						338	354	24	30.24	60	57	55			ocr	nimb	0				
1873-08-30	14	-29.95	-71.33			a		https://s3.amazonaws.com/NARAprodstorage/lz/dc-metro/rg-024/581208/2020-03/581208-omaha-004/581208-omaha-004-172.JPG	https://s3.amazonaws.com/NARAprodstorage/lz/dc-metro/rg-024/581208/2020-03/581208-omaha-004/581208-omaha-004-172.JPG	 						338	354	19	30.24	60	57	55			bc	nimb	2				
1873-08-30	15	-29.95	-71.33			a		https://s3.amazonaws.com/NARAprodstorage/lz/dc-metro/rg-024/581208/2020-03/581208-omaha-004/581208-omaha-004-172.JPG	https://s3.amazonaws.com/NARAprodstorage/lz/dc-metro/rg-024/581208/2020-03/581208-omaha-004/581208-omaha-004-172.JPG	 						338	354	19	30.24	60	56	54			bc	nim cum	4				
1873-08-30	16	-29.95	-71.33			a		https://s3.amazonaws.com/NARAprodstorage/lz/dc-metro/rg-024/581208/2020-03/581208-omaha-004/581208-omaha-004-172.JPG	https://s3.amazonaws.com/NARAprodstorage/lz/dc-metro/rg-024/581208/2020-03/581208-omaha-004/581208-omaha-004-172.JPG	 						338	354	13	30.3	60	56	54			bc	nim cum	5				
1873-08-30	17	-29.95	-71.33			a		https://s3.amazonaws.com/NARAprodstorage/lz/dc-metro/rg-024/581208/2020-03/581208-omaha-004/581208-omaha-004-172.JPG	https://s3.amazonaws.com/NARAprodstorage/lz/dc-metro/rg-024/581208/2020-03/581208-omaha-004/581208-omaha-004-172.JPG	 						315	331	19	30.3	60	56	54			bc	nim cum	4				
1873-08-30	18	-29.95	-71.33			a		https://s3.amazonaws.com/NARAprodstorage/lz/dc-metro/rg-024/581208/2020-03/581208-omaha-004/581208-omaha-004-172.JPG	https://s3.amazonaws.com/NARAprodstorage/lz/dc-metro/rg-024/581208/2020-03/581208-omaha-004/581208-omaha-004-172.JPG	 						315	331	19	30.28	59	56	54			oc	nim cum	0				
1873-08-30	19	-29.95	-71.33			a		https://s3.amazonaws.com/NARAprodstorage/lz/dc-metro/rg-024/581208/2020-03/581208-omaha-004/581208-omaha-004-172.JPG	https://s3.amazonaws.com/NARAprodstorage/lz/dc-metro/rg-024/581208/2020-03/581208-omaha-004/581208-omaha-004-172.JPG	 						315	331	21	30.28	59	56	54			oc	nim cum	1				
1873-08-30	20	-29.95	-71.33			a		https://s3.amazonaws.com/NARAprodstorage/lz/dc-metro/rg-024/581208/2020-03/581208-omaha-004/581208-omaha-004-172.JPG	https://s3.amazonaws.com/NARAprodstorage/lz/dc-metro/rg-024/581208/2020-03/581208-omaha-004/581208-omaha-004-172.JPG	 						315	331	24	30.28	59	56	54			oc	nim cum	0				
1873-08-30	21	-29.95	-71.33			a		https://s3.amazonaws.com/NARAprodstorage/lz/dc-metro/rg-024/581208/2020-03/581208-omaha-004/581208-omaha-004-172.JPG	https://s3.amazonaws.com/NARAprodstorage/lz/dc-metro/rg-024/581208/2020-03/581208-omaha-004/581208-omaha-004-172.JPG	 						315	331	19	30.36	59	56	54			ocr	nimb	0				
1873-08-30	22	-29.95	-71.33			a		https://s3.amazonaws.com/NARAprodstorage/lz/dc-metro/rg-024/581208/2020-03/581208-omaha-004/581208-omaha-004-172.JPG	https://s3.amazonaws.com/NARAprodstorage/lz/dc-metro/rg-024/581208/2020-03/581208-omaha-004/581208-omaha-004-172.JPG	 						315	331	19	30.36	59	56	54			ocr	nimb	0				
1873-08-30	23	-29.95	-71.33			a		https://s3.amazonaws.com/NARAprodstorage/lz/dc-metro/rg-024/581208/2020-03/581208-omaha-004/581208-omaha-004-172.JPG	https://s3.amazonaws.com/NARAprodstorage/lz/dc-metro/rg-024/581208/2020-03/581208-omaha-004/581208-omaha-004-172.JPG	 						315	331	13	30.4	59	55	54			ocr	nimb	0				
1873-08-30	24	-29.95	-71.33			a		https://s3.amazonaws.com/NARAprodstorage/lz/dc-metro/rg-024/581208/2020-03/581208-omaha-004/581208-omaha-004-172.JPG	https://s3.amazonaws.com/NARAprodstorage/lz/dc-metro/rg-024/581208/2020-03/581208-omaha-004/581208-omaha-004-172.JPG	 						315	331	2	30.44	59	55	54			ocr	nimb	0				
1873-08-31	1	-29.95	-71.33			a		https://s3.amazonaws.com/NARAprodstorage/lz/dc-metro/rg-024/581208/2020-03/581208-omaha-004/581208-omaha-004-173.JPG	https://s3.amazonaws.com/NARAprodstorage/lz/dc-metro/rg-024/581208/2020-03/581208-omaha-004/581208-omaha-004-173.JPG	 						315	331	2	30.42	59	56	54			ocr	nim cum	0				
1873-08-31	2	-29.95	-71.33			a		https://s3.amazonaws.com/NARAprodstorage/lz/dc-metro/rg-024/581208/2020-03/581208-omaha-004/581208-omaha-004-173.JPG	https://s3.amazonaws.com/NARAprodstorage/lz/dc-metro/rg-024/581208/2020-03/581208-omaha-004/581208-omaha-004-173.JPG	 						315	331	2	30.4	59	56	54			bcr	nim cum	4				
1873-08-31	3	-29.95	-71.33			a		https://s3.amazonaws.com/NARAprodstorage/lz/dc-metro/rg-024/581208/2020-03/581208-omaha-004/581208-omaha-004-173.JPG	https://s3.amazonaws.com/NARAprodstorage/lz/dc-metro/rg-024/581208/2020-03/581208-omaha-004/581208-omaha-004-173.JPG	 						315	331	5	30.38	59	56	54			bc	none	10				
1873-08-31	4	-29.95	-71.33			a		https://s3.amazonaws.com/NARAprodstorage/lz/dc-metro/rg-024/581208/2020-03/581208-omaha-004/581208-omaha-004-173.JPG	https://s3.amazonaws.com/NARAprodstorage/lz/dc-metro/rg-024/581208/2020-03/581208-omaha-004/581208-omaha-004-173.JPG	 						315	331	5	30.36	59	56	54			bc	none	10				
1873-08-31	5	-29.95	-71.33			a		https://s3.amazonaws.com/NARAprodstorage/lz/dc-metro/rg-024/581208/2020-03/581208-omaha-004/581208-omaha-004-173.JPG	https://s3.amazonaws.com/NARAprodstorage/lz/dc-metro/rg-024/581208/2020-03/581208-omaha-004/581208-omaha-004-173.JPG	 						315	331	2	30.38	59	56	54			bc	none	10				
1873-08-31	6	-29.95	-71.33			a		https://s3.amazonaws.com/NARAprodstorage/lz/dc-metro/rg-024/581208/2020-03/581208-omaha-004/581208-omaha-004-173.JPG	https://s3.amazonaws.com/NARAprodstorage/lz/dc-metro/rg-024/581208/2020-03/581208-omaha-004/581208-omaha-004-173.JPG	 						315	331	2	30.38	59	56	54			bc	none	10				
1873-08-31	7	-29.95	-71.33			a		https://s3.amazonaws.com/NARAprodstorage/lz/dc-metro/rg-024/581208/2020-03/581208-omaha-004/581208-omaha-004-173.JPG	https://s3.amazonaws.com/NARAprodstorage/lz/dc-metro/rg-024/581208/2020-03/581208-omaha-004/581208-omaha-004-173.JPG	 						135	151	1	30.38	59	56	54			bc	none	10				
1873-08-31	8	-29.95	-71.33			a		https://s3.amazonaws.com/NARAprodstorage/lz/dc-metro/rg-024/581208/2020-03/581208-omaha-004/581208-omaha-004-173.JPG	https://s3.amazonaws.com/NARAprodstorage/lz/dc-metro/rg-024/581208/2020-03/581208-omaha-004/581208-omaha-004-173.JPG	 						135	151	1	30.38	59	56	54			bc	none	10				
1873-08-31	9	-29.95	-71.33			a		https://s3.amazonaws.com/NARAprodstorage/lz/dc-metro/rg-024/581208/2020-03/581208-omaha-004/581208-omaha-004-173.JPG	https://s3.amazonaws.com/NARAprodstorage/lz/dc-metro/rg-024/581208/2020-03/581208-omaha-004/581208-omaha-004-173.JPG	 						0	0	0	30.38	59	56	54			bc	cum	9				
1873-08-31	10	-29.95	-71.33			a		https://s3.amazonaws.com/NARAprodstorage/lz/dc-metro/rg-024/581208/2020-03/581208-omaha-004/581208-omaha-004-173.JPG	https://s3.amazonaws.com/NARAprodstorage/lz/dc-metro/rg-024/581208/2020-03/581208-omaha-004/581208-omaha-004-173.JPG	 						202	218	5	30.38	59	56	54			bc	cum	9				
1873-08-31	11	-29.95	-71.33			a		https://s3.amazonaws.com/NARAprodstorage/lz/dc-metro/rg-024/581208/2020-03/581208-omaha-004/581208-omaha-004-173.JPG	https://s3.amazonaws.com/NARAprodstorage/lz/dc-metro/rg-024/581208/2020-03/581208-omaha-004/581208-omaha-004-173.JPG	 						202	218	13	30.38	60	58	55			bc	cum	8				
1873-08-31	12	-29.95	-71.33			a		https://s3.amazonaws.com/NARAprodstorage/lz/dc-metro/rg-024/581208/2020-03/581208-omaha-004/581208-omaha-004-173.JPG	https://s3.amazonaws.com/NARAprodstorage/lz/dc-metro/rg-024/581208/2020-03/581208-omaha-004/581208-omaha-004-173.JPG	"Noon: Coquimbo, Chile"						202	218	19	30.4	60	60	55			bc	cum	8				
1873-08-31	13	-29.95	-71.33			a		https://s3.amazonaws.com/NARAprodstorage/lz/dc-metro/rg-024/581208/2020-03/581208-omaha-004/581208-omaha-004-173.JPG	https://s3.amazonaws.com/NARAprodstorage/lz/dc-metro/rg-024/581208/2020-03/581208-omaha-004/581208-omaha-004-173.JPG	 						45	61	8	30.38	63	61	56			bc	cum	6				
1873-08-31	14	-29.95	-71.33			a		https://s3.amazonaws.com/NARAprodstorage/lz/dc-metro/rg-024/581208/2020-03/581208-omaha-004/581208-omaha-004-173.JPG	https://s3.amazonaws.com/NARAprodstorage/lz/dc-metro/rg-024/581208/2020-03/581208-omaha-004/581208-omaha-004-173.JPG	 						45	61	8	30.38	63	61	56			bc	cum	6				
1873-08-31	15	-29.95	-71.33			a		https://s3.amazonaws.com/NARAprodstorage/lz/dc-metro/rg-024/581208/2020-03/581208-omaha-004/581208-omaha-004-173.JPG	https://s3.amazonaws.com/NARAprodstorage/lz/dc-metro/rg-024/581208/2020-03/581208-omaha-004/581208-omaha-004-173.JPG	 						45	61	8	30.36	62	61	56			bc	cum	6				
1873-08-31	16	-29.95	-71.33			a		https://s3.amazonaws.com/NARAprodstorage/lz/dc-metro/rg-024/581208/2020-03/581208-omaha-004/581208-omaha-004-173.JPG	https://s3.amazonaws.com/NARAprodstorage/lz/dc-metro/rg-024/581208/2020-03/581208-omaha-004/581208-omaha-004-173.JPG	 						45	61	8	30.36	62	61	56			bc	cum	6				
1873-08-31	17	-29.95	-71.33			a		https://s3.amazonaws.com/NARAprodstorage/lz/dc-metro/rg-024/581208/2020-03/581208-omaha-004/581208-omaha-004-173.JPG	https://s3.amazonaws.com/NARAprodstorage/lz/dc-metro/rg-024/581208/2020-03/581208-omaha-004/581208-omaha-004-173.JPG	 						270	286	5	30.34	62	58	55			bc	cum	8				
1873-08-31	18	-29.95	-71.33			a		https://s3.amazonaws.com/NARAprodstorage/lz/dc-metro/rg-024/581208/2020-03/581208-omaha-004/581208-omaha-004-173.JPG	https://s3.amazonaws.com/NARAprodstorage/lz/dc-metro/rg-024/581208/2020-03/581208-omaha-004/581208-omaha-004-173.JPG	 						270	286	2	30.34	62	58	55			bc	cum	8				
1873-08-31	19	-29.95	-71.33			a		https://s3.amazonaws.com/NARAprodstorage/lz/dc-metro/rg-024/581208/2020-03/581208-omaha-004/581208-omaha-004-173.JPG	https://s3.amazonaws.com/NARAprodstorage/lz/dc-metro/rg-024/581208/2020-03/581208-omaha-004/581208-omaha-004-173.JPG	 						270	286	2	30.36	61	58	55			bc	cum	8				
1873-08-31	20	-29.95	-71.33			a		https://s3.amazonaws.com/NARAprodstorage/lz/dc-metro/rg-024/581208/2020-03/581208-omaha-004/581208-omaha-004-173.JPG	https://s3.amazonaws.com/NARAprodstorage/lz/dc-metro/rg-024/581208/2020-03/581208-omaha-004/581208-omaha-004-173.JPG	 						270	286	2	30.36	60	58	55			bc	cum	7				
1873-08-31	21	-29.95	-71.33			a		https://s3.amazonaws.com/NARAprodstorage/lz/dc-metro/rg-024/581208/2020-03/581208-omaha-004/581208-omaha-004-173.JPG	https://s3.amazonaws.com/NARAprodstorage/lz/dc-metro/rg-024/581208/2020-03/581208-omaha-004/581208-omaha-004-173.JPG	 						0	0	0	30.34	60	58	56			bc	cum	9				
1873-08-31	22	-29.95	-71.33			a		https://s3.amazonaws.com/NARAprodstorage/lz/dc-metro/rg-024/581208/2020-03/581208-omaha-004/581208-omaha-004-173.JPG	https://s3.amazonaws.com/NARAprodstorage/lz/dc-metro/rg-024/581208/2020-03/581208-omaha-004/581208-omaha-004-173.JPG	 						0	0	0	30.34	60	57	56			bc	cum	9				
1873-08-31	23	-29.95	-71.33			a		https://s3.amazonaws.com/NARAprodstorage/lz/dc-metro/rg-024/581208/2020-03/581208-omaha-004/581208-omaha-004-173.JPG	https://s3.amazonaws.com/NARAprodstorage/lz/dc-metro/rg-024/581208/2020-03/581208-omaha-004/581208-omaha-004-173.JPG	 						0	0	0	30.34	60	57	56			bc	cum	9				
1873-08-31	24	-29.95	-71.33			a		https://s3.amazonaws.com/NARAprodstorage/lz/dc-metro/rg-024/581208/2020-03/581208-omaha-004/581208-omaha-004-173.JPG	https://s3.amazonaws.com/NARAprodstorage/lz/dc-metro/rg-024/581208/2020-03/581208-omaha-004/581208-omaha-004-173.JPG	 						0	0	0	30.34	59	57	56			bc	cum	9				
1873-09-01	1	-29.95	-71.33			a		https://s3.amazonaws.com/NARAprodstorage/lz/dc-metro/rg-024/581208/2020-03/581208-omaha-004/581208-omaha-004-174.JPG	https://s3.amazonaws.com/NARAprodstorage/lz/dc-metro/rg-024/581208/2020-03/581208-omaha-004/581208-omaha-004-174.JPG	 						0	0	0	30.3	59	55	53			b	none	10				
1873-09-01	2	-29.95	-71.33			a		https://s3.amazonaws.com/NARAprodstorage/lz/dc-metro/rg-024/581208/2020-03/581208-omaha-004/581208-omaha-004-174.JPG	https://s3.amazonaws.com/NARAprodstorage/lz/dc-metro/rg-024/581208/2020-03/581208-omaha-004/581208-omaha-004-174.JPG	 						0	0	0	30.28	59	55	53			b	none	10				
1873-09-01	3	-29.95	-71.33			a		https://s3.amazonaws.com/NARAprodstorage/lz/dc-metro/rg-024/581208/2020-03/581208-omaha-004/581208-omaha-004-174.JPG	https://s3.amazonaws.com/NARAprodstorage/lz/dc-metro/rg-024/581208/2020-03/581208-omaha-004/581208-omaha-004-174.JPG	 						0	0	0	30.26	59	55	53			b	none	10				
1873-09-01	4	-29.95	-71.33			a		https://s3.amazonaws.com/NARAprodstorage/lz/dc-metro/rg-024/581208/2020-03/581208-omaha-004/581208-omaha-004-174.JPG	https://s3.amazonaws.com/NARAprodstorage/lz/dc-metro/rg-024/581208/2020-03/581208-omaha-004/581208-omaha-004-174.JPG	 						0	0	0	30.24	59	55	53			b	none	10				
1873-09-01	5	-29.95	-71.33			a		https://s3.amazonaws.com/NARAprodstorage/lz/dc-metro/rg-024/581208/2020-03/581208-omaha-004/581208-omaha-004-174.JPG	https://s3.amazonaws.com/NARAprodstorage/lz/dc-metro/rg-024/581208/2020-03/581208-omaha-004/581208-omaha-004-174.JPG	 						0	0	0	30.24	59	55	53			of	none	10				
1873-09-01	6	-29.95	-71.33			a		https://s3.amazonaws.com/NARAprodstorage/lz/dc-metro/rg-024/581208/2020-03/581208-omaha-004/581208-omaha-004-174.JPG	https://s3.amazonaws.com/NARAprodstorage/lz/dc-metro/rg-024/581208/2020-03/581208-omaha-004/581208-omaha-004-174.JPG	0610: Got Underway						0	0	0	30.24	59	55	53			bf	none	10				
1873-09-01	7	-29.92	-71.36	888		3.2		https://s3.amazonaws.com/NARAprodstorage/lz/dc-metro/rg-024/581208/2020-03/581208-omaha-004/581208-omaha-004-174.JPG	https://s3.amazonaws.com/NARAprodstorage/lz/dc-metro/rg-024/581208/2020-03/581208-omaha-004/581208-omaha-004-174.JPG	0700: Took departure Islotes Pajaros Ninos  brg S45E dist 1 mi. Coquimbo Pt brg S62E dist 3 mi.					v	45	61	2	30.22	58	56	54	54		bf	none	10				
1873-09-01	8	-29.92	-71.44	236.25		4		https://s3.amazonaws.com/NARAprodstorage/lz/dc-metro/rg-024/581208/2020-03/581208-omaha-004/581208-omaha-004-174.JPG	https://s3.amazonaws.com/NARAprodstorage/lz/dc-metro/rg-024/581208/2020-03/581208-omaha-004/581208-omaha-004-174.JPG	 					swxw	214	230	2	30.24	59	56	55	54		bcm	cum	9				
1873-09-01	9	-29.92	-71.5	236.25		3.4		https://s3.amazonaws.com/NARAprodstorage/lz/dc-metro/rg-024/581208/2020-03/581208-omaha-004/581208-omaha-004-174.JPG	https://s3.amazonaws.com/NARAprodstorage/lz/dc-metro/rg-024/581208/2020-03/581208-omaha-004/581208-omaha-004-174.JPG	 					swxw	180	196	5	30.26	59	56	54	56		bcf	cum	9				
1873-09-01	10	-29.92	-71.56	236.25		3.2		https://s3.amazonaws.com/NARAprodstorage/lz/dc-metro/rg-024/581208/2020-03/581208-omaha-004/581208-omaha-004-174.JPG	https://s3.amazonaws.com/NARAprodstorage/lz/dc-metro/rg-024/581208/2020-03/581208-omaha-004/581208-omaha-004-174.JPG	 					swxw	180	196	19	30.26	60	56	55	56		bq	cir	9				
1873-09-01	11	-29.93	-71.65	239.06		5		https://s3.amazonaws.com/NARAprodstorage/lz/dc-metro/rg-024/581208/2020-03/581208-omaha-004/581208-omaha-004-174.JPG	https://s3.amazonaws.com/NARAprodstorage/lz/dc-metro/rg-024/581208/2020-03/581208-omaha-004/581208-omaha-004-174.JPG	 					swxw1/4w	180	196	24	30.22	61	57	56	56		bq	cir	10				
1873-09-01	12	-29.93	-71.77	241.88		6		https://s3.amazonaws.com/NARAprodstorage/lz/dc-metro/rg-024/581208/2020-03/581208-omaha-004/581208-omaha-004-174.JPG	https://s3.amazonaws.com/NARAprodstorage/lz/dc-metro/rg-024/581208/2020-03/581208-omaha-004/581208-omaha-004-174.JPG	 			29 56S	71 46W	swxw1/2w	180	196	30	30.2	61	57	56	56		bq	cir	10				
1873-09-01	13	-29.91	-71.87	253.12		5.4		https://s3.amazonaws.com/NARAprodstorage/lz/dc-metro/rg-024/581208/2020-03/581208-omaha-004/581208-omaha-004-174.JPG	https://s3.amazonaws.com/NARAprodstorage/lz/dc-metro/rg-024/581208/2020-03/581208-omaha-004/581208-omaha-004-174.JPG	 					wsw1/2w	169	185	30	30.18	61	57	56	57		bcq	cum	9				
1873-09-01	14	-29.89	-71.99	253.12		6		https://s3.amazonaws.com/NARAprodstorage/lz/dc-metro/rg-024/581208/2020-03/581208-omaha-004/581208-omaha-004-174.JPG	https://s3.amazonaws.com/NARAprodstorage/lz/dc-metro/rg-024/581208/2020-03/581208-omaha-004/581208-omaha-004-174.JPG	 					wsw1/2w	169	185	30	30.18	61	57	56	57		bcq	cum	9				
1873-09-01	15	-29.88	-72.1	247.5		5.4		https://s3.amazonaws.com/NARAprodstorage/lz/dc-metro/rg-024/581208/2020-03/581208-omaha-004/581208-omaha-004-174.JPG	https://s3.amazonaws.com/NARAprodstorage/lz/dc-metro/rg-024/581208/2020-03/581208-omaha-004/581208-omaha-004-174.JPG	 					wsw	169	185	30	30.18	61	58	56	57		bmq	none	10				
1873-09-01	16	-29.86	-72.22	247.5		6		https://s3.amazonaws.com/NARAprodstorage/lz/dc-metro/rg-024/581208/2020-03/581208-omaha-004/581208-omaha-004-174.JPG	https://s3.amazonaws.com/NARAprodstorage/lz/dc-metro/rg-024/581208/2020-03/581208-omaha-004/581208-omaha-004-174.JPG	 					wsw	169	185	30	30.18	61	58	56	57		bmq	none	10				
1873-09-01	17	-29.86	-72.32	241.88		5.4		https://s3.amazonaws.com/NARAprodstorage/lz/dc-metro/rg-024/581208/2020-03/581208-omaha-004/581208-omaha-004-174.JPG	https://s3.amazonaws.com/NARAprodstorage/lz/dc-metro/rg-024/581208/2020-03/581208-omaha-004/581208-omaha-004-174.JPG	 					swxw1/2w	169	185	30	30.18	60	57	55	57		bmq	none	10				
1873-09-01	18	-29.85	-72.41	241.88		4.6		https://s3.amazonaws.com/NARAprodstorage/lz/dc-metro/rg-024/581208/2020-03/581208-omaha-004/581208-omaha-004-174.JPG	https://s3.amazonaws.com/NARAprodstorage/lz/dc-metro/rg-024/581208/2020-03/581208-omaha-004/581208-omaha-004-174.JPG	 					swxw1/2w	169	185	30	30.18	60	57	55	57		bmq	none	10				
1873-09-01	19	-29.84	-72.49	239.06		4		https://s3.amazonaws.com/NARAprodstorage/lz/dc-metro/rg-024/581208/2020-03/581208-omaha-004/581208-omaha-004-174.JPG	https://s3.amazonaws.com/NARAprodstorage/lz/dc-metro/rg-024/581208/2020-03/581208-omaha-004/581208-omaha-004-174.JPG	 					swxw1/4w	158	174	24	30.14	59	57	55	56		bq	none	10				
1873-09-01	20	-29.84	-72.57	239.06		4		https://s3.amazonaws.com/NARAprodstorage/lz/dc-metro/rg-024/581208/2020-03/581208-omaha-004/581208-omaha-004-174.JPG	https://s3.amazonaws.com/NARAprodstorage/lz/dc-metro/rg-024/581208/2020-03/581208-omaha-004/581208-omaha-004-174.JPG	 					swxw1/4w	158	174	30	30.14	59	56	54	56		bq	none	10				
1873-09-01	21	-29.83	-72.66	241.88		4.6		https://s3.amazonaws.com/NARAprodstorage/lz/dc-metro/rg-024/581208/2020-03/581208-omaha-004/581208-omaha-004-174.JPG	https://s3.amazonaws.com/NARAprodstorage/lz/dc-metro/rg-024/581208/2020-03/581208-omaha-004/581208-omaha-004-174.JPG	 					swxw1/2w	158	174	30	30.2	59	56	55	56		bq	none	10				
1873-09-01	22	-29.82	-72.76	241.88		5.2		https://s3.amazonaws.com/NARAprodstorage/lz/dc-metro/rg-024/581208/2020-03/581208-omaha-004/581208-omaha-004-174.JPG	https://s3.amazonaws.com/NARAprodstorage/lz/dc-metro/rg-024/581208/2020-03/581208-omaha-004/581208-omaha-004-174.JPG	 					swxw1/2w	158	174	30	30.2	59	56	55	56		bq	none	10				
1873-09-01	23	-29.82	-72.86	241.88		5		https://s3.amazonaws.com/NARAprodstorage/lz/dc-metro/rg-024/581208/2020-03/581208-omaha-004/581208-omaha-004-174.JPG	https://s3.amazonaws.com/NARAprodstorage/lz/dc-metro/rg-024/581208/2020-03/581208-omaha-004/581208-omaha-004-174.JPG	 					swxw1/2w	158	174	37	30.19	59	56	55	56		bq	none	10				
1873-09-01	24	-29.81	-72.96	241.88		5.4		https://s3.amazonaws.com/NARAprodstorage/lz/dc-metro/rg-024/581208/2020-03/581208-omaha-004/581208-omaha-004-174.JPG	https://s3.amazonaws.com/NARAprodstorage/lz/dc-metro/rg-024/581208/2020-03/581208-omaha-004/581208-omaha-004-174.JPG	 					swxw1/2w	158	174	37	30.18	58	56	55	56		bq	none	10				
1873-09-02	1	-29.81	-73.07	241.88		5.6		https://s3.amazonaws.com/NARAprodstorage/lz/dc-metro/rg-024/581208/2020-03/581208-omaha-004/581208-omaha-004-175.JPG	https://s3.amazonaws.com/NARAprodstorage/lz/dc-metro/rg-024/581208/2020-03/581208-omaha-004/581208-omaha-004-175.JPG	 					swxw1/2w	158	174	30	30.18	58	56	55	56		bq	none	10				
1873-09-02	2	-29.8	-73.18	241.88		5.4		https://s3.amazonaws.com/NARAprodstorage/lz/dc-metro/rg-024/581208/2020-03/581208-omaha-004/581208-omaha-004-175.JPG	https://s3.amazonaws.com/NARAprodstorage/lz/dc-metro/rg-024/581208/2020-03/581208-omaha-004/581208-omaha-004-175.JPG	 					swxw1/2w	158	174	30	30.17	58	56	55	56		bq	none	10				
1873-09-02	3	-29.8	-73.28	244.69		5.4		https://s3.amazonaws.com/NARAprodstorage/lz/dc-metro/rg-024/581208/2020-03/581208-omaha-004/581208-omaha-004-175.JPG	https://s3.amazonaws.com/NARAprodstorage/lz/dc-metro/rg-024/581208/2020-03/581208-omaha-004/581208-omaha-004-175.JPG	 					swxw3/4w	158	174	30	30.15	58	55	54	56		bcq	cum	9				
1873-09-02	4	-29.79	-73.39	244.69		5.4		https://s3.amazonaws.com/NARAprodstorage/lz/dc-metro/rg-024/581208/2020-03/581208-omaha-004/581208-omaha-004-175.JPG	https://s3.amazonaws.com/NARAprodstorage/lz/dc-metro/rg-024/581208/2020-03/581208-omaha-004/581208-omaha-004-175.JPG	 					swxw3/4w	158	174	30	30.15	58	55	54	56		bcq	cum	9				
1873-09-02	5	-29.78	-73.49	241.88		5.2		https://s3.amazonaws.com/NARAprodstorage/lz/dc-metro/rg-024/581208/2020-03/581208-omaha-004/581208-omaha-004-175.JPG	https://s3.amazonaws.com/NARAprodstorage/lz/dc-metro/rg-024/581208/2020-03/581208-omaha-004/581208-omaha-004-175.JPG	 					swxw1/2w	158	174	30	30.15	58	55	54	56		bcq	cum	6				
1873-09-02	6	-29.77	-73.57	241.88		4.4		https://s3.amazonaws.com/NARAprodstorage/lz/dc-metro/rg-024/581208/2020-03/581208-omaha-004/581208-omaha-004-175.JPG	https://s3.amazonaws.com/NARAprodstorage/lz/dc-metro/rg-024/581208/2020-03/581208-omaha-004/581208-omaha-004-175.JPG	 					swxw1/2w	158	174	30	30.16	58	55	54	56		bcq	cum	5				
1873-09-02	7	-29.76	-73.67	247.5		5		https://s3.amazonaws.com/NARAprodstorage/lz/dc-metro/rg-024/581208/2020-03/581208-omaha-004/581208-omaha-004-175.JPG	https://s3.amazonaws.com/NARAprodstorage/lz/dc-metro/rg-024/581208/2020-03/581208-omaha-004/581208-omaha-004-175.JPG	 					wsw	169	185	30	30.16	58	55	54	56		bcq	cum	5				
1873-09-02	8	-29.74	-73.77	247.5		5		https://s3.amazonaws.com/NARAprodstorage/lz/dc-metro/rg-024/581208/2020-03/581208-omaha-004/581208-omaha-004-175.JPG	https://s3.amazonaws.com/NARAprodstorage/lz/dc-metro/rg-024/581208/2020-03/581208-omaha-004/581208-omaha-004-175.JPG	 					wsw	169	185	30	30.19	58	55	54	56		bcq	cum	5				
1873-09-02	9	-29.72	-73.86	255.94		4.4		https://s3.amazonaws.com/NARAprodstorage/lz/dc-metro/rg-024/581208/2020-03/581208-omaha-004/581208-omaha-004-175.JPG	https://s3.amazonaws.com/NARAprodstorage/lz/dc-metro/rg-024/581208/2020-03/581208-omaha-004/581208-omaha-004-175.JPG	 					wsw3/4w	174	190	30	30.18	59	56	55	57		bcq	cir cum	8				
1873-09-02	10	-29.7	-73.96	253.12		5		https://s3.amazonaws.com/NARAprodstorage/lz/dc-metro/rg-024/581208/2020-03/581208-omaha-004/581208-omaha-004-175.JPG	https://s3.amazonaws.com/NARAprodstorage/lz/dc-metro/rg-024/581208/2020-03/581208-omaha-004/581208-omaha-004-175.JPG	 					wsw1/2w	174	190	30	30.18	59	57	56	57		bcq	cir cum	8				
1873-09-02	11	-29.67	-74.07	253.12		5.4		https://s3.amazonaws.com/NARAprodstorage/lz/dc-metro/rg-024/581208/2020-03/581208-omaha-004/581208-omaha-004-175.JPG	https://s3.amazonaws.com/NARAprodstorage/lz/dc-metro/rg-024/581208/2020-03/581208-omaha-004/581208-omaha-004-175.JPG	 					wsw1/2w	174	190	24	30.18	59	58	57	58		bcq	cir cum	6				
1873-09-02	12	-29.65	-74.17	253.12		5		https://s3.amazonaws.com/NARAprodstorage/lz/dc-metro/rg-024/581208/2020-03/581208-omaha-004/581208-omaha-004-175.JPG	https://s3.amazonaws.com/NARAprodstorage/lz/dc-metro/rg-024/581208/2020-03/581208-omaha-004/581208-omaha-004-175.JPG	 			29 39S	74 10W	wsw1/2w	174	190	24	30.18	60	58	57	58		bcq	cir cum	6				
1873-09-02	13	-29.64	-74.26	250.31		4.6		https://s3.amazonaws.com/NARAprodstorage/lz/dc-metro/rg-024/581208/2020-03/581208-omaha-004/581208-omaha-004-175.JPG	https://s3.amazonaws.com/NARAprodstorage/lz/dc-metro/rg-024/581208/2020-03/581208-omaha-004/581208-omaha-004-175.JPG	 					wsw1/4w	169	185	19	30.19	61	58	58	58		bc	cir nim	8				
1873-09-02	14	-29.62	-74.35	250.31		4.2		https://s3.amazonaws.com/NARAprodstorage/lz/dc-metro/rg-024/581208/2020-03/581208-omaha-004/581208-omaha-004-175.JPG	https://s3.amazonaws.com/NARAprodstorage/lz/dc-metro/rg-024/581208/2020-03/581208-omaha-004/581208-omaha-004-175.JPG	 					wsw1/4w	169	185	19	30.18	61	57	56	58		bc	cir cum nim	7				
1873-09-02	15	-29.61	-74.46	253.12		5.2		https://s3.amazonaws.com/NARAprodstorage/lz/dc-metro/rg-024/581208/2020-03/581208-omaha-004/581208-omaha-004-175.JPG	https://s3.amazonaws.com/NARAprodstorage/lz/dc-metro/rg-024/581208/2020-03/581208-omaha-004/581208-omaha-004-175.JPG	 					wsw1/2w	169	185	27	30.18	61	57	56	58		bc	cir cum nim	6				
1873-09-02	16	-29.59	-74.57	250.31		5.4		https://s3.amazonaws.com/NARAprodstorage/lz/dc-metro/rg-024/581208/2020-03/581208-omaha-004/581208-omaha-004-175.JPG	https://s3.amazonaws.com/NARAprodstorage/lz/dc-metro/rg-024/581208/2020-03/581208-omaha-004/581208-omaha-004-175.JPG	 					wsw1/4w	169	185	30	30.18	61	57	56	58		bcq	cir cum nim	5				
1873-09-02	17	-29.58	-74.68	250.31		5.4		https://s3.amazonaws.com/NARAprodstorage/lz/dc-metro/rg-024/581208/2020-03/581208-omaha-004/581208-omaha-004-175.JPG	https://s3.amazonaws.com/NARAprodstorage/lz/dc-metro/rg-024/581208/2020-03/581208-omaha-004/581208-omaha-004-175.JPG	 					wsw1/4w	169	185	30	30.2	60	56	55	58		bcq	cir cum	5				
1873-09-02	18	-29.57	-74.79	247.5		5.4		https://s3.amazonaws.com/NARAprodstorage/lz/dc-metro/rg-024/581208/2020-03/581208-omaha-004/581208-omaha-004-175.JPG	https://s3.amazonaws.com/NARAprodstorage/lz/dc-metro/rg-024/581208/2020-03/581208-omaha-004/581208-omaha-004-175.JPG	 					wsw	169	185	30	30.22	60	55	54	58		bcq	cum nim	3				
1873-09-02	19	-29.57	-74.89	247.5		5		https://s3.amazonaws.com/NARAprodstorage/lz/dc-metro/rg-024/581208/2020-03/581208-omaha-004/581208-omaha-004-175.JPG	https://s3.amazonaws.com/NARAprodstorage/lz/dc-metro/rg-024/581208/2020-03/581208-omaha-004/581208-omaha-004-175.JPG	 					wsw	169	185	24	30.23	60	55	54	58		bcq	cum nim	4				
1873-09-02	20	-29.56	-75	247.5		5		https://s3.amazonaws.com/NARAprodstorage/lz/dc-metro/rg-024/581208/2020-03/581208-omaha-004/581208-omaha-004-175.JPG	https://s3.amazonaws.com/NARAprodstorage/lz/dc-metro/rg-024/581208/2020-03/581208-omaha-004/581208-omaha-004-175.JPG	 					wsw	169	185	24	30.26	60	55	54	58		bcq	cum nim	1				
1873-09-02	21	-29.54	-75.11	255.94		5.4		https://s3.amazonaws.com/NARAprodstorage/lz/dc-metro/rg-024/581208/2020-03/581208-omaha-004/581208-omaha-004-175.JPG	https://s3.amazonaws.com/NARAprodstorage/lz/dc-metro/rg-024/581208/2020-03/581208-omaha-004/581208-omaha-004-175.JPG	 					wsw3/4w	169	185	24	30.28	60	55	53	58		bcq	cum nim	4				
1873-09-02	22	-29.52	-75.21	255.94		5		https://s3.amazonaws.com/NARAprodstorage/lz/dc-metro/rg-024/581208/2020-03/581208-omaha-004/581208-omaha-004-175.JPG	https://s3.amazonaws.com/NARAprodstorage/lz/dc-metro/rg-024/581208/2020-03/581208-omaha-004/581208-omaha-004-175.JPG	 					wsw3/4w	169	185	24	30.28	60	55	53	58		bcq	cum nim	2				
1873-09-02	23	-29.5	-75.32	250.31		5		https://s3.amazonaws.com/NARAprodstorage/lz/dc-metro/rg-024/581208/2020-03/581208-omaha-004/581208-omaha-004-175.JPG	https://s3.amazonaws.com/NARAprodstorage/lz/dc-metro/rg-024/581208/2020-03/581208-omaha-004/581208-omaha-004-175.JPG	 					wsw1/4w	174	190	24	30.28	60	55	53	58		bcq	cum nim	2				
1873-09-02	24	-29.48	-75.43	255.94		5.4		https://s3.amazonaws.com/NARAprodstorage/lz/dc-metro/rg-024/581208/2020-03/581208-omaha-004/581208-omaha-004-175.JPG	https://s3.amazonaws.com/NARAprodstorage/lz/dc-metro/rg-024/581208/2020-03/581208-omaha-004/581208-omaha-004-175.JPG	 					wsw3/4w	169	185	24	30.29	59	54	53	57		bcq	cum nim	2				
1873-09-03	1	-29.48	-75.54	244.69		5.4		https://s3.amazonaws.com/NARAprodstorage/lz/dc-metro/rg-024/581208/2020-03/581208-omaha-004/581208-omaha-004-176.JPG	https://s3.amazonaws.com/NARAprodstorage/lz/dc-metro/rg-024/581208/2020-03/581208-omaha-004/581208-omaha-004-176.JPG	 					swxw3/4w	158	174	19	30.27	59	55	53	58		bc	cir cum nim	5				
1873-09-03	2	-29.47	-75.65	247.5		5.6		https://s3.amazonaws.com/NARAprodstorage/lz/dc-metro/rg-024/581208/2020-03/581208-omaha-004/581208-omaha-004-176.JPG	https://s3.amazonaws.com/NARAprodstorage/lz/dc-metro/rg-024/581208/2020-03/581208-omaha-004/581208-omaha-004-176.JPG	 					wsw	169	185	19	30.27	59	55	53	58		ocq	cum nim	0				
1873-09-03	3	-29.46	-75.76	247.5		5.6		https://s3.amazonaws.com/NARAprodstorage/lz/dc-metro/rg-024/581208/2020-03/581208-omaha-004/581208-omaha-004-176.JPG	https://s3.amazonaws.com/NARAprodstorage/lz/dc-metro/rg-024/581208/2020-03/581208-omaha-004/581208-omaha-004-176.JPG	 					wsw	169	185	19	30.27	59	55	52	58		ocq	cum nim	0				
1873-09-03	4	-29.46	-75.87	247.5		5.2		https://s3.amazonaws.com/NARAprodstorage/lz/dc-metro/rg-024/581208/2020-03/581208-omaha-004/581208-omaha-004-176.JPG	https://s3.amazonaws.com/NARAprodstorage/lz/dc-metro/rg-024/581208/2020-03/581208-omaha-004/581208-omaha-004-176.JPG	 					wsw	169	185	13	30.27	58	55	52	57		ocq	cum nim	0				
1873-09-03	5	-29.45	-75.96	241.88		4.4		https://s3.amazonaws.com/NARAprodstorage/lz/dc-metro/rg-024/581208/2020-03/581208-omaha-004/581208-omaha-004-176.JPG	https://s3.amazonaws.com/NARAprodstorage/lz/dc-metro/rg-024/581208/2020-03/581208-omaha-004/581208-omaha-004-176.JPG	 					swxw1/2w	163	179	13	30.28	59	54	51	57		bcq	cum nim	4				
1873-09-03	6	-29.45	-76.05	241.88		4.4		https://s3.amazonaws.com/NARAprodstorage/lz/dc-metro/rg-024/581208/2020-03/581208-omaha-004/581208-omaha-004-176.JPG	https://s3.amazonaws.com/NARAprodstorage/lz/dc-metro/rg-024/581208/2020-03/581208-omaha-004/581208-omaha-004-176.JPG	 					swxw1/2w	163	179	13	30.3	59	54	52	57		bcq	cum nim	2				
1873-09-03	7	-29.45	-76.17	241.88		6		https://s3.amazonaws.com/NARAprodstorage/lz/dc-metro/rg-024/581208/2020-03/581208-omaha-004/581208-omaha-004-176.JPG	https://s3.amazonaws.com/NARAprodstorage/lz/dc-metro/rg-024/581208/2020-03/581208-omaha-004/581208-omaha-004-176.JPG	 					swxw1/2w	163	179	13	30.32	59	54	52	58		bcq	cum nim	3				
1873-09-03	8	-29.46	-76.3	241.88		6.4		https://s3.amazonaws.com/NARAprodstorage/lz/dc-metro/rg-024/581208/2020-03/581208-omaha-004/581208-omaha-004-176.JPG	https://s3.amazonaws.com/NARAprodstorage/lz/dc-metro/rg-024/581208/2020-03/581208-omaha-004/581208-omaha-004-176.JPG	 					swxw1/2w	163	179	13	30.35	59	55	52	58		bc	cum nim	4				
1873-09-03	9	-29.46	-76.42	241.88		6.4		https://s3.amazonaws.com/NARAprodstorage/lz/dc-metro/rg-024/581208/2020-03/581208-omaha-004/581208-omaha-004-176.JPG	https://s3.amazonaws.com/NARAprodstorage/lz/dc-metro/rg-024/581208/2020-03/581208-omaha-004/581208-omaha-004-176.JPG	 					swxw1/2w	163	179	19	30.37	59	55	52	59		bc	cum nim	2				
1873-09-03	10	-29.47	-76.56	241.88		7		https://s3.amazonaws.com/NARAprodstorage/lz/dc-metro/rg-024/581208/2020-03/581208-omaha-004/581208-omaha-004-176.JPG	https://s3.amazonaws.com/NARAprodstorage/lz/dc-metro/rg-024/581208/2020-03/581208-omaha-004/581208-omaha-004-176.JPG	 					swxw1/2w	163	179	19	30.38	60	56	53	59		bc	cum nim	3				
1873-09-03	11	-29.48	-76.71	239.06		7.4		https://s3.amazonaws.com/NARAprodstorage/lz/dc-metro/rg-024/581208/2020-03/581208-omaha-004/581208-omaha-004-176.JPG	https://s3.amazonaws.com/NARAprodstorage/lz/dc-metro/rg-024/581208/2020-03/581208-omaha-004/581208-omaha-004-176.JPG	 					swxw1/4w	163	179	24	30.38	60	56	53	59		bc	cum nim	3				
1873-09-03	12	-29.52	-76.83	227.81		7		https://s3.amazonaws.com/NARAprodstorage/lz/dc-metro/rg-024/581208/2020-03/581208-omaha-004/581208-omaha-004-176.JPG	https://s3.amazonaws.com/NARAprodstorage/lz/dc-metro/rg-024/581208/2020-03/581208-omaha-004/581208-omaha-004-176.JPG	 			29 31S	76 50W	sw1/4w	146	162	19	30.38	60	57	54	59		bc	cum nim	4				
1873-09-03	13	-29.56	-76.98	225		6.2		https://s3.amazonaws.com/NARAprodstorage/lz/dc-metro/rg-024/581208/2020-03/581208-omaha-004/581208-omaha-004-176.JPG	https://s3.amazonaws.com/NARAprodstorage/lz/dc-metro/rg-024/581208/2020-03/581208-omaha-004/581208-omaha-004-176.JPG	 					sw	152	168	19	30.38	61	58	55	59		bc	nim cum	2				
1873-09-03	14	-29.59	-77.12	225		6		https://s3.amazonaws.com/NARAprodstorage/lz/dc-metro/rg-024/581208/2020-03/581208-omaha-004/581208-omaha-004-176.JPG	https://s3.amazonaws.com/NARAprodstorage/lz/dc-metro/rg-024/581208/2020-03/581208-omaha-004/581208-omaha-004-176.JPG	 					sw	152	168	19	30.38	61	58	56	59		bc	nim cum	1				
1873-09-03	15	-29.63	-77.26	225		6		https://s3.amazonaws.com/NARAprodstorage/lz/dc-metro/rg-024/581208/2020-03/581208-omaha-004/581208-omaha-004-176.JPG	https://s3.amazonaws.com/NARAprodstorage/lz/dc-metro/rg-024/581208/2020-03/581208-omaha-004/581208-omaha-004-176.JPG	 					sw	152	168	19	30.38	60	58	56	59		bc	nim cum	2				
1873-09-03	16	-29.67	-77.38	219.38		5.4		https://s3.amazonaws.com/NARAprodstorage/lz/dc-metro/rg-024/581208/2020-03/581208-omaha-004/581208-omaha-004-176.JPG	https://s3.amazonaws.com/NARAprodstorage/lz/dc-metro/rg-024/581208/2020-03/581208-omaha-004/581208-omaha-004-176.JPG	 					sw1/2s	146	162	19	30.38	60	58	56	59		bc	nim cum	2				
1873-09-03	17	-29.72	-77.5	213.75		5		https://s3.amazonaws.com/NARAprodstorage/lz/dc-metro/rg-024/581208/2020-03/581208-omaha-004/581208-omaha-004-176.JPG	https://s3.amazonaws.com/NARAprodstorage/lz/dc-metro/rg-024/581208/2020-03/581208-omaha-004/581208-omaha-004-176.JPG	 					swxs	135	151	13	30.38	60	58	56	59		bc	nim cum	3				
1873-09-03	18	-29.75	-77.62	225		5		https://s3.amazonaws.com/NARAprodstorage/lz/dc-metro/rg-024/581208/2020-03/581208-omaha-004/581208-omaha-004-176.JPG	https://s3.amazonaws.com/NARAprodstorage/lz/dc-metro/rg-024/581208/2020-03/581208-omaha-004/581208-omaha-004-176.JPG	 					sw	152	168	13	30.38	60	58	56	59		bc	nim cum	4				
1873-09-03	19	-29.76	-77.76	236.25		5.4		https://s3.amazonaws.com/NARAprodstorage/lz/dc-metro/rg-024/581208/2020-03/581208-omaha-004/581208-omaha-004-176.JPG	https://s3.amazonaws.com/NARAprodstorage/lz/dc-metro/rg-024/581208/2020-03/581208-omaha-004/581208-omaha-004-176.JPG	 					swxw	169	185	13	30.38	60	59	59	60		bc	nim cum	5				
1873-09-03	20	-29.77	-77.9	244.69		5.2		https://s3.amazonaws.com/NARAprodstorage/lz/dc-metro/rg-024/581208/2020-03/581208-omaha-004/581208-omaha-004-176.JPG	https://s3.amazonaws.com/NARAprodstorage/lz/dc-metro/rg-024/581208/2020-03/581208-omaha-004/581208-omaha-004-176.JPG	 					swxw3/4w	180	196	13	30.4	61	59	59	60		bc	cir cum	5				
1873-09-03	21	-29.75	-78.03	258.75		5		https://s3.amazonaws.com/NARAprodstorage/lz/dc-metro/rg-024/581208/2020-03/581208-omaha-004/581208-omaha-004-176.JPG	https://s3.amazonaws.com/NARAprodstorage/lz/dc-metro/rg-024/581208/2020-03/581208-omaha-004/581208-omaha-004-176.JPG	 					wxs	180	196	13	30.4	61	59	59	60		bc	cum nim	1				
1873-09-03	22	-29.74	-78.17	253.12		5		https://s3.amazonaws.com/NARAprodstorage/lz/dc-metro/rg-024/581208/2020-03/581208-omaha-004/581208-omaha-004-176.JPG	https://s3.amazonaws.com/NARAprodstorage/lz/dc-metro/rg-024/581208/2020-03/581208-omaha-004/581208-omaha-004-176.JPG	 					wsw1/2w	180	196	13	30.4	60	59	59	59		bc	cum nim	1				
1873-09-03	23	-29.75	-78.3	241.88		4.6		https://s3.amazonaws.com/NARAprodstorage/lz/dc-metro/rg-024/581208/2020-03/581208-omaha-004/581208-omaha-004-176.JPG	https://s3.amazonaws.com/NARAprodstorage/lz/dc-metro/rg-024/581208/2020-03/581208-omaha-004/581208-omaha-004-176.JPG	 					swxw1/2w	169	185	10	30.4	60	59	59	59		bc	cum nim	1				
1873-09-03	24	-29.76	-78.41	236.25		4		https://s3.amazonaws.com/NARAprodstorage/lz/dc-metro/rg-024/581208/2020-03/581208-omaha-004/581208-omaha-004-176.JPG	https://s3.amazonaws.com/NARAprodstorage/lz/dc-metro/rg-024/581208/2020-03/581208-omaha-004/581208-omaha-004-176.JPG	 					swxw	169	185	5	30.4	60	59	59	59		bc	cum nim	1				
1873-09-04	1	-29.76	-78.49	236.25		2.4		https://s3.amazonaws.com/NARAprodstorage/lz/dc-metro/rg-024/581208/2020-03/581208-omaha-004/581208-omaha-004-177.JPG	https://s3.amazonaws.com/NARAprodstorage/lz/dc-metro/rg-024/581208/2020-03/581208-omaha-004/581208-omaha-004-177.JPG	 					swxw	169	185	5	30.38	60	58	57	58		oc	nim cum	0				
1873-09-04	2	-29.75	-78.56	236.25		1.4		https://s3.amazonaws.com/NARAprodstorage/lz/dc-metro/rg-024/581208/2020-03/581208-omaha-004/581208-omaha-004-177.JPG	https://s3.amazonaws.com/NARAprodstorage/lz/dc-metro/rg-024/581208/2020-03/581208-omaha-004/581208-omaha-004-177.JPG	 					swxw	169	185	2	30.38	60	58	57	60		oc	nim cum	0				
1873-09-04	3	-29.74	-78.61	247.5		0.4		https://s3.amazonaws.com/NARAprodstorage/lz/dc-metro/rg-024/581208/2020-03/581208-omaha-004/581208-omaha-004-177.JPG	https://s3.amazonaws.com/NARAprodstorage/lz/dc-metro/rg-024/581208/2020-03/581208-omaha-004/581208-omaha-004-177.JPG	 					wsw	888	888	2	30.38	60	58	57	60		oc	nim cum	0				
1873-09-04	4	-29.73	-78.67	264.38		1.4		https://s3.amazonaws.com/NARAprodstorage/lz/dc-metro/rg-024/581208/2020-03/581208-omaha-004/581208-omaha-004-177.JPG	https://s3.amazonaws.com/NARAprodstorage/lz/dc-metro/rg-024/581208/2020-03/581208-omaha-004/581208-omaha-004-177.JPG	 					w1/2s	888	888	2	30.38	59	57	55	60		ocqr	nimb	0				
1873-09-04	5	-29.71	-78.76	270		2.4		https://s3.amazonaws.com/NARAprodstorage/lz/dc-metro/rg-024/581208/2020-03/581208-omaha-004/581208-omaha-004-177.JPG	https://s3.amazonaws.com/NARAprodstorage/lz/dc-metro/rg-024/581208/2020-03/581208-omaha-004/581208-omaha-004-177.JPG	 					w	888	888	2	30.38	59	57	55	60		ocr	nimb	0				
1873-09-04	6	-29.71	-78.92	247.5		6.4		https://s3.amazonaws.com/NARAprodstorage/lz/dc-metro/rg-024/581208/2020-03/581208-omaha-004/581208-omaha-004-177.JPG	https://s3.amazonaws.com/NARAprodstorage/lz/dc-metro/rg-024/581208/2020-03/581208-omaha-004/581208-omaha-004-177.JPG	 					wsw	180	196	10	30.38	59	58	56	60		bcqr	nimb	2				
1873-09-04	7	-29.75	-79.02	213.75		4.4		https://s3.amazonaws.com/NARAprodstorage/lz/dc-metro/rg-024/581208/2020-03/581208-omaha-004/581208-omaha-004-177.JPG	https://s3.amazonaws.com/NARAprodstorage/lz/dc-metro/rg-024/581208/2020-03/581208-omaha-004/581208-omaha-004-177.JPG	 					swxs	158	174	6	30.4	60	58	56	60		bcq	cum nim	4				
1873-09-04	8	-29.77	-79.14	225		4.4		https://s3.amazonaws.com/NARAprodstorage/lz/dc-metro/rg-024/581208/2020-03/581208-omaha-004/581208-omaha-004-177.JPG	https://s3.amazonaws.com/NARAprodstorage/lz/dc-metro/rg-024/581208/2020-03/581208-omaha-004/581208-omaha-004-177.JPG	 					sw	158	174	6	30.4	60	58	56	60		bcq	cum nim	2				
1873-09-04	9	-29.78	-79.28	241.88		5.4		https://s3.amazonaws.com/NARAprodstorage/lz/dc-metro/rg-024/581208/2020-03/581208-omaha-004/581208-omaha-004-177.JPG	https://s3.amazonaws.com/NARAprodstorage/lz/dc-metro/rg-024/581208/2020-03/581208-omaha-004/581208-omaha-004-177.JPG	 					swxw1/2w	135	151	13	30.4	60	58	56	60		bc	cir cum	4				
1873-09-04	10	-29.79	-79.42	239.06		5.4		https://s3.amazonaws.com/NARAprodstorage/lz/dc-metro/rg-024/581208/2020-03/581208-omaha-004/581208-omaha-004-177.JPG	https://s3.amazonaws.com/NARAprodstorage/lz/dc-metro/rg-024/581208/2020-03/581208-omaha-004/581208-omaha-004-177.JPG	 					swxw1/4w	135	151	13	30.38	61	59	58	60		bc	cir cum	4				
1873-09-04	11	-29.8	-79.56	244.69		5.2		https://s3.amazonaws.com/NARAprodstorage/lz/dc-metro/rg-024/581208/2020-03/581208-omaha-004/581208-omaha-004-177.JPG	https://s3.amazonaws.com/NARAprodstorage/lz/dc-metro/rg-024/581208/2020-03/581208-omaha-004/581208-omaha-004-177.JPG	 					swxw3/4w	158	174	8	30.38	61	59	58	60		bc	cir cum	8				
1873-09-04	12	-29.8	-79.7	244.69		5.4		https://s3.amazonaws.com/NARAprodstorage/lz/dc-metro/rg-024/581208/2020-03/581208-omaha-004/581208-omaha-004-177.JPG	https://s3.amazonaws.com/NARAprodstorage/lz/dc-metro/rg-024/581208/2020-03/581208-omaha-004/581208-omaha-004-177.JPG	 			29 48S	79 42W	swxw3/4w	158	174	8	30.38	61	59	58	60		bc	cir cum	8				
1873-09-04	13	-29.81	-79.78	236.25		5.4		https://s3.amazonaws.com/NARAprodstorage/lz/dc-metro/rg-024/581208/2020-03/581208-omaha-004/581208-omaha-004-177.JPG	https://s3.amazonaws.com/NARAprodstorage/lz/dc-metro/rg-024/581208/2020-03/581208-omaha-004/581208-omaha-004-177.JPG	 					swxw	158	174	19	30.38	62	61	58	60		bc	cir str	7				
1873-09-04	14	-29.82	-79.84	233.44		4.6		https://s3.amazonaws.com/NARAprodstorage/lz/dc-metro/rg-024/581208/2020-03/581208-omaha-004/581208-omaha-004-177.JPG	https://s3.amazonaws.com/NARAprodstorage/lz/dc-metro/rg-024/581208/2020-03/581208-omaha-004/581208-omaha-004-177.JPG	 					sw3/4w	158	174	13	30.38	62	61	58	60		bc	cir str cum	6				
1873-09-04	15	-29.83	-79.9	233.44		4.6		https://s3.amazonaws.com/NARAprodstorage/lz/dc-metro/rg-024/581208/2020-03/581208-omaha-004/581208-omaha-004-177.JPG	https://s3.amazonaws.com/NARAprodstorage/lz/dc-metro/rg-024/581208/2020-03/581208-omaha-004/581208-omaha-004-177.JPG	 					sw3/4w	158	174	13	30.4	63	59	55	60		bc	cir str cum	8				
1873-09-04	16	-29.84	-79.96	233.44		4.6		https://s3.amazonaws.com/NARAprodstorage/lz/dc-metro/rg-024/581208/2020-03/581208-omaha-004/581208-omaha-004-177.JPG	https://s3.amazonaws.com/NARAprodstorage/lz/dc-metro/rg-024/581208/2020-03/581208-omaha-004/581208-omaha-004-177.JPG	 					sw3/4w	158	174	13	30.4	63	59	55	60		bc	cir str cum	7				
1873-09-04	17	-29.85	-80.01	233.44		4		https://s3.amazonaws.com/NARAprodstorage/lz/dc-metro/rg-024/581208/2020-03/581208-omaha-004/581208-omaha-004-177.JPG	https://s3.amazonaws.com/NARAprodstorage/lz/dc-metro/rg-024/581208/2020-03/581208-omaha-004/581208-omaha-004-177.JPG	 					sw3/4w	158	174	13	30.38	63	59	54	60		bc	cir str cum	8				
1873-09-04	18	-29.86	-80.05	233.44		3.4		https://s3.amazonaws.com/NARAprodstorage/lz/dc-metro/rg-024/581208/2020-03/581208-omaha-004/581208-omaha-004-177.JPG	https://s3.amazonaws.com/NARAprodstorage/lz/dc-metro/rg-024/581208/2020-03/581208-omaha-004/581208-omaha-004-177.JPG	 					sw3/4w	158	174	8	30.38	63	59	54	60		bc	str nim	8				
1873-09-04	19	-29.86	-80.1	233.44		4		https://s3.amazonaws.com/NARAprodstorage/lz/dc-metro/rg-024/581208/2020-03/581208-omaha-004/581208-omaha-004-177.JPG	https://s3.amazonaws.com/NARAprodstorage/lz/dc-metro/rg-024/581208/2020-03/581208-omaha-004/581208-omaha-004-177.JPG	 					sw3/4w	158	174	8	30.38	62	59	54	59		bc	str nim	3				
1873-09-04	20	-29.87	-80.15	233.44		4.4		https://s3.amazonaws.com/NARAprodstorage/lz/dc-metro/rg-024/581208/2020-03/581208-omaha-004/581208-omaha-004-177.JPG	https://s3.amazonaws.com/NARAprodstorage/lz/dc-metro/rg-024/581208/2020-03/581208-omaha-004/581208-omaha-004-177.JPG	 					sw3/4w	158	174	13	30.4	61	58	54	59		bc	cir cum	5				
1873-09-04	21	-29.88	-80.2	233.44		4		https://s3.amazonaws.com/NARAprodstorage/lz/dc-metro/rg-024/581208/2020-03/581208-omaha-004/581208-omaha-004-177.JPG	https://s3.amazonaws.com/NARAprodstorage/lz/dc-metro/rg-024/581208/2020-03/581208-omaha-004/581208-omaha-004-177.JPG	 					sw3/4w	158	174	8	30.4	62	58	54	58		bc	cir cum	3				
1873-09-04	22	-29.88	-80.24	239.06		3.4		https://s3.amazonaws.com/NARAprodstorage/lz/dc-metro/rg-024/581208/2020-03/581208-omaha-004/581208-omaha-004-177.JPG	https://s3.amazonaws.com/NARAprodstorage/lz/dc-metro/rg-024/581208/2020-03/581208-omaha-004/581208-omaha-004-177.JPG	 					swxw1/4w	169	185	5	30.4	62	59	55	58		bc	cir cum	2				
1873-09-04	23	-29.88	-80.29	236.25		3.6		https://s3.amazonaws.com/NARAprodstorage/lz/dc-metro/rg-024/581208/2020-03/581208-omaha-004/581208-omaha-004-177.JPG	https://s3.amazonaws.com/NARAprodstorage/lz/dc-metro/rg-024/581208/2020-03/581208-omaha-004/581208-omaha-004-177.JPG	 					swxw	169	185	5	30.42	61	59	54	58		bc	cir cum	2				
1873-09-04	24	-29.9	-80.32	219.38		3.6		https://s3.amazonaws.com/NARAprodstorage/lz/dc-metro/rg-024/581208/2020-03/581208-omaha-004/581208-omaha-004-177.JPG	https://s3.amazonaws.com/NARAprodstorage/lz/dc-metro/rg-024/581208/2020-03/581208-omaha-004/581208-omaha-004-177.JPG	 					sw1/2s	152	168	5	30.42	61	59	54	58		bc	cir cum	2				
1873-09-05	1	-29.89	-80.33	236.25		2		https://s3.amazonaws.com/NARAprodstorage/lz/dc-metro/rg-024/581208/2020-03/581208-omaha-004/581208-omaha-004-178.JPG	https://s3.amazonaws.com/NARAprodstorage/lz/dc-metro/rg-024/581208/2020-03/581208-omaha-004/581208-omaha-004-178.JPG	 					swxw	158	174	3	30.41	61	59	59	59		bc	cir cum	3				
1873-09-05	2	-29.89	-80.37	244.69		3		https://s3.amazonaws.com/NARAprodstorage/lz/dc-metro/rg-024/581208/2020-03/581208-omaha-004/581208-omaha-004-178.JPG	https://s3.amazonaws.com/NARAprodstorage/lz/dc-metro/rg-024/581208/2020-03/581208-omaha-004/581208-omaha-004-178.JPG	 					swxw3/4w	208	224	3	30.37	61	59	59	59		bc	cir cum	1				
1873-09-05	3	-29.87	-80.29	78.75		3		https://s3.amazonaws.com/NARAprodstorage/lz/dc-metro/rg-024/581208/2020-03/581208-omaha-004/581208-omaha-004-178.JPG	https://s3.amazonaws.com/NARAprodstorage/lz/dc-metro/rg-024/581208/2020-03/581208-omaha-004/581208-omaha-004-178.JPG	 					exn	180	196	3	30.35	61	59	59	59		bc	cum nim	1				
1873-09-05	4	-29.85	-80.21	67.5		3		https://s3.amazonaws.com/NARAprodstorage/lz/dc-metro/rg-024/581208/2020-03/581208-omaha-004/581208-omaha-004-178.JPG	https://s3.amazonaws.com/NARAprodstorage/lz/dc-metro/rg-024/581208/2020-03/581208-omaha-004/581208-omaha-004-178.JPG	 					ene	129	145	3	30.33	61	59	59	59		bc	cum nim	1				
1873-09-05	5	-29.83	-80.13	67.5		3		https://s3.amazonaws.com/NARAprodstorage/lz/dc-metro/rg-024/581208/2020-03/581208-omaha-004/581208-omaha-004-178.JPG	https://s3.amazonaws.com/NARAprodstorage/lz/dc-metro/rg-024/581208/2020-03/581208-omaha-004/581208-omaha-004-178.JPG	 					ene	146	162	5	30.33	61	59	55	59		oc	str cum	0				
1873-09-05	6	-29.81	-80.03	73.12		4		https://s3.amazonaws.com/NARAprodstorage/lz/dc-metro/rg-024/581208/2020-03/581208-omaha-004/581208-omaha-004-178.JPG	https://s3.amazonaws.com/NARAprodstorage/lz/dc-metro/rg-024/581208/2020-03/581208-omaha-004/581208-omaha-004-178.JPG	 					ene1/2e	146	162	8	30.33	61	59	55	59		bc	str cum	1				
1873-09-05	7	-29.78	-79.94	56.25		4		https://s3.amazonaws.com/NARAprodstorage/lz/dc-metro/rg-024/581208/2020-03/581208-omaha-004/581208-omaha-004-178.JPG	https://s3.amazonaws.com/NARAprodstorage/lz/dc-metro/rg-024/581208/2020-03/581208-omaha-004/581208-omaha-004-178.JPG	 					nexe	135	151	8	30.34	61	59	55	59		bc	str cum	1				
1873-09-05	8	-29.78	-79.94	213.75		2		https://s3.amazonaws.com/NARAprodstorage/lz/dc-metro/rg-024/581208/2020-03/581208-omaha-004/581208-omaha-004-178.JPG	https://s3.amazonaws.com/NARAprodstorage/lz/dc-metro/rg-024/581208/2020-03/581208-omaha-004/581208-omaha-004-178.JPG	 					swxs	135	151	5	30.37	61	59	55	59		oc	str cum	0				
1873-09-05	9	-29.79	-79.98	225		3.4		https://s3.amazonaws.com/NARAprodstorage/lz/dc-metro/rg-024/581208/2020-03/581208-omaha-004/581208-omaha-004-178.JPG	https://s3.amazonaws.com/NARAprodstorage/lz/dc-metro/rg-024/581208/2020-03/581208-omaha-004/581208-omaha-004-178.JPG	 					sw	146	162	8	30.37	61	59	55	59		bc	cum nim	2				
1873-09-05	10	-29.79	-80.02	236.25		3.4		https://s3.amazonaws.com/NARAprodstorage/lz/dc-metro/rg-024/581208/2020-03/581208-omaha-004/581208-omaha-004-178.JPG	https://s3.amazonaws.com/NARAprodstorage/lz/dc-metro/rg-024/581208/2020-03/581208-omaha-004/581208-omaha-004-178.JPG	 					swxw	146	162	8	30.37	62	60	55	59		oc	cum nim	0				
1873-09-05	11	-29.81	-80.05	225		3.6		https://s3.amazonaws.com/NARAprodstorage/lz/dc-metro/rg-024/581208/2020-03/581208-omaha-004/581208-omaha-004-178.JPG	https://s3.amazonaws.com/NARAprodstorage/lz/dc-metro/rg-024/581208/2020-03/581208-omaha-004/581208-omaha-004-178.JPG	 					sw	146	162	8	30.37	62	60	55	59		oc	cum nim	0				
1873-09-05	12	-29.82	-80.07	213.75		2.4		https://s3.amazonaws.com/NARAprodstorage/lz/dc-metro/rg-024/581208/2020-03/581208-omaha-004/581208-omaha-004-178.JPG	https://s3.amazonaws.com/NARAprodstorage/lz/dc-metro/rg-024/581208/2020-03/581208-omaha-004/581208-omaha-004-178.JPG	 			29 49S	80 4W	swxs	146	162	5	30.37	62	60	55	60		bc	cum nim	1				
1873-09-05	13	-29.82	-80.09	225		1		https://s3.amazonaws.com/NARAprodstorage/lz/dc-metro/rg-024/581208/2020-03/581208-omaha-004/581208-omaha-004-178.JPG	https://s3.amazonaws.com/NARAprodstorage/lz/dc-metro/rg-024/581208/2020-03/581208-omaha-004/581208-omaha-004-178.JPG	 					sw	158	174	2	30.38	62	61	55	60		bc	cir cum	2				
1873-09-05	14	-29.81	-80.11	258.75		0.4		https://s3.amazonaws.com/NARAprodstorage/lz/dc-metro/rg-024/581208/2020-03/581208-omaha-004/581208-omaha-004-178.JPG	https://s3.amazonaws.com/NARAprodstorage/lz/dc-metro/rg-024/581208/2020-03/581208-omaha-004/581208-omaha-004-178.JPG	 					wxs	191	207	1	30.37	62	61	55	60		bc	cir cum	2				
1873-09-05	15	-29.8	-80.14	247.5		1		https://s3.amazonaws.com/NARAprodstorage/lz/dc-metro/rg-024/581208/2020-03/581208-omaha-004/581208-omaha-004-178.JPG	https://s3.amazonaws.com/NARAprodstorage/lz/dc-metro/rg-024/581208/2020-03/581208-omaha-004/581208-omaha-004-178.JPG	 					wsw	180	196	2	30.34	62	61	55	60		oc	cir cum	0				
1873-09-05	16	-29.8	-80.16	236.25		0.6		https://s3.amazonaws.com/NARAprodstorage/lz/dc-metro/rg-024/581208/2020-03/581208-omaha-004/581208-omaha-004-178.JPG	https://s3.amazonaws.com/NARAprodstorage/lz/dc-metro/rg-024/581208/2020-03/581208-omaha-004/581208-omaha-004-178.JPG	 					swxw	135	151	2	30.3	62	61	56	60		bc	cir cum	2				
1873-09-05	17	-29.79	-80.2	258.75		1.4		https://s3.amazonaws.com/NARAprodstorage/lz/dc-metro/rg-024/581208/2020-03/581208-omaha-004/581208-omaha-004-178.JPG	https://s3.amazonaws.com/NARAprodstorage/lz/dc-metro/rg-024/581208/2020-03/581208-omaha-004/581208-omaha-004-178.JPG	 					wxs	180	196	2	30.3	62	61	56	60		bc	cir cum	2				
1873-09-05	18	-29.78	-80.22	258.75		1		https://s3.amazonaws.com/NARAprodstorage/lz/dc-metro/rg-024/581208/2020-03/581208-omaha-004/581208-omaha-004-178.JPG	https://s3.amazonaws.com/NARAprodstorage/lz/dc-metro/rg-024/581208/2020-03/581208-omaha-004/581208-omaha-004-178.JPG	 					wxs	180	196	2	30.3	62	61	56	60		bc	cir cum	1				
1873-09-05	19	-29.76	-80.25	281.25		1		https://s3.amazonaws.com/NARAprodstorage/lz/dc-metro/rg-024/581208/2020-03/581208-omaha-004/581208-omaha-004-178.JPG	https://s3.amazonaws.com/NARAprodstorage/lz/dc-metro/rg-024/581208/2020-03/581208-omaha-004/581208-omaha-004-178.JPG	 					wxn	202	218	2	30.3	62	60	56	60		bc	cir cum	1				
1873-09-05	20	-29.76	-80.25	112.5		0.4		https://s3.amazonaws.com/NARAprodstorage/lz/dc-metro/rg-024/581208/2020-03/581208-omaha-004/581208-omaha-004-178.JPG	https://s3.amazonaws.com/NARAprodstorage/lz/dc-metro/rg-024/581208/2020-03/581208-omaha-004/581208-omaha-004-178.JPG	 					ese	180	196	1	30.3	62	60	56	60		bc	cir cum	1				
1873-09-05	21	-29.77	-80.25	123.75		1.4		https://s3.amazonaws.com/NARAprodstorage/lz/dc-metro/rg-024/581208/2020-03/581208-omaha-004/581208-omaha-004-178.JPG	https://s3.amazonaws.com/NARAprodstorage/lz/dc-metro/rg-024/581208/2020-03/581208-omaha-004/581208-omaha-004-178.JPG	 					sexe	202	218	2	30.33	63	60	56	59		bc	cir cum	3				
1873-09-05	22	-29.79	-80.23	123.75		2.4		https://s3.amazonaws.com/NARAprodstorage/lz/dc-metro/rg-024/581208/2020-03/581208-omaha-004/581208-omaha-004-178.JPG	https://s3.amazonaws.com/NARAprodstorage/lz/dc-metro/rg-024/581208/2020-03/581208-omaha-004/581208-omaha-004-178.JPG	 					sexe	202	218	5	30.34	63	60	56	60		bc	cir cum	5				
1873-09-05	23	-29.83	-80.19	123.75		3.6		https://s3.amazonaws.com/NARAprodstorage/lz/dc-metro/rg-024/581208/2020-03/581208-omaha-004/581208-omaha-004-178.JPG	https://s3.amazonaws.com/NARAprodstorage/lz/dc-metro/rg-024/581208/2020-03/581208-omaha-004/581208-omaha-004-178.JPG	 					sexe	202	218	5	30.34	63	60	56	60		bc	cir cum	5				
1873-09-05	24	-29.85	-80.16	120.94		3		https://s3.amazonaws.com/NARAprodstorage/lz/dc-metro/rg-024/581208/2020-03/581208-omaha-004/581208-omaha-004-178.JPG	https://s3.amazonaws.com/NARAprodstorage/lz/dc-metro/rg-024/581208/2020-03/581208-omaha-004/581208-omaha-004-178.JPG	 					sexe1/4e	205	221	5	30.33	62	59	54	60		bc	cir cum	5				
1873-09-06	1	-29.86	-80.13	101.25		2.4		https://s3.amazonaws.com/NARAprodstorage/lz/dc-metro/rg-024/581208/2020-03/581208-omaha-004/581208-omaha-004-179.JPG	https://s3.amazonaws.com/NARAprodstorage/lz/dc-metro/rg-024/581208/2020-03/581208-omaha-004/581208-omaha-004-179.JPG	 					exs	888	888	5	30.33	62	59	54	60		bc	nim cum	1				
1873-09-06	2	-29.87	-80.09	95.62		3		https://s3.amazonaws.com/NARAprodstorage/lz/dc-metro/rg-024/581208/2020-03/581208-omaha-004/581208-omaha-004-179.JPG	https://s3.amazonaws.com/NARAprodstorage/lz/dc-metro/rg-024/581208/2020-03/581208-omaha-004/581208-omaha-004-179.JPG	 					e1/2s	888	888	5	30.3	61	58	54	59		bc	nim cum	1				
1873-09-06	3	-29.87	-80.06	84.38		2		https://s3.amazonaws.com/NARAprodstorage/lz/dc-metro/rg-024/581208/2020-03/581208-omaha-004/581208-omaha-004-179.JPG	https://s3.amazonaws.com/NARAprodstorage/lz/dc-metro/rg-024/581208/2020-03/581208-omaha-004/581208-omaha-004-179.JPG	 					e1/2n	888	888	5	30.3	61	58	54	59		bc	nim cum	1				
1873-09-06	4	-29.87	-80.04	84.38		1.4		https://s3.amazonaws.com/NARAprodstorage/lz/dc-metro/rg-024/581208/2020-03/581208-omaha-004/581208-omaha-004-179.JPG	https://s3.amazonaws.com/NARAprodstorage/lz/dc-metro/rg-024/581208/2020-03/581208-omaha-004/581208-omaha-004-179.JPG	 					e1/2n	158	174	2	30.29	61	58	54	59		bc	nim cum	3				
1873-09-06	5	-29.86	-80.04	84.38		0.6		https://s3.amazonaws.com/NARAprodstorage/lz/dc-metro/rg-024/581208/2020-03/581208-omaha-004/581208-omaha-004-179.JPG	https://s3.amazonaws.com/NARAprodstorage/lz/dc-metro/rg-024/581208/2020-03/581208-omaha-004/581208-omaha-004-179.JPG	 					e1/2n	180	196	1	30.29	61	58	54	59		bc	nim cum	3				
1873-09-06	6	-29.85	-80.04	67.5		0.2		https://s3.amazonaws.com/NARAprodstorage/lz/dc-metro/rg-024/581208/2020-03/581208-omaha-004/581208-omaha-004-179.JPG	https://s3.amazonaws.com/NARAprodstorage/lz/dc-metro/rg-024/581208/2020-03/581208-omaha-004/581208-omaha-004-179.JPG	 					ene	0	0	0	30.29	62	58	54	59		bc	nim cum	1				
1873-09-06	7	-29.84	-80.05			0		https://s3.amazonaws.com/NARAprodstorage/lz/dc-metro/rg-024/581208/2020-03/581208-omaha-004/581208-omaha-004-179.JPG	https://s3.amazonaws.com/NARAprodstorage/lz/dc-metro/rg-024/581208/2020-03/581208-omaha-004/581208-omaha-004-179.JPG	 					ese	0	0	0	30.3	62	58	54	59		bc	nim cum	1				
1873-09-06	8	-29.84	-80.06			0		https://s3.amazonaws.com/NARAprodstorage/lz/dc-metro/rg-024/581208/2020-03/581208-omaha-004/581208-omaha-004-179.JPG	https://s3.amazonaws.com/NARAprodstorage/lz/dc-metro/rg-024/581208/2020-03/581208-omaha-004/581208-omaha-004-179.JPG	 						0	0	0	30.33	62	58	55	59		bc	nim cum	1				
1873-09-06	9	-29.83	-80.07			0		https://s3.amazonaws.com/NARAprodstorage/lz/dc-metro/rg-024/581208/2020-03/581208-omaha-004/581208-omaha-004-179.JPG	https://s3.amazonaws.com/NARAprodstorage/lz/dc-metro/rg-024/581208/2020-03/581208-omaha-004/581208-omaha-004-179.JPG	 						45	61	1	30.33	62	60	55	60		bc	nim cum	5				
1873-09-06	10	-29.84	-80.08	151.88		1		https://s3.amazonaws.com/NARAprodstorage/lz/dc-metro/rg-024/581208/2020-03/581208-omaha-004/581208-omaha-004-179.JPG	https://s3.amazonaws.com/NARAprodstorage/lz/dc-metro/rg-024/581208/2020-03/581208-omaha-004/581208-omaha-004-179.JPG	 					sse1/2e	45	61	1	30.33	62	60	55	60		bc	cir cum str	4				
1873-09-06	11	-29.84	-80.07	123.75		1		https://s3.amazonaws.com/NARAprodstorage/lz/dc-metro/rg-024/581208/2020-03/581208-omaha-004/581208-omaha-004-179.JPG	https://s3.amazonaws.com/NARAprodstorage/lz/dc-metro/rg-024/581208/2020-03/581208-omaha-004/581208-omaha-004-179.JPG	 					sexe	45	61	1	30.33	64	62	56	60		bc	cir cum str	5				
1873-09-06	12	-29.85	-80.07	123.75		1.4		https://s3.amazonaws.com/NARAprodstorage/lz/dc-metro/rg-024/581208/2020-03/581208-omaha-004/581208-omaha-004-179.JPG	https://s3.amazonaws.com/NARAprodstorage/lz/dc-metro/rg-024/581208/2020-03/581208-omaha-004/581208-omaha-004-179.JPG	 			29 51S	80 4W	sexe	45	61	2	30.33	64	62	56	60		bc	cir cum str	3				
1873-09-06	13	-29.88	-80.04	123.75		2.2		https://s3.amazonaws.com/NARAprodstorage/lz/dc-metro/rg-024/581208/2020-03/581208-omaha-004/581208-omaha-004-179.JPG	https://s3.amazonaws.com/NARAprodstorage/lz/dc-metro/rg-024/581208/2020-03/581208-omaha-004/581208-omaha-004-179.JPG	 					sexe	45	61	5	30.3	64	62	56	60		nim um	bc	1				
1873-09-06	14	-29.9	-80.01	123.75		2.4		https://s3.amazonaws.com/NARAprodstorage/lz/dc-metro/rg-024/581208/2020-03/581208-omaha-004/581208-omaha-004-179.JPG	https://s3.amazonaws.com/NARAprodstorage/lz/dc-metro/rg-024/581208/2020-03/581208-omaha-004/581208-omaha-004-179.JPG	 					sexe	304	320	5	30.3	64	62	56	60		nim um	oc	0				
1873-09-06	15	-29.93	-79.98	123.75		2.4		https://s3.amazonaws.com/NARAprodstorage/lz/dc-metro/rg-024/581208/2020-03/581208-omaha-004/581208-omaha-004-179.JPG	https://s3.amazonaws.com/NARAprodstorage/lz/dc-metro/rg-024/581208/2020-03/581208-omaha-004/581208-omaha-004-179.JPG	 					sexe	304	320	5	30.28	65	62	57	60		nim um	bc	1				
1873-09-06	16	-29.96	-79.94	123.75		3		https://s3.amazonaws.com/NARAprodstorage/lz/dc-metro/rg-024/581208/2020-03/581208-omaha-004/581208-omaha-004-179.JPG	https://s3.amazonaws.com/NARAprodstorage/lz/dc-metro/rg-024/581208/2020-03/581208-omaha-004/581208-omaha-004-179.JPG	 					sexe	304	320	5	30.28	65	62	57	60		nim um	oc	0				
1873-09-06	17	-30.02	-79.88	123.75		4.4		https://s3.amazonaws.com/NARAprodstorage/lz/dc-metro/rg-024/581208/2020-03/581208-omaha-004/581208-omaha-004-179.JPG	https://s3.amazonaws.com/NARAprodstorage/lz/dc-metro/rg-024/581208/2020-03/581208-omaha-004/581208-omaha-004-179.JPG	 					sexe	292	308	8	30.28	65	62	57	60		nim um	bc	2				
1873-09-06	18	-30.06	-79.83	123.75		4		https://s3.amazonaws.com/NARAprodstorage/lz/dc-metro/rg-024/581208/2020-03/581208-omaha-004/581208-omaha-004-179.JPG	https://s3.amazonaws.com/NARAprodstorage/lz/dc-metro/rg-024/581208/2020-03/581208-omaha-004/581208-omaha-004-179.JPG	 					sexe	292	308	13	30.28	63	61	58	60		nim um	bc	4				
1873-09-06	19	-30.1	-79.79	123.75		3.4		https://s3.amazonaws.com/NARAprodstorage/lz/dc-metro/rg-024/581208/2020-03/581208-omaha-004/581208-omaha-004-179.JPG	https://s3.amazonaws.com/NARAprodstorage/lz/dc-metro/rg-024/581208/2020-03/581208-omaha-004/581208-omaha-004-179.JPG	 					sexe	292	308	8	30.3	63	61	57	61		nim um	bc	4				
1873-09-06	20	-30.15	-79.74	123.75		3.6		https://s3.amazonaws.com/NARAprodstorage/lz/dc-metro/rg-024/581208/2020-03/581208-omaha-004/581208-omaha-004-179.JPG	https://s3.amazonaws.com/NARAprodstorage/lz/dc-metro/rg-024/581208/2020-03/581208-omaha-004/581208-omaha-004-179.JPG	 					sexe	292	308	8	30.31	62	60	57	59		cir cum nim	bc	4				
1873-09-06	21	-30.2	-79.69	123.75		4.4		https://s3.amazonaws.com/NARAprodstorage/lz/dc-metro/rg-024/581208/2020-03/581208-omaha-004/581208-omaha-004-179.JPG	https://s3.amazonaws.com/NARAprodstorage/lz/dc-metro/rg-024/581208/2020-03/581208-omaha-004/581208-omaha-004-179.JPG	 					sexe	292	308	13	30.33	62	60	57	59		cir cum nim	bc	4				
1873-09-06	22	-30.25	-79.63	123.75		4.4		https://s3.amazonaws.com/NARAprodstorage/lz/dc-metro/rg-024/581208/2020-03/581208-omaha-004/581208-omaha-004-179.JPG	https://s3.amazonaws.com/NARAprodstorage/lz/dc-metro/rg-024/581208/2020-03/581208-omaha-004/581208-omaha-004-179.JPG	 					sexe	292	308	8	30.33	62	60	57	59		cir cum nim	bc	4				
1873-09-06	23	-30.3	-79.58	123.75		4.4		https://s3.amazonaws.com/NARAprodstorage/lz/dc-metro/rg-024/581208/2020-03/581208-omaha-004/581208-omaha-004-179.JPG	https://s3.amazonaws.com/NARAprodstorage/lz/dc-metro/rg-024/581208/2020-03/581208-omaha-004/581208-omaha-004-179.JPG	 					sexe	270	286	8	30.33	62	60	57	59		cir cum nim	bc	4				
1873-09-06	24	-30.35	-79.52	123.75		4.2		https://s3.amazonaws.com/NARAprodstorage/lz/dc-metro/rg-024/581208/2020-03/581208-omaha-004/581208-omaha-004-179.JPG	https://s3.amazonaws.com/NARAprodstorage/lz/dc-metro/rg-024/581208/2020-03/581208-omaha-004/581208-omaha-004-179.JPG	 					sexe	236	252	8	30.33	62	60	57	59		cir cum nim	bc	4				
1873-09-07	1	-30.41	-79.46	123.75		4.6		https://s3.amazonaws.com/NARAprodstorage/lz/dc-metro/rg-024/581208/2020-03/581208-omaha-004/581208-omaha-004-180.JPG	https://s3.amazonaws.com/NARAprodstorage/lz/dc-metro/rg-024/581208/2020-03/581208-omaha-004/581208-omaha-004-180.JPG	 					sexe	214	230	5	30.31	62	60	57	59		bc	nim cum	2				
1873-09-07	2	-30.46	-79.41	123.75		4.2		https://s3.amazonaws.com/NARAprodstorage/lz/dc-metro/rg-024/581208/2020-03/581208-omaha-004/581208-omaha-004-180.JPG	https://s3.amazonaws.com/NARAprodstorage/lz/dc-metro/rg-024/581208/2020-03/581208-omaha-004/581208-omaha-004-180.JPG	 					sexe	202	218	5	30.31	62	60	57	59		bc	none	10				
1873-09-07	3	-30.51	-79.36	123.75		4		https://s3.amazonaws.com/NARAprodstorage/lz/dc-metro/rg-024/581208/2020-03/581208-omaha-004/581208-omaha-004-180.JPG	https://s3.amazonaws.com/NARAprodstorage/lz/dc-metro/rg-024/581208/2020-03/581208-omaha-004/581208-omaha-004-180.JPG	 					sexe	202	218	8	30.28	61	59	57	59		bc	cum str	9				
1873-09-07	4	-30.55	-79.31	123.75		4		https://s3.amazonaws.com/NARAprodstorage/lz/dc-metro/rg-024/581208/2020-03/581208-omaha-004/581208-omaha-004-180.JPG	https://s3.amazonaws.com/NARAprodstorage/lz/dc-metro/rg-024/581208/2020-03/581208-omaha-004/581208-omaha-004-180.JPG	 					sexe	202	218	8	30.28	61	59	57	59		bc	cum str	9				
1873-09-07	5	-30.59	-79.27	123.75		3		https://s3.amazonaws.com/NARAprodstorage/lz/dc-metro/rg-024/581208/2020-03/581208-omaha-004/581208-omaha-004-180.JPG	https://s3.amazonaws.com/NARAprodstorage/lz/dc-metro/rg-024/581208/2020-03/581208-omaha-004/581208-omaha-004-180.JPG	 					sexe	214	230	5	30.29	62	60	57	59		bc	strat	9				
1873-09-07	6	-30.62	-79.23	123.75		3		https://s3.amazonaws.com/NARAprodstorage/lz/dc-metro/rg-024/581208/2020-03/581208-omaha-004/581208-omaha-004-180.JPG	https://s3.amazonaws.com/NARAprodstorage/lz/dc-metro/rg-024/581208/2020-03/581208-omaha-004/581208-omaha-004-180.JPG	 					sexe	214	230	5	30.29						bc	strat	9				
1873-09-07	7	-30.66	-79.19	123.75		3.4		https://s3.amazonaws.com/NARAprodstorage/lz/dc-metro/rg-024/581208/2020-03/581208-omaha-004/581208-omaha-004-180.JPG	https://s3.amazonaws.com/NARAprodstorage/lz/dc-metro/rg-024/581208/2020-03/581208-omaha-004/581208-omaha-004-180.JPG	 					sexe	248	264	5	30.3	63	61	58	60		bc	cir cum str	6				
1873-09-07	8	-30.71	-79.14	123.75		3.6		https://s3.amazonaws.com/NARAprodstorage/lz/dc-metro/rg-024/581208/2020-03/581208-omaha-004/581208-omaha-004-180.JPG	https://s3.amazonaws.com/NARAprodstorage/lz/dc-metro/rg-024/581208/2020-03/581208-omaha-004/581208-omaha-004-180.JPG	 					sexe	248	264	5	30.3	63	61	58	60		bc	cir cum str	6				
1873-09-07	9	-30.75	-79.09	123.75		4		https://s3.amazonaws.com/NARAprodstorage/lz/dc-metro/rg-024/581208/2020-03/581208-omaha-004/581208-omaha-004-180.JPG	https://s3.amazonaws.com/NARAprodstorage/lz/dc-metro/rg-024/581208/2020-03/581208-omaha-004/581208-omaha-004-180.JPG	 					sexe	248	264	8	30.3	63					bc	cir cum str	6				
1873-09-07	10	-30.8	-79.04	123.75		4		https://s3.amazonaws.com/NARAprodstorage/lz/dc-metro/rg-024/581208/2020-03/581208-omaha-004/581208-omaha-004-180.JPG	https://s3.amazonaws.com/NARAprodstorage/lz/dc-metro/rg-024/581208/2020-03/581208-omaha-004/581208-omaha-004-180.JPG	 					sexe	248	264	8	30.37	63	62	60	60		bc	cir cum str	8				
1873-09-07	11	-30.85	-78.98	123.75		4.4		https://s3.amazonaws.com/NARAprodstorage/lz/dc-metro/rg-024/581208/2020-03/581208-omaha-004/581208-omaha-004-180.JPG	https://s3.amazonaws.com/NARAprodstorage/lz/dc-metro/rg-024/581208/2020-03/581208-omaha-004/581208-omaha-004-180.JPG	 					sexe	259	275	8	30.35	63	62		60		bc	cir cum str	8				
1873-09-07	12	-30.9	-78.93	123.75		4		https://s3.amazonaws.com/NARAprodstorage/lz/dc-metro/rg-024/581208/2020-03/581208-omaha-004/581208-omaha-004-180.JPG	https://s3.amazonaws.com/NARAprodstorage/lz/dc-metro/rg-024/581208/2020-03/581208-omaha-004/581208-omaha-004-180.JPG	 			30 54S	78 56W	sexe	259	275	8	30.32	63	62	60	60		bc	cir cum str	8				
1873-09-07	13	-30.96	-78.87	123.75		4.6		https://s3.amazonaws.com/NARAprodstorage/lz/dc-metro/rg-024/581208/2020-03/581208-omaha-004/581208-omaha-004-180.JPG	https://s3.amazonaws.com/NARAprodstorage/lz/dc-metro/rg-024/581208/2020-03/581208-omaha-004/581208-omaha-004-180.JPG	 					sexe	281	297	13	30.35	63	63	61	60		bc	cir cum str	6				
1873-09-07	14	-31.01	-78.77	112.5		5.4		https://s3.amazonaws.com/NARAprodstorage/lz/dc-metro/rg-024/581208/2020-03/581208-omaha-004/581208-omaha-004-180.JPG	https://s3.amazonaws.com/NARAprodstorage/lz/dc-metro/rg-024/581208/2020-03/581208-omaha-004/581208-omaha-004-180.JPG	 					ese	270	286	13	30.35	63	63	61	60		bc	cir cum nim	1				
1873-09-07	15	-31.09	-78.64	112.5		8		https://s3.amazonaws.com/NARAprodstorage/lz/dc-metro/rg-024/581208/2020-03/581208-omaha-004/581208-omaha-004-180.JPG	https://s3.amazonaws.com/NARAprodstorage/lz/dc-metro/rg-024/581208/2020-03/581208-omaha-004/581208-omaha-004-180.JPG	 					ese	202	218	24	30.33	63	62	60	60		ocq	cir cum nim	0				
1873-09-07	16	-31.15	-78.53	112.5		6.4		https://s3.amazonaws.com/NARAprodstorage/lz/dc-metro/rg-024/581208/2020-03/581208-omaha-004/581208-omaha-004-180.JPG	https://s3.amazonaws.com/NARAprodstorage/lz/dc-metro/rg-024/581208/2020-03/581208-omaha-004/581208-omaha-004-180.JPG	 					ese	225	241	16	30.33	63	62	60	60		ocqr	cum nim	0				
1873-09-07	17	-31.19	-78.46	112.5		4		https://s3.amazonaws.com/NARAprodstorage/lz/dc-metro/rg-024/581208/2020-03/581208-omaha-004/581208-omaha-004-180.JPG	https://s3.amazonaws.com/NARAprodstorage/lz/dc-metro/rg-024/581208/2020-03/581208-omaha-004/581208-omaha-004-180.JPG	 					ese	225	241	8	30.32	66	60	59	60		bc	cum nim	0				
1873-09-07	18	-31.21	-78.4	112.5		3		https://s3.amazonaws.com/NARAprodstorage/lz/dc-metro/rg-024/581208/2020-03/581208-omaha-004/581208-omaha-004-180.JPG	https://s3.amazonaws.com/NARAprodstorage/lz/dc-metro/rg-024/581208/2020-03/581208-omaha-004/581208-omaha-004-180.JPG	 					ese	202	218	8	30.32	66	60	59	60		bc	cum nim	4				
1873-09-07	19	-31.24	-78.34	106.88		3		https://s3.amazonaws.com/NARAprodstorage/lz/dc-metro/rg-024/581208/2020-03/581208-omaha-004/581208-omaha-004-180.JPG	https://s3.amazonaws.com/NARAprodstorage/lz/dc-metro/rg-024/581208/2020-03/581208-omaha-004/581208-omaha-004-180.JPG	 					ese1/2e	180	196	5	30.36	65	59	59	59		bc	cum str	4				
1873-09-07	20	-31.26	-78.28	106.88		3		https://s3.amazonaws.com/NARAprodstorage/lz/dc-metro/rg-024/581208/2020-03/581208-omaha-004/581208-omaha-004-180.JPG	https://s3.amazonaws.com/NARAprodstorage/lz/dc-metro/rg-024/581208/2020-03/581208-omaha-004/581208-omaha-004-180.JPG	 					ese1/2e	180	196	5	30.36	65	59	58	59		bc	cum str	8				
1873-09-07	21	-31.28	-78.23	106.88		2.6		https://s3.amazonaws.com/NARAprodstorage/lz/dc-metro/rg-024/581208/2020-03/581208-omaha-004/581208-omaha-004-180.JPG	https://s3.amazonaws.com/NARAprodstorage/lz/dc-metro/rg-024/581208/2020-03/581208-omaha-004/581208-omaha-004-180.JPG	 					ese1/2e	180	196	5	30.4	65	59	58	59		bc	cum str	8				
1873-09-07	22	-31.29	-78.19	106.88		2		https://s3.amazonaws.com/NARAprodstorage/lz/dc-metro/rg-024/581208/2020-03/581208-omaha-004/581208-omaha-004-180.JPG	https://s3.amazonaws.com/NARAprodstorage/lz/dc-metro/rg-024/581208/2020-03/581208-omaha-004/581208-omaha-004-180.JPG	 					ese1/2e	180	196	2	30.41	65	59	58	59		bc	cir cum	7				
1873-09-07	23	-31.29	-78.18			0		https://s3.amazonaws.com/NARAprodstorage/lz/dc-metro/rg-024/581208/2020-03/581208-omaha-004/581208-omaha-004-180.JPG	https://s3.amazonaws.com/NARAprodstorage/lz/dc-metro/rg-024/581208/2020-03/581208-omaha-004/581208-omaha-004-180.JPG	 						0	0	0	30.41	65	59	58	59		bc	cir cum	8				
1873-09-07	24	-31.29	-78.16			0		https://s3.amazonaws.com/NARAprodstorage/lz/dc-metro/rg-024/581208/2020-03/581208-omaha-004/581208-omaha-004-180.JPG	https://s3.amazonaws.com/NARAprodstorage/lz/dc-metro/rg-024/581208/2020-03/581208-omaha-004/581208-omaha-004-180.JPG	 						0	0	0	30.41	65	59	58	59		bc	cir cum	8				
1873-09-08	1	-31.28	-78.15			0		https://s3.amazonaws.com/NARAprodstorage/lz/dc-metro/rg-024/581208/2020-03/581208-omaha-004/581208-omaha-004-181.JPG	https://s3.amazonaws.com/NARAprodstorage/lz/dc-metro/rg-024/581208/2020-03/581208-omaha-004/581208-omaha-004-181.JPG	 						0	0	0	30.37	65	58	57	59		bc	cir cum	6				
1873-09-08	2	-31.28	-78.14			0		https://s3.amazonaws.com/NARAprodstorage/lz/dc-metro/rg-024/581208/2020-03/581208-omaha-004/581208-omaha-004-181.JPG	https://s3.amazonaws.com/NARAprodstorage/lz/dc-metro/rg-024/581208/2020-03/581208-omaha-004/581208-omaha-004-181.JPG	 						0	0	0	30.37	65	58	57	59		bc	cir cum	0				
1873-09-08	3	-31.27	-78.12	78.75		0.4		https://s3.amazonaws.com/NARAprodstorage/lz/dc-metro/rg-024/581208/2020-03/581208-omaha-004/581208-omaha-004-181.JPG	https://s3.amazonaws.com/NARAprodstorage/lz/dc-metro/rg-024/581208/2020-03/581208-omaha-004/581208-omaha-004-181.JPG	 					exn	0	0	0	30.36	65	58	57	59		bc	cir cum	2				
1873-09-08	4	-31.27	-78.11	123.75		0.4		https://s3.amazonaws.com/NARAprodstorage/lz/dc-metro/rg-024/581208/2020-03/581208-omaha-004/581208-omaha-004-181.JPG	https://s3.amazonaws.com/NARAprodstorage/lz/dc-metro/rg-024/581208/2020-03/581208-omaha-004/581208-omaha-004-181.JPG	 					sexe	214	230	1	30.36	65	58	58	59		bc	cir cum	4				
1873-09-08	5	-31.32	-78.05	123.75		4		https://s3.amazonaws.com/NARAprodstorage/lz/dc-metro/rg-024/581208/2020-03/581208-omaha-004/581208-omaha-004-181.JPG	https://s3.amazonaws.com/NARAprodstorage/lz/dc-metro/rg-024/581208/2020-03/581208-omaha-004/581208-omaha-004-181.JPG	 					sexe	202	218	13	30.32	66	58	55	58		bc	cir cum	5				
1873-09-08	6	-31.39	-77.96	123.75		6		https://s3.amazonaws.com/NARAprodstorage/lz/dc-metro/rg-024/581208/2020-03/581208-omaha-004/581208-omaha-004-181.JPG	https://s3.amazonaws.com/NARAprodstorage/lz/dc-metro/rg-024/581208/2020-03/581208-omaha-004/581208-omaha-004-181.JPG	 					sexe	202	218	13	30.31	66	58	55	58		bc	cir cum	6				
1873-09-08	7	-31.46	-77.88	123.75		5.6		https://s3.amazonaws.com/NARAprodstorage/lz/dc-metro/rg-024/581208/2020-03/581208-omaha-004/581208-omaha-004-181.JPG	https://s3.amazonaws.com/NARAprodstorage/lz/dc-metro/rg-024/581208/2020-03/581208-omaha-004/581208-omaha-004-181.JPG	 					sexe	202	218	8	30.31	66	58	55	59		bc	cir cum	8				
1873-09-08	8	-31.52	-77.8	123.75		5		https://s3.amazonaws.com/NARAprodstorage/lz/dc-metro/rg-024/581208/2020-03/581208-omaha-004/581208-omaha-004-181.JPG	https://s3.amazonaws.com/NARAprodstorage/lz/dc-metro/rg-024/581208/2020-03/581208-omaha-004/581208-omaha-004-181.JPG	 					sexe	202	218	5	30.36	66	58	55	59		oc	cir cum	0				
1873-09-08	9	-31.58	-77.74	123.75		4.6		https://s3.amazonaws.com/NARAprodstorage/lz/dc-metro/rg-024/581208/2020-03/581208-omaha-004/581208-omaha-004-181.JPG	https://s3.amazonaws.com/NARAprodstorage/lz/dc-metro/rg-024/581208/2020-03/581208-omaha-004/581208-omaha-004-181.JPG	 					sexe	202	218	8	30.38	63	58	55	59		oc	cir cum	0				
1873-09-08	10	-31.65	-77.65	123.75		6		https://s3.amazonaws.com/NARAprodstorage/lz/dc-metro/rg-024/581208/2020-03/581208-omaha-004/581208-omaha-004-181.JPG	https://s3.amazonaws.com/NARAprodstorage/lz/dc-metro/rg-024/581208/2020-03/581208-omaha-004/581208-omaha-004-181.JPG	 					sexe	202	218	13	30.38	63	58	54	60		bc	cir cum	2				
1873-09-08	11	-31.7	-77.58	123.75		4.4		https://s3.amazonaws.com/NARAprodstorage/lz/dc-metro/rg-024/581208/2020-03/581208-omaha-004/581208-omaha-004-181.JPG	https://s3.amazonaws.com/NARAprodstorage/lz/dc-metro/rg-024/581208/2020-03/581208-omaha-004/581208-omaha-004-181.JPG	 					sexe	202	218	8	30.4	63	59	55	60		oc	cir cum	0				
1873-09-08	12	-31.73	-77.53	123.75		3		https://s3.amazonaws.com/NARAprodstorage/lz/dc-metro/rg-024/581208/2020-03/581208-omaha-004/581208-omaha-004-181.JPG	https://s3.amazonaws.com/NARAprodstorage/lz/dc-metro/rg-024/581208/2020-03/581208-omaha-004/581208-omaha-004-181.JPG	 			31 44S	77 32W	sexe	202	218	5	30.4	63	59	55	60		bc	cir cum	2				
1873-09-08	13	-31.76	-77.5	123.75		2		https://s3.amazonaws.com/NARAprodstorage/lz/dc-metro/rg-024/581208/2020-03/581208-omaha-004/581208-omaha-004-181.JPG	https://s3.amazonaws.com/NARAprodstorage/lz/dc-metro/rg-024/581208/2020-03/581208-omaha-004/581208-omaha-004-181.JPG	 					sexe	281	297	5	30.38	63	60	56	60		bc	cir str cir cum	6				
1873-09-08	14	-31.8	-77.45	123.75		3.4		https://s3.amazonaws.com/NARAprodstorage/lz/dc-metro/rg-024/581208/2020-03/581208-omaha-004/581208-omaha-004-181.JPG	https://s3.amazonaws.com/NARAprodstorage/lz/dc-metro/rg-024/581208/2020-03/581208-omaha-004/581208-omaha-004-181.JPG	1400: cc ESE.					sexe	281	297	5	30.35	63	60	56	60		oc	cum nim	1				
1873-09-08	15	-31.83	-77.39	112.5		3.6		https://s3.amazonaws.com/NARAprodstorage/lz/dc-metro/rg-024/581208/2020-03/581208-omaha-004/581208-omaha-004-181.JPG	https://s3.amazonaws.com/NARAprodstorage/lz/dc-metro/rg-024/581208/2020-03/581208-omaha-004/581208-omaha-004-181.JPG	 					ese	281	297	5	30.35	63	60	56	60		oc	cum nim	0				
1873-09-08	16	-31.88	-77.32	112.5		4.4		https://s3.amazonaws.com/NARAprodstorage/lz/dc-metro/rg-024/581208/2020-03/581208-omaha-004/581208-omaha-004-181.JPG	https://s3.amazonaws.com/NARAprodstorage/lz/dc-metro/rg-024/581208/2020-03/581208-omaha-004/581208-omaha-004-181.JPG	 					ese	281	297	5	30.35	63	60	56	60		oc	cum nim	0				
1873-09-08	17	-31.93	-77.23	112.5		5.6		https://s3.amazonaws.com/NARAprodstorage/lz/dc-metro/rg-024/581208/2020-03/581208-omaha-004/581208-omaha-004-181.JPG	https://s3.amazonaws.com/NARAprodstorage/lz/dc-metro/rg-024/581208/2020-03/581208-omaha-004/581208-omaha-004-181.JPG	 					ese	264	280	13	30.35	63	60	56	60		oc	cum nim	0				
1873-09-08	18	-32	-77.13	112.5		6.4		https://s3.amazonaws.com/NARAprodstorage/lz/dc-metro/rg-024/581208/2020-03/581208-omaha-004/581208-omaha-004-181.JPG	https://s3.amazonaws.com/NARAprodstorage/lz/dc-metro/rg-024/581208/2020-03/581208-omaha-004/581208-omaha-004-181.JPG	 					ese	236	252	19	30.35	63	60	55	59		oc	cum nim	0				
1873-09-08	19	-32.08	-77	112.5		8		https://s3.amazonaws.com/NARAprodstorage/lz/dc-metro/rg-024/581208/2020-03/581208-omaha-004/581208-omaha-004-181.JPG	https://s3.amazonaws.com/NARAprodstorage/lz/dc-metro/rg-024/581208/2020-03/581208-omaha-004/581208-omaha-004-181.JPG	 					ese	214	230	19	30.35	63	59	55	59		oc	cum nim	0				
1873-09-08	20	-32.15	-76.88	112.5		7.4		https://s3.amazonaws.com/NARAprodstorage/lz/dc-metro/rg-024/581208/2020-03/581208-omaha-004/581208-omaha-004-181.JPG	https://s3.amazonaws.com/NARAprodstorage/lz/dc-metro/rg-024/581208/2020-03/581208-omaha-004/581208-omaha-004-181.JPG	 					ese	214	230	13	30.35	63	59	55	58		oc	cum nim	0				
1873-09-08	21	-32.18	-76.79	101.25		4.4		https://s3.amazonaws.com/NARAprodstorage/lz/dc-metro/rg-024/581208/2020-03/581208-omaha-004/581208-omaha-004-181.JPG	https://s3.amazonaws.com/NARAprodstorage/lz/dc-metro/rg-024/581208/2020-03/581208-omaha-004/581208-omaha-004-181.JPG	 					exs	888	888	9	30.38	63	59	55	58		oc	cum nim	0				
1873-09-08	22	-32.2	-76.74	101.25		3		https://s3.amazonaws.com/NARAprodstorage/lz/dc-metro/rg-024/581208/2020-03/581208-omaha-004/581208-omaha-004-181.JPG	https://s3.amazonaws.com/NARAprodstorage/lz/dc-metro/rg-024/581208/2020-03/581208-omaha-004/581208-omaha-004-181.JPG	 					exs	888	888	5	30.38	63	59	55	58		oc	cum nim	0				
1873-09-08	23	-32.22	-76.68	101.25		3		https://s3.amazonaws.com/NARAprodstorage/lz/dc-metro/rg-024/581208/2020-03/581208-omaha-004/581208-omaha-004-181.JPG	https://s3.amazonaws.com/NARAprodstorage/lz/dc-metro/rg-024/581208/2020-03/581208-omaha-004/581208-omaha-004-181.JPG	 					exs	888	888	5	30.38	63	59	55	58		oc	nim	0				
1873-09-08	24	-32.25	-76.6	101.25		4.2		https://s3.amazonaws.com/NARAprodstorage/lz/dc-metro/rg-024/581208/2020-03/581208-omaha-004/581208-omaha-004-181.JPG	https://s3.amazonaws.com/NARAprodstorage/lz/dc-metro/rg-024/581208/2020-03/581208-omaha-004/581208-omaha-004-181.JPG	 					exs	888	888	8	30.38	63	59	55	58		ocm	nim	0				
1873-09-09	1	-32.27	-76.55	101.25		2.4		https://s3.amazonaws.com/NARAprodstorage/lz/dc-metro/rg-024/581208/2020-03/581208-omaha-004/581208-omaha-004-182.JPG	https://s3.amazonaws.com/NARAprodstorage/lz/dc-metro/rg-024/581208/2020-03/581208-omaha-004/581208-omaha-004-182.JPG	 					exs	202	218	3	30.36	63	59	56	58		oc	cir nim	0				
1873-09-09	2	-32.28	-76.51	101.25		2		https://s3.amazonaws.com/NARAprodstorage/lz/dc-metro/rg-024/581208/2020-03/581208-omaha-004/581208-omaha-004-182.JPG	https://s3.amazonaws.com/NARAprodstorage/lz/dc-metro/rg-024/581208/2020-03/581208-omaha-004/581208-omaha-004-182.JPG	 					exs	202	218	3	30.36	63	59	55	57		oc	cir nim	0				
1873-09-09	3	-32.31	-76.44	101.25		4		https://s3.amazonaws.com/NARAprodstorage/lz/dc-metro/rg-024/581208/2020-03/581208-omaha-004/581208-omaha-004-182.JPG	https://s3.amazonaws.com/NARAprodstorage/lz/dc-metro/rg-024/581208/2020-03/581208-omaha-004/581208-omaha-004-182.JPG	 					exs	259	275	8	30.36	63	59	55	57		bc	cir nim	2				
1873-09-09	4	-32.34	-76.34	101.25		5		https://s3.amazonaws.com/NARAprodstorage/lz/dc-metro/rg-024/581208/2020-03/581208-omaha-004/581208-omaha-004-182.JPG	https://s3.amazonaws.com/NARAprodstorage/lz/dc-metro/rg-024/581208/2020-03/581208-omaha-004/581208-omaha-004-182.JPG	 					exs	281	297	5	30.36	63	59	55	57		bc	cir nim	2				
1873-09-09	5	-32.37	-76.27	101.25		4		https://s3.amazonaws.com/NARAprodstorage/lz/dc-metro/rg-024/581208/2020-03/581208-omaha-004/581208-omaha-004-182.JPG	https://s3.amazonaws.com/NARAprodstorage/lz/dc-metro/rg-024/581208/2020-03/581208-omaha-004/581208-omaha-004-182.JPG	 					exs	292	308	5	30.36	63	57	56	57		bc	cir nim	1				
1873-09-09	6	-32.4	-76.19	101.25		4		https://s3.amazonaws.com/NARAprodstorage/lz/dc-metro/rg-024/581208/2020-03/581208-omaha-004/581208-omaha-004-182.JPG	https://s3.amazonaws.com/NARAprodstorage/lz/dc-metro/rg-024/581208/2020-03/581208-omaha-004/581208-omaha-004-182.JPG	 					exs	315	331	5	30.36	63	57	55	57		oc	cir nim	0				
1873-09-09	7	-32.43	-76.11	101.25		4		https://s3.amazonaws.com/NARAprodstorage/lz/dc-metro/rg-024/581208/2020-03/581208-omaha-004/581208-omaha-004-182.JPG	https://s3.amazonaws.com/NARAprodstorage/lz/dc-metro/rg-024/581208/2020-03/581208-omaha-004/581208-omaha-004-182.JPG	 					exs	315	331	5	30.36	63	57	55	57		oc	cir nim	0				
1873-09-09	8	-32.46	-76.03	101.25		4.4		https://s3.amazonaws.com/NARAprodstorage/lz/dc-metro/rg-024/581208/2020-03/581208-omaha-004/581208-omaha-004-182.JPG	https://s3.amazonaws.com/NARAprodstorage/lz/dc-metro/rg-024/581208/2020-03/581208-omaha-004/581208-omaha-004-182.JPG	 					exs	315	331	5	30.34	63	58	56	56		oc	cir nim	0				
1873-09-09	9	-32.49	-75.95	101.25		4.4		https://s3.amazonaws.com/NARAprodstorage/lz/dc-metro/rg-024/581208/2020-03/581208-omaha-004/581208-omaha-004-182.JPG	https://s3.amazonaws.com/NARAprodstorage/lz/dc-metro/rg-024/581208/2020-03/581208-omaha-004/581208-omaha-004-182.JPG	 					exs	315	331	5	30.35	63	58	56	56		oc	cir nim	0				
1873-09-09	10	-32.52	-75.87	101.25		4.4		https://s3.amazonaws.com/NARAprodstorage/lz/dc-metro/rg-024/581208/2020-03/581208-omaha-004/581208-omaha-004-182.JPG	https://s3.amazonaws.com/NARAprodstorage/lz/dc-metro/rg-024/581208/2020-03/581208-omaha-004/581208-omaha-004-182.JPG	 					exs	315	331	5	30.35	63	59	56	56		oc	cir cum nim	0				
1873-09-09	11	-32.55	-75.78	101.25		4.4		https://s3.amazonaws.com/NARAprodstorage/lz/dc-metro/rg-024/581208/2020-03/581208-omaha-004/581208-omaha-004-182.JPG	https://s3.amazonaws.com/NARAprodstorage/lz/dc-metro/rg-024/581208/2020-03/581208-omaha-004/581208-omaha-004-182.JPG	 					exs	315	331	5	30.35	63	59	56	57		oc	cir cum nim	0				
1873-09-09	12	-32.58	-75.7	101.25		4.4		https://s3.amazonaws.com/NARAprodstorage/lz/dc-metro/rg-024/581208/2020-03/581208-omaha-004/581208-omaha-004-182.JPG	https://s3.amazonaws.com/NARAprodstorage/lz/dc-metro/rg-024/581208/2020-03/581208-omaha-004/581208-omaha-004-182.JPG	 			32 35S	75 42W	exs	315	331	5	30.35	63	59	56	57		oc	cir cum nim	0				
1873-09-09	13	-32.62	-75.62	101.25		5		https://s3.amazonaws.com/NARAprodstorage/lz/dc-metro/rg-024/581208/2020-03/581208-omaha-004/581208-omaha-004-182.JPG	https://s3.amazonaws.com/NARAprodstorage/lz/dc-metro/rg-024/581208/2020-03/581208-omaha-004/581208-omaha-004-182.JPG	 					exs	315	331	8	30.4	63	61	57	58		bc	cum	4				
1873-09-09	14	-32.64	-75.54	95.62		4.6		https://s3.amazonaws.com/NARAprodstorage/lz/dc-metro/rg-024/581208/2020-03/581208-omaha-004/581208-omaha-004-182.JPG	https://s3.amazonaws.com/NARAprodstorage/lz/dc-metro/rg-024/581208/2020-03/581208-omaha-004/581208-omaha-004-182.JPG	 					e1/2s	304	320	8	30.38	63	61	58	58		bc	cum	6				
1873-09-09	15	-32.66	-75.47	95.62		4.4		https://s3.amazonaws.com/NARAprodstorage/lz/dc-metro/rg-024/581208/2020-03/581208-omaha-004/581208-omaha-004-182.JPG	https://s3.amazonaws.com/NARAprodstorage/lz/dc-metro/rg-024/581208/2020-03/581208-omaha-004/581208-omaha-004-182.JPG	 					e1/2s	292	308	8	30.4	65	61	58	58		bc	cum	6				
1873-09-09	16	-32.68	-75.4	95.62		4		https://s3.amazonaws.com/NARAprodstorage/lz/dc-metro/rg-024/581208/2020-03/581208-omaha-004/581208-omaha-004-182.JPG	https://s3.amazonaws.com/NARAprodstorage/lz/dc-metro/rg-024/581208/2020-03/581208-omaha-004/581208-omaha-004-182.JPG	 					e1/2s	292	308	8	30.4	65	61	58	58		bc	cum	6				
1873-09-09	17	-32.69	-75.34	95.62		3.4		https://s3.amazonaws.com/NARAprodstorage/lz/dc-metro/rg-024/581208/2020-03/581208-omaha-004/581208-omaha-004-182.JPG	https://s3.amazonaws.com/NARAprodstorage/lz/dc-metro/rg-024/581208/2020-03/581208-omaha-004/581208-omaha-004-182.JPG	 					e1/2s	292	308	5	30.38	65	60	57	58		bc	cum nim	6				
1873-09-09	18	-32.71	-75.29	95.62		3.2		https://s3.amazonaws.com/NARAprodstorage/lz/dc-metro/rg-024/581208/2020-03/581208-omaha-004/581208-omaha-004-182.JPG	https://s3.amazonaws.com/NARAprodstorage/lz/dc-metro/rg-024/581208/2020-03/581208-omaha-004/581208-omaha-004-182.JPG	 					e1/2s	292	308	5	30.38	65	60	57	58		bc	cum nim	6				
1873-09-09	19	-32.72	-75.23	95.62		3.4		https://s3.amazonaws.com/NARAprodstorage/lz/dc-metro/rg-024/581208/2020-03/581208-omaha-004/581208-omaha-004-182.JPG	https://s3.amazonaws.com/NARAprodstorage/lz/dc-metro/rg-024/581208/2020-03/581208-omaha-004/581208-omaha-004-182.JPG	 					e1/2s	259	275	8	30.38	64	60	57	56		oc	cir nim	4				
1873-09-09	20	-32.73	-75.18	95.62		3.4		https://s3.amazonaws.com/NARAprodstorage/lz/dc-metro/rg-024/581208/2020-03/581208-omaha-004/581208-omaha-004-182.JPG	https://s3.amazonaws.com/NARAprodstorage/lz/dc-metro/rg-024/581208/2020-03/581208-omaha-004/581208-omaha-004-182.JPG	 					e1/2s	259	275	5	30.3	65	59	56	56		oc	cir nim	0				
1873-09-09	21	-32.75	-75.12	95.62		3.2		https://s3.amazonaws.com/NARAprodstorage/lz/dc-metro/rg-024/581208/2020-03/581208-omaha-004/581208-omaha-004-182.JPG	https://s3.amazonaws.com/NARAprodstorage/lz/dc-metro/rg-024/581208/2020-03/581208-omaha-004/581208-omaha-004-182.JPG	 					e1/2s	225	241	5	30.31	64	59	56	56		bc	cir cum nim	4				
1873-09-09	22	-32.77	-75.06	95.62		4		https://s3.amazonaws.com/NARAprodstorage/lz/dc-metro/rg-024/581208/2020-03/581208-omaha-004/581208-omaha-004-182.JPG	https://s3.amazonaws.com/NARAprodstorage/lz/dc-metro/rg-024/581208/2020-03/581208-omaha-004/581208-omaha-004-182.JPG	 					e1/2s	259	275	5	30.3	64	59	57	56		bc	cir cum nim	4				
1873-09-09	23	-32.79	-74.98	95.62		4.6		https://s3.amazonaws.com/NARAprodstorage/lz/dc-metro/rg-024/581208/2020-03/581208-omaha-004/581208-omaha-004-182.JPG	https://s3.amazonaws.com/NARAprodstorage/lz/dc-metro/rg-024/581208/2020-03/581208-omaha-004/581208-omaha-004-182.JPG	 					e1/2s	292	308	5	30.26	63	59	57	56		bc	cir cum nim	5				
1873-09-09	24	-32.81	-74.9	95.62		4.4		https://s3.amazonaws.com/NARAprodstorage/lz/dc-metro/rg-024/581208/2020-03/581208-omaha-004/581208-omaha-004-182.JPG	https://s3.amazonaws.com/NARAprodstorage/lz/dc-metro/rg-024/581208/2020-03/581208-omaha-004/581208-omaha-004-182.JPG	 					e1/2s	292	308	6	30.26	63	59	57	56		bc	cir cum nim	5				
1873-09-10	1	-32.82	-74.85	95.62		3.4		https://s3.amazonaws.com/NARAprodstorage/lz/dc-metro/rg-024/581208/2020-03/581208-omaha-004/581208-omaha-004-183.JPG	https://s3.amazonaws.com/NARAprodstorage/lz/dc-metro/rg-024/581208/2020-03/581208-omaha-004/581208-omaha-004-183.JPG	 					e1/2s	326	342	5	30.26	63	59	57	56		cum	bc	8				
1873-09-10	2	-32.84	-74.79	95.62		3.6		https://s3.amazonaws.com/NARAprodstorage/lz/dc-metro/rg-024/581208/2020-03/581208-omaha-004/581208-omaha-004-183.JPG	https://s3.amazonaws.com/NARAprodstorage/lz/dc-metro/rg-024/581208/2020-03/581208-omaha-004/581208-omaha-004-183.JPG	 					e1/2s	292	308	5	30.23	62	59	57	56		cum	bc	9				
1873-09-10	3	-32.86	-74.72	95.62		4.2		https://s3.amazonaws.com/NARAprodstorage/lz/dc-metro/rg-024/581208/2020-03/581208-omaha-004/581208-omaha-004-183.JPG	https://s3.amazonaws.com/NARAprodstorage/lz/dc-metro/rg-024/581208/2020-03/581208-omaha-004/581208-omaha-004-183.JPG	 					e1/2s	292	308	5	30.23	62	59	57	56		nim cum	bc	9				
1873-09-10	4	-32.88	-74.64	95.62		4.4		https://s3.amazonaws.com/NARAprodstorage/lz/dc-metro/rg-024/581208/2020-03/581208-omaha-004/581208-omaha-004-183.JPG	https://s3.amazonaws.com/NARAprodstorage/lz/dc-metro/rg-024/581208/2020-03/581208-omaha-004/581208-omaha-004-183.JPG	 					e1/2s	292	308	5	30.23	62	58	56	56		nim cum	bc	5				
1873-09-10	5	-32.9	-74.57	95.62		4.2		https://s3.amazonaws.com/NARAprodstorage/lz/dc-metro/rg-024/581208/2020-03/581208-omaha-004/581208-omaha-004-183.JPG	https://s3.amazonaws.com/NARAprodstorage/lz/dc-metro/rg-024/581208/2020-03/581208-omaha-004/581208-omaha-004-183.JPG	 					e1/2s	292	308	5	30.23	62	58	56	56		nim cum	bc	6				
1873-09-10	6	-32.92	-74.48	95.62		5		https://s3.amazonaws.com/NARAprodstorage/lz/dc-metro/rg-024/581208/2020-03/581208-omaha-004/581208-omaha-004-183.JPG	https://s3.amazonaws.com/NARAprodstorage/lz/dc-metro/rg-024/581208/2020-03/581208-omaha-004/581208-omaha-004-183.JPG	 					e1/2s	292	308	8	30.23	63	58	56	56		nim cum	bc	7				
1873-09-10	7	-32.95	-74.41	95.62		4.6		https://s3.amazonaws.com/NARAprodstorage/lz/dc-metro/rg-024/581208/2020-03/581208-omaha-004/581208-omaha-004-183.JPG	https://s3.amazonaws.com/NARAprodstorage/lz/dc-metro/rg-024/581208/2020-03/581208-omaha-004/581208-omaha-004-183.JPG	 					e1/2s	292	308	8	30.23	63	58	56	56		cir cum cir str	bc	6				
1873-09-10	8	-32.97	-74.32	95.62		5.2		https://s3.amazonaws.com/NARAprodstorage/lz/dc-metro/rg-024/581208/2020-03/581208-omaha-004/581208-omaha-004-183.JPG	https://s3.amazonaws.com/NARAprodstorage/lz/dc-metro/rg-024/581208/2020-03/581208-omaha-004/581208-omaha-004-183.JPG	 					e1/2s	292	308	8	30.23	63	57	56	57		cir cum cir str	bc	7				
1873-09-10	9	-33	-74.22	95.62		5.4		https://s3.amazonaws.com/NARAprodstorage/lz/dc-metro/rg-024/581208/2020-03/581208-omaha-004/581208-omaha-004-183.JPG	https://s3.amazonaws.com/NARAprodstorage/lz/dc-metro/rg-024/581208/2020-03/581208-omaha-004/581208-omaha-004-183.JPG	 					e1/2s	292	308	8	30.21	63	60	56	57		cir cum cir str	bc	8				
1873-09-10	10	-33.02	-74.14	95.62		5		https://s3.amazonaws.com/NARAprodstorage/lz/dc-metro/rg-024/581208/2020-03/581208-omaha-004/581208-omaha-004-183.JPG	https://s3.amazonaws.com/NARAprodstorage/lz/dc-metro/rg-024/581208/2020-03/581208-omaha-004/581208-omaha-004-183.JPG	 					e1/2s	292	308	8	30.2	63	60	56	57		cir cum cir str	bc	8				
1873-09-10	11	-33.05	-74.05	95.62		5		https://s3.amazonaws.com/NARAprodstorage/lz/dc-metro/rg-024/581208/2020-03/581208-omaha-004/581208-omaha-004-183.JPG	https://s3.amazonaws.com/NARAprodstorage/lz/dc-metro/rg-024/581208/2020-03/581208-omaha-004/581208-omaha-004-183.JPG	 					e1/2s	281	297	5	30.2	63	60	56	57		cir cum cir str	bc	8				
1873-09-10	12	-33.07	-73.98	95.62		4		https://s3.amazonaws.com/NARAprodstorage/lz/dc-metro/rg-024/581208/2020-03/581208-omaha-004/581208-omaha-004-183.JPG	https://s3.amazonaws.com/NARAprodstorage/lz/dc-metro/rg-024/581208/2020-03/581208-omaha-004/581208-omaha-004-183.JPG	 			33 4S	73 59W	e1/2s	281	297	8	30.2	63	60	56	57		cir cum cir str	bc	9				
1873-09-10	13	-33.06	-73.9	78.75		4.6		https://s3.amazonaws.com/NARAprodstorage/lz/dc-metro/rg-024/581208/2020-03/581208-omaha-004/581208-omaha-004-183.JPG	https://s3.amazonaws.com/NARAprodstorage/lz/dc-metro/rg-024/581208/2020-03/581208-omaha-004/581208-omaha-004-183.JPG	 					exn	338	354	8	30.2	63	60	56	57		cir cum str	bc	5				
1873-09-10	14	-33.06	-73.81	78.75		5		https://s3.amazonaws.com/NARAprodstorage/lz/dc-metro/rg-024/581208/2020-03/581208-omaha-004/581208-omaha-004-183.JPG	https://s3.amazonaws.com/NARAprodstorage/lz/dc-metro/rg-024/581208/2020-03/581208-omaha-004/581208-omaha-004-183.JPG	 					exn	338	354	8	30.2	63	60	56	57		cir cum str	bc	4				
1873-09-10	15	-33.06	-73.71	78.75		5.4		https://s3.amazonaws.com/NARAprodstorage/lz/dc-metro/rg-024/581208/2020-03/581208-omaha-004/581208-omaha-004-183.JPG	https://s3.amazonaws.com/NARAprodstorage/lz/dc-metro/rg-024/581208/2020-03/581208-omaha-004/581208-omaha-004-183.JPG	 					exn	338	354	13	30.19	63	60	56	57		cir cum str	bc	6				
1873-09-10	16	-33.06	-73.59	78.75		6		https://s3.amazonaws.com/NARAprodstorage/lz/dc-metro/rg-024/581208/2020-03/581208-omaha-004/581208-omaha-004-183.JPG	https://s3.amazonaws.com/NARAprodstorage/lz/dc-metro/rg-024/581208/2020-03/581208-omaha-004/581208-omaha-004-183.JPG	 					exn	338	354	13	30.19	63	60	56	57		cir cum str	bc	5				
1873-09-10	17	-33.06	-73.47	78.75		6.4		https://s3.amazonaws.com/NARAprodstorage/lz/dc-metro/rg-024/581208/2020-03/581208-omaha-004/581208-omaha-004-183.JPG	https://s3.amazonaws.com/NARAprodstorage/lz/dc-metro/rg-024/581208/2020-03/581208-omaha-004/581208-omaha-004-183.JPG	 					exn	354	10	19	30.22	64	59	57	57		cir cum str	bc	1				
1873-09-10	18	-33.05	-73.36	78.75		6		https://s3.amazonaws.com/NARAprodstorage/lz/dc-metro/rg-024/581208/2020-03/581208-omaha-004/581208-omaha-004-183.JPG	https://s3.amazonaws.com/NARAprodstorage/lz/dc-metro/rg-024/581208/2020-03/581208-omaha-004/581208-omaha-004-183.JPG	 					exn	349	5	19	30.22	64	59	57	57		nim cum	oc	0				
1873-09-10	19	-33.05	-73.27	78.75		5		https://s3.amazonaws.com/NARAprodstorage/lz/dc-metro/rg-024/581208/2020-03/581208-omaha-004/581208-omaha-004-183.JPG	https://s3.amazonaws.com/NARAprodstorage/lz/dc-metro/rg-024/581208/2020-03/581208-omaha-004/581208-omaha-004-183.JPG	 					exn	349	5	13	30.24	63	59	57	57		nim cum	oc	0				
1873-09-10	20	-33.05	-73.17	78.75		5		https://s3.amazonaws.com/NARAprodstorage/lz/dc-metro/rg-024/581208/2020-03/581208-omaha-004/581208-omaha-004-183.JPG	https://s3.amazonaws.com/NARAprodstorage/lz/dc-metro/rg-024/581208/2020-03/581208-omaha-004/581208-omaha-004-183.JPG	 					exn	349	5	13	30.24	63	59	57	57		nim cum	bc	8				
1873-09-10	21	-33.04	-73.09	78.75		4.4		https://s3.amazonaws.com/NARAprodstorage/lz/dc-metro/rg-024/581208/2020-03/581208-omaha-004/581208-omaha-004-183.JPG	https://s3.amazonaws.com/NARAprodstorage/lz/dc-metro/rg-024/581208/2020-03/581208-omaha-004/581208-omaha-004-183.JPG	 					exn	360	16	8	30.25	65	59	57	56		nim cum	bc	4				
1873-09-10	22	-33.04	-73.02	78.75		4		https://s3.amazonaws.com/NARAprodstorage/lz/dc-metro/rg-024/581208/2020-03/581208-omaha-004/581208-omaha-004-183.JPG	https://s3.amazonaws.com/NARAprodstorage/lz/dc-metro/rg-024/581208/2020-03/581208-omaha-004/581208-omaha-004-183.JPG	 					exn	360	16	8	30.25	65	59	57	57		nim cum	bc	4				
1873-09-10	23	-33.04	-72.94	78.75		4.2		https://s3.amazonaws.com/NARAprodstorage/lz/dc-metro/rg-024/581208/2020-03/581208-omaha-004/581208-omaha-004-183.JPG	https://s3.amazonaws.com/NARAprodstorage/lz/dc-metro/rg-024/581208/2020-03/581208-omaha-004/581208-omaha-004-183.JPG	 					exn	360	16	8	30.23	64	58	57	57		nim cum	bc	4				
1873-09-10	24	-33.03	-72.87	78.75		4		https://s3.amazonaws.com/NARAprodstorage/lz/dc-metro/rg-024/581208/2020-03/581208-omaha-004/581208-omaha-004-183.JPG	https://s3.amazonaws.com/NARAprodstorage/lz/dc-metro/rg-024/581208/2020-03/581208-omaha-004/581208-omaha-004-183.JPG	 					exn	360	16	8	30.23	64	58	57	57		nim cum	bc	4				
1873-09-11	1	-33.03	-72.81	78.75		3.4		https://s3.amazonaws.com/NARAprodstorage/lz/dc-metro/rg-024/581208/2020-03/581208-omaha-004/581208-omaha-004-184.JPG	https://s3.amazonaws.com/NARAprodstorage/lz/dc-metro/rg-024/581208/2020-03/581208-omaha-004/581208-omaha-004-184.JPG	 					exn	315	331	6	30.22	64	59	57	57		bc	cum nim	4				
1873-09-11	2	-33.02	-72.74	78.75		3.6		https://s3.amazonaws.com/NARAprodstorage/lz/dc-metro/rg-024/581208/2020-03/581208-omaha-004/581208-omaha-004-184.JPG	https://s3.amazonaws.com/NARAprodstorage/lz/dc-metro/rg-024/581208/2020-03/581208-omaha-004/581208-omaha-004-184.JPG	 					exn	315	331	6	30.22	64	59	58	56		bc	str cum nim	5				
1873-09-11	3	-33.02	-72.68	78.75		3.4		https://s3.amazonaws.com/NARAprodstorage/lz/dc-metro/rg-024/581208/2020-03/581208-omaha-004/581208-omaha-004-184.JPG	https://s3.amazonaws.com/NARAprodstorage/lz/dc-metro/rg-024/581208/2020-03/581208-omaha-004/581208-omaha-004-184.JPG	 					exn	888	888	3	30.19	64	59	58	56		bc	str cum nim	3				
1873-09-11	4	-33.01	-72.62	78.75		3.2		https://s3.amazonaws.com/NARAprodstorage/lz/dc-metro/rg-024/581208/2020-03/581208-omaha-004/581208-omaha-004-184.JPG	https://s3.amazonaws.com/NARAprodstorage/lz/dc-metro/rg-024/581208/2020-03/581208-omaha-004/581208-omaha-004-184.JPG	 					exn	888	888	3	30.19	64	59	58	56		oc	cum nim	0				
1873-09-11	5	-33.01	-72.54	78.75		4.4		https://s3.amazonaws.com/NARAprodstorage/lz/dc-metro/rg-024/581208/2020-03/581208-omaha-004/581208-omaha-004-184.JPG	https://s3.amazonaws.com/NARAprodstorage/lz/dc-metro/rg-024/581208/2020-03/581208-omaha-004/581208-omaha-004-184.JPG	0500: cc E1/2N. 0510 cc E1/2S.					exn	315	331	8	30.18	63	58	57	56		ocr	nimb	0				
1873-09-11	6	-33.04	-72.42	94		7		https://s3.amazonaws.com/NARAprodstorage/lz/dc-metro/rg-024/581208/2020-03/581208-omaha-004/581208-omaha-004-184.JPG	https://s3.amazonaws.com/NARAprodstorage/lz/dc-metro/rg-024/581208/2020-03/581208-omaha-004/581208-omaha-004-184.JPG	 					e1/2n|e1/2s	169	185	13	30.18	63	58	57	56		ocr	nimb	0				
1873-09-11	7	-33.02	-72.31	73.12		6		https://s3.amazonaws.com/NARAprodstorage/lz/dc-metro/rg-024/581208/2020-03/581208-omaha-004/581208-omaha-004-184.JPG	https://s3.amazonaws.com/NARAprodstorage/lz/dc-metro/rg-024/581208/2020-03/581208-omaha-004/581208-omaha-004-184.JPG	 					exn1/2n	146	162	19	30.21	63	57	57	56		ocr	nimb	0				
1873-09-11	8	-33.06	-72.18	95.62		7		https://s3.amazonaws.com/NARAprodstorage/lz/dc-metro/rg-024/581208/2020-03/581208-omaha-004/581208-omaha-004-184.JPG	https://s3.amazonaws.com/NARAprodstorage/lz/dc-metro/rg-024/581208/2020-03/581208-omaha-004/581208-omaha-004-184.JPG	 					e1/2s	158	174	24	30.25	63	56	55	56		ocr	nimb	0				
1873-09-11	9	-33.06	-72.28	247.5		4.4		https://s3.amazonaws.com/NARAprodstorage/lz/dc-metro/rg-024/581208/2020-03/581208-omaha-004/581208-omaha-004-184.JPG	https://s3.amazonaws.com/NARAprodstorage/lz/dc-metro/rg-024/581208/2020-03/581208-omaha-004/581208-omaha-004-184.JPG	 					wsw	169	185	13	30.3	63	56	55	56		ocr	nimb	0				
1873-09-11	10	-33.06	-72.18	84.38		5		https://s3.amazonaws.com/NARAprodstorage/lz/dc-metro/rg-024/581208/2020-03/581208-omaha-004/581208-omaha-004-184.JPG	https://s3.amazonaws.com/NARAprodstorage/lz/dc-metro/rg-024/581208/2020-03/581208-omaha-004/581208-omaha-004-184.JPG	 					e1/2n	169	185	13	30.31	62	56	55	56		ocd	cum nim	0				
1873-09-11	11	-33.07	-72.09	84.38		5		https://s3.amazonaws.com/NARAprodstorage/lz/dc-metro/rg-024/581208/2020-03/581208-omaha-004/581208-omaha-004-184.JPG	https://s3.amazonaws.com/NARAprodstorage/lz/dc-metro/rg-024/581208/2020-03/581208-omaha-004/581208-omaha-004-184.JPG	 					e1/2n	169	185	13	30.33	62	56	54	56		ocd	cum nim	0				
1873-09-11	12	-33.07	-72	81.56		5		https://s3.amazonaws.com/NARAprodstorage/lz/dc-metro/rg-024/581208/2020-03/581208-omaha-004/581208-omaha-004-184.JPG	https://s3.amazonaws.com/NARAprodstorage/lz/dc-metro/rg-024/581208/2020-03/581208-omaha-004/581208-omaha-004-184.JPG	 			33 4S	72W	e3/4n	169	185	13	30.33	62	56	54	56		ocd	cum nim	0				
1873-09-11	13	-33.06	-71.91	73.12		5		https://s3.amazonaws.com/NARAprodstorage/lz/dc-metro/rg-024/581208/2020-03/581208-omaha-004/581208-omaha-004-184.JPG	https://s3.amazonaws.com/NARAprodstorage/lz/dc-metro/rg-024/581208/2020-03/581208-omaha-004/581208-omaha-004-184.JPG	 					ene1/2e	146	162	13	30.33	60	56	55	56		oc	cum nim	0				
1873-09-11	14	-33.01	-71.8	47.81		7		https://s3.amazonaws.com/NARAprodstorage/lz/dc-metro/rg-024/581208/2020-03/581208-omaha-004/581208-omaha-004-184.JPG	https://s3.amazonaws.com/NARAprodstorage/lz/dc-metro/rg-024/581208/2020-03/581208-omaha-004/581208-omaha-004-184.JPG	 					ne1/4e	146	162	13	30.33	60	56	55	56		oc	cum nim	0				
1873-09-11	15	-33.02	-71.7	888		6		https://s3.amazonaws.com/NARAprodstorage/lz/dc-metro/rg-024/581208/2020-03/581208-omaha-004/581208-omaha-004-184.JPG	https://s3.amazonaws.com/NARAprodstorage/lz/dc-metro/rg-024/581208/2020-03/581208-omaha-004/581208-omaha-004-184.JPG	1540: Anchored. Valparaiso.						135	151	13	30.33	61	57	55	56		oc	cum nim	0				
1873-09-11	16	-33.02	-71.63	888		4		https://s3.amazonaws.com/NARAprodstorage/lz/dc-metro/rg-024/581208/2020-03/581208-omaha-004/581208-omaha-004-184.JPG	https://s3.amazonaws.com/NARAprodstorage/lz/dc-metro/rg-024/581208/2020-03/581208-omaha-004/581208-omaha-004-184.JPG	1600: Bearings: Baja Rock N71W; Signal Stn S20W.						169	185	8	30.33	61	57	55	56		oc	cum nim	0				
1873-09-11	17	-33.02	-71.63			a		https://s3.amazonaws.com/NARAprodstorage/lz/dc-metro/rg-024/581208/2020-03/581208-omaha-004/581208-omaha-004-184.JPG	https://s3.amazonaws.com/NARAprodstorage/lz/dc-metro/rg-024/581208/2020-03/581208-omaha-004/581208-omaha-004-184.JPG	 						169	185	8	30.34	61	51	54	56		oc	cum nim	0				
1873-09-11	18	-33.02	-71.63			a		https://s3.amazonaws.com/NARAprodstorage/lz/dc-metro/rg-024/581208/2020-03/581208-omaha-004/581208-omaha-004-184.JPG	https://s3.amazonaws.com/NARAprodstorage/lz/dc-metro/rg-024/581208/2020-03/581208-omaha-004/581208-omaha-004-184.JPG	 						169	185	8	30.38	61	51	54	56		oc	cum nim	0				
1873-09-11	19	-33.02	-71.63			a		https://s3.amazonaws.com/NARAprodstorage/lz/dc-metro/rg-024/581208/2020-03/581208-omaha-004/581208-omaha-004-184.JPG	https://s3.amazonaws.com/NARAprodstorage/lz/dc-metro/rg-024/581208/2020-03/581208-omaha-004/581208-omaha-004-184.JPG	 						169	185	8	30.38	61	51	54	56		oc	cum nim	0				
1873-09-11	20	-33.02	-71.63			a		https://s3.amazonaws.com/NARAprodstorage/lz/dc-metro/rg-024/581208/2020-03/581208-omaha-004/581208-omaha-004-184.JPG	https://s3.amazonaws.com/NARAprodstorage/lz/dc-metro/rg-024/581208/2020-03/581208-omaha-004/581208-omaha-004-184.JPG	 						169	185	8	30.38	61	51	54	56		oc	cum nim	0				
1873-09-11	21	-33.02	-71.63			a		https://s3.amazonaws.com/NARAprodstorage/lz/dc-metro/rg-024/581208/2020-03/581208-omaha-004/581208-omaha-004-184.JPG	https://s3.amazonaws.com/NARAprodstorage/lz/dc-metro/rg-024/581208/2020-03/581208-omaha-004/581208-omaha-004-184.JPG	 						158	174	24	30.4	60	51	54	56		bc	stratus	9				
1873-09-11	22	-33.02	-71.63			a		https://s3.amazonaws.com/NARAprodstorage/lz/dc-metro/rg-024/581208/2020-03/581208-omaha-004/581208-omaha-004-184.JPG	https://s3.amazonaws.com/NARAprodstorage/lz/dc-metro/rg-024/581208/2020-03/581208-omaha-004/581208-omaha-004-184.JPG	 						158	174	30	30.4	60	51	54	56		bc	stratus	9				
1873-09-11	23	-33.02	-71.63			a		https://s3.amazonaws.com/NARAprodstorage/lz/dc-metro/rg-024/581208/2020-03/581208-omaha-004/581208-omaha-004-184.JPG	https://s3.amazonaws.com/NARAprodstorage/lz/dc-metro/rg-024/581208/2020-03/581208-omaha-004/581208-omaha-004-184.JPG	 						158	174	30	30.45	60	51	54	56		bc	stratus	9				
1873-09-11	24	-33.02	-71.63			a		https://s3.amazonaws.com/NARAprodstorage/lz/dc-metro/rg-024/581208/2020-03/581208-omaha-004/581208-omaha-004-184.JPG	https://s3.amazonaws.com/NARAprodstorage/lz/dc-metro/rg-024/581208/2020-03/581208-omaha-004/581208-omaha-004-184.JPG	 						158	174	24	30.47	60	51	54	56		bc	stratus	9				
1873-09-12	1	-33.02	-71.63			a		https://s3.amazonaws.com/NARAprodstorage/lz/dc-metro/rg-024/581208/2020-03/581208-omaha-004/581208-omaha-004-185.JPG	https://s3.amazonaws.com/NARAprodstorage/lz/dc-metro/rg-024/581208/2020-03/581208-omaha-004/581208-omaha-004-186.JPG	 						169	185	21	30.45	55	50	45			bc	cum	2				
1873-09-12	2	-33.02	-71.63			a		https://s3.amazonaws.com/NARAprodstorage/lz/dc-metro/rg-024/581208/2020-03/581208-omaha-004/581208-omaha-004-185.JPG	https://s3.amazonaws.com/NARAprodstorage/lz/dc-metro/rg-024/581208/2020-03/581208-omaha-004/581208-omaha-004-185.JPG	 						169	185	21	30.45	55	50	45			bc	cum	2				
1873-09-12	3	-33.02	-71.63			a		https://s3.amazonaws.com/NARAprodstorage/lz/dc-metro/rg-024/581208/2020-03/581208-omaha-004/581208-omaha-004-185.JPG	https://s3.amazonaws.com/NARAprodstorage/lz/dc-metro/rg-024/581208/2020-03/581208-omaha-004/581208-omaha-004-185.JPG	 						169	185	21	30.45	55	50	45			bc	cum	1				
1873-09-12	4	-33.02	-71.63			a		https://s3.amazonaws.com/NARAprodstorage/lz/dc-metro/rg-024/581208/2020-03/581208-omaha-004/581208-omaha-004-185.JPG	https://s3.amazonaws.com/NARAprodstorage/lz/dc-metro/rg-024/581208/2020-03/581208-omaha-004/581208-omaha-004-185.JPG	 						169	185	21	30.45	55	50	45			b	none	10				
1873-09-12	5	-33.02	-71.63			a		https://s3.amazonaws.com/NARAprodstorage/lz/dc-metro/rg-024/581208/2020-03/581208-omaha-004/581208-omaha-004-185.JPG	https://s3.amazonaws.com/NARAprodstorage/lz/dc-metro/rg-024/581208/2020-03/581208-omaha-004/581208-omaha-004-185.JPG	 						90	106	8	30.49	57	54	49			bc	cum nim	8				
1873-09-12	6	-33.02	-71.63			a		https://s3.amazonaws.com/NARAprodstorage/lz/dc-metro/rg-024/581208/2020-03/581208-omaha-004/581208-omaha-004-185.JPG	https://s3.amazonaws.com/NARAprodstorage/lz/dc-metro/rg-024/581208/2020-03/581208-omaha-004/581208-omaha-004-185.JPG	 						90	106	8	30.49	57	54	49			bc	cum nim	8				
1873-09-12	7	-33.02	-71.63			a		https://s3.amazonaws.com/NARAprodstorage/lz/dc-metro/rg-024/581208/2020-03/581208-omaha-004/581208-omaha-004-185.JPG	https://s3.amazonaws.com/NARAprodstorage/lz/dc-metro/rg-024/581208/2020-03/581208-omaha-004/581208-omaha-004-185.JPG	 						90	106	8	30.49	57	54	49			bc	cum nim	9				
1873-09-12	8	-33.02	-71.63			a		https://s3.amazonaws.com/NARAprodstorage/lz/dc-metro/rg-024/581208/2020-03/581208-omaha-004/581208-omaha-004-185.JPG	https://s3.amazonaws.com/NARAprodstorage/lz/dc-metro/rg-024/581208/2020-03/581208-omaha-004/581208-omaha-004-185.JPG	 						90	106	8	30.49	57	54	49			bc	cum nim	9				
1873-09-12	9	-33.02	-71.63			a		https://s3.amazonaws.com/NARAprodstorage/lz/dc-metro/rg-024/581208/2020-03/581208-omaha-004/581208-omaha-004-185.JPG	https://s3.amazonaws.com/NARAprodstorage/lz/dc-metro/rg-024/581208/2020-03/581208-omaha-004/581208-omaha-004-185.JPG	 						180	196	5	30.49	58	58	50			bc	cum	9				
1873-09-12	10	-33.02	-71.63			a		https://s3.amazonaws.com/NARAprodstorage/lz/dc-metro/rg-024/581208/2020-03/581208-omaha-004/581208-omaha-004-185.JPG	https://s3.amazonaws.com/NARAprodstorage/lz/dc-metro/rg-024/581208/2020-03/581208-omaha-004/581208-omaha-004-185.JPG	 						180	196	5	30.49	58	58	50			bc	cum	9				
1873-09-12	11	-33.02	-71.63			a		https://s3.amazonaws.com/NARAprodstorage/lz/dc-metro/rg-024/581208/2020-03/581208-omaha-004/581208-omaha-004-185.JPG	https://s3.amazonaws.com/NARAprodstorage/lz/dc-metro/rg-024/581208/2020-03/581208-omaha-004/581208-omaha-004-185.JPG	 						180	196	24	30.49	60	58	50			bc	cum	9				
1873-09-12	12	-33.02	-71.63			a		https://s3.amazonaws.com/NARAprodstorage/lz/dc-metro/rg-024/581208/2020-03/581208-omaha-004/581208-omaha-004-185.JPG	https://s3.amazonaws.com/NARAprodstorage/lz/dc-metro/rg-024/581208/2020-03/581208-omaha-004/581208-omaha-004-185.JPG	 						180	196	24	30.5	60	58	52			bc	cum	9				
1873-09-12	13	-33.02	-71.63			a		https://s3.amazonaws.com/NARAprodstorage/lz/dc-metro/rg-024/581208/2020-03/581208-omaha-004/581208-omaha-004-185.JPG	https://s3.amazonaws.com/NARAprodstorage/lz/dc-metro/rg-024/581208/2020-03/581208-omaha-004/581208-omaha-004-185.JPG	 						180	196	18	30.48	61	59	53			bc	cum	2				
1873-09-12	14	-33.02	-71.63			a		https://s3.amazonaws.com/NARAprodstorage/lz/dc-metro/rg-024/581208/2020-03/581208-omaha-004/581208-omaha-004-185.JPG	https://s3.amazonaws.com/NARAprodstorage/lz/dc-metro/rg-024/581208/2020-03/581208-omaha-004/581208-omaha-004-185.JPG	 						180	196	18	30.48	61	59	53			bc	cum	2				
1873-09-12	15	-33.02	-71.63			a		https://s3.amazonaws.com/NARAprodstorage/lz/dc-metro/rg-024/581208/2020-03/581208-omaha-004/581208-omaha-004-185.JPG	https://s3.amazonaws.com/NARAprodstorage/lz/dc-metro/rg-024/581208/2020-03/581208-omaha-004/581208-omaha-004-185.JPG	 						180	196	18	30.48	61	59	53			b	none	10				
1873-09-12	16	-33.02	-71.63			a		https://s3.amazonaws.com/NARAprodstorage/lz/dc-metro/rg-024/581208/2020-03/581208-omaha-004/581208-omaha-004-185.JPG	https://s3.amazonaws.com/NARAprodstorage/lz/dc-metro/rg-024/581208/2020-03/581208-omaha-004/581208-omaha-004-185.JPG	 						180	196	18	30.48	61	59	53			b	none	10				
1873-09-12	17	-33.02	-71.63			a		https://s3.amazonaws.com/NARAprodstorage/lz/dc-metro/rg-024/581208/2020-03/581208-omaha-004/581208-omaha-004-185.JPG	https://s3.amazonaws.com/NARAprodstorage/lz/dc-metro/rg-024/581208/2020-03/581208-omaha-004/581208-omaha-004-185.JPG	 						180	196	24	30.5	60	58	52			bc	cum str	9				
1873-09-12	18	-33.02	-71.63			a		https://s3.amazonaws.com/NARAprodstorage/lz/dc-metro/rg-024/581208/2020-03/581208-omaha-004/581208-omaha-004-185.JPG	https://s3.amazonaws.com/NARAprodstorage/lz/dc-metro/rg-024/581208/2020-03/581208-omaha-004/581208-omaha-004-185.JPG	 						180	196	24	30.5	60	58	52			bc	cum str	8				
1873-09-12	19	-33.02	-71.63			a		https://s3.amazonaws.com/NARAprodstorage/lz/dc-metro/rg-024/581208/2020-03/581208-omaha-004/581208-omaha-004-185.JPG	https://s3.amazonaws.com/NARAprodstorage/lz/dc-metro/rg-024/581208/2020-03/581208-omaha-004/581208-omaha-004-185.JPG	 						180	196	24	30.5	60	56	48			bc	cum str	9				
1873-09-12	20	-33.02	-71.63			a		https://s3.amazonaws.com/NARAprodstorage/lz/dc-metro/rg-024/581208/2020-03/581208-omaha-004/581208-omaha-004-185.JPG	https://s3.amazonaws.com/NARAprodstorage/lz/dc-metro/rg-024/581208/2020-03/581208-omaha-004/581208-omaha-004-185.JPG	 						180	196	24	30.5	60	56	48			bc	cum str	9				
1873-09-12	21	-33.02	-71.63			a		https://s3.amazonaws.com/NARAprodstorage/lz/dc-metro/rg-024/581208/2020-03/581208-omaha-004/581208-omaha-004-185.JPG	https://s3.amazonaws.com/NARAprodstorage/lz/dc-metro/rg-024/581208/2020-03/581208-omaha-004/581208-omaha-004-185.JPG	 						888	888	19	30.56	60	55	48			bc	cir cum	8				
1873-09-12	22	-33.02	-71.63			a		https://s3.amazonaws.com/NARAprodstorage/lz/dc-metro/rg-024/581208/2020-03/581208-omaha-004/581208-omaha-004-185.JPG	https://s3.amazonaws.com/NARAprodstorage/lz/dc-metro/rg-024/581208/2020-03/581208-omaha-004/581208-omaha-004-185.JPG	 						888	888	5	30.56			52			bc	cir cum	8				
1873-09-12	23	-33.02	-71.63			a		https://s3.amazonaws.com/NARAprodstorage/lz/dc-metro/rg-024/581208/2020-03/581208-omaha-004/581208-omaha-004-185.JPG	https://s3.amazonaws.com/NARAprodstorage/lz/dc-metro/rg-024/581208/2020-03/581208-omaha-004/581208-omaha-004-185.JPG	 						11	27	2	30.48	59	56	52			bc	cir cum	8				
1873-09-12	24	-33.02	-71.63			a		https://s3.amazonaws.com/NARAprodstorage/lz/dc-metro/rg-024/581208/2020-03/581208-omaha-004/581208-omaha-004-185.JPG	https://s3.amazonaws.com/NARAprodstorage/lz/dc-metro/rg-024/581208/2020-03/581208-omaha-004/581208-omaha-004-185.JPG	 						888	888	5	30.46	59	56	52			bc	cir cum	8				
1873-09-13	1	-33.02	-71.63			a		https://s3.amazonaws.com/NARAprodstorage/lz/dc-metro/rg-024/581208/2020-03/581208-omaha-004/581208-omaha-004-187.JPG	https://s3.amazonaws.com/NARAprodstorage/lz/dc-metro/rg-024/581208/2020-03/581208-omaha-004/581208-omaha-004-187.JPG	 						888	888	5	30.33	58	54	54			b	none	10				
1873-09-13	2	-33.02	-71.63			a		https://s3.amazonaws.com/NARAprodstorage/lz/dc-metro/rg-024/581208/2020-03/581208-omaha-004/581208-omaha-004-187.JPG	https://s3.amazonaws.com/NARAprodstorage/lz/dc-metro/rg-024/581208/2020-03/581208-omaha-004/581208-omaha-004-187.JPG	 						888	888	5	30.33	58	54	54			b	none	10				
1873-09-13	3	-33.02	-71.63			a		https://s3.amazonaws.com/NARAprodstorage/lz/dc-metro/rg-024/581208/2020-03/581208-omaha-004/581208-omaha-004-187.JPG	https://s3.amazonaws.com/NARAprodstorage/lz/dc-metro/rg-024/581208/2020-03/581208-omaha-004/581208-omaha-004-187.JPG	 						225	241	9	30.33	58	54	54			b	none	10				
1873-09-13	4	-33.02	-71.63			a		https://s3.amazonaws.com/NARAprodstorage/lz/dc-metro/rg-024/581208/2020-03/581208-omaha-004/581208-omaha-004-187.JPG	https://s3.amazonaws.com/NARAprodstorage/lz/dc-metro/rg-024/581208/2020-03/581208-omaha-004/581208-omaha-004-187.JPG	 						225	241	12	30.33	58	54	54			bq	none	10				
1873-09-13	5	-33.02	-71.63			a		https://s3.amazonaws.com/NARAprodstorage/lz/dc-metro/rg-024/581208/2020-03/581208-omaha-004/581208-omaha-004-187.JPG	https://s3.amazonaws.com/NARAprodstorage/lz/dc-metro/rg-024/581208/2020-03/581208-omaha-004/581208-omaha-004-187.JPG	 						135	151	2	30.33	57	56	51			b	none	10				
1873-09-13	6	-33.02	-71.63			a		https://s3.amazonaws.com/NARAprodstorage/lz/dc-metro/rg-024/581208/2020-03/581208-omaha-004/581208-omaha-004-187.JPG	https://s3.amazonaws.com/NARAprodstorage/lz/dc-metro/rg-024/581208/2020-03/581208-omaha-004/581208-omaha-004-187.JPG	 						135	151	2	30.33	57	56	51			b	none	10				
1873-09-13	7	-33.02	-71.63			a		https://s3.amazonaws.com/NARAprodstorage/lz/dc-metro/rg-024/581208/2020-03/581208-omaha-004/581208-omaha-004-187.JPG	https://s3.amazonaws.com/NARAprodstorage/lz/dc-metro/rg-024/581208/2020-03/581208-omaha-004/581208-omaha-004-187.JPG	 						135	151	2	30.33	57	56	51			b	none	10				
1873-09-13	8	-33.02	-71.63			a		https://s3.amazonaws.com/NARAprodstorage/lz/dc-metro/rg-024/581208/2020-03/581208-omaha-004/581208-omaha-004-187.JPG	https://s3.amazonaws.com/NARAprodstorage/lz/dc-metro/rg-024/581208/2020-03/581208-omaha-004/581208-omaha-004-187.JPG	 						135	151	2	30.33	57	56	51			b	none	10				
1873-09-13	9	-33.02	-71.63			a		https://s3.amazonaws.com/NARAprodstorage/lz/dc-metro/rg-024/581208/2020-03/581208-omaha-004/581208-omaha-004-187.JPG	https://s3.amazonaws.com/NARAprodstorage/lz/dc-metro/rg-024/581208/2020-03/581208-omaha-004/581208-omaha-004-187.JPG	 						888	888	5	30.3	60	60	55			b	none	10				
1873-09-13	10	-33.02	-71.63			a		https://s3.amazonaws.com/NARAprodstorage/lz/dc-metro/rg-024/581208/2020-03/581208-omaha-004/581208-omaha-004-187.JPG	https://s3.amazonaws.com/NARAprodstorage/lz/dc-metro/rg-024/581208/2020-03/581208-omaha-004/581208-omaha-004-187.JPG	 						888	888	5	30.3	60	60	55			b	none	10				
1873-09-13	11	-33.02	-71.63			a		https://s3.amazonaws.com/NARAprodstorage/lz/dc-metro/rg-024/581208/2020-03/581208-omaha-004/581208-omaha-004-187.JPG	https://s3.amazonaws.com/NARAprodstorage/lz/dc-metro/rg-024/581208/2020-03/581208-omaha-004/581208-omaha-004-187.JPG	 						888	888	2	30.3	62	62	56			b	none	10				
1873-09-13	12	-33.02	-71.63			a		https://s3.amazonaws.com/NARAprodstorage/lz/dc-metro/rg-024/581208/2020-03/581208-omaha-004/581208-omaha-004-187.JPG	https://s3.amazonaws.com/NARAprodstorage/lz/dc-metro/rg-024/581208/2020-03/581208-omaha-004/581208-omaha-004-187.JPG	"Noon: Valparaiso, Chile."						888	888	2	30.3	62	62	56			b	none	10				
1873-09-13	13	-33.02	-71.63			a		https://s3.amazonaws.com/NARAprodstorage/lz/dc-metro/rg-024/581208/2020-03/581208-omaha-004/581208-omaha-004-187.JPG	https://s3.amazonaws.com/NARAprodstorage/lz/dc-metro/rg-024/581208/2020-03/581208-omaha-004/581208-omaha-004-187.JPG	 						180	196	5	30.26	64	64	58			b	none	10				
1873-09-13	14	-33.02	-71.63			a		https://s3.amazonaws.com/NARAprodstorage/lz/dc-metro/rg-024/581208/2020-03/581208-omaha-004/581208-omaha-004-187.JPG	https://s3.amazonaws.com/NARAprodstorage/lz/dc-metro/rg-024/581208/2020-03/581208-omaha-004/581208-omaha-004-187.JPG	 						180	196	8	30.26	64	64	58			b	none	10				
1873-09-13	15	-33.02	-71.63			a		https://s3.amazonaws.com/NARAprodstorage/lz/dc-metro/rg-024/581208/2020-03/581208-omaha-004/581208-omaha-004-187.JPG	https://s3.amazonaws.com/NARAprodstorage/lz/dc-metro/rg-024/581208/2020-03/581208-omaha-004/581208-omaha-004-187.JPG	 						180	196	8	30.26	64	64	58			b	none	10				
1873-09-13	16	-33.02	-71.63			a		https://s3.amazonaws.com/NARAprodstorage/lz/dc-metro/rg-024/581208/2020-03/581208-omaha-004/581208-omaha-004-187.JPG	https://s3.amazonaws.com/NARAprodstorage/lz/dc-metro/rg-024/581208/2020-03/581208-omaha-004/581208-omaha-004-187.JPG	 						180	196	8	30.26	64	64	58			b	none	10				
1873-09-13	17	-33.02	-71.63			a		https://s3.amazonaws.com/NARAprodstorage/lz/dc-metro/rg-024/581208/2020-03/581208-omaha-004/581208-omaha-004-187.JPG	https://s3.amazonaws.com/NARAprodstorage/lz/dc-metro/rg-024/581208/2020-03/581208-omaha-004/581208-omaha-004-187.JPG	 						180	196	8	30.27	62	62	56			b	none	10				
1873-09-13	18	-33.02	-71.63			a		https://s3.amazonaws.com/NARAprodstorage/lz/dc-metro/rg-024/581208/2020-03/581208-omaha-004/581208-omaha-004-187.JPG	https://s3.amazonaws.com/NARAprodstorage/lz/dc-metro/rg-024/581208/2020-03/581208-omaha-004/581208-omaha-004-187.JPG	 						0	0	0	30.27	62	62	56			b	none	10				
1873-09-13	19	-33.02	-71.63			a		https://s3.amazonaws.com/NARAprodstorage/lz/dc-metro/rg-024/581208/2020-03/581208-omaha-004/581208-omaha-004-187.JPG	https://s3.amazonaws.com/NARAprodstorage/lz/dc-metro/rg-024/581208/2020-03/581208-omaha-004/581208-omaha-004-187.JPG	 						0	0	0	30.27	62	62	56			b	none	10				
1873-09-13	20	-33.02	-71.63			a		https://s3.amazonaws.com/NARAprodstorage/lz/dc-metro/rg-024/581208/2020-03/581208-omaha-004/581208-omaha-004-187.JPG	https://s3.amazonaws.com/NARAprodstorage/lz/dc-metro/rg-024/581208/2020-03/581208-omaha-004/581208-omaha-004-187.JPG	 						0	0	0	30.27	62	62	56			b	none	10				
1873-09-13	21	-33.02	-71.63			a		https://s3.amazonaws.com/NARAprodstorage/lz/dc-metro/rg-024/581208/2020-03/581208-omaha-004/581208-omaha-004-187.JPG	https://s3.amazonaws.com/NARAprodstorage/lz/dc-metro/rg-024/581208/2020-03/581208-omaha-004/581208-omaha-004-187.JPG	 						0	0	0	30.27	62	60	57			b	none	10				
1873-09-13	22	-33.02	-71.63			a		https://s3.amazonaws.com/NARAprodstorage/lz/dc-metro/rg-024/581208/2020-03/581208-omaha-004/581208-omaha-004-187.JPG	https://s3.amazonaws.com/NARAprodstorage/lz/dc-metro/rg-024/581208/2020-03/581208-omaha-004/581208-omaha-004-187.JPG	 						0	0	0	30.26	62	60	57			b	none	10				
1873-09-13	23	-33.02	-71.63			a		https://s3.amazonaws.com/NARAprodstorage/lz/dc-metro/rg-024/581208/2020-03/581208-omaha-004/581208-omaha-004-187.JPG	https://s3.amazonaws.com/NARAprodstorage/lz/dc-metro/rg-024/581208/2020-03/581208-omaha-004/581208-omaha-004-187.JPG	 						0	0	0	30.26	62	60	57			b	none	10				
1873-09-13	24	-33.02	-71.63			a		https://s3.amazonaws.com/NARAprodstorage/lz/dc-metro/rg-024/581208/2020-03/581208-omaha-004/581208-omaha-004-187.JPG	https://s3.amazonaws.com/NARAprodstorage/lz/dc-metro/rg-024/581208/2020-03/581208-omaha-004/581208-omaha-004-187.JPG	 						0	0	0	30.26	62	60	57			b	none	10				
1873-09-14	1	-33.02	-71.63			a		https://s3.amazonaws.com/NARAprodstorage/lz/dc-metro/rg-024/581208/2020-03/581208-omaha-004/581208-omaha-004-188.JPG	https://s3.amazonaws.com/NARAprodstorage/lz/dc-metro/rg-024/581208/2020-03/581208-omaha-004/581208-omaha-004-188.JPG	 						0	0	0	30.26	59	58	55			b	none	10				
1873-09-14	2	-33.02	-71.63			a		https://s3.amazonaws.com/NARAprodstorage/lz/dc-metro/rg-024/581208/2020-03/581208-omaha-004/581208-omaha-004-188.JPG	https://s3.amazonaws.com/NARAprodstorage/lz/dc-metro/rg-024/581208/2020-03/581208-omaha-004/581208-omaha-004-188.JPG	 						0	0	0	30.26	59	58	55			b	none	10				
1873-09-14	3	-33.02	-71.63			a		https://s3.amazonaws.com/NARAprodstorage/lz/dc-metro/rg-024/581208/2020-03/581208-omaha-004/581208-omaha-004-188.JPG	https://s3.amazonaws.com/NARAprodstorage/lz/dc-metro/rg-024/581208/2020-03/581208-omaha-004/581208-omaha-004-188.JPG	 						0	0	0	30.24	59	58	55			b	none	10				
1873-09-14	4	-33.02	-71.63			a		https://s3.amazonaws.com/NARAprodstorage/lz/dc-metro/rg-024/581208/2020-03/581208-omaha-004/581208-omaha-004-188.JPG	https://s3.amazonaws.com/NARAprodstorage/lz/dc-metro/rg-024/581208/2020-03/581208-omaha-004/581208-omaha-004-188.JPG	 						0	0	0	30.24	59	58	55			b	none	10				
1873-09-14	5	-33.02	-71.63			a		https://s3.amazonaws.com/NARAprodstorage/lz/dc-metro/rg-024/581208/2020-03/581208-omaha-004/581208-omaha-004-188.JPG	https://s3.amazonaws.com/NARAprodstorage/lz/dc-metro/rg-024/581208/2020-03/581208-omaha-004/581208-omaha-004-188.JPG	 						0	0	0	30.23	60	56	54			bm	none	10				
1873-09-14	6	-33.02	-71.63			a		https://s3.amazonaws.com/NARAprodstorage/lz/dc-metro/rg-024/581208/2020-03/581208-omaha-004/581208-omaha-004-188.JPG	https://s3.amazonaws.com/NARAprodstorage/lz/dc-metro/rg-024/581208/2020-03/581208-omaha-004/581208-omaha-004-188.JPG	 						0	0	0	30.23	60	56	54			bm	none	10				
1873-09-14	7	-33.02	-71.63			a		https://s3.amazonaws.com/NARAprodstorage/lz/dc-metro/rg-024/581208/2020-03/581208-omaha-004/581208-omaha-004-188.JPG	https://s3.amazonaws.com/NARAprodstorage/lz/dc-metro/rg-024/581208/2020-03/581208-omaha-004/581208-omaha-004-188.JPG	 						0	0	0	30.25	61	56	53			bm	none	10				
1873-09-14	8	-33.02	-71.63			a		https://s3.amazonaws.com/NARAprodstorage/lz/dc-metro/rg-024/581208/2020-03/581208-omaha-004/581208-omaha-004-188.JPG	https://s3.amazonaws.com/NARAprodstorage/lz/dc-metro/rg-024/581208/2020-03/581208-omaha-004/581208-omaha-004-188.JPG	 						0	0	0	30.25	61	56	53			bm	none	10				
1873-09-14	9	-33.02	-71.63			a		https://s3.amazonaws.com/NARAprodstorage/lz/dc-metro/rg-024/581208/2020-03/581208-omaha-004/581208-omaha-004-188.JPG	https://s3.amazonaws.com/NARAprodstorage/lz/dc-metro/rg-024/581208/2020-03/581208-omaha-004/581208-omaha-004-188.JPG	 						315	331	2	30.3	61	60	53			bm	none	10				
1873-09-14	10	-33.02	-71.63			a		https://s3.amazonaws.com/NARAprodstorage/lz/dc-metro/rg-024/581208/2020-03/581208-omaha-004/581208-omaha-004-188.JPG	https://s3.amazonaws.com/NARAprodstorage/lz/dc-metro/rg-024/581208/2020-03/581208-omaha-004/581208-omaha-004-188.JPG	 						315	331	5	30.3	61	65	56			bm	none	10				
1873-09-14	11	-33.02	-71.63			a		https://s3.amazonaws.com/NARAprodstorage/lz/dc-metro/rg-024/581208/2020-03/581208-omaha-004/581208-omaha-004-188.JPG	https://s3.amazonaws.com/NARAprodstorage/lz/dc-metro/rg-024/581208/2020-03/581208-omaha-004/581208-omaha-004-188.JPG	 						315	331	2	30.3	61	70	56			bm	none	10				
1873-09-14	12	-33.02	-71.63			a		https://s3.amazonaws.com/NARAprodstorage/lz/dc-metro/rg-024/581208/2020-03/581208-omaha-004/581208-omaha-004-188.JPG	https://s3.amazonaws.com/NARAprodstorage/lz/dc-metro/rg-024/581208/2020-03/581208-omaha-004/581208-omaha-004-188.JPG	"Noon: Valparaiso, Chile."						315	331	2	30.36	62	70	56			bm	none	10				
1873-09-14	13	-33.02	-71.63			a		https://s3.amazonaws.com/NARAprodstorage/lz/dc-metro/rg-024/581208/2020-03/581208-omaha-004/581208-omaha-004-188.JPG	https://s3.amazonaws.com/NARAprodstorage/lz/dc-metro/rg-024/581208/2020-03/581208-omaha-004/581208-omaha-004-188.JPG	 						0	0	0	30.2	4	63	60			b	none	10				
1873-09-14	14	-33.02	-71.63			a		https://s3.amazonaws.com/NARAprodstorage/lz/dc-metro/rg-024/581208/2020-03/581208-omaha-004/581208-omaha-004-188.JPG	https://s3.amazonaws.com/NARAprodstorage/lz/dc-metro/rg-024/581208/2020-03/581208-omaha-004/581208-omaha-004-188.JPG	 						0	0	0	30.2	4	63	60			b	none	10				
1873-09-14	15	-33.02	-71.63			a		https://s3.amazonaws.com/NARAprodstorage/lz/dc-metro/rg-024/581208/2020-03/581208-omaha-004/581208-omaha-004-188.JPG	https://s3.amazonaws.com/NARAprodstorage/lz/dc-metro/rg-024/581208/2020-03/581208-omaha-004/581208-omaha-004-188.JPG	 						0	0	0	30.2	4	63	60			b	none	10				
1873-09-14	16	-33.02	-71.63			a		https://s3.amazonaws.com/NARAprodstorage/lz/dc-metro/rg-024/581208/2020-03/581208-omaha-004/581208-omaha-004-188.JPG	https://s3.amazonaws.com/NARAprodstorage/lz/dc-metro/rg-024/581208/2020-03/581208-omaha-004/581208-omaha-004-188.JPG	 						270	286	2	30.2	4	63	60			b	none	10				
1873-09-14	17	-33.02	-71.63			a		https://s3.amazonaws.com/NARAprodstorage/lz/dc-metro/rg-024/581208/2020-03/581208-omaha-004/581208-omaha-004-188.JPG	https://s3.amazonaws.com/NARAprodstorage/lz/dc-metro/rg-024/581208/2020-03/581208-omaha-004/581208-omaha-004-188.JPG	 						270	286	2	30.19	60	60	58			b	none	10				
1873-09-14	18	-33.02	-71.63			a		https://s3.amazonaws.com/NARAprodstorage/lz/dc-metro/rg-024/581208/2020-03/581208-omaha-004/581208-omaha-004-188.JPG	https://s3.amazonaws.com/NARAprodstorage/lz/dc-metro/rg-024/581208/2020-03/581208-omaha-004/581208-omaha-004-188.JPG	 						0	0	0	30.19	60	60	58			b	none	10				
1873-09-14	19	-33.02	-71.63			a		https://s3.amazonaws.com/NARAprodstorage/lz/dc-metro/rg-024/581208/2020-03/581208-omaha-004/581208-omaha-004-188.JPG	https://s3.amazonaws.com/NARAprodstorage/lz/dc-metro/rg-024/581208/2020-03/581208-omaha-004/581208-omaha-004-188.JPG	 						0	0	0	30.19	60	60	58			b	none	10				
1873-09-14	20	-33.02	-71.63			a		https://s3.amazonaws.com/NARAprodstorage/lz/dc-metro/rg-024/581208/2020-03/581208-omaha-004/581208-omaha-004-188.JPG	https://s3.amazonaws.com/NARAprodstorage/lz/dc-metro/rg-024/581208/2020-03/581208-omaha-004/581208-omaha-004-188.JPG	 						0	0	0	30.19	60	60	58			b	none	10				
1873-09-14	21	-33.02	-71.63			a		https://s3.amazonaws.com/NARAprodstorage/lz/dc-metro/rg-024/581208/2020-03/581208-omaha-004/581208-omaha-004-188.JPG	https://s3.amazonaws.com/NARAprodstorage/lz/dc-metro/rg-024/581208/2020-03/581208-omaha-004/581208-omaha-004-188.JPG	 						0	0	0	30.21	59	58	56			b	none	10				
1873-09-14	22	-33.02	-71.63			a		https://s3.amazonaws.com/NARAprodstorage/lz/dc-metro/rg-024/581208/2020-03/581208-omaha-004/581208-omaha-004-188.JPG	https://s3.amazonaws.com/NARAprodstorage/lz/dc-metro/rg-024/581208/2020-03/581208-omaha-004/581208-omaha-004-188.JPG	 						0	0	0	30.21	59	58	56			b	none	10				
1873-09-14	23	-33.02	-71.63			a		https://s3.amazonaws.com/NARAprodstorage/lz/dc-metro/rg-024/581208/2020-03/581208-omaha-004/581208-omaha-004-188.JPG	https://s3.amazonaws.com/NARAprodstorage/lz/dc-metro/rg-024/581208/2020-03/581208-omaha-004/581208-omaha-004-188.JPG	 						0	0	0	30.2	59	58	56			b	none	10				
1873-09-14	24	-33.02	-71.63			a		https://s3.amazonaws.com/NARAprodstorage/lz/dc-metro/rg-024/581208/2020-03/581208-omaha-004/581208-omaha-004-188.JPG	https://s3.amazonaws.com/NARAprodstorage/lz/dc-metro/rg-024/581208/2020-03/581208-omaha-004/581208-omaha-004-188.JPG	 						0	0	0	30.2	59	58	56			b	none	10				
1873-09-15	1	-33.02	-71.63			a		https://s3.amazonaws.com/NARAprodstorage/lz/dc-metro/rg-024/581208/2020-03/581208-omaha-004/581208-omaha-004-189.JPG	https://s3.amazonaws.com/NARAprodstorage/lz/dc-metro/rg-024/581208/2020-03/581208-omaha-004/581208-omaha-004-189.JPG	 						0	0	0	30.13	60	58	54			bm	none	10				
1873-09-15	2	-33.02	-71.63			a		https://s3.amazonaws.com/NARAprodstorage/lz/dc-metro/rg-024/581208/2020-03/581208-omaha-004/581208-omaha-004-189.JPG	https://s3.amazonaws.com/NARAprodstorage/lz/dc-metro/rg-024/581208/2020-03/581208-omaha-004/581208-omaha-004-189.JPG	 						0	0	0	30.13	60	58	54			bm	none	10				
1873-09-15	3	-33.02	-71.63			a		https://s3.amazonaws.com/NARAprodstorage/lz/dc-metro/rg-024/581208/2020-03/581208-omaha-004/581208-omaha-004-189.JPG	https://s3.amazonaws.com/NARAprodstorage/lz/dc-metro/rg-024/581208/2020-03/581208-omaha-004/581208-omaha-004-189.JPG	 						0	0	0	30.13	60	58	54			bm	none	10				
1873-09-15	4	-33.02	-71.63			a		https://s3.amazonaws.com/NARAprodstorage/lz/dc-metro/rg-024/581208/2020-03/581208-omaha-004/581208-omaha-004-189.JPG	https://s3.amazonaws.com/NARAprodstorage/lz/dc-metro/rg-024/581208/2020-03/581208-omaha-004/581208-omaha-004-189.JPG	 						0	0	0	30.13	60	58	54			bm	none	10				
1873-09-15	5	-33.02	-71.63			a		https://s3.amazonaws.com/NARAprodstorage/lz/dc-metro/rg-024/581208/2020-03/581208-omaha-004/581208-omaha-004-189.JPG	https://s3.amazonaws.com/NARAprodstorage/lz/dc-metro/rg-024/581208/2020-03/581208-omaha-004/581208-omaha-004-189.JPG	 						0	0	0	30.14	61	55	53			bm	none	10				
1873-09-15	6	-33.02	-71.63			a		https://s3.amazonaws.com/NARAprodstorage/lz/dc-metro/rg-024/581208/2020-03/581208-omaha-004/581208-omaha-004-189.JPG	https://s3.amazonaws.com/NARAprodstorage/lz/dc-metro/rg-024/581208/2020-03/581208-omaha-004/581208-omaha-004-189.JPG	 						0	0	0	30.14	61	55	53			b	none	10				
1873-09-15	7	-33.02	-71.63			a		https://s3.amazonaws.com/NARAprodstorage/lz/dc-metro/rg-024/581208/2020-03/581208-omaha-004/581208-omaha-004-189.JPG	https://s3.amazonaws.com/NARAprodstorage/lz/dc-metro/rg-024/581208/2020-03/581208-omaha-004/581208-omaha-004-189.JPG	 						135	151	1	30.14	61	55	53			ocf	nim	0				
1873-09-15	8	-33.02	-71.63			a		https://s3.amazonaws.com/NARAprodstorage/lz/dc-metro/rg-024/581208/2020-03/581208-omaha-004/581208-omaha-004-189.JPG	https://s3.amazonaws.com/NARAprodstorage/lz/dc-metro/rg-024/581208/2020-03/581208-omaha-004/581208-omaha-004-189.JPG	 						135	151	1	30.14	61	55	53			ocf	nim	0				
1873-09-15	9	-33.02	-71.63			a		https://s3.amazonaws.com/NARAprodstorage/lz/dc-metro/rg-024/581208/2020-03/581208-omaha-004/581208-omaha-004-189.JPG	https://s3.amazonaws.com/NARAprodstorage/lz/dc-metro/rg-024/581208/2020-03/581208-omaha-004/581208-omaha-004-189.JPG	 						360	16	1	30.14	61	54	53			ocf	nim	0				
1873-09-15	10	-33.02	-71.63			a		https://s3.amazonaws.com/NARAprodstorage/lz/dc-metro/rg-024/581208/2020-03/581208-omaha-004/581208-omaha-004-189.JPG	https://s3.amazonaws.com/NARAprodstorage/lz/dc-metro/rg-024/581208/2020-03/581208-omaha-004/581208-omaha-004-189.JPG	 						360	16	1	30.14	61	54	53			ocf	nim	0				
1873-09-15	11	-33.02	-71.63			a		https://s3.amazonaws.com/NARAprodstorage/lz/dc-metro/rg-024/581208/2020-03/581208-omaha-004/581208-omaha-004-189.JPG	https://s3.amazonaws.com/NARAprodstorage/lz/dc-metro/rg-024/581208/2020-03/581208-omaha-004/581208-omaha-004-189.JPG	 						360	16	1	30.18	61	54	53			ocf	nim	0				
1873-09-15	12	-33.02	-71.63			a		https://s3.amazonaws.com/NARAprodstorage/lz/dc-metro/rg-024/581208/2020-03/581208-omaha-004/581208-omaha-004-189.JPG	https://s3.amazonaws.com/NARAprodstorage/lz/dc-metro/rg-024/581208/2020-03/581208-omaha-004/581208-omaha-004-189.JPG	"Noon: Valparaiso, Chile."						360	16	1	30.18	61	54	53			ocf	nim	0				
1873-09-15	13	-33.02	-71.63			a		https://s3.amazonaws.com/NARAprodstorage/lz/dc-metro/rg-024/581208/2020-03/581208-omaha-004/581208-omaha-004-189.JPG	https://s3.amazonaws.com/NARAprodstorage/lz/dc-metro/rg-024/581208/2020-03/581208-omaha-004/581208-omaha-004-189.JPG	 						45	61	2	30.19	62	56	55			om	nim	0				
1873-09-15	14	-33.02	-71.63			a		https://s3.amazonaws.com/NARAprodstorage/lz/dc-metro/rg-024/581208/2020-03/581208-omaha-004/581208-omaha-004-189.JPG	https://s3.amazonaws.com/NARAprodstorage/lz/dc-metro/rg-024/581208/2020-03/581208-omaha-004/581208-omaha-004-189.JPG	 						45	61	2	30.19	62	56	55			om	nim	0				
1873-09-15	15	-33.02	-71.63			a		https://s3.amazonaws.com/NARAprodstorage/lz/dc-metro/rg-024/581208/2020-03/581208-omaha-004/581208-omaha-004-189.JPG	https://s3.amazonaws.com/NARAprodstorage/lz/dc-metro/rg-024/581208/2020-03/581208-omaha-004/581208-omaha-004-189.JPG	 						45	61	2	30.19	62	56	55			om	nim	0				
1873-09-15	16	-33.02	-71.63			a		https://s3.amazonaws.com/NARAprodstorage/lz/dc-metro/rg-024/581208/2020-03/581208-omaha-004/581208-omaha-004-189.JPG	https://s3.amazonaws.com/NARAprodstorage/lz/dc-metro/rg-024/581208/2020-03/581208-omaha-004/581208-omaha-004-189.JPG	 						45	61	2	30.19	62	56	55			om	nim	0				
1873-09-15	17	-33.02	-71.63			a		https://s3.amazonaws.com/NARAprodstorage/lz/dc-metro/rg-024/581208/2020-03/581208-omaha-004/581208-omaha-004-189.JPG	https://s3.amazonaws.com/NARAprodstorage/lz/dc-metro/rg-024/581208/2020-03/581208-omaha-004/581208-omaha-004-189.JPG	 						45	61	2	30.19	62	56	55			om	nim	0				
1873-09-15	18	-33.02	-71.63			a		https://s3.amazonaws.com/NARAprodstorage/lz/dc-metro/rg-024/581208/2020-03/581208-omaha-004/581208-omaha-004-189.JPG	https://s3.amazonaws.com/NARAprodstorage/lz/dc-metro/rg-024/581208/2020-03/581208-omaha-004/581208-omaha-004-189.JPG	 						45	61	2	30.19	62	56	55			om	nim	0				
1873-09-15	19	-33.02	-71.63			a		https://s3.amazonaws.com/NARAprodstorage/lz/dc-metro/rg-024/581208/2020-03/581208-omaha-004/581208-omaha-004-189.JPG	https://s3.amazonaws.com/NARAprodstorage/lz/dc-metro/rg-024/581208/2020-03/581208-omaha-004/581208-omaha-004-189.JPG	 						45	61	2	30.19	62	56	55			om	nim	0				
1873-09-15	20	-33.02	-71.63			a		https://s3.amazonaws.com/NARAprodstorage/lz/dc-metro/rg-024/581208/2020-03/581208-omaha-004/581208-omaha-004-189.JPG	https://s3.amazonaws.com/NARAprodstorage/lz/dc-metro/rg-024/581208/2020-03/581208-omaha-004/581208-omaha-004-189.JPG	 						45	61	2	30.2	61	56	56			ocmf	nim	0				
1873-09-15	21	-33.02	-71.63			a		https://s3.amazonaws.com/NARAprodstorage/lz/dc-metro/rg-024/581208/2020-03/581208-omaha-004/581208-omaha-004-189.JPG	https://s3.amazonaws.com/NARAprodstorage/lz/dc-metro/rg-024/581208/2020-03/581208-omaha-004/581208-omaha-004-189.JPG	 						0	0	0	30.2	61	56	56			ocmf	nim	0				
1873-09-15	22	-33.02	-71.63			a		https://s3.amazonaws.com/NARAprodstorage/lz/dc-metro/rg-024/581208/2020-03/581208-omaha-004/581208-omaha-004-189.JPG	https://s3.amazonaws.com/NARAprodstorage/lz/dc-metro/rg-024/581208/2020-03/581208-omaha-004/581208-omaha-004-189.JPG	 						0	0	0	30.2	61	56	56			ocmf	nim	0				
1873-09-15	23	-33.02	-71.63			a		https://s3.amazonaws.com/NARAprodstorage/lz/dc-metro/rg-024/581208/2020-03/581208-omaha-004/581208-omaha-004-189.JPG	https://s3.amazonaws.com/NARAprodstorage/lz/dc-metro/rg-024/581208/2020-03/581208-omaha-004/581208-omaha-004-189.JPG	 						0	0	0	30.2	61	56	56			ocmf	nim	0				
1873-09-15	24	-33.02	-71.63			a		https://s3.amazonaws.com/NARAprodstorage/lz/dc-metro/rg-024/581208/2020-03/581208-omaha-004/581208-omaha-004-189.JPG	https://s3.amazonaws.com/NARAprodstorage/lz/dc-metro/rg-024/581208/2020-03/581208-omaha-004/581208-omaha-004-189.JPG	 						0	0	0	30.16	61	56	56			ocm	nim	0				
1873-09-16	1	-33.02	-71.63			a		https://s3.amazonaws.com/NARAprodstorage/lz/dc-metro/rg-024/581208/2020-03/581208-omaha-004/581208-omaha-004-190.JPG	https://s3.amazonaws.com/NARAprodstorage/lz/dc-metro/rg-024/581208/2020-03/581208-omaha-004/581208-omaha-004-190.JPG	 						45	61	2	30.14	59	52	52				nim	0				
1873-09-16	2	-33.02	-71.63			a		https://s3.amazonaws.com/NARAprodstorage/lz/dc-metro/rg-024/581208/2020-03/581208-omaha-004/581208-omaha-004-190.JPG	https://s3.amazonaws.com/NARAprodstorage/lz/dc-metro/rg-024/581208/2020-03/581208-omaha-004/581208-omaha-004-190.JPG	 						45	61	2	30.14	59	52	52			ocr		0				
1873-09-16	3	-33.02	-71.63			a		https://s3.amazonaws.com/NARAprodstorage/lz/dc-metro/rg-024/581208/2020-03/581208-omaha-004/581208-omaha-004-190.JPG	https://s3.amazonaws.com/NARAprodstorage/lz/dc-metro/rg-024/581208/2020-03/581208-omaha-004/581208-omaha-004-190.JPG	 						45	61	2	30.14	59	52	52			ocr		0				
1873-09-16	4	-33.02	-71.63			a		https://s3.amazonaws.com/NARAprodstorage/lz/dc-metro/rg-024/581208/2020-03/581208-omaha-004/581208-omaha-004-190.JPG	https://s3.amazonaws.com/NARAprodstorage/lz/dc-metro/rg-024/581208/2020-03/581208-omaha-004/581208-omaha-004-190.JPG	 						45	61	3	30.14	59	52	52			ocr		0				
1873-09-16	5	-33.02	-71.63			a		https://s3.amazonaws.com/NARAprodstorage/lz/dc-metro/rg-024/581208/2020-03/581208-omaha-004/581208-omaha-004-190.JPG	https://s3.amazonaws.com/NARAprodstorage/lz/dc-metro/rg-024/581208/2020-03/581208-omaha-004/581208-omaha-004-190.JPG	 						360	16	5	30.12	60	54	54			ocm	nimb	0				
1873-09-16	6	-33.02	-71.63			a		https://s3.amazonaws.com/NARAprodstorage/lz/dc-metro/rg-024/581208/2020-03/581208-omaha-004/581208-omaha-004-190.JPG	https://s3.amazonaws.com/NARAprodstorage/lz/dc-metro/rg-024/581208/2020-03/581208-omaha-004/581208-omaha-004-190.JPG	 						360	16	8	30.12	60	54	54			ocm	nimb	0				
1873-09-16	7	-33.02	-71.63			a		https://s3.amazonaws.com/NARAprodstorage/lz/dc-metro/rg-024/581208/2020-03/581208-omaha-004/581208-omaha-004-190.JPG	https://s3.amazonaws.com/NARAprodstorage/lz/dc-metro/rg-024/581208/2020-03/581208-omaha-004/581208-omaha-004-190.JPG	 						360	16	13	30.16	60	54	54			ocmr	nimb	0				
1873-09-16	8	-33.02	-71.63			a		https://s3.amazonaws.com/NARAprodstorage/lz/dc-metro/rg-024/581208/2020-03/581208-omaha-004/581208-omaha-004-190.JPG	https://s3.amazonaws.com/NARAprodstorage/lz/dc-metro/rg-024/581208/2020-03/581208-omaha-004/581208-omaha-004-190.JPG	 						360	16	13	30.16	60	54	54			orm	nimb	0				
1873-09-16	9	-33.02	-71.63			a		https://s3.amazonaws.com/NARAprodstorage/lz/dc-metro/rg-024/581208/2020-03/581208-omaha-004/581208-omaha-004-190.JPG	https://s3.amazonaws.com/NARAprodstorage/lz/dc-metro/rg-024/581208/2020-03/581208-omaha-004/581208-omaha-004-190.JPG	 						360	16	2	30.16												
1873-09-16	10	-33.02	-71.63			a		https://s3.amazonaws.com/NARAprodstorage/lz/dc-metro/rg-024/581208/2020-03/581208-omaha-004/581208-omaha-004-190.JPG	https://s3.amazonaws.com/NARAprodstorage/lz/dc-metro/rg-024/581208/2020-03/581208-omaha-004/581208-omaha-004-190.JPG	 						360	16	2	30.16												
1873-09-16	11	-33.02	-71.63			a		https://s3.amazonaws.com/NARAprodstorage/lz/dc-metro/rg-024/581208/2020-03/581208-omaha-004/581208-omaha-004-190.JPG	https://s3.amazonaws.com/NARAprodstorage/lz/dc-metro/rg-024/581208/2020-03/581208-omaha-004/581208-omaha-004-190.JPG	 						360	16	5		60	56	55									
1873-09-16	12	-33.02	-71.63			a		https://s3.amazonaws.com/NARAprodstorage/lz/dc-metro/rg-024/581208/2020-03/581208-omaha-004/581208-omaha-004-190.JPG	https://s3.amazonaws.com/NARAprodstorage/lz/dc-metro/rg-024/581208/2020-03/581208-omaha-004/581208-omaha-004-190.JPG	"Noon: Valparaiso, Chile."						360	16	5	30.19	60	56	55									
1873-09-16	13	-33.02	-71.63			a		https://s3.amazonaws.com/NARAprodstorage/lz/dc-metro/rg-024/581208/2020-03/581208-omaha-004/581208-omaha-004-190.JPG	https://s3.amazonaws.com/NARAprodstorage/lz/dc-metro/rg-024/581208/2020-03/581208-omaha-004/581208-omaha-004-190.JPG	 						349	5	5	30.2	60	54	54			ocr	nim	0				
1873-09-16	14	-33.02	-71.63			a		https://s3.amazonaws.com/NARAprodstorage/lz/dc-metro/rg-024/581208/2020-03/581208-omaha-004/581208-omaha-004-190.JPG	https://s3.amazonaws.com/NARAprodstorage/lz/dc-metro/rg-024/581208/2020-03/581208-omaha-004/581208-omaha-004-190.JPG	 						349	5	5	30.2	60	55	55			ocr	nim	0				
1873-09-16	15	-33.02	-71.63			a		https://s3.amazonaws.com/NARAprodstorage/lz/dc-metro/rg-024/581208/2020-03/581208-omaha-004/581208-omaha-004-190.JPG	https://s3.amazonaws.com/NARAprodstorage/lz/dc-metro/rg-024/581208/2020-03/581208-omaha-004/581208-omaha-004-190.JPG	 						349	5	5	30.2	59	56	55			ocr	nim	0				
1873-09-16	16	-33.02	-71.63			a		https://s3.amazonaws.com/NARAprodstorage/lz/dc-metro/rg-024/581208/2020-03/581208-omaha-004/581208-omaha-004-190.JPG	https://s3.amazonaws.com/NARAprodstorage/lz/dc-metro/rg-024/581208/2020-03/581208-omaha-004/581208-omaha-004-190.JPG	 						349	5	2	30.2	59	56	55			ocr	nim	0				
1873-09-16	17	-33.02	-71.63			a		https://s3.amazonaws.com/NARAprodstorage/lz/dc-metro/rg-024/581208/2020-03/581208-omaha-004/581208-omaha-004-190.JPG	https://s3.amazonaws.com/NARAprodstorage/lz/dc-metro/rg-024/581208/2020-03/581208-omaha-004/581208-omaha-004-190.JPG	 						349	5	2	30.2	60	55	55			om	nim	0				
1873-09-16	18	-33.02	-71.63			a		https://s3.amazonaws.com/NARAprodstorage/lz/dc-metro/rg-024/581208/2020-03/581208-omaha-004/581208-omaha-004-190.JPG	https://s3.amazonaws.com/NARAprodstorage/lz/dc-metro/rg-024/581208/2020-03/581208-omaha-004/581208-omaha-004-190.JPG	 						349	5	2	30.2	60	55	55			om	nim	0				
1873-09-16	19	-33.02	-71.63			a		https://s3.amazonaws.com/NARAprodstorage/lz/dc-metro/rg-024/581208/2020-03/581208-omaha-004/581208-omaha-004-190.JPG	https://s3.amazonaws.com/NARAprodstorage/lz/dc-metro/rg-024/581208/2020-03/581208-omaha-004/581208-omaha-004-190.JPG	 						349	5	2	30.2	60	55	55			om	nim	0				
1873-09-16	20	-33.02	-71.63			a		https://s3.amazonaws.com/NARAprodstorage/lz/dc-metro/rg-024/581208/2020-03/581208-omaha-004/581208-omaha-004-190.JPG	https://s3.amazonaws.com/NARAprodstorage/lz/dc-metro/rg-024/581208/2020-03/581208-omaha-004/581208-omaha-004-190.JPG	 						349	5	0	30.2	60	55	55			om	nim	0				
1873-09-16	21	-33.02	-71.63			a		https://s3.amazonaws.com/NARAprodstorage/lz/dc-metro/rg-024/581208/2020-03/581208-omaha-004/581208-omaha-004-190.JPG	https://s3.amazonaws.com/NARAprodstorage/lz/dc-metro/rg-024/581208/2020-03/581208-omaha-004/581208-omaha-004-190.JPG	 						0	0	0	30.2	60	55	55			ocm	nimb	0				
1873-09-16	22	-33.02	-71.63			a		https://s3.amazonaws.com/NARAprodstorage/lz/dc-metro/rg-024/581208/2020-03/581208-omaha-004/581208-omaha-004-190.JPG	https://s3.amazonaws.com/NARAprodstorage/lz/dc-metro/rg-024/581208/2020-03/581208-omaha-004/581208-omaha-004-190.JPG	 						0	0	0	30.16	60	55	55			ocm	nimb	0				
1873-09-16	23	-33.02	-71.63			a		https://s3.amazonaws.com/NARAprodstorage/lz/dc-metro/rg-024/581208/2020-03/581208-omaha-004/581208-omaha-004-190.JPG	https://s3.amazonaws.com/NARAprodstorage/lz/dc-metro/rg-024/581208/2020-03/581208-omaha-004/581208-omaha-004-190.JPG	 						0	0	0	30.16	60	55	55			ocm	nimb	0				
1873-09-16	24	-33.02	-71.63			a		https://s3.amazonaws.com/NARAprodstorage/lz/dc-metro/rg-024/581208/2020-03/581208-omaha-004/581208-omaha-004-190.JPG	https://s3.amazonaws.com/NARAprodstorage/lz/dc-metro/rg-024/581208/2020-03/581208-omaha-004/581208-omaha-004-190.JPG	 						0	0	0	30.16	60	55	55			ocm	nimb	0				
1873-09-17	1	-33.02	-71.63			a		https://s3.amazonaws.com/NARAprodstorage/lz/dc-metro/rg-024/581208/2020-03/581208-omaha-004/581208-omaha-004-191.JPG	https://s3.amazonaws.com/NARAprodstorage/lz/dc-metro/rg-024/581208/2020-03/581208-omaha-004/581208-omaha-004-191.JPG	 						315	331	5	30.18	60	54	53			ocr	nim	0				
1873-09-17	2	-33.02	-71.63			a		https://s3.amazonaws.com/NARAprodstorage/lz/dc-metro/rg-024/581208/2020-03/581208-omaha-004/581208-omaha-004-191.JPG	https://s3.amazonaws.com/NARAprodstorage/lz/dc-metro/rg-024/581208/2020-03/581208-omaha-004/581208-omaha-004-191.JPG	 						315	331	2	30.18	60	54	53			ocr	nim	0				
1873-09-17	3	-33.02	-71.63			a		https://s3.amazonaws.com/NARAprodstorage/lz/dc-metro/rg-024/581208/2020-03/581208-omaha-004/581208-omaha-004-191.JPG	https://s3.amazonaws.com/NARAprodstorage/lz/dc-metro/rg-024/581208/2020-03/581208-omaha-004/581208-omaha-004-191.JPG	 						315	331	2	30.18	60	54	53			ocr	nim	0				
1873-09-17	4	-33.02	-71.63			a		https://s3.amazonaws.com/NARAprodstorage/lz/dc-metro/rg-024/581208/2020-03/581208-omaha-004/581208-omaha-004-191.JPG	https://s3.amazonaws.com/NARAprodstorage/lz/dc-metro/rg-024/581208/2020-03/581208-omaha-004/581208-omaha-004-191.JPG	 						0	0	0	30.18	60	54	53			ocr	nim	0				
1873-09-17	5	-33.02	-71.63			a		https://s3.amazonaws.com/NARAprodstorage/lz/dc-metro/rg-024/581208/2020-03/581208-omaha-004/581208-omaha-004-191.JPG	https://s3.amazonaws.com/NARAprodstorage/lz/dc-metro/rg-024/581208/2020-03/581208-omaha-004/581208-omaha-004-191.JPG	 						360	16	2	30.19	60	54	54			o	nim	0				
1873-09-17	6	-33.02	-71.63			a		https://s3.amazonaws.com/NARAprodstorage/lz/dc-metro/rg-024/581208/2020-03/581208-omaha-004/581208-omaha-004-191.JPG	https://s3.amazonaws.com/NARAprodstorage/lz/dc-metro/rg-024/581208/2020-03/581208-omaha-004/581208-omaha-004-191.JPG	 						360	16	2	30.19	60	54	54			o	nim	0				
1873-09-17	7	-33.02	-71.63			a		https://s3.amazonaws.com/NARAprodstorage/lz/dc-metro/rg-024/581208/2020-03/581208-omaha-004/581208-omaha-004-191.JPG	https://s3.amazonaws.com/NARAprodstorage/lz/dc-metro/rg-024/581208/2020-03/581208-omaha-004/581208-omaha-004-191.JPG	 						360	16	2	30.19	60	54	54			o	nim	0				
1873-09-17	8	-33.02	-71.63			a		https://s3.amazonaws.com/NARAprodstorage/lz/dc-metro/rg-024/581208/2020-03/581208-omaha-004/581208-omaha-004-191.JPG	https://s3.amazonaws.com/NARAprodstorage/lz/dc-metro/rg-024/581208/2020-03/581208-omaha-004/581208-omaha-004-191.JPG	 						360	16	2	30.19	60	54	54			o	nim	0				
1873-09-17	9	-33.02	-71.63			a		https://s3.amazonaws.com/NARAprodstorage/lz/dc-metro/rg-024/581208/2020-03/581208-omaha-004/581208-omaha-004-191.JPG	https://s3.amazonaws.com/NARAprodstorage/lz/dc-metro/rg-024/581208/2020-03/581208-omaha-004/581208-omaha-004-191.JPG	 						135	151	2	30.2	60	54				o	nim	0				
1873-09-17	10	-33.02	-71.63			a		https://s3.amazonaws.com/NARAprodstorage/lz/dc-metro/rg-024/581208/2020-03/581208-omaha-004/581208-omaha-004-191.JPG	https://s3.amazonaws.com/NARAprodstorage/lz/dc-metro/rg-024/581208/2020-03/581208-omaha-004/581208-omaha-004-191.JPG	 						135	151	2	30.2	60	55	55			oc	nim	0				
1873-09-17	11	-33.02	-71.63			a		https://s3.amazonaws.com/NARAprodstorage/lz/dc-metro/rg-024/581208/2020-03/581208-omaha-004/581208-omaha-004-191.JPG	https://s3.amazonaws.com/NARAprodstorage/lz/dc-metro/rg-024/581208/2020-03/581208-omaha-004/581208-omaha-004-191.JPG	 						135	151	2	30.2	60	55	55			oc	nim	0				
1873-09-17	12	-33.02	-71.63			a		https://s3.amazonaws.com/NARAprodstorage/lz/dc-metro/rg-024/581208/2020-03/581208-omaha-004/581208-omaha-004-191.JPG	https://s3.amazonaws.com/NARAprodstorage/lz/dc-metro/rg-024/581208/2020-03/581208-omaha-004/581208-omaha-004-191.JPG	"Noon: Valparaiso, Chile."						135	151	2	30.2	60	56	56			oc	nim	0				
1873-09-17	13	-33.02	-71.63			a		https://s3.amazonaws.com/NARAprodstorage/lz/dc-metro/rg-024/581208/2020-03/581208-omaha-004/581208-omaha-004-191.JPG	https://s3.amazonaws.com/NARAprodstorage/lz/dc-metro/rg-024/581208/2020-03/581208-omaha-004/581208-omaha-004-191.JPG	 						315	331	2	30.2	60	56	56			oc	cum nim	0				
1873-09-17	14	-33.02	-71.63			a		https://s3.amazonaws.com/NARAprodstorage/lz/dc-metro/rg-024/581208/2020-03/581208-omaha-004/581208-omaha-004-191.JPG	https://s3.amazonaws.com/NARAprodstorage/lz/dc-metro/rg-024/581208/2020-03/581208-omaha-004/581208-omaha-004-191.JPG	 						315	331	2	30.2	60	56	56			oc	cum nim	0				
1873-09-17	15	-33.02	-71.63			a		https://s3.amazonaws.com/NARAprodstorage/lz/dc-metro/rg-024/581208/2020-03/581208-omaha-004/581208-omaha-004-191.JPG	https://s3.amazonaws.com/NARAprodstorage/lz/dc-metro/rg-024/581208/2020-03/581208-omaha-004/581208-omaha-004-191.JPG	 						315	331	2	30.2	60	56	56			oc	cum nim	0				
1873-09-17	16	-33.02	-71.63			a		https://s3.amazonaws.com/NARAprodstorage/lz/dc-metro/rg-024/581208/2020-03/581208-omaha-004/581208-omaha-004-191.JPG	https://s3.amazonaws.com/NARAprodstorage/lz/dc-metro/rg-024/581208/2020-03/581208-omaha-004/581208-omaha-004-191.JPG	 						315	331	2	30.2	60	56	56			oc	cum nim	0				
1873-09-17	17	-33.02	-71.63			a		https://s3.amazonaws.com/NARAprodstorage/lz/dc-metro/rg-024/581208/2020-03/581208-omaha-004/581208-omaha-004-191.JPG	https://s3.amazonaws.com/NARAprodstorage/lz/dc-metro/rg-024/581208/2020-03/581208-omaha-004/581208-omaha-004-191.JPG	 						315	331	2	30.2	60	56	56			oc		0				
1873-09-17	18	-33.02	-71.63			a		https://s3.amazonaws.com/NARAprodstorage/lz/dc-metro/rg-024/581208/2020-03/581208-omaha-004/581208-omaha-004-191.JPG	https://s3.amazonaws.com/NARAprodstorage/lz/dc-metro/rg-024/581208/2020-03/581208-omaha-004/581208-omaha-004-191.JPG	 						315	331	2	30.2	60	56	56			oc		0				
1873-09-17	19	-33.02	-71.63			a		https://s3.amazonaws.com/NARAprodstorage/lz/dc-metro/rg-024/581208/2020-03/581208-omaha-004/581208-omaha-004-191.JPG	https://s3.amazonaws.com/NARAprodstorage/lz/dc-metro/rg-024/581208/2020-03/581208-omaha-004/581208-omaha-004-191.JPG	 						315	331	2	30.2	60	56	56			oc		0				
1873-09-17	20	-33.02	-71.63			a		https://s3.amazonaws.com/NARAprodstorage/lz/dc-metro/rg-024/581208/2020-03/581208-omaha-004/581208-omaha-004-191.JPG	https://s3.amazonaws.com/NARAprodstorage/lz/dc-metro/rg-024/581208/2020-03/581208-omaha-004/581208-omaha-004-191.JPG	 						315	331	2	30.2	60	55	55			oc		0				
1873-09-17	21	-33.02	-71.63			a		https://s3.amazonaws.com/NARAprodstorage/lz/dc-metro/rg-024/581208/2020-03/581208-omaha-004/581208-omaha-004-191.JPG	https://s3.amazonaws.com/NARAprodstorage/lz/dc-metro/rg-024/581208/2020-03/581208-omaha-004/581208-omaha-004-191.JPG	 						0	0	0	30.19	60	56	56			oc	nim	0				
1873-09-17	22	-33.02	-71.63			a		https://s3.amazonaws.com/NARAprodstorage/lz/dc-metro/rg-024/581208/2020-03/581208-omaha-004/581208-omaha-004-191.JPG	https://s3.amazonaws.com/NARAprodstorage/lz/dc-metro/rg-024/581208/2020-03/581208-omaha-004/581208-omaha-004-191.JPG	 						0	0	0		60	56	56			oc	nim	0				
1873-09-17	23	-33.02	-71.63			a		https://s3.amazonaws.com/NARAprodstorage/lz/dc-metro/rg-024/581208/2020-03/581208-omaha-004/581208-omaha-004-191.JPG	https://s3.amazonaws.com/NARAprodstorage/lz/dc-metro/rg-024/581208/2020-03/581208-omaha-004/581208-omaha-004-191.JPG	 						0	0	0		60	56	56			oc	nim	0				
1873-09-17	24	-33.02	-71.63			a		https://s3.amazonaws.com/NARAprodstorage/lz/dc-metro/rg-024/581208/2020-03/581208-omaha-004/581208-omaha-004-191.JPG	https://s3.amazonaws.com/NARAprodstorage/lz/dc-metro/rg-024/581208/2020-03/581208-omaha-004/581208-omaha-004-191.JPG	 						0	0	0		60	56	56			oc	nim	0				
1873-09-18	1	-33.02	-71.63			a		https://s3.amazonaws.com/NARAprodstorage/lz/dc-metro/rg-024/581208/2020-03/581208-omaha-004/581208-omaha-004-192.JPG	https://s3.amazonaws.com/NARAprodstorage/lz/dc-metro/rg-024/581208/2020-03/581208-omaha-004/581208-omaha-004-192.JPG	 						0	0	0	30.18	60	53	56			b	none	10				
1873-09-18	2	-33.02	-71.63			a		https://s3.amazonaws.com/NARAprodstorage/lz/dc-metro/rg-024/581208/2020-03/581208-omaha-004/581208-omaha-004-192.JPG	https://s3.amazonaws.com/NARAprodstorage/lz/dc-metro/rg-024/581208/2020-03/581208-omaha-004/581208-omaha-004-192.JPG	 						0	0	0	30.18	60	53	56			b	none	10				
1873-09-18	3	-33.02	-71.63			a		https://s3.amazonaws.com/NARAprodstorage/lz/dc-metro/rg-024/581208/2020-03/581208-omaha-004/581208-omaha-004-192.JPG	https://s3.amazonaws.com/NARAprodstorage/lz/dc-metro/rg-024/581208/2020-03/581208-omaha-004/581208-omaha-004-192.JPG	 						0	0	0	30.18	60	56	55			b	none	10				
1873-09-18	4	-33.02	-71.63			a		https://s3.amazonaws.com/NARAprodstorage/lz/dc-metro/rg-024/581208/2020-03/581208-omaha-004/581208-omaha-004-192.JPG	https://s3.amazonaws.com/NARAprodstorage/lz/dc-metro/rg-024/581208/2020-03/581208-omaha-004/581208-omaha-004-192.JPG	 						0	0	0	30.18	60	56	55			b	none	10				"0400: At Sunrise, dressed ship (Rainbow) in honor of the Anniversary of the independence of Chile."
1873-09-18	5	-33.02	-71.63			a		https://s3.amazonaws.com/NARAprodstorage/lz/dc-metro/rg-024/581208/2020-03/581208-omaha-004/581208-omaha-004-192.JPG	https://s3.amazonaws.com/NARAprodstorage/lz/dc-metro/rg-024/581208/2020-03/581208-omaha-004/581208-omaha-004-192.JPG	 						0	0	0	30.19	59	56	55			oc	nim	0				
1873-09-18	6	-33.02	-71.63			a		https://s3.amazonaws.com/NARAprodstorage/lz/dc-metro/rg-024/581208/2020-03/581208-omaha-004/581208-omaha-004-192.JPG	https://s3.amazonaws.com/NARAprodstorage/lz/dc-metro/rg-024/581208/2020-03/581208-omaha-004/581208-omaha-004-192.JPG	 						0	0	0	30.19	59	56	55			oc	nim	0				
1873-09-18	7	-33.02	-71.63			a		https://s3.amazonaws.com/NARAprodstorage/lz/dc-metro/rg-024/581208/2020-03/581208-omaha-004/581208-omaha-004-192.JPG	https://s3.amazonaws.com/NARAprodstorage/lz/dc-metro/rg-024/581208/2020-03/581208-omaha-004/581208-omaha-004-192.JPG	 						0	0	0	30.19	59	56	55			oc	nim	0				
1873-09-18	8	-33.02	-71.63			a		https://s3.amazonaws.com/NARAprodstorage/lz/dc-metro/rg-024/581208/2020-03/581208-omaha-004/581208-omaha-004-192.JPG	https://s3.amazonaws.com/NARAprodstorage/lz/dc-metro/rg-024/581208/2020-03/581208-omaha-004/581208-omaha-004-192.JPG	 						0	0	0	30.19	59	56	56			oc	nim	0				
1873-09-18	9	-33.02	-71.63			a		https://s3.amazonaws.com/NARAprodstorage/lz/dc-metro/rg-024/581208/2020-03/581208-omaha-004/581208-omaha-004-192.JPG	https://s3.amazonaws.com/NARAprodstorage/lz/dc-metro/rg-024/581208/2020-03/581208-omaha-004/581208-omaha-004-192.JPG	 						0	0	0	30.19	59	55	55			oc	nim	0				
1873-09-18	10	-33.02	-71.63			a		https://s3.amazonaws.com/NARAprodstorage/lz/dc-metro/rg-024/581208/2020-03/581208-omaha-004/581208-omaha-004-192.JPG	https://s3.amazonaws.com/NARAprodstorage/lz/dc-metro/rg-024/581208/2020-03/581208-omaha-004/581208-omaha-004-192.JPG	 						0	0	0	30.19	59	55	55			oc	nim	0				
1873-09-18	11	-33.02	-71.63			a		https://s3.amazonaws.com/NARAprodstorage/lz/dc-metro/rg-024/581208/2020-03/581208-omaha-004/581208-omaha-004-192.JPG	https://s3.amazonaws.com/NARAprodstorage/lz/dc-metro/rg-024/581208/2020-03/581208-omaha-004/581208-omaha-004-192.JPG	 						0	0	0	30.19	59	55	55			oc	nim	0				
1873-09-18	12	-33.02	-71.63			a		https://s3.amazonaws.com/NARAprodstorage/lz/dc-metro/rg-024/581208/2020-03/581208-omaha-004/581208-omaha-004-192.JPG	https://s3.amazonaws.com/NARAprodstorage/lz/dc-metro/rg-024/581208/2020-03/581208-omaha-004/581208-omaha-004-192.JPG	"Noon: Valparaiso, Chile."						0	0	0	30.19	59	55	55			oc	nim	0				
1873-09-18	13	-33.02	-71.63			a		https://s3.amazonaws.com/NARAprodstorage/lz/dc-metro/rg-024/581208/2020-03/581208-omaha-004/581208-omaha-004-192.JPG	https://s3.amazonaws.com/NARAprodstorage/lz/dc-metro/rg-024/581208/2020-03/581208-omaha-004/581208-omaha-004-192.JPG	 						270	286	2	30.2	58	52	52			oc	cm nim	0				
1873-09-18	14	-33.02	-71.63			a		https://s3.amazonaws.com/NARAprodstorage/lz/dc-metro/rg-024/581208/2020-03/581208-omaha-004/581208-omaha-004-192.JPG	https://s3.amazonaws.com/NARAprodstorage/lz/dc-metro/rg-024/581208/2020-03/581208-omaha-004/581208-omaha-004-192.JPG	 						270	286	2	30.2	58	52	52			oc	cm nim	0				
1873-09-18	15	-33.02	-71.63			a		https://s3.amazonaws.com/NARAprodstorage/lz/dc-metro/rg-024/581208/2020-03/581208-omaha-004/581208-omaha-004-192.JPG	https://s3.amazonaws.com/NARAprodstorage/lz/dc-metro/rg-024/581208/2020-03/581208-omaha-004/581208-omaha-004-192.JPG	 						270	286	2	30.2	58	52	52			oc	cm nim	0				
1873-09-18	16	-33.02	-71.63			a		https://s3.amazonaws.com/NARAprodstorage/lz/dc-metro/rg-024/581208/2020-03/581208-omaha-004/581208-omaha-004-192.JPG	https://s3.amazonaws.com/NARAprodstorage/lz/dc-metro/rg-024/581208/2020-03/581208-omaha-004/581208-omaha-004-192.JPG	 						270	286	2	30.2	58	52	52			oc	cm nim	0				
1873-09-18	17	-33.02	-71.63			a		https://s3.amazonaws.com/NARAprodstorage/lz/dc-metro/rg-024/581208/2020-03/581208-omaha-004/581208-omaha-004-192.JPG	https://s3.amazonaws.com/NARAprodstorage/lz/dc-metro/rg-024/581208/2020-03/581208-omaha-004/581208-omaha-004-192.JPG	 						315	331	2	30.19	59	55	55			oc	nim	0				
1873-09-18	18	-33.02	-71.63			a		https://s3.amazonaws.com/NARAprodstorage/lz/dc-metro/rg-024/581208/2020-03/581208-omaha-004/581208-omaha-004-192.JPG	https://s3.amazonaws.com/NARAprodstorage/lz/dc-metro/rg-024/581208/2020-03/581208-omaha-004/581208-omaha-004-192.JPG	 						315	331	2	30.19	59	55	55			oc	nim	0				
1873-09-18	19	-33.02	-71.63			a		https://s3.amazonaws.com/NARAprodstorage/lz/dc-metro/rg-024/581208/2020-03/581208-omaha-004/581208-omaha-004-192.JPG	https://s3.amazonaws.com/NARAprodstorage/lz/dc-metro/rg-024/581208/2020-03/581208-omaha-004/581208-omaha-004-192.JPG	 						315	331	2	30.19	59	55	55			oc	nim	0				
1873-09-18	20	-33.02	-71.63			a		https://s3.amazonaws.com/NARAprodstorage/lz/dc-metro/rg-024/581208/2020-03/581208-omaha-004/581208-omaha-004-192.JPG	https://s3.amazonaws.com/NARAprodstorage/lz/dc-metro/rg-024/581208/2020-03/581208-omaha-004/581208-omaha-004-192.JPG	 						315	331	2	30.19	59	55	55			oc	nim	0				
1873-09-18	21	-33.02	-71.63			a		https://s3.amazonaws.com/NARAprodstorage/lz/dc-metro/rg-024/581208/2020-03/581208-omaha-004/581208-omaha-004-192.JPG	https://s3.amazonaws.com/NARAprodstorage/lz/dc-metro/rg-024/581208/2020-03/581208-omaha-004/581208-omaha-004-192.JPG	 						0	0	0	30.18	58	54	54			oc	cum nim	0				
1873-09-18	22	-33.02	-71.63			a		https://s3.amazonaws.com/NARAprodstorage/lz/dc-metro/rg-024/581208/2020-03/581208-omaha-004/581208-omaha-004-192.JPG	https://s3.amazonaws.com/NARAprodstorage/lz/dc-metro/rg-024/581208/2020-03/581208-omaha-004/581208-omaha-004-192.JPG	 						0	0	0	30.18	58	54	54			oc	cum nim	0				
1873-09-18	23	-33.02	-71.63			a		https://s3.amazonaws.com/NARAprodstorage/lz/dc-metro/rg-024/581208/2020-03/581208-omaha-004/581208-omaha-004-192.JPG	https://s3.amazonaws.com/NARAprodstorage/lz/dc-metro/rg-024/581208/2020-03/581208-omaha-004/581208-omaha-004-192.JPG	 						0	0	0	30.02	58	54	54			oc	cum nim	0				
1873-09-18	24	-33.02	-71.63			a		https://s3.amazonaws.com/NARAprodstorage/lz/dc-metro/rg-024/581208/2020-03/581208-omaha-004/581208-omaha-004-192.JPG	https://s3.amazonaws.com/NARAprodstorage/lz/dc-metro/rg-024/581208/2020-03/581208-omaha-004/581208-omaha-004-192.JPG	 						0	0	0	30.02	58	54	54			oc	cum nim	0				
1873-09-19	1	-33.02	-71.63			a		https://s3.amazonaws.com/NARAprodstorage/lz/dc-metro/rg-024/581208/2020-03/581208-omaha-004/581208-omaha-004-193.JPG	https://s3.amazonaws.com/NARAprodstorage/lz/dc-metro/rg-024/581208/2020-03/581208-omaha-004/581208-omaha-004-194.JPG	 						0	0	0	30.2	57	54	54			oc	nim	0				
1873-09-19	2	-33.02	-71.63			a		https://s3.amazonaws.com/NARAprodstorage/lz/dc-metro/rg-024/581208/2020-03/581208-omaha-004/581208-omaha-004-193.JPG	https://s3.amazonaws.com/NARAprodstorage/lz/dc-metro/rg-024/581208/2020-03/581208-omaha-004/581208-omaha-004-193.JPG	 						0	0	0	30.2	57	54	54			oc	nim	0				
1873-09-19	3	-33.02	-71.63			a		https://s3.amazonaws.com/NARAprodstorage/lz/dc-metro/rg-024/581208/2020-03/581208-omaha-004/581208-omaha-004-193.JPG	https://s3.amazonaws.com/NARAprodstorage/lz/dc-metro/rg-024/581208/2020-03/581208-omaha-004/581208-omaha-004-193.JPG	 						0	0	0	30.22	57	54	53			oc	nim	0				
1873-09-19	4	-33.02	-71.63			a		https://s3.amazonaws.com/NARAprodstorage/lz/dc-metro/rg-024/581208/2020-03/581208-omaha-004/581208-omaha-004-193.JPG	https://s3.amazonaws.com/NARAprodstorage/lz/dc-metro/rg-024/581208/2020-03/581208-omaha-004/581208-omaha-004-193.JPG	 						0	0	0	30.22	57	54	53			oc	nim	0				
1873-09-19	5	-33.02	-71.63			a		https://s3.amazonaws.com/NARAprodstorage/lz/dc-metro/rg-024/581208/2020-03/581208-omaha-004/581208-omaha-004-193.JPG	https://s3.amazonaws.com/NARAprodstorage/lz/dc-metro/rg-024/581208/2020-03/581208-omaha-004/581208-omaha-004-193.JPG	 						315	331	2	30.16	57	54	54			oc	nim	0				
1873-09-19	6	-33.02	-71.63			a		https://s3.amazonaws.com/NARAprodstorage/lz/dc-metro/rg-024/581208/2020-03/581208-omaha-004/581208-omaha-004-193.JPG	https://s3.amazonaws.com/NARAprodstorage/lz/dc-metro/rg-024/581208/2020-03/581208-omaha-004/581208-omaha-004-193.JPG	 						315	331	2	30.16	57	54	54			oc	nim	0				
1873-09-19	7	-33.02	-71.63			a		https://s3.amazonaws.com/NARAprodstorage/lz/dc-metro/rg-024/581208/2020-03/581208-omaha-004/581208-omaha-004-193.JPG	https://s3.amazonaws.com/NARAprodstorage/lz/dc-metro/rg-024/581208/2020-03/581208-omaha-004/581208-omaha-004-193.JPG	 						315	331	5	30.16	57	54	54			oc	nim	0				
1873-09-19	8	-33.02	-71.63			a		https://s3.amazonaws.com/NARAprodstorage/lz/dc-metro/rg-024/581208/2020-03/581208-omaha-004/581208-omaha-004-193.JPG	https://s3.amazonaws.com/NARAprodstorage/lz/dc-metro/rg-024/581208/2020-03/581208-omaha-004/581208-omaha-004-193.JPG	 						315	331	5	30.16	57	54	54			oc	nim	0				
1873-09-19	9	-33.02	-71.63			a		https://s3.amazonaws.com/NARAprodstorage/lz/dc-metro/rg-024/581208/2020-03/581208-omaha-004/581208-omaha-004-193.JPG	https://s3.amazonaws.com/NARAprodstorage/lz/dc-metro/rg-024/581208/2020-03/581208-omaha-004/581208-omaha-004-193.JPG	 						315	331	8	30.17	57	55	54			oc	cum nim	0				
1873-09-19	10	-33.02	-71.63			a		https://s3.amazonaws.com/NARAprodstorage/lz/dc-metro/rg-024/581208/2020-03/581208-omaha-004/581208-omaha-004-193.JPG	https://s3.amazonaws.com/NARAprodstorage/lz/dc-metro/rg-024/581208/2020-03/581208-omaha-004/581208-omaha-004-193.JPG	 						315	331	8	30.17	57	55	54			oc	cum nim	0				
1873-09-19	11	-33.02	-71.63			a		https://s3.amazonaws.com/NARAprodstorage/lz/dc-metro/rg-024/581208/2020-03/581208-omaha-004/581208-omaha-004-193.JPG	https://s3.amazonaws.com/NARAprodstorage/lz/dc-metro/rg-024/581208/2020-03/581208-omaha-004/581208-omaha-004-193.JPG	 						315	331	8	30.17	57	55	54			oc	cum nim	0				
1873-09-19	12	-33.02	-71.63			a		https://s3.amazonaws.com/NARAprodstorage/lz/dc-metro/rg-024/581208/2020-03/581208-omaha-004/581208-omaha-004-193.JPG	https://s3.amazonaws.com/NARAprodstorage/lz/dc-metro/rg-024/581208/2020-03/581208-omaha-004/581208-omaha-004-193.JPG	 						315	331	8	30.17	57	55	54			oc	cum nim	0				
1873-09-19	13	-33.02	-71.63			a		https://s3.amazonaws.com/NARAprodstorage/lz/dc-metro/rg-024/581208/2020-03/581208-omaha-004/581208-omaha-004-193.JPG	https://s3.amazonaws.com/NARAprodstorage/lz/dc-metro/rg-024/581208/2020-03/581208-omaha-004/581208-omaha-004-193.JPG	 						360	16	5	30.17	57	56	56			bc	cum nim	2				
1873-09-19	14	-33.02	-71.63			a		https://s3.amazonaws.com/NARAprodstorage/lz/dc-metro/rg-024/581208/2020-03/581208-omaha-004/581208-omaha-004-193.JPG	https://s3.amazonaws.com/NARAprodstorage/lz/dc-metro/rg-024/581208/2020-03/581208-omaha-004/581208-omaha-004-193.JPG	 						360	16	5	30.17	57	56	56			bc	cum nim	2				
1873-09-19	15	-33.02	-71.63			a		https://s3.amazonaws.com/NARAprodstorage/lz/dc-metro/rg-024/581208/2020-03/581208-omaha-004/581208-omaha-004-193.JPG	https://s3.amazonaws.com/NARAprodstorage/lz/dc-metro/rg-024/581208/2020-03/581208-omaha-004/581208-omaha-004-193.JPG	 						360	16	5	30.17	57	56	56			bc	cum nim	4				
1873-09-19	16	-33.02	-71.63			a		https://s3.amazonaws.com/NARAprodstorage/lz/dc-metro/rg-024/581208/2020-03/581208-omaha-004/581208-omaha-004-193.JPG	https://s3.amazonaws.com/NARAprodstorage/lz/dc-metro/rg-024/581208/2020-03/581208-omaha-004/581208-omaha-004-193.JPG	 						360	16	5	30.16	57	56	56			bc	cum nim	6				
1873-09-19	17	-33.02	-71.63			a		https://s3.amazonaws.com/NARAprodstorage/lz/dc-metro/rg-024/581208/2020-03/581208-omaha-004/581208-omaha-004-193.JPG	https://s3.amazonaws.com/NARAprodstorage/lz/dc-metro/rg-024/581208/2020-03/581208-omaha-004/581208-omaha-004-193.JPG	 						315	331	2	30.16	57	56	55			bc	cum nim	4				
1873-09-19	18	-33.02	-71.63			a		https://s3.amazonaws.com/NARAprodstorage/lz/dc-metro/rg-024/581208/2020-03/581208-omaha-004/581208-omaha-004-193.JPG	https://s3.amazonaws.com/NARAprodstorage/lz/dc-metro/rg-024/581208/2020-03/581208-omaha-004/581208-omaha-004-193.JPG	 						315	331	2	30.14	57	56	55			bc	cum nim	2				
1873-09-19	19	-33.02	-71.63			a		https://s3.amazonaws.com/NARAprodstorage/lz/dc-metro/rg-024/581208/2020-03/581208-omaha-004/581208-omaha-004-193.JPG	https://s3.amazonaws.com/NARAprodstorage/lz/dc-metro/rg-024/581208/2020-03/581208-omaha-004/581208-omaha-004-193.JPG	 						315	331	2	30.13	57	56	55			bc	cum nim	2				
1873-09-19	20	-33.02	-71.63			a		https://s3.amazonaws.com/NARAprodstorage/lz/dc-metro/rg-024/581208/2020-03/581208-omaha-004/581208-omaha-004-193.JPG	https://s3.amazonaws.com/NARAprodstorage/lz/dc-metro/rg-024/581208/2020-03/581208-omaha-004/581208-omaha-004-193.JPG	 						315	331	2	30.13	57	56	55			bc	cum nim	2				
1873-09-19	21	-33.02	-71.63			a		https://s3.amazonaws.com/NARAprodstorage/lz/dc-metro/rg-024/581208/2020-03/581208-omaha-004/581208-omaha-004-193.JPG	https://s3.amazonaws.com/NARAprodstorage/lz/dc-metro/rg-024/581208/2020-03/581208-omaha-004/581208-omaha-004-193.JPG	 						315	331	8	30.13	57	56	55			bc	cum nim	2				
1873-09-19	22	-33.02	-71.63			a		https://s3.amazonaws.com/NARAprodstorage/lz/dc-metro/rg-024/581208/2020-03/581208-omaha-004/581208-omaha-004-193.JPG	https://s3.amazonaws.com/NARAprodstorage/lz/dc-metro/rg-024/581208/2020-03/581208-omaha-004/581208-omaha-004-193.JPG	 						315	331	8	30.13	57	55	54			bc	cum nim	4				
1873-09-19	23	-33.02	-71.63			a		https://s3.amazonaws.com/NARAprodstorage/lz/dc-metro/rg-024/581208/2020-03/581208-omaha-004/581208-omaha-004-193.JPG	https://s3.amazonaws.com/NARAprodstorage/lz/dc-metro/rg-024/581208/2020-03/581208-omaha-004/581208-omaha-004-193.JPG	 						315	331	8	30.13	57	55	54			bc	cum nim	4				
1873-09-19	24	-33.02	-71.63			a		https://s3.amazonaws.com/NARAprodstorage/lz/dc-metro/rg-024/581208/2020-03/581208-omaha-004/581208-omaha-004-193.JPG	https://s3.amazonaws.com/NARAprodstorage/lz/dc-metro/rg-024/581208/2020-03/581208-omaha-004/581208-omaha-004-193.JPG	 						315	331	8	30.12	56	55	54			bc	cum nim	4				
1873-09-20	1	-33.02	-71.63			a		https://s3.amazonaws.com/NARAprodstorage/lz/dc-metro/rg-024/581208/2020-03/581208-omaha-004/581208-omaha-004-195.JPG	https://s3.amazonaws.com/NARAprodstorage/lz/dc-metro/rg-024/581208/2020-03/581208-omaha-004/581208-omaha-004-195.JPG	 						360	16	13	30.11	56	55	51			bc	cir cum	7				
1873-09-20	2	-33.02	-71.63			a		https://s3.amazonaws.com/NARAprodstorage/lz/dc-metro/rg-024/581208/2020-03/581208-omaha-004/581208-omaha-004-195.JPG	https://s3.amazonaws.com/NARAprodstorage/lz/dc-metro/rg-024/581208/2020-03/581208-omaha-004/581208-omaha-004-195.JPG	 						360	16	13	30.11	56	55	51			bc	cir cum	7				
1873-09-20	3	-33.02	-71.63			a		https://s3.amazonaws.com/NARAprodstorage/lz/dc-metro/rg-024/581208/2020-03/581208-omaha-004/581208-omaha-004-195.JPG	https://s3.amazonaws.com/NARAprodstorage/lz/dc-metro/rg-024/581208/2020-03/581208-omaha-004/581208-omaha-004-195.JPG	 						360	16	8	30.11	56	55	51			bc	cir cum	7				
1873-09-20	4	-33.02	-71.63			a		https://s3.amazonaws.com/NARAprodstorage/lz/dc-metro/rg-024/581208/2020-03/581208-omaha-004/581208-omaha-004-195.JPG	https://s3.amazonaws.com/NARAprodstorage/lz/dc-metro/rg-024/581208/2020-03/581208-omaha-004/581208-omaha-004-195.JPG	 						360	16	8	30.11	56	55	51			bc	cir cum	7				
1873-09-20	5	-33.02	-71.63			a		https://s3.amazonaws.com/NARAprodstorage/lz/dc-metro/rg-024/581208/2020-03/581208-omaha-004/581208-omaha-004-195.JPG	https://s3.amazonaws.com/NARAprodstorage/lz/dc-metro/rg-024/581208/2020-03/581208-omaha-004/581208-omaha-004-195.JPG	 						45	61	8	30.1	58	55	54			bc	cum nim	2				
1873-09-20	6	-33.02	-71.63			a		https://s3.amazonaws.com/NARAprodstorage/lz/dc-metro/rg-024/581208/2020-03/581208-omaha-004/581208-omaha-004-195.JPG	https://s3.amazonaws.com/NARAprodstorage/lz/dc-metro/rg-024/581208/2020-03/581208-omaha-004/581208-omaha-004-195.JPG	 						45	61	8	30.1	58	55	54			bc	cum nim	2				
1873-09-20	7	-33.02	-71.63			a		https://s3.amazonaws.com/NARAprodstorage/lz/dc-metro/rg-024/581208/2020-03/581208-omaha-004/581208-omaha-004-195.JPG	https://s3.amazonaws.com/NARAprodstorage/lz/dc-metro/rg-024/581208/2020-03/581208-omaha-004/581208-omaha-004-195.JPG	 						45	61	8	30.1	58	55	54			bc	cum nim	2				
1873-09-20	8	-33.02	-71.63			a		https://s3.amazonaws.com/NARAprodstorage/lz/dc-metro/rg-024/581208/2020-03/581208-omaha-004/581208-omaha-004-195.JPG	https://s3.amazonaws.com/NARAprodstorage/lz/dc-metro/rg-024/581208/2020-03/581208-omaha-004/581208-omaha-004-195.JPG	 						45	61	8	30.1	58	55	54			bc	cum nim	2				
1873-09-20	9	-33.02	-71.63			a		https://s3.amazonaws.com/NARAprodstorage/lz/dc-metro/rg-024/581208/2020-03/581208-omaha-004/581208-omaha-004-195.JPG	https://s3.amazonaws.com/NARAprodstorage/lz/dc-metro/rg-024/581208/2020-03/581208-omaha-004/581208-omaha-004-195.JPG	 						315	331	13	30.11	60	57	55			bc	cum nim	3				
1873-09-20	10	-33.02	-71.63			a		https://s3.amazonaws.com/NARAprodstorage/lz/dc-metro/rg-024/581208/2020-03/581208-omaha-004/581208-omaha-004-195.JPG	https://s3.amazonaws.com/NARAprodstorage/lz/dc-metro/rg-024/581208/2020-03/581208-omaha-004/581208-omaha-004-195.JPG	 						315	331	13	30.11	60	57	55			bc	cum nim	3				
1873-09-20	11	-33.02	-71.63			a		https://s3.amazonaws.com/NARAprodstorage/lz/dc-metro/rg-024/581208/2020-03/581208-omaha-004/581208-omaha-004-195.JPG	https://s3.amazonaws.com/NARAprodstorage/lz/dc-metro/rg-024/581208/2020-03/581208-omaha-004/581208-omaha-004-195.JPG	 						315	331	13	30.12	61	59	58			bc	cum nim	3				
1873-09-20	12	-33.02	-71.63			a		https://s3.amazonaws.com/NARAprodstorage/lz/dc-metro/rg-024/581208/2020-03/581208-omaha-004/581208-omaha-004-195.JPG	https://s3.amazonaws.com/NARAprodstorage/lz/dc-metro/rg-024/581208/2020-03/581208-omaha-004/581208-omaha-004-195.JPG	"Noon: Valparaiso, Chile."						315	331	13	30.12	61	59	58			bc	cum nim	3				
1873-09-20	13	-33.02	-71.63			a		https://s3.amazonaws.com/NARAprodstorage/lz/dc-metro/rg-024/581208/2020-03/581208-omaha-004/581208-omaha-004-195.JPG	https://s3.amazonaws.com/NARAprodstorage/lz/dc-metro/rg-024/581208/2020-03/581208-omaha-004/581208-omaha-004-195.JPG	 						360	16	8	30.15	62	60	57			bc	cir cum	4				
1873-09-20	14	-33.02	-71.63			a		https://s3.amazonaws.com/NARAprodstorage/lz/dc-metro/rg-024/581208/2020-03/581208-omaha-004/581208-omaha-004-195.JPG	https://s3.amazonaws.com/NARAprodstorage/lz/dc-metro/rg-024/581208/2020-03/581208-omaha-004/581208-omaha-004-195.JPG	 						360	16	8	30.15	62	60	57			bc	cir cum	6				
1873-09-20	15	-33.02	-71.63			a		https://s3.amazonaws.com/NARAprodstorage/lz/dc-metro/rg-024/581208/2020-03/581208-omaha-004/581208-omaha-004-195.JPG	https://s3.amazonaws.com/NARAprodstorage/lz/dc-metro/rg-024/581208/2020-03/581208-omaha-004/581208-omaha-004-195.JPG	 						360	16	8	30.15	62	61	57			bc	cir cum	8				
1873-09-20	16	-33.02	-71.63			a		https://s3.amazonaws.com/NARAprodstorage/lz/dc-metro/rg-024/581208/2020-03/581208-omaha-004/581208-omaha-004-195.JPG	https://s3.amazonaws.com/NARAprodstorage/lz/dc-metro/rg-024/581208/2020-03/581208-omaha-004/581208-omaha-004-195.JPG	 						360	16	8	30.15	62	61	57			bc	cir cum	5				
1873-09-20	17	-33.02	-71.63			a		https://s3.amazonaws.com/NARAprodstorage/lz/dc-metro/rg-024/581208/2020-03/581208-omaha-004/581208-omaha-004-195.JPG	https://s3.amazonaws.com/NARAprodstorage/lz/dc-metro/rg-024/581208/2020-03/581208-omaha-004/581208-omaha-004-195.JPG	 						360	16	8	30.16	62	61	57			oc	cum str	0				
1873-09-20	18	-33.02	-71.63			a		https://s3.amazonaws.com/NARAprodstorage/lz/dc-metro/rg-024/581208/2020-03/581208-omaha-004/581208-omaha-004-195.JPG	https://s3.amazonaws.com/NARAprodstorage/lz/dc-metro/rg-024/581208/2020-03/581208-omaha-004/581208-omaha-004-195.JPG	 						360	16	8	30.16	62	59	56			oc	cum str	0				
1873-09-20	19	-33.02	-71.63			a		https://s3.amazonaws.com/NARAprodstorage/lz/dc-metro/rg-024/581208/2020-03/581208-omaha-004/581208-omaha-004-195.JPG	https://s3.amazonaws.com/NARAprodstorage/lz/dc-metro/rg-024/581208/2020-03/581208-omaha-004/581208-omaha-004-195.JPG	 						360	16	13	30.16	62	59	56			or	nimb	0				
1873-09-20	20	-33.02	-71.63			a		https://s3.amazonaws.com/NARAprodstorage/lz/dc-metro/rg-024/581208/2020-03/581208-omaha-004/581208-omaha-004-195.JPG	https://s3.amazonaws.com/NARAprodstorage/lz/dc-metro/rg-024/581208/2020-03/581208-omaha-004/581208-omaha-004-195.JPG	 						360	16	13	30.18	62	58	55			or	nimb	0				
1873-09-20	21	-33.02	-71.63			a		https://s3.amazonaws.com/NARAprodstorage/lz/dc-metro/rg-024/581208/2020-03/581208-omaha-004/581208-omaha-004-195.JPG	https://s3.amazonaws.com/NARAprodstorage/lz/dc-metro/rg-024/581208/2020-03/581208-omaha-004/581208-omaha-004-195.JPG	 						315	331	19	30.2	62	58	56			ocr	nimb	0				
1873-09-20	22	-33.02	-71.63			a		https://s3.amazonaws.com/NARAprodstorage/lz/dc-metro/rg-024/581208/2020-03/581208-omaha-004/581208-omaha-004-195.JPG	https://s3.amazonaws.com/NARAprodstorage/lz/dc-metro/rg-024/581208/2020-03/581208-omaha-004/581208-omaha-004-195.JPG	 						315	331	13	30.22	62	58	56			ocr	nimb	0				
1873-09-20	23	-33.02	-71.63			a		https://s3.amazonaws.com/NARAprodstorage/lz/dc-metro/rg-024/581208/2020-03/581208-omaha-004/581208-omaha-004-195.JPG	https://s3.amazonaws.com/NARAprodstorage/lz/dc-metro/rg-024/581208/2020-03/581208-omaha-004/581208-omaha-004-195.JPG	 						315	331	9	30.26	60	56	55			ocr	nimb	0				
1873-09-20	24	-33.02	-71.63			a		https://s3.amazonaws.com/NARAprodstorage/lz/dc-metro/rg-024/581208/2020-03/581208-omaha-004/581208-omaha-004-195.JPG	https://s3.amazonaws.com/NARAprodstorage/lz/dc-metro/rg-024/581208/2020-03/581208-omaha-004/581208-omaha-004-195.JPG	 						315	331	9	30.28	60	56	55			ocr	nimb	0				
1873-09-21	1	-33.02	-71.63			a		https://s3.amazonaws.com/NARAprodstorage/lz/dc-metro/rg-024/581208/2020-03/581208-omaha-004/581208-omaha-004-196.JPG	https://s3.amazonaws.com/NARAprodstorage/lz/dc-metro/rg-024/581208/2020-03/581208-omaha-004/581208-omaha-004-196.JPG	 						338	354	5	30.26	59	56	55			ocql	nim	0				
1873-09-21	2	-33.02	-71.63			a		https://s3.amazonaws.com/NARAprodstorage/lz/dc-metro/rg-024/581208/2020-03/581208-omaha-004/581208-omaha-004-196.JPG	https://s3.amazonaws.com/NARAprodstorage/lz/dc-metro/rg-024/581208/2020-03/581208-omaha-004/581208-omaha-004-196.JPG	 						338	354	21	30.28	59	56	55			bcql	nim	3				
1873-09-21	3	-33.02	-71.63			a		https://s3.amazonaws.com/NARAprodstorage/lz/dc-metro/rg-024/581208/2020-03/581208-omaha-004/581208-omaha-004-196.JPG	https://s3.amazonaws.com/NARAprodstorage/lz/dc-metro/rg-024/581208/2020-03/581208-omaha-004/581208-omaha-004-196.JPG	 						338	354	16	30.28	59	56	55			bcql	nim	3				
1873-09-21	4	-33.02	-71.63			a		https://s3.amazonaws.com/NARAprodstorage/lz/dc-metro/rg-024/581208/2020-03/581208-omaha-004/581208-omaha-004-196.JPG	https://s3.amazonaws.com/NARAprodstorage/lz/dc-metro/rg-024/581208/2020-03/581208-omaha-004/581208-omaha-004-196.JPG	 						338	354	16	30.26	59	56	55			bcql	nim	1				
1873-09-21	5	-33.02	-71.63			a		https://s3.amazonaws.com/NARAprodstorage/lz/dc-metro/rg-024/581208/2020-03/581208-omaha-004/581208-omaha-004-196.JPG	https://s3.amazonaws.com/NARAprodstorage/lz/dc-metro/rg-024/581208/2020-03/581208-omaha-004/581208-omaha-004-196.JPG	 						11	27	13	30.26	59	56	55			or	nim	0				
1873-09-21	6	-33.02	-71.63			a		https://s3.amazonaws.com/NARAprodstorage/lz/dc-metro/rg-024/581208/2020-03/581208-omaha-004/581208-omaha-004-196.JPG	https://s3.amazonaws.com/NARAprodstorage/lz/dc-metro/rg-024/581208/2020-03/581208-omaha-004/581208-omaha-004-196.JPG	 						11	27	8	30.26	59	56	55			o	nim	0				
1873-09-21	7	-33.02	-71.63			a		https://s3.amazonaws.com/NARAprodstorage/lz/dc-metro/rg-024/581208/2020-03/581208-omaha-004/581208-omaha-004-196.JPG	https://s3.amazonaws.com/NARAprodstorage/lz/dc-metro/rg-024/581208/2020-03/581208-omaha-004/581208-omaha-004-196.JPG	 						338	354	16	30.26	59	56	55			bc	str cum & nim	2				
1873-09-21	8	-33.02	-71.63			a		https://s3.amazonaws.com/NARAprodstorage/lz/dc-metro/rg-024/581208/2020-03/581208-omaha-004/581208-omaha-004-196.JPG	https://s3.amazonaws.com/NARAprodstorage/lz/dc-metro/rg-024/581208/2020-03/581208-omaha-004/581208-omaha-004-196.JPG	 						360	16	8	30.28	59	56	55			bc	str cum & nim	3				
1873-09-21	9	-33.02	-71.63			a		https://s3.amazonaws.com/NARAprodstorage/lz/dc-metro/rg-024/581208/2020-03/581208-omaha-004/581208-omaha-004-196.JPG	https://s3.amazonaws.com/NARAprodstorage/lz/dc-metro/rg-024/581208/2020-03/581208-omaha-004/581208-omaha-004-196.JPG	 						315	331	10	30.28	60	58	56			bc	cir cum	2				
1873-09-21	10	-33.02	-71.63			a		https://s3.amazonaws.com/NARAprodstorage/lz/dc-metro/rg-024/581208/2020-03/581208-omaha-004/581208-omaha-004-196.JPG	https://s3.amazonaws.com/NARAprodstorage/lz/dc-metro/rg-024/581208/2020-03/581208-omaha-004/581208-omaha-004-196.JPG	 						315	331	10	30.3	60	60	57			bc	cir cum	5				
1873-09-21	11	-33.02	-71.63			a		https://s3.amazonaws.com/NARAprodstorage/lz/dc-metro/rg-024/581208/2020-03/581208-omaha-004/581208-omaha-004-196.JPG	https://s3.amazonaws.com/NARAprodstorage/lz/dc-metro/rg-024/581208/2020-03/581208-omaha-004/581208-omaha-004-196.JPG	 						315	331	10	30.3	60	60	57			bc	cir cum	6				
1873-09-21	12	-33.02	-71.63			a		https://s3.amazonaws.com/NARAprodstorage/lz/dc-metro/rg-024/581208/2020-03/581208-omaha-004/581208-omaha-004-196.JPG	https://s3.amazonaws.com/NARAprodstorage/lz/dc-metro/rg-024/581208/2020-03/581208-omaha-004/581208-omaha-004-196.JPG	"Noon: Valparaiso, Chile."						315	331	10	30.3	60	60	57			bc	cir cum	6				
1873-09-21	13	-33.02	-71.63			a		https://s3.amazonaws.com/NARAprodstorage/lz/dc-metro/rg-024/581208/2020-03/581208-omaha-004/581208-omaha-004-196.JPG	https://s3.amazonaws.com/NARAprodstorage/lz/dc-metro/rg-024/581208/2020-03/581208-omaha-004/581208-omaha-004-196.JPG	 						315	331	13	30.3	61	60	58			bc	cir cum	5				
1873-09-21	14	-33.02	-71.63			a		https://s3.amazonaws.com/NARAprodstorage/lz/dc-metro/rg-024/581208/2020-03/581208-omaha-004/581208-omaha-004-196.JPG	https://s3.amazonaws.com/NARAprodstorage/lz/dc-metro/rg-024/581208/2020-03/581208-omaha-004/581208-omaha-004-196.JPG	 						315	331	13	30.3	62	60	58			bc	cir cum	5				
1873-09-21	15	-33.02	-71.63			a		https://s3.amazonaws.com/NARAprodstorage/lz/dc-metro/rg-024/581208/2020-03/581208-omaha-004/581208-omaha-004-196.JPG	https://s3.amazonaws.com/NARAprodstorage/lz/dc-metro/rg-024/581208/2020-03/581208-omaha-004/581208-omaha-004-196.JPG	 						315	331	13	30.3	62	60	58			bc	cir cum	5				
1873-09-21	16	-33.02	-71.63			a		https://s3.amazonaws.com/NARAprodstorage/lz/dc-metro/rg-024/581208/2020-03/581208-omaha-004/581208-omaha-004-196.JPG	https://s3.amazonaws.com/NARAprodstorage/lz/dc-metro/rg-024/581208/2020-03/581208-omaha-004/581208-omaha-004-196.JPG	 						315	331	13	30.3	62	60	58			bc	cir cum	5				
1873-09-21	17	-33.02	-71.63			a		https://s3.amazonaws.com/NARAprodstorage/lz/dc-metro/rg-024/581208/2020-03/581208-omaha-004/581208-omaha-004-196.JPG	https://s3.amazonaws.com/NARAprodstorage/lz/dc-metro/rg-024/581208/2020-03/581208-omaha-004/581208-omaha-004-196.JPG	 						11	27	5	30.3	62	60	58			bc	cir cum	8				
1873-09-21	18	-33.02	-71.63			a		https://s3.amazonaws.com/NARAprodstorage/lz/dc-metro/rg-024/581208/2020-03/581208-omaha-004/581208-omaha-004-196.JPG	https://s3.amazonaws.com/NARAprodstorage/lz/dc-metro/rg-024/581208/2020-03/581208-omaha-004/581208-omaha-004-196.JPG	 						11	27	5	30.3	61	60	58			bc	cir cum	6				
1873-09-21	19	-33.02	-71.63			a		https://s3.amazonaws.com/NARAprodstorage/lz/dc-metro/rg-024/581208/2020-03/581208-omaha-004/581208-omaha-004-196.JPG	https://s3.amazonaws.com/NARAprodstorage/lz/dc-metro/rg-024/581208/2020-03/581208-omaha-004/581208-omaha-004-196.JPG	 						11	27	2	30.3	61	58	57			bc	cir cum	4				
1873-09-21	20	-33.02	-71.63			a		https://s3.amazonaws.com/NARAprodstorage/lz/dc-metro/rg-024/581208/2020-03/581208-omaha-004/581208-omaha-004-196.JPG	https://s3.amazonaws.com/NARAprodstorage/lz/dc-metro/rg-024/581208/2020-03/581208-omaha-004/581208-omaha-004-196.JPG	 						11	27	2	30.3	61	58	57			bc	cir cum	4				
1873-09-21	21	-33.02	-71.63			a		https://s3.amazonaws.com/NARAprodstorage/lz/dc-metro/rg-024/581208/2020-03/581208-omaha-004/581208-omaha-004-196.JPG	https://s3.amazonaws.com/NARAprodstorage/lz/dc-metro/rg-024/581208/2020-03/581208-omaha-004/581208-omaha-004-196.JPG	 						22	38	5	30.32	61	58	57			bc	cum nim	6				
1873-09-21	22	-33.02	-71.63			a		https://s3.amazonaws.com/NARAprodstorage/lz/dc-metro/rg-024/581208/2020-03/581208-omaha-004/581208-omaha-004-196.JPG	https://s3.amazonaws.com/NARAprodstorage/lz/dc-metro/rg-024/581208/2020-03/581208-omaha-004/581208-omaha-004-196.JPG	 						22	38	5	30.32	61	58	57			bc	cum nim	5				
1873-09-21	23	-33.02	-71.63			a		https://s3.amazonaws.com/NARAprodstorage/lz/dc-metro/rg-024/581208/2020-03/581208-omaha-004/581208-omaha-004-196.JPG	https://s3.amazonaws.com/NARAprodstorage/lz/dc-metro/rg-024/581208/2020-03/581208-omaha-004/581208-omaha-004-196.JPG	 						11	27	5	30.32	61	58	57			bc	cum nim	5				
1873-09-21	24	-33.02	-71.63			a		https://s3.amazonaws.com/NARAprodstorage/lz/dc-metro/rg-024/581208/2020-03/581208-omaha-004/581208-omaha-004-196.JPG	https://s3.amazonaws.com/NARAprodstorage/lz/dc-metro/rg-024/581208/2020-03/581208-omaha-004/581208-omaha-004-196.JPG	 						22	38	5	30.32	61	58	57			bc	cum nim	4				
1873-09-22	1	-33.02	-71.63			a		https://s3.amazonaws.com/NARAprodstorage/lz/dc-metro/rg-024/581208/2020-03/581208-omaha-004/581208-omaha-004-197.JPG	https://s3.amazonaws.com/NARAprodstorage/lz/dc-metro/rg-024/581208/2020-03/581208-omaha-004/581208-omaha-004-197.JPG	 						315	331	2	30.32	57	56	54			bc	cum	6				
1873-09-22	2	-33.02	-71.63			a		https://s3.amazonaws.com/NARAprodstorage/lz/dc-metro/rg-024/581208/2020-03/581208-omaha-004/581208-omaha-004-197.JPG	https://s3.amazonaws.com/NARAprodstorage/lz/dc-metro/rg-024/581208/2020-03/581208-omaha-004/581208-omaha-004-197.JPG	 						315	331	2	30.32	57	56	54			bc	cum	6				
1873-09-22	3	-33.02	-71.63			a		https://s3.amazonaws.com/NARAprodstorage/lz/dc-metro/rg-024/581208/2020-03/581208-omaha-004/581208-omaha-004-197.JPG	https://s3.amazonaws.com/NARAprodstorage/lz/dc-metro/rg-024/581208/2020-03/581208-omaha-004/581208-omaha-004-197.JPG	 						315	331	2	30.3	57	56	54			bc	cum	8				
1873-09-22	4	-33.02	-71.63			a		https://s3.amazonaws.com/NARAprodstorage/lz/dc-metro/rg-024/581208/2020-03/581208-omaha-004/581208-omaha-004-197.JPG	https://s3.amazonaws.com/NARAprodstorage/lz/dc-metro/rg-024/581208/2020-03/581208-omaha-004/581208-omaha-004-197.JPG	 						315	331	2	30.3	57	56	54			bc	cum	8				
1873-09-22	5	-33.02	-71.63			a		https://s3.amazonaws.com/NARAprodstorage/lz/dc-metro/rg-024/581208/2020-03/581208-omaha-004/581208-omaha-004-197.JPG	https://s3.amazonaws.com/NARAprodstorage/lz/dc-metro/rg-024/581208/2020-03/581208-omaha-004/581208-omaha-004-197.JPG	 						45	61	2	30.3	58	56	54			bc	cir cum	8				
1873-09-22	6	-33.02	-71.63			a		https://s3.amazonaws.com/NARAprodstorage/lz/dc-metro/rg-024/581208/2020-03/581208-omaha-004/581208-omaha-004-197.JPG	https://s3.amazonaws.com/NARAprodstorage/lz/dc-metro/rg-024/581208/2020-03/581208-omaha-004/581208-omaha-004-197.JPG	 						45	61	2	30.3	58	57	55			bc	cir cum	8				
1873-09-22	7	-33.02	-71.63			a		https://s3.amazonaws.com/NARAprodstorage/lz/dc-metro/rg-024/581208/2020-03/581208-omaha-004/581208-omaha-004-197.JPG	https://s3.amazonaws.com/NARAprodstorage/lz/dc-metro/rg-024/581208/2020-03/581208-omaha-004/581208-omaha-004-197.JPG	 						45	61	2	30.32	58	57	55			bc	cir cum	8				
1873-09-22	8	-33.02	-71.63			a		https://s3.amazonaws.com/NARAprodstorage/lz/dc-metro/rg-024/581208/2020-03/581208-omaha-004/581208-omaha-004-197.JPG	https://s3.amazonaws.com/NARAprodstorage/lz/dc-metro/rg-024/581208/2020-03/581208-omaha-004/581208-omaha-004-197.JPG	 						45	61	2	30.32	58	58	56			bc	cir cum	8				
1873-09-22	9	-33.02	-71.63			a		https://s3.amazonaws.com/NARAprodstorage/lz/dc-metro/rg-024/581208/2020-03/581208-omaha-004/581208-omaha-004-197.JPG	https://s3.amazonaws.com/NARAprodstorage/lz/dc-metro/rg-024/581208/2020-03/581208-omaha-004/581208-omaha-004-197.JPG	 						315	331	2	30.34	62	63	59			bc	cum	8				
1873-09-22	10	-33.02	-71.63			a		https://s3.amazonaws.com/NARAprodstorage/lz/dc-metro/rg-024/581208/2020-03/581208-omaha-004/581208-omaha-004-197.JPG	https://s3.amazonaws.com/NARAprodstorage/lz/dc-metro/rg-024/581208/2020-03/581208-omaha-004/581208-omaha-004-197.JPG	 						315	331	2	30.34	62	63	59			bc	cum	7				
1873-09-22	11	-33.02	-71.63			a		https://s3.amazonaws.com/NARAprodstorage/lz/dc-metro/rg-024/581208/2020-03/581208-omaha-004/581208-omaha-004-197.JPG	https://s3.amazonaws.com/NARAprodstorage/lz/dc-metro/rg-024/581208/2020-03/581208-omaha-004/581208-omaha-004-197.JPG	 						315	331	2	30.34	62	63	59			bc	cum	7				
1873-09-22	12	-33.02	-71.63			a		https://s3.amazonaws.com/NARAprodstorage/lz/dc-metro/rg-024/581208/2020-03/581208-omaha-004/581208-omaha-004-197.JPG	https://s3.amazonaws.com/NARAprodstorage/lz/dc-metro/rg-024/581208/2020-03/581208-omaha-004/581208-omaha-004-197.JPG	"Noon: Valparaiso, Chile."						315	331	2	30.34	62	63	59			bc	cum	8				
1873-09-22	13	-33.02	-71.63			a		https://s3.amazonaws.com/NARAprodstorage/lz/dc-metro/rg-024/581208/2020-03/581208-omaha-004/581208-omaha-004-197.JPG	https://s3.amazonaws.com/NARAprodstorage/lz/dc-metro/rg-024/581208/2020-03/581208-omaha-004/581208-omaha-004-197.JPG	 						315	331	2	30.32	64	60	57			bc	cum	8				
1873-09-22	14	-33.02	-71.63			a		https://s3.amazonaws.com/NARAprodstorage/lz/dc-metro/rg-024/581208/2020-03/581208-omaha-004/581208-omaha-004-197.JPG	https://s3.amazonaws.com/NARAprodstorage/lz/dc-metro/rg-024/581208/2020-03/581208-omaha-004/581208-omaha-004-197.JPG	 						225	241	5	30.32	64	60	57			bc	cum	9				
1873-09-22	15	-33.02	-71.63			a		https://s3.amazonaws.com/NARAprodstorage/lz/dc-metro/rg-024/581208/2020-03/581208-omaha-004/581208-omaha-004-197.JPG	https://s3.amazonaws.com/NARAprodstorage/lz/dc-metro/rg-024/581208/2020-03/581208-omaha-004/581208-omaha-004-197.JPG	 						225	241	8	30.3	63	60	57			bc	cum	8				
1873-09-22	16	-33.02	-71.63			a		https://s3.amazonaws.com/NARAprodstorage/lz/dc-metro/rg-024/581208/2020-03/581208-omaha-004/581208-omaha-004-197.JPG	https://s3.amazonaws.com/NARAprodstorage/lz/dc-metro/rg-024/581208/2020-03/581208-omaha-004/581208-omaha-004-197.JPG	 						225	241	13	30.3	63	60	57			bc	cum	8				
1873-09-22	17	-33.02	-71.63			a		https://s3.amazonaws.com/NARAprodstorage/lz/dc-metro/rg-024/581208/2020-03/581208-omaha-004/581208-omaha-004-197.JPG	https://s3.amazonaws.com/NARAprodstorage/lz/dc-metro/rg-024/581208/2020-03/581208-omaha-004/581208-omaha-004-197.JPG	 						225	241	13	30.32	62	59	57			bc	cum	9				
1873-09-22	18	-33.02	-71.63			a		https://s3.amazonaws.com/NARAprodstorage/lz/dc-metro/rg-024/581208/2020-03/581208-omaha-004/581208-omaha-004-197.JPG	https://s3.amazonaws.com/NARAprodstorage/lz/dc-metro/rg-024/581208/2020-03/581208-omaha-004/581208-omaha-004-197.JPG	 						225	241	8	30.32	62	59	57			bc	cum	8				
1873-09-22	19	-33.02	-71.63			a		https://s3.amazonaws.com/NARAprodstorage/lz/dc-metro/rg-024/581208/2020-03/581208-omaha-004/581208-omaha-004-197.JPG	https://s3.amazonaws.com/NARAprodstorage/lz/dc-metro/rg-024/581208/2020-03/581208-omaha-004/581208-omaha-004-197.JPG	 						225	241	2	30.32	62	59	57			bc	cum	8				
1873-09-22	20	-33.02	-71.63			a		https://s3.amazonaws.com/NARAprodstorage/lz/dc-metro/rg-024/581208/2020-03/581208-omaha-004/581208-omaha-004-197.JPG	https://s3.amazonaws.com/NARAprodstorage/lz/dc-metro/rg-024/581208/2020-03/581208-omaha-004/581208-omaha-004-197.JPG	 						225	241	2	30.32	62	59	57			bc	cum	9				
1873-09-22	21	-33.02	-71.63			a		https://s3.amazonaws.com/NARAprodstorage/lz/dc-metro/rg-024/581208/2020-03/581208-omaha-004/581208-omaha-004-197.JPG	https://s3.amazonaws.com/NARAprodstorage/lz/dc-metro/rg-024/581208/2020-03/581208-omaha-004/581208-omaha-004-197.JPG	 						225	241	1	30.32	61	58	55			bc	cum	9				
1873-09-22	22	-33.02	-71.63			a		https://s3.amazonaws.com/NARAprodstorage/lz/dc-metro/rg-024/581208/2020-03/581208-omaha-004/581208-omaha-004-197.JPG	https://s3.amazonaws.com/NARAprodstorage/lz/dc-metro/rg-024/581208/2020-03/581208-omaha-004/581208-omaha-004-197.JPG	 						0	0	0	30.32	61	58	55			bc	cum	8				
1873-09-22	23	-33.02	-71.63			a		https://s3.amazonaws.com/NARAprodstorage/lz/dc-metro/rg-024/581208/2020-03/581208-omaha-004/581208-omaha-004-197.JPG	https://s3.amazonaws.com/NARAprodstorage/lz/dc-metro/rg-024/581208/2020-03/581208-omaha-004/581208-omaha-004-197.JPG	 						0	0	0	30.3	60	58	55			bc	cum	8				
1873-09-22	24	-33.02	-71.63			a		https://s3.amazonaws.com/NARAprodstorage/lz/dc-metro/rg-024/581208/2020-03/581208-omaha-004/581208-omaha-004-197.JPG	https://s3.amazonaws.com/NARAprodstorage/lz/dc-metro/rg-024/581208/2020-03/581208-omaha-004/581208-omaha-004-197.JPG	 						0	0	0	30.3	60	58	55			bc	cum	8				
1873-09-23	1	-33.02	-71.63			a		https://s3.amazonaws.com/NARAprodstorage/lz/dc-metro/rg-024/581208/2020-03/581208-omaha-004/581208-omaha-004-198.JPG	https://s3.amazonaws.com/NARAprodstorage/lz/dc-metro/rg-024/581208/2020-03/581208-omaha-004/581208-omaha-004-198.JPG	 						0	0	0	30.26	59	55	53			b	none	10				
1873-09-23	2	-33.02	-71.63			a		https://s3.amazonaws.com/NARAprodstorage/lz/dc-metro/rg-024/581208/2020-03/581208-omaha-004/581208-omaha-004-198.JPG	https://s3.amazonaws.com/NARAprodstorage/lz/dc-metro/rg-024/581208/2020-03/581208-omaha-004/581208-omaha-004-198.JPG	 						0	0	0	30.26	59	55	53			b	none	10				
1873-09-23	3	-33.02	-71.63			a		https://s3.amazonaws.com/NARAprodstorage/lz/dc-metro/rg-024/581208/2020-03/581208-omaha-004/581208-omaha-004-198.JPG	https://s3.amazonaws.com/NARAprodstorage/lz/dc-metro/rg-024/581208/2020-03/581208-omaha-004/581208-omaha-004-198.JPG	 						0	0	0	30.26	59	55	53			b	none	10				
1873-09-23	4	-33.02	-71.63			a		https://s3.amazonaws.com/NARAprodstorage/lz/dc-metro/rg-024/581208/2020-03/581208-omaha-004/581208-omaha-004-198.JPG	https://s3.amazonaws.com/NARAprodstorage/lz/dc-metro/rg-024/581208/2020-03/581208-omaha-004/581208-omaha-004-198.JPG	 						0	0	0	30.24	59	55	53			b	none	10				
1873-09-23	5	-33.02	-71.63			a		https://s3.amazonaws.com/NARAprodstorage/lz/dc-metro/rg-024/581208/2020-03/581208-omaha-004/581208-omaha-004-198.JPG	https://s3.amazonaws.com/NARAprodstorage/lz/dc-metro/rg-024/581208/2020-03/581208-omaha-004/581208-omaha-004-198.JPG	 						0	0	0	30.22	59	55	52			bc	cir cum str	8				
1873-09-23	6	-33.02	-71.63			a		https://s3.amazonaws.com/NARAprodstorage/lz/dc-metro/rg-024/581208/2020-03/581208-omaha-004/581208-omaha-004-198.JPG	https://s3.amazonaws.com/NARAprodstorage/lz/dc-metro/rg-024/581208/2020-03/581208-omaha-004/581208-omaha-004-198.JPG	 						0	0	0	30.22	59	55	52			bc	cir cum str	7				
1873-09-23	7	-33.02	-71.63			a		https://s3.amazonaws.com/NARAprodstorage/lz/dc-metro/rg-024/581208/2020-03/581208-omaha-004/581208-omaha-004-198.JPG	https://s3.amazonaws.com/NARAprodstorage/lz/dc-metro/rg-024/581208/2020-03/581208-omaha-004/581208-omaha-004-198.JPG	 						0	0	0	30.22	59	55	52			bc	cir cum str	6				
1873-09-23	8	-33.02	-71.63			a		https://s3.amazonaws.com/NARAprodstorage/lz/dc-metro/rg-024/581208/2020-03/581208-omaha-004/581208-omaha-004-198.JPG	https://s3.amazonaws.com/NARAprodstorage/lz/dc-metro/rg-024/581208/2020-03/581208-omaha-004/581208-omaha-004-198.JPG	 						0	0	0	30.22	59	55	52			bc	cir cum str	6				
1873-09-23	9	-33.02	-71.63			a		https://s3.amazonaws.com/NARAprodstorage/lz/dc-metro/rg-024/581208/2020-03/581208-omaha-004/581208-omaha-004-198.JPG	https://s3.amazonaws.com/NARAprodstorage/lz/dc-metro/rg-024/581208/2020-03/581208-omaha-004/581208-omaha-004-198.JPG	 						270	286	2	30.2	61	61	60			bc	cir cum str	6				
1873-09-23	10	-33.02	-71.63			a		https://s3.amazonaws.com/NARAprodstorage/lz/dc-metro/rg-024/581208/2020-03/581208-omaha-004/581208-omaha-004-198.JPG	https://s3.amazonaws.com/NARAprodstorage/lz/dc-metro/rg-024/581208/2020-03/581208-omaha-004/581208-omaha-004-198.JPG	 						270	286	2	30.18	61	62	60			bc	cir cum str	8				
1873-09-23	11	-33.02	-71.63			a		https://s3.amazonaws.com/NARAprodstorage/lz/dc-metro/rg-024/581208/2020-03/581208-omaha-004/581208-omaha-004-198.JPG	https://s3.amazonaws.com/NARAprodstorage/lz/dc-metro/rg-024/581208/2020-03/581208-omaha-004/581208-omaha-004-198.JPG	 						270	286	2	30.18	61		60			bc	cir cum str					
1873-09-23	12	-33.02	-71.63			a		https://s3.amazonaws.com/NARAprodstorage/lz/dc-metro/rg-024/581208/2020-03/581208-omaha-004/581208-omaha-004-198.JPG	https://s3.amazonaws.com/NARAprodstorage/lz/dc-metro/rg-024/581208/2020-03/581208-omaha-004/581208-omaha-004-198.JPG	"Noon: Valparaiso, Chile."						270	286	2	30.18	61		60			bc	cir cum str					
1873-09-23	13	-33.02	-71.63			a		https://s3.amazonaws.com/NARAprodstorage/lz/dc-metro/rg-024/581208/2020-03/581208-omaha-004/581208-omaha-004-198.JPG	https://s3.amazonaws.com/NARAprodstorage/lz/dc-metro/rg-024/581208/2020-03/581208-omaha-004/581208-omaha-004-198.JPG	 						225	241	13	30.16	64	65	59			bc	cum	9				
1873-09-23	14	-33.02	-71.63			a		https://s3.amazonaws.com/NARAprodstorage/lz/dc-metro/rg-024/581208/2020-03/581208-omaha-004/581208-omaha-004-198.JPG	https://s3.amazonaws.com/NARAprodstorage/lz/dc-metro/rg-024/581208/2020-03/581208-omaha-004/581208-omaha-004-198.JPG	 						225	241	19	30.16	64	65	59			bc	cum	9				
1873-09-23	15	-33.02	-71.63			a		https://s3.amazonaws.com/NARAprodstorage/lz/dc-metro/rg-024/581208/2020-03/581208-omaha-004/581208-omaha-004-198.JPG	https://s3.amazonaws.com/NARAprodstorage/lz/dc-metro/rg-024/581208/2020-03/581208-omaha-004/581208-omaha-004-198.JPG	 						225	241	19	30.16	64	65	59			bc	cum	9				
1873-09-23	16	-33.02	-71.63			a		https://s3.amazonaws.com/NARAprodstorage/lz/dc-metro/rg-024/581208/2020-03/581208-omaha-004/581208-omaha-004-198.JPG	https://s3.amazonaws.com/NARAprodstorage/lz/dc-metro/rg-024/581208/2020-03/581208-omaha-004/581208-omaha-004-198.JPG	 						225	241	19	30.16	65	65	59			bc	cum	9				
1873-09-23	17	-33.02	-71.63			a		https://s3.amazonaws.com/NARAprodstorage/lz/dc-metro/rg-024/581208/2020-03/581208-omaha-004/581208-omaha-004-198.JPG	https://s3.amazonaws.com/NARAprodstorage/lz/dc-metro/rg-024/581208/2020-03/581208-omaha-004/581208-omaha-004-198.JPG	 						225	241	19	30.18	65	65	60			bc	cum	8				
1873-09-23	18	-33.02	-71.63			a		https://s3.amazonaws.com/NARAprodstorage/lz/dc-metro/rg-024/581208/2020-03/581208-omaha-004/581208-omaha-004-198.JPG	https://s3.amazonaws.com/NARAprodstorage/lz/dc-metro/rg-024/581208/2020-03/581208-omaha-004/581208-omaha-004-198.JPG	 						225	241	8	30.18	65	65	60			bc	cum	8				
1873-09-23	19	-33.02	-71.63			a		https://s3.amazonaws.com/NARAprodstorage/lz/dc-metro/rg-024/581208/2020-03/581208-omaha-004/581208-omaha-004-198.JPG	https://s3.amazonaws.com/NARAprodstorage/lz/dc-metro/rg-024/581208/2020-03/581208-omaha-004/581208-omaha-004-198.JPG	 						225	241	2	30.18	64	64	58			bc	cum	9				
1873-09-23	20	-33.02	-71.63			a		https://s3.amazonaws.com/NARAprodstorage/lz/dc-metro/rg-024/581208/2020-03/581208-omaha-004/581208-omaha-004-198.JPG	https://s3.amazonaws.com/NARAprodstorage/lz/dc-metro/rg-024/581208/2020-03/581208-omaha-004/581208-omaha-004-198.JPG	 						0	0	0	30.18	64	64	58			bc	cum	9				
1873-09-23	21	-33.02	-71.63			a		https://s3.amazonaws.com/NARAprodstorage/lz/dc-metro/rg-024/581208/2020-03/581208-omaha-004/581208-omaha-004-198.JPG	https://s3.amazonaws.com/NARAprodstorage/lz/dc-metro/rg-024/581208/2020-03/581208-omaha-004/581208-omaha-004-198.JPG	 						0	0	0	30.18	64	63	58			bc	cum	9				
1873-09-23	22	-33.02	-71.63			a		https://s3.amazonaws.com/NARAprodstorage/lz/dc-metro/rg-024/581208/2020-03/581208-omaha-004/581208-omaha-004-198.JPG	https://s3.amazonaws.com/NARAprodstorage/lz/dc-metro/rg-024/581208/2020-03/581208-omaha-004/581208-omaha-004-198.JPG	 						0	0	0	30.18	62	62	58			bc	cum	9				
1873-09-23	23	-33.02	-71.63			a		https://s3.amazonaws.com/NARAprodstorage/lz/dc-metro/rg-024/581208/2020-03/581208-omaha-004/581208-omaha-004-198.JPG	https://s3.amazonaws.com/NARAprodstorage/lz/dc-metro/rg-024/581208/2020-03/581208-omaha-004/581208-omaha-004-198.JPG	 						0	0	0	30.18	63	62	58			bc	cum	9				
1873-09-23	24	-33.02	-71.63			a		https://s3.amazonaws.com/NARAprodstorage/lz/dc-metro/rg-024/581208/2020-03/581208-omaha-004/581208-omaha-004-198.JPG	https://s3.amazonaws.com/NARAprodstorage/lz/dc-metro/rg-024/581208/2020-03/581208-omaha-004/581208-omaha-004-198.JPG	 						0	0	0	30.17	63	60	57			bc	cum	9				
1873-09-24	1	-33.02	-71.63			a		https://s3.amazonaws.com/NARAprodstorage/lz/dc-metro/rg-024/581208/2020-03/581208-omaha-004/581208-omaha-004-199.JPG	https://s3.amazonaws.com/NARAprodstorage/lz/dc-metro/rg-024/581208/2020-03/581208-omaha-004/581208-omaha-004-200.JPG	 						0	0	0	30.2	59	56	55			oc	nimb	0				
1873-09-24	2	-33.02	-71.63			a		https://s3.amazonaws.com/NARAprodstorage/lz/dc-metro/rg-024/581208/2020-03/581208-omaha-004/581208-omaha-004-199.JPG	https://s3.amazonaws.com/NARAprodstorage/lz/dc-metro/rg-024/581208/2020-03/581208-omaha-004/581208-omaha-004-199.JPG	 						0	0	0	30.2	59	56	55			oc	nimb	0				
1873-09-24	3	-33.02	-71.63			a		https://s3.amazonaws.com/NARAprodstorage/lz/dc-metro/rg-024/581208/2020-03/581208-omaha-004/581208-omaha-004-199.JPG	https://s3.amazonaws.com/NARAprodstorage/lz/dc-metro/rg-024/581208/2020-03/581208-omaha-004/581208-omaha-004-199.JPG	 						0	0	0	30.2	59	56	55			oc	nimb	0				
1873-09-24	4	-33.02	-71.63			a		https://s3.amazonaws.com/NARAprodstorage/lz/dc-metro/rg-024/581208/2020-03/581208-omaha-004/581208-omaha-004-199.JPG	https://s3.amazonaws.com/NARAprodstorage/lz/dc-metro/rg-024/581208/2020-03/581208-omaha-004/581208-omaha-004-199.JPG	 						0	0	0	30.2	59	56	55			oc	nimb	0				
1873-09-24	5	-33.02	-71.63			a		https://s3.amazonaws.com/NARAprodstorage/lz/dc-metro/rg-024/581208/2020-03/581208-omaha-004/581208-omaha-004-199.JPG	https://s3.amazonaws.com/NARAprodstorage/lz/dc-metro/rg-024/581208/2020-03/581208-omaha-004/581208-omaha-004-199.JPG	 						135	151	2	30.26	60	56	54			oc	cum nim	0				
1873-09-24	6	-33.02	-71.63			a		https://s3.amazonaws.com/NARAprodstorage/lz/dc-metro/rg-024/581208/2020-03/581208-omaha-004/581208-omaha-004-199.JPG	https://s3.amazonaws.com/NARAprodstorage/lz/dc-metro/rg-024/581208/2020-03/581208-omaha-004/581208-omaha-004-199.JPG	 						135	151	2	30.26	60	56	54			oc	cum nim	0				
1873-09-24	7	-33.02	-71.63			a		https://s3.amazonaws.com/NARAprodstorage/lz/dc-metro/rg-024/581208/2020-03/581208-omaha-004/581208-omaha-004-199.JPG	https://s3.amazonaws.com/NARAprodstorage/lz/dc-metro/rg-024/581208/2020-03/581208-omaha-004/581208-omaha-004-199.JPG	 						135	151	2	30.28	61	56	54			oc	cum nim	0				
1873-09-24	8	-33.02	-71.63			a		https://s3.amazonaws.com/NARAprodstorage/lz/dc-metro/rg-024/581208/2020-03/581208-omaha-004/581208-omaha-004-199.JPG	https://s3.amazonaws.com/NARAprodstorage/lz/dc-metro/rg-024/581208/2020-03/581208-omaha-004/581208-omaha-004-199.JPG	 						135	151	2	30.28	61	56	54			oc	cum nim	0				
1873-09-24	9	-33.02	-71.63			a		https://s3.amazonaws.com/NARAprodstorage/lz/dc-metro/rg-024/581208/2020-03/581208-omaha-004/581208-omaha-004-199.JPG	https://s3.amazonaws.com/NARAprodstorage/lz/dc-metro/rg-024/581208/2020-03/581208-omaha-004/581208-omaha-004-199.JPG	 						225	241	8	30.3	61	56	54			oc	cum nim	0				
1873-09-24	10	-33.02	-71.63			a		https://s3.amazonaws.com/NARAprodstorage/lz/dc-metro/rg-024/581208/2020-03/581208-omaha-004/581208-omaha-004-199.JPG	https://s3.amazonaws.com/NARAprodstorage/lz/dc-metro/rg-024/581208/2020-03/581208-omaha-004/581208-omaha-004-199.JPG	 						225	241	8	30.3	61	58	54			oc	cum nim	0				
1873-09-24	11	-33.02	-71.63			a		https://s3.amazonaws.com/NARAprodstorage/lz/dc-metro/rg-024/581208/2020-03/581208-omaha-004/581208-omaha-004-199.JPG	https://s3.amazonaws.com/NARAprodstorage/lz/dc-metro/rg-024/581208/2020-03/581208-omaha-004/581208-omaha-004-199.JPG	 						225	241	13	30.3	61	58	55			oc	cum nim	0				
1873-09-24	12	-33.02	-71.63			a		https://s3.amazonaws.com/NARAprodstorage/lz/dc-metro/rg-024/581208/2020-03/581208-omaha-004/581208-omaha-004-199.JPG	https://s3.amazonaws.com/NARAprodstorage/lz/dc-metro/rg-024/581208/2020-03/581208-omaha-004/581208-omaha-004-199.JPG	 						225	241	19	30.3	61	59	55			oc	nimb	0				
1873-09-24	13	-33.02	-71.63			a		https://s3.amazonaws.com/NARAprodstorage/lz/dc-metro/rg-024/581208/2020-03/581208-omaha-004/581208-omaha-004-199.JPG	https://s3.amazonaws.com/NARAprodstorage/lz/dc-metro/rg-024/581208/2020-03/581208-omaha-004/581208-omaha-004-199.JPG	 						191	207	13	30.3	63	61	56			bc	cir cum	2				
1873-09-24	14	-33.02	-71.63			a		https://s3.amazonaws.com/NARAprodstorage/lz/dc-metro/rg-024/581208/2020-03/581208-omaha-004/581208-omaha-004-199.JPG	https://s3.amazonaws.com/NARAprodstorage/lz/dc-metro/rg-024/581208/2020-03/581208-omaha-004/581208-omaha-004-199.JPG	 						191	207	13	30.3	63	61	56			bc	cir cum	6				
1873-09-24	15	-33.02	-71.63			a		https://s3.amazonaws.com/NARAprodstorage/lz/dc-metro/rg-024/581208/2020-03/581208-omaha-004/581208-omaha-004-199.JPG	https://s3.amazonaws.com/NARAprodstorage/lz/dc-metro/rg-024/581208/2020-03/581208-omaha-004/581208-omaha-004-199.JPG	 						191	207	13	30.3	63	61	56			bc	cir cum	8				
1873-09-24	16	-33.02	-71.63			a		https://s3.amazonaws.com/NARAprodstorage/lz/dc-metro/rg-024/581208/2020-03/581208-omaha-004/581208-omaha-004-199.JPG	https://s3.amazonaws.com/NARAprodstorage/lz/dc-metro/rg-024/581208/2020-03/581208-omaha-004/581208-omaha-004-199.JPG	 						191	207	13	30.3	63	61	56			bc	cir cum	9				
1873-09-24	17	-33.02	-71.63			a		https://s3.amazonaws.com/NARAprodstorage/lz/dc-metro/rg-024/581208/2020-03/581208-omaha-004/581208-omaha-004-199.JPG	https://s3.amazonaws.com/NARAprodstorage/lz/dc-metro/rg-024/581208/2020-03/581208-omaha-004/581208-omaha-004-199.JPG	 						180	196	8	30.3	63	61	56			bc	cum	9				
1873-09-24	18	-33.02	-71.63			a		https://s3.amazonaws.com/NARAprodstorage/lz/dc-metro/rg-024/581208/2020-03/581208-omaha-004/581208-omaha-004-199.JPG	https://s3.amazonaws.com/NARAprodstorage/lz/dc-metro/rg-024/581208/2020-03/581208-omaha-004/581208-omaha-004-199.JPG	 						180	196	5	30.3	63	56	56			bc	cum	9				
1873-09-24	19	-33.02	-71.63			a		https://s3.amazonaws.com/NARAprodstorage/lz/dc-metro/rg-024/581208/2020-03/581208-omaha-004/581208-omaha-004-199.JPG	https://s3.amazonaws.com/NARAprodstorage/lz/dc-metro/rg-024/581208/2020-03/581208-omaha-004/581208-omaha-004-199.JPG	 						180	196	2	30.3	63	56	56			bc	cum	9				
1873-09-24	20	-33.02	-71.63			a		https://s3.amazonaws.com/NARAprodstorage/lz/dc-metro/rg-024/581208/2020-03/581208-omaha-004/581208-omaha-004-199.JPG	https://s3.amazonaws.com/NARAprodstorage/lz/dc-metro/rg-024/581208/2020-03/581208-omaha-004/581208-omaha-004-199.JPG	 						0	0	0	30.3	63	56	54			bc	cum	9				
1873-09-24	21	-33.02	-71.63			a		https://s3.amazonaws.com/NARAprodstorage/lz/dc-metro/rg-024/581208/2020-03/581208-omaha-004/581208-omaha-004-199.JPG	https://s3.amazonaws.com/NARAprodstorage/lz/dc-metro/rg-024/581208/2020-03/581208-omaha-004/581208-omaha-004-199.JPG	 						0	0	0	30.3	62	58	56			b	none	10				
1873-09-24	22	-33.02	-71.63			a		https://s3.amazonaws.com/NARAprodstorage/lz/dc-metro/rg-024/581208/2020-03/581208-omaha-004/581208-omaha-004-199.JPG	https://s3.amazonaws.com/NARAprodstorage/lz/dc-metro/rg-024/581208/2020-03/581208-omaha-004/581208-omaha-004-199.JPG	 						0	0	0	30.3	62	58	56			b	none	10				
1873-09-24	23	-33.02	-71.63			a		https://s3.amazonaws.com/NARAprodstorage/lz/dc-metro/rg-024/581208/2020-03/581208-omaha-004/581208-omaha-004-199.JPG	https://s3.amazonaws.com/NARAprodstorage/lz/dc-metro/rg-024/581208/2020-03/581208-omaha-004/581208-omaha-004-199.JPG	 						0	0	0	30.3	61	58	56			b	none	10				
1873-09-24	24	-33.02	-71.63			a		https://s3.amazonaws.com/NARAprodstorage/lz/dc-metro/rg-024/581208/2020-03/581208-omaha-004/581208-omaha-004-199.JPG	https://s3.amazonaws.com/NARAprodstorage/lz/dc-metro/rg-024/581208/2020-03/581208-omaha-004/581208-omaha-004-199.JPG	 						270	286	2	30.3	61	58	56			b	none	10				
1873-09-25	1	-33.02	-71.63			a		https://s3.amazonaws.com/NARAprodstorage/lz/dc-metro/rg-024/581208/2020-03/581208-omaha-004/581208-omaha-004-201.JPG	https://s3.amazonaws.com/NARAprodstorage/lz/dc-metro/rg-024/581208/2020-03/581208-omaha-004/581208-omaha-004-201.JPG	 						0	0	0	30.24	60	56	55			b	none	10				
1873-09-25	2	-33.02	-71.63			a		https://s3.amazonaws.com/NARAprodstorage/lz/dc-metro/rg-024/581208/2020-03/581208-omaha-004/581208-omaha-004-201.JPG	https://s3.amazonaws.com/NARAprodstorage/lz/dc-metro/rg-024/581208/2020-03/581208-omaha-004/581208-omaha-004-201.JPG	 						0	0	0	30.24	60	56	55			b	none	10				
1873-09-25	3	-33.02	-71.63			a		https://s3.amazonaws.com/NARAprodstorage/lz/dc-metro/rg-024/581208/2020-03/581208-omaha-004/581208-omaha-004-201.JPG	https://s3.amazonaws.com/NARAprodstorage/lz/dc-metro/rg-024/581208/2020-03/581208-omaha-004/581208-omaha-004-201.JPG	 						0	0	0	30.24	60	56	55			b	none	10				
1873-09-25	4	-33.02	-71.63			a		https://s3.amazonaws.com/NARAprodstorage/lz/dc-metro/rg-024/581208/2020-03/581208-omaha-004/581208-omaha-004-201.JPG	https://s3.amazonaws.com/NARAprodstorage/lz/dc-metro/rg-024/581208/2020-03/581208-omaha-004/581208-omaha-004-201.JPG	 						0	0	0	30.24	60	56	55			b	none	10				
1873-09-25	5	-33.02	-71.63			a		https://s3.amazonaws.com/NARAprodstorage/lz/dc-metro/rg-024/581208/2020-03/581208-omaha-004/581208-omaha-004-201.JPG	https://s3.amazonaws.com/NARAprodstorage/lz/dc-metro/rg-024/581208/2020-03/581208-omaha-004/581208-omaha-004-201.JPG	 						0	0	0	30.24	60	56	55			bc	cum	9				
1873-09-25	6	-33.02	-71.63			a		https://s3.amazonaws.com/NARAprodstorage/lz/dc-metro/rg-024/581208/2020-03/581208-omaha-004/581208-omaha-004-201.JPG	https://s3.amazonaws.com/NARAprodstorage/lz/dc-metro/rg-024/581208/2020-03/581208-omaha-004/581208-omaha-004-201.JPG	 						0	0	0	30.24	60	56	55			bc	cum	9				
1873-09-25	7	-33.02	-71.63			a		https://s3.amazonaws.com/NARAprodstorage/lz/dc-metro/rg-024/581208/2020-03/581208-omaha-004/581208-omaha-004-201.JPG	https://s3.amazonaws.com/NARAprodstorage/lz/dc-metro/rg-024/581208/2020-03/581208-omaha-004/581208-omaha-004-201.JPG	 						0	0	0	30.24	60	56	55			bc	cum	9				
1873-09-25	8	-33.02	-71.63			a		https://s3.amazonaws.com/NARAprodstorage/lz/dc-metro/rg-024/581208/2020-03/581208-omaha-004/581208-omaha-004-201.JPG	https://s3.amazonaws.com/NARAprodstorage/lz/dc-metro/rg-024/581208/2020-03/581208-omaha-004/581208-omaha-004-201.JPG	 						0	0	0	30.33	60	56	54			bc	cum	8				
1873-09-25	9	-33.02	-71.63			a		https://s3.amazonaws.com/NARAprodstorage/lz/dc-metro/rg-024/581208/2020-03/581208-omaha-004/581208-omaha-004-201.JPG	https://s3.amazonaws.com/NARAprodstorage/lz/dc-metro/rg-024/581208/2020-03/581208-omaha-004/581208-omaha-004-201.JPG	 						0	0	0	30.24	62	59	55			bc	cum	9				
1873-09-25	10	-33.02	-71.63			a		https://s3.amazonaws.com/NARAprodstorage/lz/dc-metro/rg-024/581208/2020-03/581208-omaha-004/581208-omaha-004-201.JPG	https://s3.amazonaws.com/NARAprodstorage/lz/dc-metro/rg-024/581208/2020-03/581208-omaha-004/581208-omaha-004-201.JPG	 						888	888	2	30.24	62	60	56			bc	cum	9				
1873-09-25	11	-33.02	-71.63			a		https://s3.amazonaws.com/NARAprodstorage/lz/dc-metro/rg-024/581208/2020-03/581208-omaha-004/581208-omaha-004-201.JPG	https://s3.amazonaws.com/NARAprodstorage/lz/dc-metro/rg-024/581208/2020-03/581208-omaha-004/581208-omaha-004-201.JPG	 						888	888	2	30.24	62	62	58			b	none	10				
1873-09-25	12	-33.02	-71.63			a		https://s3.amazonaws.com/NARAprodstorage/lz/dc-metro/rg-024/581208/2020-03/581208-omaha-004/581208-omaha-004-201.JPG	https://s3.amazonaws.com/NARAprodstorage/lz/dc-metro/rg-024/581208/2020-03/581208-omaha-004/581208-omaha-004-201.JPG	"Noon: Valparaiso, Chile."						888	888	2	30.22	62	62	58			b	none	10				
1873-09-25	13	-33.02	-71.63			a		https://s3.amazonaws.com/NARAprodstorage/lz/dc-metro/rg-024/581208/2020-03/581208-omaha-004/581208-omaha-004-201.JPG	https://s3.amazonaws.com/NARAprodstorage/lz/dc-metro/rg-024/581208/2020-03/581208-omaha-004/581208-omaha-004-201.JPG	 						225	241	5	30.18	63	64	59			b	none	10				
1873-09-25	14	-33.02	-71.63			a		https://s3.amazonaws.com/NARAprodstorage/lz/dc-metro/rg-024/581208/2020-03/581208-omaha-004/581208-omaha-004-201.JPG	https://s3.amazonaws.com/NARAprodstorage/lz/dc-metro/rg-024/581208/2020-03/581208-omaha-004/581208-omaha-004-201.JPG	 						225	241	12	30.16	63	64	59			b	none	10				
1873-09-25	15	-33.02	-71.63			a		https://s3.amazonaws.com/NARAprodstorage/lz/dc-metro/rg-024/581208/2020-03/581208-omaha-004/581208-omaha-004-201.JPG	https://s3.amazonaws.com/NARAprodstorage/lz/dc-metro/rg-024/581208/2020-03/581208-omaha-004/581208-omaha-004-201.JPG	 						225	241	12	30.16	63	64	59			b	none	10				
1873-09-25	16	-33.02	-71.63			a		https://s3.amazonaws.com/NARAprodstorage/lz/dc-metro/rg-024/581208/2020-03/581208-omaha-004/581208-omaha-004-201.JPG	https://s3.amazonaws.com/NARAprodstorage/lz/dc-metro/rg-024/581208/2020-03/581208-omaha-004/581208-omaha-004-201.JPG	 						225	241	12	30.16	63	64	59			b	none	10				
1873-09-25	17	-33.02	-71.63			a		https://s3.amazonaws.com/NARAprodstorage/lz/dc-metro/rg-024/581208/2020-03/581208-omaha-004/581208-omaha-004-201.JPG	https://s3.amazonaws.com/NARAprodstorage/lz/dc-metro/rg-024/581208/2020-03/581208-omaha-004/581208-omaha-004-201.JPG	 						225	241	2	30.16	64	63	58			b	none	10				
1873-09-25	18	-33.02	-71.63			a		https://s3.amazonaws.com/NARAprodstorage/lz/dc-metro/rg-024/581208/2020-03/581208-omaha-004/581208-omaha-004-201.JPG	https://s3.amazonaws.com/NARAprodstorage/lz/dc-metro/rg-024/581208/2020-03/581208-omaha-004/581208-omaha-004-201.JPG	 						225	241	2	30.16	64	63	58			b	none	10				
1873-09-25	19	-33.02	-71.63			a		https://s3.amazonaws.com/NARAprodstorage/lz/dc-metro/rg-024/581208/2020-03/581208-omaha-004/581208-omaha-004-201.JPG	https://s3.amazonaws.com/NARAprodstorage/lz/dc-metro/rg-024/581208/2020-03/581208-omaha-004/581208-omaha-004-201.JPG	 						225	241	2	30.16	64	62	56			b	none	10				
1873-09-25	20	-33.02	-71.63			a		https://s3.amazonaws.com/NARAprodstorage/lz/dc-metro/rg-024/581208/2020-03/581208-omaha-004/581208-omaha-004-201.JPG	https://s3.amazonaws.com/NARAprodstorage/lz/dc-metro/rg-024/581208/2020-03/581208-omaha-004/581208-omaha-004-201.JPG	 						0	0	0	30.16	64	62	56			b	none	10				
1873-09-25	21	-33.02	-71.63			a		https://s3.amazonaws.com/NARAprodstorage/lz/dc-metro/rg-024/581208/2020-03/581208-omaha-004/581208-omaha-004-201.JPG	https://s3.amazonaws.com/NARAprodstorage/lz/dc-metro/rg-024/581208/2020-03/581208-omaha-004/581208-omaha-004-201.JPG	 						0	0	0	30.16	63	59	56			b	none	10				
1873-09-25	22	-33.02	-71.63			a		https://s3.amazonaws.com/NARAprodstorage/lz/dc-metro/rg-024/581208/2020-03/581208-omaha-004/581208-omaha-004-201.JPG	https://s3.amazonaws.com/NARAprodstorage/lz/dc-metro/rg-024/581208/2020-03/581208-omaha-004/581208-omaha-004-201.JPG	 						0	0	0	30.16	63	59	56			b	none	10				
1873-09-25	23	-33.02	-71.63			a		https://s3.amazonaws.com/NARAprodstorage/lz/dc-metro/rg-024/581208/2020-03/581208-omaha-004/581208-omaha-004-201.JPG	https://s3.amazonaws.com/NARAprodstorage/lz/dc-metro/rg-024/581208/2020-03/581208-omaha-004/581208-omaha-004-201.JPG	 						0	0	0	30.16	63	59	56			b	none	10				
1873-09-25	24	-33.02	-71.63			a		https://s3.amazonaws.com/NARAprodstorage/lz/dc-metro/rg-024/581208/2020-03/581208-omaha-004/581208-omaha-004-201.JPG	https://s3.amazonaws.com/NARAprodstorage/lz/dc-metro/rg-024/581208/2020-03/581208-omaha-004/581208-omaha-004-201.JPG	 						0	0	0	30.16	63	59	56			b	none	10				
1873-09-26	1	-33.02	-71.63			a		https://s3.amazonaws.com/NARAprodstorage/lz/dc-metro/rg-024/581208/2020-03/581208-omaha-004/581208-omaha-004-202.JPG	https://s3.amazonaws.com/NARAprodstorage/lz/dc-metro/rg-024/581208/2020-03/581208-omaha-004/581208-omaha-004-202.JPG	 						0	0	0	30.18	62	59	57			b	none	10				
1873-09-26	2	-33.02	-71.63			a		https://s3.amazonaws.com/NARAprodstorage/lz/dc-metro/rg-024/581208/2020-03/581208-omaha-004/581208-omaha-004-202.JPG	https://s3.amazonaws.com/NARAprodstorage/lz/dc-metro/rg-024/581208/2020-03/581208-omaha-004/581208-omaha-004-202.JPG	 						0	0	0	30.18	62	59	57			b	none	10				
1873-09-26	3	-33.02	-71.63			a		https://s3.amazonaws.com/NARAprodstorage/lz/dc-metro/rg-024/581208/2020-03/581208-omaha-004/581208-omaha-004-202.JPG	https://s3.amazonaws.com/NARAprodstorage/lz/dc-metro/rg-024/581208/2020-03/581208-omaha-004/581208-omaha-004-202.JPG	 						0	0	0	30.16	62	59	57			b	none	10				
1873-09-26	4	-33.02	-71.63			a		https://s3.amazonaws.com/NARAprodstorage/lz/dc-metro/rg-024/581208/2020-03/581208-omaha-004/581208-omaha-004-202.JPG	https://s3.amazonaws.com/NARAprodstorage/lz/dc-metro/rg-024/581208/2020-03/581208-omaha-004/581208-omaha-004-202.JPG	 						0	0	0	30.16	62	59	57			b	none	10				
1873-09-26	5	-33.02	-71.63			a		https://s3.amazonaws.com/NARAprodstorage/lz/dc-metro/rg-024/581208/2020-03/581208-omaha-004/581208-omaha-004-202.JPG	https://s3.amazonaws.com/NARAprodstorage/lz/dc-metro/rg-024/581208/2020-03/581208-omaha-004/581208-omaha-004-202.JPG	 						0	0	0	30.16	61	59	57			bc	cum nim	9				
1873-09-26	6	-33.02	-71.63			a		https://s3.amazonaws.com/NARAprodstorage/lz/dc-metro/rg-024/581208/2020-03/581208-omaha-004/581208-omaha-004-202.JPG	https://s3.amazonaws.com/NARAprodstorage/lz/dc-metro/rg-024/581208/2020-03/581208-omaha-004/581208-omaha-004-202.JPG	 						0	0	0	30.16	61	59	57			bc	cum nim	9				
1873-09-26	7	-33.02	-71.63			a		https://s3.amazonaws.com/NARAprodstorage/lz/dc-metro/rg-024/581208/2020-03/581208-omaha-004/581208-omaha-004-202.JPG	https://s3.amazonaws.com/NARAprodstorage/lz/dc-metro/rg-024/581208/2020-03/581208-omaha-004/581208-omaha-004-202.JPG	 						0	0	0	30.18	61	60	57			bc	cum nim	9				
1873-09-26	8	-33.02	-71.63			a		https://s3.amazonaws.com/NARAprodstorage/lz/dc-metro/rg-024/581208/2020-03/581208-omaha-004/581208-omaha-004-202.JPG	https://s3.amazonaws.com/NARAprodstorage/lz/dc-metro/rg-024/581208/2020-03/581208-omaha-004/581208-omaha-004-202.JPG	 						0	0	0	30.18	61	60	57			bc	cum nim	9				
1873-09-26	9	-33.02	-71.63			a		https://s3.amazonaws.com/NARAprodstorage/lz/dc-metro/rg-024/581208/2020-03/581208-omaha-004/581208-omaha-004-202.JPG	https://s3.amazonaws.com/NARAprodstorage/lz/dc-metro/rg-024/581208/2020-03/581208-omaha-004/581208-omaha-004-202.JPG	 						225	241	5	30.22	62	61	57			bc	cir cum	8				
1873-09-26	10	-33.02	-71.63			a		https://s3.amazonaws.com/NARAprodstorage/lz/dc-metro/rg-024/581208/2020-03/581208-omaha-004/581208-omaha-004-202.JPG	https://s3.amazonaws.com/NARAprodstorage/lz/dc-metro/rg-024/581208/2020-03/581208-omaha-004/581208-omaha-004-202.JPG	 						225	241	8	30.22	62	61	57			bc	cir cum	7				
1873-09-26	11	-33.02	-71.63			a		https://s3.amazonaws.com/NARAprodstorage/lz/dc-metro/rg-024/581208/2020-03/581208-omaha-004/581208-omaha-004-202.JPG	https://s3.amazonaws.com/NARAprodstorage/lz/dc-metro/rg-024/581208/2020-03/581208-omaha-004/581208-omaha-004-202.JPG	 						225	241	13	30.22	62	61	57			bc	cir cum	6				
1873-09-26	12	-33.02	-71.63			a		https://s3.amazonaws.com/NARAprodstorage/lz/dc-metro/rg-024/581208/2020-03/581208-omaha-004/581208-omaha-004-202.JPG	https://s3.amazonaws.com/NARAprodstorage/lz/dc-metro/rg-024/581208/2020-03/581208-omaha-004/581208-omaha-004-202.JPG	"Noon: Valparaiso, Chile."						225	241	13	30.22	62	61	57			bc	cir cum	5				
1873-09-26	13	-33.02	-71.63			a		https://s3.amazonaws.com/NARAprodstorage/lz/dc-metro/rg-024/581208/2020-03/581208-omaha-004/581208-omaha-004-202.JPG	https://s3.amazonaws.com/NARAprodstorage/lz/dc-metro/rg-024/581208/2020-03/581208-omaha-004/581208-omaha-004-202.JPG	 						225	241	19	30.2	64	62	57			bc	cir cum	8				
1873-09-26	14	-33.02	-71.63			a		https://s3.amazonaws.com/NARAprodstorage/lz/dc-metro/rg-024/581208/2020-03/581208-omaha-004/581208-omaha-004-202.JPG	https://s3.amazonaws.com/NARAprodstorage/lz/dc-metro/rg-024/581208/2020-03/581208-omaha-004/581208-omaha-004-202.JPG	 						225	241	19	30.2	64	62	57			bc	cir cum	9				
1873-09-26	15	-33.02	-71.63			a		https://s3.amazonaws.com/NARAprodstorage/lz/dc-metro/rg-024/581208/2020-03/581208-omaha-004/581208-omaha-004-202.JPG	https://s3.amazonaws.com/NARAprodstorage/lz/dc-metro/rg-024/581208/2020-03/581208-omaha-004/581208-omaha-004-202.JPG	 						225	241	19	30.21	64	62	57			bc	cir cum	8				
1873-09-26	16	-33.02	-71.63			a		https://s3.amazonaws.com/NARAprodstorage/lz/dc-metro/rg-024/581208/2020-03/581208-omaha-004/581208-omaha-004-202.JPG	https://s3.amazonaws.com/NARAprodstorage/lz/dc-metro/rg-024/581208/2020-03/581208-omaha-004/581208-omaha-004-202.JPG	 						225	241	19	30.21	64	62	57			bc	cir cum	8				
1873-09-26	17	-33.02	-71.63			a		https://s3.amazonaws.com/NARAprodstorage/lz/dc-metro/rg-024/581208/2020-03/581208-omaha-004/581208-omaha-004-202.JPG	https://s3.amazonaws.com/NARAprodstorage/lz/dc-metro/rg-024/581208/2020-03/581208-omaha-004/581208-omaha-004-202.JPG	 						225	241	8	30.23	64	61	58			bc	cir cum	6				
1873-09-26	18	-33.02	-71.63			a		https://s3.amazonaws.com/NARAprodstorage/lz/dc-metro/rg-024/581208/2020-03/581208-omaha-004/581208-omaha-004-202.JPG	https://s3.amazonaws.com/NARAprodstorage/lz/dc-metro/rg-024/581208/2020-03/581208-omaha-004/581208-omaha-004-202.JPG	 						225	241	8	30.23	64	61	58			bc	cir cum	5				
1873-09-26	19	-33.02	-71.63			a		https://s3.amazonaws.com/NARAprodstorage/lz/dc-metro/rg-024/581208/2020-03/581208-omaha-004/581208-omaha-004-202.JPG	https://s3.amazonaws.com/NARAprodstorage/lz/dc-metro/rg-024/581208/2020-03/581208-omaha-004/581208-omaha-004-202.JPG	 						225	241	5	30.23	64	61	58			bc	cir cum	4				
1873-09-26	20	-33.02	-71.63			a		https://s3.amazonaws.com/NARAprodstorage/lz/dc-metro/rg-024/581208/2020-03/581208-omaha-004/581208-omaha-004-202.JPG	https://s3.amazonaws.com/NARAprodstorage/lz/dc-metro/rg-024/581208/2020-03/581208-omaha-004/581208-omaha-004-202.JPG	 						225	241	2	30.23	64	61	58			bc	cir cum	2				
1873-09-26	21	-33.02	-71.63			a		https://s3.amazonaws.com/NARAprodstorage/lz/dc-metro/rg-024/581208/2020-03/581208-omaha-004/581208-omaha-004-202.JPG	https://s3.amazonaws.com/NARAprodstorage/lz/dc-metro/rg-024/581208/2020-03/581208-omaha-004/581208-omaha-004-202.JPG	 						888	888	2	30.23	64	61	58			bc	cir cum	2				
1873-09-26	22	-33.02	-71.63			a		https://s3.amazonaws.com/NARAprodstorage/lz/dc-metro/rg-024/581208/2020-03/581208-omaha-004/581208-omaha-004-202.JPG	https://s3.amazonaws.com/NARAprodstorage/lz/dc-metro/rg-024/581208/2020-03/581208-omaha-004/581208-omaha-004-202.JPG	 						888	888	2	30.23	64	61	58			bc	cir cum	2				
1873-09-26	23	-33.02	-71.63			a		https://s3.amazonaws.com/NARAprodstorage/lz/dc-metro/rg-024/581208/2020-03/581208-omaha-004/581208-omaha-004-202.JPG	https://s3.amazonaws.com/NARAprodstorage/lz/dc-metro/rg-024/581208/2020-03/581208-omaha-004/581208-omaha-004-202.JPG	 						888	888	2	30.23	64	61	58			bc	cir cum	2				
1873-09-26	24	-33.02	-71.63			a		https://s3.amazonaws.com/NARAprodstorage/lz/dc-metro/rg-024/581208/2020-03/581208-omaha-004/581208-omaha-004-202.JPG	https://s3.amazonaws.com/NARAprodstorage/lz/dc-metro/rg-024/581208/2020-03/581208-omaha-004/581208-omaha-004-202.JPG	 						888	888	2	30.23	64	61	58			bc	cir cum	2				
1873-09-27	1	-33.02	-71.63			a		https://s3.amazonaws.com/NARAprodstorage/lz/dc-metro/rg-024/581208/2020-03/581208-omaha-004/581208-omaha-004-203.JPG	https://s3.amazonaws.com/NARAprodstorage/lz/dc-metro/rg-024/581208/2020-03/581208-omaha-004/581208-omaha-004-203.JPG	 						0	0	0	30.22	61	58	56			bc	cum	8				
1873-09-27	2	-33.02	-71.63			a		https://s3.amazonaws.com/NARAprodstorage/lz/dc-metro/rg-024/581208/2020-03/581208-omaha-004/581208-omaha-004-203.JPG	https://s3.amazonaws.com/NARAprodstorage/lz/dc-metro/rg-024/581208/2020-03/581208-omaha-004/581208-omaha-004-203.JPG	 						0	0	0	30.22	61	58	56			bc	cum	8				
1873-09-27	3	-33.02	-71.63			a		https://s3.amazonaws.com/NARAprodstorage/lz/dc-metro/rg-024/581208/2020-03/581208-omaha-004/581208-omaha-004-203.JPG	https://s3.amazonaws.com/NARAprodstorage/lz/dc-metro/rg-024/581208/2020-03/581208-omaha-004/581208-omaha-004-203.JPG	 						0	0	0	30.22	61	58	56			bc	cum	6				
1873-09-27	4	-33.02	-71.63			a		https://s3.amazonaws.com/NARAprodstorage/lz/dc-metro/rg-024/581208/2020-03/581208-omaha-004/581208-omaha-004-203.JPG	https://s3.amazonaws.com/NARAprodstorage/lz/dc-metro/rg-024/581208/2020-03/581208-omaha-004/581208-omaha-004-203.JPG	 						0	0	0	30.22	61	58	56			o	cum	5				
1873-09-27	5	-33.02	-71.63			a		https://s3.amazonaws.com/NARAprodstorage/lz/dc-metro/rg-024/581208/2020-03/581208-omaha-004/581208-omaha-004-203.JPG	https://s3.amazonaws.com/NARAprodstorage/lz/dc-metro/rg-024/581208/2020-03/581208-omaha-004/581208-omaha-004-203.JPG	 						0	0	0	30.26	62	58	56			ocr	nimb	5				
1873-09-27	6	-33.02	-71.63			a		https://s3.amazonaws.com/NARAprodstorage/lz/dc-metro/rg-024/581208/2020-03/581208-omaha-004/581208-omaha-004-203.JPG	https://s3.amazonaws.com/NARAprodstorage/lz/dc-metro/rg-024/581208/2020-03/581208-omaha-004/581208-omaha-004-203.JPG	 						0	0	0	30.3	62	58	56			ocr	nimb	5				
1873-09-27	7	-33.02	-71.63			a		https://s3.amazonaws.com/NARAprodstorage/lz/dc-metro/rg-024/581208/2020-03/581208-omaha-004/581208-omaha-004-203.JPG	https://s3.amazonaws.com/NARAprodstorage/lz/dc-metro/rg-024/581208/2020-03/581208-omaha-004/581208-omaha-004-203.JPG	 						135	151	2	30.34	62	58	56			ocm	nimb	5				
1873-09-27	8	-33.02	-71.63			a		https://s3.amazonaws.com/NARAprodstorage/lz/dc-metro/rg-024/581208/2020-03/581208-omaha-004/581208-omaha-004-203.JPG	https://s3.amazonaws.com/NARAprodstorage/lz/dc-metro/rg-024/581208/2020-03/581208-omaha-004/581208-omaha-004-203.JPG	 						135	151	2	30.36	62	58	56			ocr	nimb	5				
1873-09-27	9	-33.02	-71.63			a		https://s3.amazonaws.com/NARAprodstorage/lz/dc-metro/rg-024/581208/2020-03/581208-omaha-004/581208-omaha-004-203.JPG	https://s3.amazonaws.com/NARAprodstorage/lz/dc-metro/rg-024/581208/2020-03/581208-omaha-004/581208-omaha-004-203.JPG	 						135	151	5	30.38	62	59	56			oc	nimb	5				
1873-09-27	10	-33.02	-71.63			a		https://s3.amazonaws.com/NARAprodstorage/lz/dc-metro/rg-024/581208/2020-03/581208-omaha-004/581208-omaha-004-203.JPG	https://s3.amazonaws.com/NARAprodstorage/lz/dc-metro/rg-024/581208/2020-03/581208-omaha-004/581208-omaha-004-203.JPG	 						135	151	5	30.38	62	59	56			oc	nimb	5				
1873-09-27	11	-33.02	-71.63			a		https://s3.amazonaws.com/NARAprodstorage/lz/dc-metro/rg-024/581208/2020-03/581208-omaha-004/581208-omaha-004-203.JPG	https://s3.amazonaws.com/NARAprodstorage/lz/dc-metro/rg-024/581208/2020-03/581208-omaha-004/581208-omaha-004-203.JPG	 						135	151	2	30.4	63	59	56			bc	cum nim	6				
1873-09-27	12	-33.02	-71.63			a		https://s3.amazonaws.com/NARAprodstorage/lz/dc-metro/rg-024/581208/2020-03/581208-omaha-004/581208-omaha-004-203.JPG	https://s3.amazonaws.com/NARAprodstorage/lz/dc-metro/rg-024/581208/2020-03/581208-omaha-004/581208-omaha-004-203.JPG	"Noon: Valparaiso, Chile."						135	151	2	30.42	63	59	56			bc	cum nim	5				
1873-09-27	13	-33.02	-71.63			a		https://s3.amazonaws.com/NARAprodstorage/lz/dc-metro/rg-024/581208/2020-03/581208-omaha-004/581208-omaha-004-203.JPG	https://s3.amazonaws.com/NARAprodstorage/lz/dc-metro/rg-024/581208/2020-03/581208-omaha-004/581208-omaha-004-203.JPG	 						270	286	2	30.4	62	61	56			bc	cum	8				
1873-09-27	14	-33.02	-71.63			a		https://s3.amazonaws.com/NARAprodstorage/lz/dc-metro/rg-024/581208/2020-03/581208-omaha-004/581208-omaha-004-203.JPG	https://s3.amazonaws.com/NARAprodstorage/lz/dc-metro/rg-024/581208/2020-03/581208-omaha-004/581208-omaha-004-203.JPG	 						270	286	8	30.4	62	61	56			bc	cum	8				
1873-09-27	15	-33.02	-71.63			a		https://s3.amazonaws.com/NARAprodstorage/lz/dc-metro/rg-024/581208/2020-03/581208-omaha-004/581208-omaha-004-203.JPG	https://s3.amazonaws.com/NARAprodstorage/lz/dc-metro/rg-024/581208/2020-03/581208-omaha-004/581208-omaha-004-203.JPG	 						214	230	24	30.4	62	61	56			bc	cum	8				
1873-09-27	16	-33.02	-71.63			a		https://s3.amazonaws.com/NARAprodstorage/lz/dc-metro/rg-024/581208/2020-03/581208-omaha-004/581208-omaha-004-203.JPG	https://s3.amazonaws.com/NARAprodstorage/lz/dc-metro/rg-024/581208/2020-03/581208-omaha-004/581208-omaha-004-203.JPG	 						225	241	24	30.4	62	61	56			bc	cum	8				
1873-09-27	17	-33.02	-71.63			a		https://s3.amazonaws.com/NARAprodstorage/lz/dc-metro/rg-024/581208/2020-03/581208-omaha-004/581208-omaha-004-203.JPG	https://s3.amazonaws.com/NARAprodstorage/lz/dc-metro/rg-024/581208/2020-03/581208-omaha-004/581208-omaha-004-203.JPG	 						225	241	2	30.4	62	60	56			oc	cum	6				
1873-09-27	18	-33.02	-71.63			a		https://s3.amazonaws.com/NARAprodstorage/lz/dc-metro/rg-024/581208/2020-03/581208-omaha-004/581208-omaha-004-203.JPG	https://s3.amazonaws.com/NARAprodstorage/lz/dc-metro/rg-024/581208/2020-03/581208-omaha-004/581208-omaha-004-203.JPG	 						225	241	2	30.4	62	60	56			oc	cum	7				
1873-09-27	19	-33.02	-71.63			a		https://s3.amazonaws.com/NARAprodstorage/lz/dc-metro/rg-024/581208/2020-03/581208-omaha-004/581208-omaha-004-203.JPG	https://s3.amazonaws.com/NARAprodstorage/lz/dc-metro/rg-024/581208/2020-03/581208-omaha-004/581208-omaha-004-203.JPG	 						225	241	19	30.4	61	59	55			oc	cum	8				
1873-09-27	20	-33.02	-71.63			a		https://s3.amazonaws.com/NARAprodstorage/lz/dc-metro/rg-024/581208/2020-03/581208-omaha-004/581208-omaha-004-203.JPG	https://s3.amazonaws.com/NARAprodstorage/lz/dc-metro/rg-024/581208/2020-03/581208-omaha-004/581208-omaha-004-203.JPG	 						225	241	19	30.4	61	59	55			oc	cum	8				
1873-09-27	21	-33.02	-71.63			a		https://s3.amazonaws.com/NARAprodstorage/lz/dc-metro/rg-024/581208/2020-03/581208-omaha-004/581208-omaha-004-203.JPG	https://s3.amazonaws.com/NARAprodstorage/lz/dc-metro/rg-024/581208/2020-03/581208-omaha-004/581208-omaha-004-203.JPG	 						225	241	19	30.42	62	57	52			b	none	10				
1873-09-27	22	-33.02	-71.63			a		https://s3.amazonaws.com/NARAprodstorage/lz/dc-metro/rg-024/581208/2020-03/581208-omaha-004/581208-omaha-004-203.JPG	https://s3.amazonaws.com/NARAprodstorage/lz/dc-metro/rg-024/581208/2020-03/581208-omaha-004/581208-omaha-004-203.JPG	 						225	241	13	30.44	62	57	52			b	none	10				
1873-09-27	23	-33.02	-71.63			a		https://s3.amazonaws.com/NARAprodstorage/lz/dc-metro/rg-024/581208/2020-03/581208-omaha-004/581208-omaha-004-203.JPG	https://s3.amazonaws.com/NARAprodstorage/lz/dc-metro/rg-024/581208/2020-03/581208-omaha-004/581208-omaha-004-203.JPG	 						225	241	5	30.44	62	57	52			b	none	10				
1873-09-27	24	-33.02	-71.63			a		https://s3.amazonaws.com/NARAprodstorage/lz/dc-metro/rg-024/581208/2020-03/581208-omaha-004/581208-omaha-004-203.JPG	https://s3.amazonaws.com/NARAprodstorage/lz/dc-metro/rg-024/581208/2020-03/581208-omaha-004/581208-omaha-004-203.JPG	 						225	241	5	30.44	62	57	52			b	none	10				
1873-09-28	1	-33.02	-71.63			a		https://s3.amazonaws.com/NARAprodstorage/lz/dc-metro/rg-024/581208/2020-03/581208-omaha-004/581208-omaha-004-204.JPG	https://s3.amazonaws.com/NARAprodstorage/lz/dc-metro/rg-024/581208/2020-03/581208-omaha-004/581208-omaha-004-204.JPG	 						270	286	2	30.32	60	57	52			bc	cum	9				
1873-09-28	2	-33.02	-71.63			a		https://s3.amazonaws.com/NARAprodstorage/lz/dc-metro/rg-024/581208/2020-03/581208-omaha-004/581208-omaha-004-204.JPG	https://s3.amazonaws.com/NARAprodstorage/lz/dc-metro/rg-024/581208/2020-03/581208-omaha-004/581208-omaha-004-204.JPG	 						270	286	2	30.32	60	57	52			bc	cum	9				
1873-09-28	3	-33.02	-71.63			a		https://s3.amazonaws.com/NARAprodstorage/lz/dc-metro/rg-024/581208/2020-03/581208-omaha-004/581208-omaha-004-204.JPG	https://s3.amazonaws.com/NARAprodstorage/lz/dc-metro/rg-024/581208/2020-03/581208-omaha-004/581208-omaha-004-204.JPG	 						270	286	2	30.32	60	57	52			bc	cum	9				
1873-09-28	4	-33.02	-71.63			a		https://s3.amazonaws.com/NARAprodstorage/lz/dc-metro/rg-024/581208/2020-03/581208-omaha-004/581208-omaha-004-204.JPG	https://s3.amazonaws.com/NARAprodstorage/lz/dc-metro/rg-024/581208/2020-03/581208-omaha-004/581208-omaha-004-204.JPG	 						270	286	2	30.32	60	57	52			bc	cum	9				
1873-09-28	5	-33.02	-71.63			a		https://s3.amazonaws.com/NARAprodstorage/lz/dc-metro/rg-024/581208/2020-03/581208-omaha-004/581208-omaha-004-204.JPG	https://s3.amazonaws.com/NARAprodstorage/lz/dc-metro/rg-024/581208/2020-03/581208-omaha-004/581208-omaha-004-204.JPG	 						225	241	2	30.36	60	57	54			bc	cum	9				
1873-09-28	6	-33.02	-71.63			a		https://s3.amazonaws.com/NARAprodstorage/lz/dc-metro/rg-024/581208/2020-03/581208-omaha-004/581208-omaha-004-204.JPG	https://s3.amazonaws.com/NARAprodstorage/lz/dc-metro/rg-024/581208/2020-03/581208-omaha-004/581208-omaha-004-204.JPG	 						225	241	2	30.36	60	57	54			bc	cum	9				
1873-09-28	7	-33.02	-71.63			a		https://s3.amazonaws.com/NARAprodstorage/lz/dc-metro/rg-024/581208/2020-03/581208-omaha-004/581208-omaha-004-204.JPG	https://s3.amazonaws.com/NARAprodstorage/lz/dc-metro/rg-024/581208/2020-03/581208-omaha-004/581208-omaha-004-204.JPG	 						225	241	2	30.38	60	57	54			bc	cum	9				
1873-09-28	8	-33.02	-71.63			a		https://s3.amazonaws.com/NARAprodstorage/lz/dc-metro/rg-024/581208/2020-03/581208-omaha-004/581208-omaha-004-204.JPG	https://s3.amazonaws.com/NARAprodstorage/lz/dc-metro/rg-024/581208/2020-03/581208-omaha-004/581208-omaha-004-204.JPG	 						225	241	2	30.42	60	57	54			bc	cum	9				
1873-09-28	9	-33.02	-71.63			a		https://s3.amazonaws.com/NARAprodstorage/lz/dc-metro/rg-024/581208/2020-03/581208-omaha-004/581208-omaha-004-204.JPG	https://s3.amazonaws.com/NARAprodstorage/lz/dc-metro/rg-024/581208/2020-03/581208-omaha-004/581208-omaha-004-204.JPG	 						225	241	2	30.4	60	57	54			bc	cum	9				
1873-09-28	10	-33.02	-71.63			a		https://s3.amazonaws.com/NARAprodstorage/lz/dc-metro/rg-024/581208/2020-03/581208-omaha-004/581208-omaha-004-204.JPG	https://s3.amazonaws.com/NARAprodstorage/lz/dc-metro/rg-024/581208/2020-03/581208-omaha-004/581208-omaha-004-204.JPG	 						225	241	2	30.4	60	57	54			bc	cum	9				
1873-09-28	11	-33.02	-71.63			a		https://s3.amazonaws.com/NARAprodstorage/lz/dc-metro/rg-024/581208/2020-03/581208-omaha-004/581208-omaha-004-204.JPG	https://s3.amazonaws.com/NARAprodstorage/lz/dc-metro/rg-024/581208/2020-03/581208-omaha-004/581208-omaha-004-204.JPG	 						225	241	2	30.4	62	64	60			bc	cum	9				
1873-09-28	12	-33.02	-71.63			a		https://s3.amazonaws.com/NARAprodstorage/lz/dc-metro/rg-024/581208/2020-03/581208-omaha-004/581208-omaha-004-204.JPG	https://s3.amazonaws.com/NARAprodstorage/lz/dc-metro/rg-024/581208/2020-03/581208-omaha-004/581208-omaha-004-204.JPG	"Noon: Valparaiso, Chile."						270	286	2	30.36	63	69	63			bc	cum	9				
1873-09-28	13	-33.02	-71.63			a		https://s3.amazonaws.com/NARAprodstorage/lz/dc-metro/rg-024/581208/2020-03/581208-omaha-004/581208-omaha-004-204.JPG	https://s3.amazonaws.com/NARAprodstorage/lz/dc-metro/rg-024/581208/2020-03/581208-omaha-004/581208-omaha-004-204.JPG	 						180	196	8	30.34	65	69	60			bc	cum	6				
1873-09-28	14	-33.02	-71.63			a		https://s3.amazonaws.com/NARAprodstorage/lz/dc-metro/rg-024/581208/2020-03/581208-omaha-004/581208-omaha-004-204.JPG	https://s3.amazonaws.com/NARAprodstorage/lz/dc-metro/rg-024/581208/2020-03/581208-omaha-004/581208-omaha-004-204.JPG	 						180	196	5	30.34	65	69	60			bc	cum	8				
1873-09-28	15	-33.02	-71.63			a		https://s3.amazonaws.com/NARAprodstorage/lz/dc-metro/rg-024/581208/2020-03/581208-omaha-004/581208-omaha-004-204.JPG	https://s3.amazonaws.com/NARAprodstorage/lz/dc-metro/rg-024/581208/2020-03/581208-omaha-004/581208-omaha-004-204.JPG	 						135	151	5	30.32	65	69	60			bc	cum	9				
1873-09-28	16	-33.02	-71.63			a		https://s3.amazonaws.com/NARAprodstorage/lz/dc-metro/rg-024/581208/2020-03/581208-omaha-004/581208-omaha-004-204.JPG	https://s3.amazonaws.com/NARAprodstorage/lz/dc-metro/rg-024/581208/2020-03/581208-omaha-004/581208-omaha-004-204.JPG	 						135	151	2	30.32	65	69	60			bc	cum	9				
1873-09-28	17	-33.02	-71.63			a		https://s3.amazonaws.com/NARAprodstorage/lz/dc-metro/rg-024/581208/2020-03/581208-omaha-004/581208-omaha-004-204.JPG	https://s3.amazonaws.com/NARAprodstorage/lz/dc-metro/rg-024/581208/2020-03/581208-omaha-004/581208-omaha-004-204.JPG	 						888	888	2	30.32	65	69	60			bc	cum	9				
1873-09-28	18	-33.02	-71.63			a		https://s3.amazonaws.com/NARAprodstorage/lz/dc-metro/rg-024/581208/2020-03/581208-omaha-004/581208-omaha-004-204.JPG	https://s3.amazonaws.com/NARAprodstorage/lz/dc-metro/rg-024/581208/2020-03/581208-omaha-004/581208-omaha-004-204.JPG	 						888	888	2	30.32	65	69	60			bc	cum	9				
1873-09-28	19	-33.02	-71.63			a		https://s3.amazonaws.com/NARAprodstorage/lz/dc-metro/rg-024/581208/2020-03/581208-omaha-004/581208-omaha-004-204.JPG	https://s3.amazonaws.com/NARAprodstorage/lz/dc-metro/rg-024/581208/2020-03/581208-omaha-004/581208-omaha-004-204.JPG	 						888	888	2	30.32	65	69	60			bc	cum	9				
1873-09-28	20	-33.02	-71.63			a		https://s3.amazonaws.com/NARAprodstorage/lz/dc-metro/rg-024/581208/2020-03/581208-omaha-004/581208-omaha-004-204.JPG	https://s3.amazonaws.com/NARAprodstorage/lz/dc-metro/rg-024/581208/2020-03/581208-omaha-004/581208-omaha-004-204.JPG	 						315	331	2	30.3	65	63	59			bc	cum	9				
1873-09-28	21	-33.02	-71.63			a		https://s3.amazonaws.com/NARAprodstorage/lz/dc-metro/rg-024/581208/2020-03/581208-omaha-004/581208-omaha-004-204.JPG	https://s3.amazonaws.com/NARAprodstorage/lz/dc-metro/rg-024/581208/2020-03/581208-omaha-004/581208-omaha-004-204.JPG	 						888	888	2	30.3	64	62	56			bc	cum	9				
1873-09-28	22	-33.02	-71.63			a		https://s3.amazonaws.com/NARAprodstorage/lz/dc-metro/rg-024/581208/2020-03/581208-omaha-004/581208-omaha-004-204.JPG	https://s3.amazonaws.com/NARAprodstorage/lz/dc-metro/rg-024/581208/2020-03/581208-omaha-004/581208-omaha-004-204.JPG	 						888	888	2	30.3	64	61	56			bc	cum	9				
1873-09-28	23	-33.02	-71.63			a		https://s3.amazonaws.com/NARAprodstorage/lz/dc-metro/rg-024/581208/2020-03/581208-omaha-004/581208-omaha-004-204.JPG	https://s3.amazonaws.com/NARAprodstorage/lz/dc-metro/rg-024/581208/2020-03/581208-omaha-004/581208-omaha-004-204.JPG	 						888	888	2	30.3	62	60	56			bc	cum	9				
1873-09-28	24	-33.02	-71.63			a		https://s3.amazonaws.com/NARAprodstorage/lz/dc-metro/rg-024/581208/2020-03/581208-omaha-004/581208-omaha-004-204.JPG	https://s3.amazonaws.com/NARAprodstorage/lz/dc-metro/rg-024/581208/2020-03/581208-omaha-004/581208-omaha-004-204.JPG	 						888	888	2	30.3	62	60	56			bc	cum	9				
1873-09-29	1	-33.02	-71.63			a		https://s3.amazonaws.com/NARAprodstorage/lz/dc-metro/rg-024/581208/2020-03/581208-omaha-004/581208-omaha-004-205.JPG	https://s3.amazonaws.com/NARAprodstorage/lz/dc-metro/rg-024/581208/2020-03/581208-omaha-004/581208-omaha-004-205.JPG	 						0	0	0	30.29	62	59	57			b	none	10				
1873-09-29	2	-33.02	-71.63			a		https://s3.amazonaws.com/NARAprodstorage/lz/dc-metro/rg-024/581208/2020-03/581208-omaha-004/581208-omaha-004-205.JPG	https://s3.amazonaws.com/NARAprodstorage/lz/dc-metro/rg-024/581208/2020-03/581208-omaha-004/581208-omaha-004-205.JPG	 						0	0	0	30.29	62	59	57			b	none	10				
1873-09-29	3	-33.02	-71.63			a		https://s3.amazonaws.com/NARAprodstorage/lz/dc-metro/rg-024/581208/2020-03/581208-omaha-004/581208-omaha-004-205.JPG	https://s3.amazonaws.com/NARAprodstorage/lz/dc-metro/rg-024/581208/2020-03/581208-omaha-004/581208-omaha-004-205.JPG	 						0	0	0	30.29	62	59	57			b	none	10				
1873-09-29	4	-33.02	-71.63			a		https://s3.amazonaws.com/NARAprodstorage/lz/dc-metro/rg-024/581208/2020-03/581208-omaha-004/581208-omaha-004-205.JPG	https://s3.amazonaws.com/NARAprodstorage/lz/dc-metro/rg-024/581208/2020-03/581208-omaha-004/581208-omaha-004-205.JPG	 						0	0	0	30.29	62	59	57			b	none	10				
1873-09-29	5	-33.02	-71.63			a		https://s3.amazonaws.com/NARAprodstorage/lz/dc-metro/rg-024/581208/2020-03/581208-omaha-004/581208-omaha-004-205.JPG	https://s3.amazonaws.com/NARAprodstorage/lz/dc-metro/rg-024/581208/2020-03/581208-omaha-004/581208-omaha-004-205.JPG	 						338	354	2	30.28	63	59	56			bcm	stratus	9				
1873-09-29	6	-33.02	-71.63			a		https://s3.amazonaws.com/NARAprodstorage/lz/dc-metro/rg-024/581208/2020-03/581208-omaha-004/581208-omaha-004-205.JPG	https://s3.amazonaws.com/NARAprodstorage/lz/dc-metro/rg-024/581208/2020-03/581208-omaha-004/581208-omaha-004-205.JPG	 						338	354	2	30.28	63	59	56			bcm	stratus	9				
1873-09-29	7	-33.02	-71.63			a		https://s3.amazonaws.com/NARAprodstorage/lz/dc-metro/rg-024/581208/2020-03/581208-omaha-004/581208-omaha-004-205.JPG	https://s3.amazonaws.com/NARAprodstorage/lz/dc-metro/rg-024/581208/2020-03/581208-omaha-004/581208-omaha-004-205.JPG	 						338	354	2	30.28	63	59	56			bcm	stratus	9				
1873-09-29	8	-33.02	-71.63			a		https://s3.amazonaws.com/NARAprodstorage/lz/dc-metro/rg-024/581208/2020-03/581208-omaha-004/581208-omaha-004-205.JPG	https://s3.amazonaws.com/NARAprodstorage/lz/dc-metro/rg-024/581208/2020-03/581208-omaha-004/581208-omaha-004-205.JPG	 						338	354	2	30.28	63	59	56			bcm	stratus	9				
1873-09-29	9	-33.02	-71.63			a		https://s3.amazonaws.com/NARAprodstorage/lz/dc-metro/rg-024/581208/2020-03/581208-omaha-004/581208-omaha-004-205.JPG	https://s3.amazonaws.com/NARAprodstorage/lz/dc-metro/rg-024/581208/2020-03/581208-omaha-004/581208-omaha-004-205.JPG	 						0	0	0	30.24	65	65	60			bc	cum	9				
1873-09-29	10	-33.02	-71.63			a		https://s3.amazonaws.com/NARAprodstorage/lz/dc-metro/rg-024/581208/2020-03/581208-omaha-004/581208-omaha-004-205.JPG	https://s3.amazonaws.com/NARAprodstorage/lz/dc-metro/rg-024/581208/2020-03/581208-omaha-004/581208-omaha-004-205.JPG	 						0	0	0	30.24	65	65	60			bc	cum	9				
1873-09-29	11	-33.02	-71.63			a		https://s3.amazonaws.com/NARAprodstorage/lz/dc-metro/rg-024/581208/2020-03/581208-omaha-004/581208-omaha-004-205.JPG	https://s3.amazonaws.com/NARAprodstorage/lz/dc-metro/rg-024/581208/2020-03/581208-omaha-004/581208-omaha-004-205.JPG	 						225	241	2	30.24	65	65	60			bc	cum	9				
1873-09-29	12	-33.02	-71.63			a		https://s3.amazonaws.com/NARAprodstorage/lz/dc-metro/rg-024/581208/2020-03/581208-omaha-004/581208-omaha-004-205.JPG	https://s3.amazonaws.com/NARAprodstorage/lz/dc-metro/rg-024/581208/2020-03/581208-omaha-004/581208-omaha-004-205.JPG	"Noon: Valparaiso, Chile."						225	241	2	30.2	65	65	60			bc	cum	9				
1873-09-29	13	-33.02	-71.63			a		https://s3.amazonaws.com/NARAprodstorage/lz/dc-metro/rg-024/581208/2020-03/581208-omaha-004/581208-omaha-004-205.JPG	https://s3.amazonaws.com/NARAprodstorage/lz/dc-metro/rg-024/581208/2020-03/581208-omaha-004/581208-omaha-004-205.JPG	 						225	241	5	30.18	70	72	62			bc	cir cum	6				
1873-09-29	14	-33.02	-71.63			a		https://s3.amazonaws.com/NARAprodstorage/lz/dc-metro/rg-024/581208/2020-03/581208-omaha-004/581208-omaha-004-205.JPG	https://s3.amazonaws.com/NARAprodstorage/lz/dc-metro/rg-024/581208/2020-03/581208-omaha-004/581208-omaha-004-205.JPG	 						225	241	8	30.16	70	72	62			bc	cir cum	8				
1873-09-29	15	-33.02	-71.63			a		https://s3.amazonaws.com/NARAprodstorage/lz/dc-metro/rg-024/581208/2020-03/581208-omaha-004/581208-omaha-004-205.JPG	https://s3.amazonaws.com/NARAprodstorage/lz/dc-metro/rg-024/581208/2020-03/581208-omaha-004/581208-omaha-004-205.JPG	 						225	241	8	30.14	70	72	62			bc	cir cum	8				
1873-09-29	16	-33.02	-71.63			a		https://s3.amazonaws.com/NARAprodstorage/lz/dc-metro/rg-024/581208/2020-03/581208-omaha-004/581208-omaha-004-205.JPG	https://s3.amazonaws.com/NARAprodstorage/lz/dc-metro/rg-024/581208/2020-03/581208-omaha-004/581208-omaha-004-205.JPG	 						180	196	8	30.14	70	70	62			bc	cir cum	7				
1873-09-29	17	-33.02	-71.63			a		https://s3.amazonaws.com/NARAprodstorage/lz/dc-metro/rg-024/581208/2020-03/581208-omaha-004/581208-omaha-004-205.JPG	https://s3.amazonaws.com/NARAprodstorage/lz/dc-metro/rg-024/581208/2020-03/581208-omaha-004/581208-omaha-004-205.JPG	 						0	0	0	30.12	70	68	63			bc	cir cum	9				
1873-09-29	18	-33.02	-71.63			a		https://s3.amazonaws.com/NARAprodstorage/lz/dc-metro/rg-024/581208/2020-03/581208-omaha-004/581208-omaha-004-205.JPG	https://s3.amazonaws.com/NARAprodstorage/lz/dc-metro/rg-024/581208/2020-03/581208-omaha-004/581208-omaha-004-205.JPG	 						0	0	0	30.12	70	68	63			b	none	10				
1873-09-29	19	-33.02	-71.63			a		https://s3.amazonaws.com/NARAprodstorage/lz/dc-metro/rg-024/581208/2020-03/581208-omaha-004/581208-omaha-004-205.JPG	https://s3.amazonaws.com/NARAprodstorage/lz/dc-metro/rg-024/581208/2020-03/581208-omaha-004/581208-omaha-004-205.JPG	 						0	0	0	30.1	70	68	63			b	none	10				
1873-09-29	20	-33.02	-71.63			a		https://s3.amazonaws.com/NARAprodstorage/lz/dc-metro/rg-024/581208/2020-03/581208-omaha-004/581208-omaha-004-205.JPG	https://s3.amazonaws.com/NARAprodstorage/lz/dc-metro/rg-024/581208/2020-03/581208-omaha-004/581208-omaha-004-205.JPG	 						0	0	0	30.12	67	65	62			b	none	10				
1873-09-29	21	-33.02	-71.63			a		https://s3.amazonaws.com/NARAprodstorage/lz/dc-metro/rg-024/581208/2020-03/581208-omaha-004/581208-omaha-004-205.JPG	https://s3.amazonaws.com/NARAprodstorage/lz/dc-metro/rg-024/581208/2020-03/581208-omaha-004/581208-omaha-004-205.JPG	 						0	0	0	30.12	67	65	62			b	none	10				
1873-09-29	22	-33.02	-71.63			a		https://s3.amazonaws.com/NARAprodstorage/lz/dc-metro/rg-024/581208/2020-03/581208-omaha-004/581208-omaha-004-205.JPG	https://s3.amazonaws.com/NARAprodstorage/lz/dc-metro/rg-024/581208/2020-03/581208-omaha-004/581208-omaha-004-205.JPG	 						0	0	0	30.12	67	65	62			b	none	10				
1873-09-29	23	-33.02	-71.63			a		https://s3.amazonaws.com/NARAprodstorage/lz/dc-metro/rg-024/581208/2020-03/581208-omaha-004/581208-omaha-004-205.JPG	https://s3.amazonaws.com/NARAprodstorage/lz/dc-metro/rg-024/581208/2020-03/581208-omaha-004/581208-omaha-004-205.JPG	 						0	0	0	30.12	67	65	62			b	none	10				
1873-09-29	24	-33.02	-71.63			a		https://s3.amazonaws.com/NARAprodstorage/lz/dc-metro/rg-024/581208/2020-03/581208-omaha-004/581208-omaha-004-205.JPG	https://s3.amazonaws.com/NARAprodstorage/lz/dc-metro/rg-024/581208/2020-03/581208-omaha-004/581208-omaha-004-205.JPG	 						0	0	0	30.12	67	65	62			b	none	10				
1873-09-30	1	-33.02	-71.63			a		https://s3.amazonaws.com/NARAprodstorage/lz/dc-metro/rg-024/581208/2020-03/581208-omaha-004/581208-omaha-004-206.JPG	https://s3.amazonaws.com/NARAprodstorage/lz/dc-metro/rg-024/581208/2020-03/581208-omaha-004/581208-omaha-004-206.JPG	 						0	0	0	30.15	61	57	52			b	none	10				
1873-09-30	2	-33.02	-71.63			a		https://s3.amazonaws.com/NARAprodstorage/lz/dc-metro/rg-024/581208/2020-03/581208-omaha-004/581208-omaha-004-206.JPG	https://s3.amazonaws.com/NARAprodstorage/lz/dc-metro/rg-024/581208/2020-03/581208-omaha-004/581208-omaha-004-206.JPG	 						0	0	0	30.15	61	57	52			b	none	10				
1873-09-30	3	-33.02	-71.63			a		https://s3.amazonaws.com/NARAprodstorage/lz/dc-metro/rg-024/581208/2020-03/581208-omaha-004/581208-omaha-004-206.JPG	https://s3.amazonaws.com/NARAprodstorage/lz/dc-metro/rg-024/581208/2020-03/581208-omaha-004/581208-omaha-004-206.JPG	 						0	0	0	30.15	61	56	52			b	none	10				
1873-09-30	4	-33.02	-71.63			a		https://s3.amazonaws.com/NARAprodstorage/lz/dc-metro/rg-024/581208/2020-03/581208-omaha-004/581208-omaha-004-206.JPG	https://s3.amazonaws.com/NARAprodstorage/lz/dc-metro/rg-024/581208/2020-03/581208-omaha-004/581208-omaha-004-206.JPG	 						0	0	0	30.15	61	56	52			b	none	10				
1873-09-30	5	-33.02	-71.63			a		https://s3.amazonaws.com/NARAprodstorage/lz/dc-metro/rg-024/581208/2020-03/581208-omaha-004/581208-omaha-004-206.JPG	https://s3.amazonaws.com/NARAprodstorage/lz/dc-metro/rg-024/581208/2020-03/581208-omaha-004/581208-omaha-004-206.JPG	 						315	331	2	30.15	62	58	56			bc	cir cum	6				
1873-09-30	6	-33.02	-71.63			a		https://s3.amazonaws.com/NARAprodstorage/lz/dc-metro/rg-024/581208/2020-03/581208-omaha-004/581208-omaha-004-206.JPG	https://s3.amazonaws.com/NARAprodstorage/lz/dc-metro/rg-024/581208/2020-03/581208-omaha-004/581208-omaha-004-206.JPG	 						315	331	2	30.15	62	58	56			bc	cir cum	8				
1873-09-30	7	-33.02	-71.63			a		https://s3.amazonaws.com/NARAprodstorage/lz/dc-metro/rg-024/581208/2020-03/581208-omaha-004/581208-omaha-004-206.JPG	https://s3.amazonaws.com/NARAprodstorage/lz/dc-metro/rg-024/581208/2020-03/581208-omaha-004/581208-omaha-004-206.JPG	 						315	331	2	30.15	64	60	56			bc	cir cum	9				
1873-09-30	8	-33.02	-71.63			a		https://s3.amazonaws.com/NARAprodstorage/lz/dc-metro/rg-024/581208/2020-03/581208-omaha-004/581208-omaha-004-206.JPG	https://s3.amazonaws.com/NARAprodstorage/lz/dc-metro/rg-024/581208/2020-03/581208-omaha-004/581208-omaha-004-206.JPG	 						0	0	0	30.17	64	62	58			bc	cir cum	9				
1873-09-30	9	-33.02	-71.63			a		https://s3.amazonaws.com/NARAprodstorage/lz/dc-metro/rg-024/581208/2020-03/581208-omaha-004/581208-omaha-004-206.JPG	https://s3.amazonaws.com/NARAprodstorage/lz/dc-metro/rg-024/581208/2020-03/581208-omaha-004/581208-omaha-004-206.JPG	 						0	0	0	30.2	67	65	62			bc	cir cum	8				
1873-09-30	10	-33.02	-71.63			a		https://s3.amazonaws.com/NARAprodstorage/lz/dc-metro/rg-024/581208/2020-03/581208-omaha-004/581208-omaha-004-206.JPG	https://s3.amazonaws.com/NARAprodstorage/lz/dc-metro/rg-024/581208/2020-03/581208-omaha-004/581208-omaha-004-206.JPG	 						0	0	0	30.2	67	65	62			bc	cir cum	7				
1873-09-30	11	-33.02	-71.63			a		https://s3.amazonaws.com/NARAprodstorage/lz/dc-metro/rg-024/581208/2020-03/581208-omaha-004/581208-omaha-004-206.JPG	https://s3.amazonaws.com/NARAprodstorage/lz/dc-metro/rg-024/581208/2020-03/581208-omaha-004/581208-omaha-004-206.JPG	 						0	0	0	30.2	67	65	62			bc	cir cum	6				
1873-09-30	12	-33.02	-71.63			a		https://s3.amazonaws.com/NARAprodstorage/lz/dc-metro/rg-024/581208/2020-03/581208-omaha-004/581208-omaha-004-206.JPG	https://s3.amazonaws.com/NARAprodstorage/lz/dc-metro/rg-024/581208/2020-03/581208-omaha-004/581208-omaha-004-206.JPG	"Noon: Valparaiso, Chile."						225	241	5	30.2	67	65	62			bc	cir cum	8				
1873-09-30	13	-33.02	-71.63			a		https://s3.amazonaws.com/NARAprodstorage/lz/dc-metro/rg-024/581208/2020-03/581208-omaha-004/581208-omaha-004-206.JPG	https://s3.amazonaws.com/NARAprodstorage/lz/dc-metro/rg-024/581208/2020-03/581208-omaha-004/581208-omaha-004-206.JPG	 						225	241	13	30.2	68	65	60			bc	cir str cir cum	6				
1873-09-30	14	-33.02	-71.63			a		https://s3.amazonaws.com/NARAprodstorage/lz/dc-metro/rg-024/581208/2020-03/581208-omaha-004/581208-omaha-004-206.JPG	https://s3.amazonaws.com/NARAprodstorage/lz/dc-metro/rg-024/581208/2020-03/581208-omaha-004/581208-omaha-004-206.JPG	 						225	241	16	30.2	68	65	60			bc	cir str cir cum	7				
1873-09-30	15	-33.02	-71.63			a		https://s3.amazonaws.com/NARAprodstorage/lz/dc-metro/rg-024/581208/2020-03/581208-omaha-004/581208-omaha-004-206.JPG	https://s3.amazonaws.com/NARAprodstorage/lz/dc-metro/rg-024/581208/2020-03/581208-omaha-004/581208-omaha-004-206.JPG	 						225	241	19	30.19	68	65	60			bc	cir str cir cum	7				
1873-09-30	16	-33.02	-71.63			a		https://s3.amazonaws.com/NARAprodstorage/lz/dc-metro/rg-024/581208/2020-03/581208-omaha-004/581208-omaha-004-206.JPG	https://s3.amazonaws.com/NARAprodstorage/lz/dc-metro/rg-024/581208/2020-03/581208-omaha-004/581208-omaha-004-206.JPG	 						225	241	8	30.19	68	65	60			bc	cir str cir cum	7				
1873-09-30	17	-33.02	-71.63			a		https://s3.amazonaws.com/NARAprodstorage/lz/dc-metro/rg-024/581208/2020-03/581208-omaha-004/581208-omaha-004-206.JPG	https://s3.amazonaws.com/NARAprodstorage/lz/dc-metro/rg-024/581208/2020-03/581208-omaha-004/581208-omaha-004-206.JPG	 						225	241	13	30.24	65	63	62			bc	cir cum nim	6				
1873-09-30	18	-33.02	-71.63			a		https://s3.amazonaws.com/NARAprodstorage/lz/dc-metro/rg-024/581208/2020-03/581208-omaha-004/581208-omaha-004-206.JPG	https://s3.amazonaws.com/NARAprodstorage/lz/dc-metro/rg-024/581208/2020-03/581208-omaha-004/581208-omaha-004-206.JPG	 						225	241	13	30.26	65	63	62			bc	cir cum nim	5				
1873-09-30	19	-33.02	-71.63			a		https://s3.amazonaws.com/NARAprodstorage/lz/dc-metro/rg-024/581208/2020-03/581208-omaha-004/581208-omaha-004-206.JPG	https://s3.amazonaws.com/NARAprodstorage/lz/dc-metro/rg-024/581208/2020-03/581208-omaha-004/581208-omaha-004-206.JPG	 						225	241	5	30.27	65	63	62			bc	cir cum nim	5				
1873-09-30	20	-33.02	-71.63			a		https://s3.amazonaws.com/NARAprodstorage/lz/dc-metro/rg-024/581208/2020-03/581208-omaha-004/581208-omaha-004-206.JPG	https://s3.amazonaws.com/NARAprodstorage/lz/dc-metro/rg-024/581208/2020-03/581208-omaha-004/581208-omaha-004-206.JPG	 						0	0	0	30.27	65	63	62			bc	cir cum nim	4				
1873-09-30	21	-33.02	-71.63			a		https://s3.amazonaws.com/NARAprodstorage/lz/dc-metro/rg-024/581208/2020-03/581208-omaha-004/581208-omaha-004-206.JPG	https://s3.amazonaws.com/NARAprodstorage/lz/dc-metro/rg-024/581208/2020-03/581208-omaha-004/581208-omaha-004-206.JPG	 						0	0	0	30.26	65	62	61			bc	cum nim	5				
1873-09-30	22	-33.02	-71.63			a		https://s3.amazonaws.com/NARAprodstorage/lz/dc-metro/rg-024/581208/2020-03/581208-omaha-004/581208-omaha-004-206.JPG	https://s3.amazonaws.com/NARAprodstorage/lz/dc-metro/rg-024/581208/2020-03/581208-omaha-004/581208-omaha-004-206.JPG	 						0	0	0	30.26	65	62	61			bc	cum nim	5				
1873-09-30	23	-33.02	-71.63			a		https://s3.amazonaws.com/NARAprodstorage/lz/dc-metro/rg-024/581208/2020-03/581208-omaha-004/581208-omaha-004-206.JPG	https://s3.amazonaws.com/NARAprodstorage/lz/dc-metro/rg-024/581208/2020-03/581208-omaha-004/581208-omaha-004-206.JPG	 						0	0	0	30.26	65	62	61			bc	cum nim	5				
1873-09-30	24	-33.02	-71.63			a		https://s3.amazonaws.com/NARAprodstorage/lz/dc-metro/rg-024/581208/2020-03/581208-omaha-004/581208-omaha-004-206.JPG	https://s3.amazonaws.com/NARAprodstorage/lz/dc-metro/rg-024/581208/2020-03/581208-omaha-004/581208-omaha-004-206.JPG	 						0	0	0	30.26	65	62	61			bc	cum nim	5				
1873-10-01	1	-33.02	-71.63			a		https://s3.amazonaws.com/NARAprodstorage/lz/dc-metro/rg-024/581208/2020-03/581208-omaha-006/581208-omaha-006-011.JPG	https://s3.amazonaws.com/NARAprodstorage/lz/dc-metro/rg-024/581208/2020-03/581208-omaha-006/581208-omaha-006-011.JPG	 						0	0	0	30.28	63	60	60			bc	cum	6				
1873-10-01	2	-33.02	-71.63			a		https://s3.amazonaws.com/NARAprodstorage/lz/dc-metro/rg-024/581208/2020-03/581208-omaha-006/581208-omaha-006-011.JPG	https://s3.amazonaws.com/NARAprodstorage/lz/dc-metro/rg-024/581208/2020-03/581208-omaha-006/581208-omaha-006-011.JPG	 						135	151	13	30.28	63	58	58			bc	cum	4				
1873-10-01	3	-33.02	-71.63			a		https://s3.amazonaws.com/NARAprodstorage/lz/dc-metro/rg-024/581208/2020-03/581208-omaha-006/581208-omaha-006-011.JPG	https://s3.amazonaws.com/NARAprodstorage/lz/dc-metro/rg-024/581208/2020-03/581208-omaha-006/581208-omaha-006-011.JPG	 						135	151	24	30.28	63	58	58			bc	cum	6				
1873-10-01	4	-33.02	-71.63			a		https://s3.amazonaws.com/NARAprodstorage/lz/dc-metro/rg-024/581208/2020-03/581208-omaha-006/581208-omaha-006-011.JPG	https://s3.amazonaws.com/NARAprodstorage/lz/dc-metro/rg-024/581208/2020-03/581208-omaha-006/581208-omaha-006-011.JPG	 						135	151	13	30.26	63	58	58			bc	cum	8				
1873-10-01	5	-33.02	-71.63			a		https://s3.amazonaws.com/NARAprodstorage/lz/dc-metro/rg-024/581208/2020-03/581208-omaha-006/581208-omaha-006-011.JPG	https://s3.amazonaws.com/NARAprodstorage/lz/dc-metro/rg-024/581208/2020-03/581208-omaha-006/581208-omaha-006-011.JPG	 						135	151	5	30.24	64	61	60			bc	cum nim	4				
1873-10-01	6	-33.02	-71.63			a		https://s3.amazonaws.com/NARAprodstorage/lz/dc-metro/rg-024/581208/2020-03/581208-omaha-006/581208-omaha-006-011.JPG	https://s3.amazonaws.com/NARAprodstorage/lz/dc-metro/rg-024/581208/2020-03/581208-omaha-006/581208-omaha-006-011.JPG	 						135	151	5	30.24	64	61	60			bc	cum nim	6				
1873-10-01	7	-33.02	-71.63			a		https://s3.amazonaws.com/NARAprodstorage/lz/dc-metro/rg-024/581208/2020-03/581208-omaha-006/581208-omaha-006-011.JPG	https://s3.amazonaws.com/NARAprodstorage/lz/dc-metro/rg-024/581208/2020-03/581208-omaha-006/581208-omaha-006-011.JPG	 						225	241	5	30.24	64	61	60			bc	cir nim	7				
1873-10-01	8	-33.02	-71.63			a		https://s3.amazonaws.com/NARAprodstorage/lz/dc-metro/rg-024/581208/2020-03/581208-omaha-006/581208-omaha-006-011.JPG	https://s3.amazonaws.com/NARAprodstorage/lz/dc-metro/rg-024/581208/2020-03/581208-omaha-006/581208-omaha-006-011.JPG	 						225	241	8	30.24	64	61	60			bc	cir nim	8				
1873-10-01	9	-33.02	-71.63			a		https://s3.amazonaws.com/NARAprodstorage/lz/dc-metro/rg-024/581208/2020-03/581208-omaha-006/581208-omaha-006-011.JPG	https://s3.amazonaws.com/NARAprodstorage/lz/dc-metro/rg-024/581208/2020-03/581208-omaha-006/581208-omaha-006-011.JPG	 						225	241	8	30.24	64	61	60			bc	cir nim	8				
1873-10-01	10	-33.02	-71.63			a		https://s3.amazonaws.com/NARAprodstorage/lz/dc-metro/rg-024/581208/2020-03/581208-omaha-006/581208-omaha-006-011.JPG	https://s3.amazonaws.com/NARAprodstorage/lz/dc-metro/rg-024/581208/2020-03/581208-omaha-006/581208-omaha-006-011.JPG	 						225	241	8	30.24	66	63	63			bc	cir nim	8				
1873-10-01	11	-33.02	-71.63			a		https://s3.amazonaws.com/NARAprodstorage/lz/dc-metro/rg-024/581208/2020-03/581208-omaha-006/581208-omaha-006-011.JPG	https://s3.amazonaws.com/NARAprodstorage/lz/dc-metro/rg-024/581208/2020-03/581208-omaha-006/581208-omaha-006-011.JPG	 						225	241	19	30.24	66	63	63			bc	cir nim	8				
1873-10-01	12	-33.02	-71.63			a		https://s3.amazonaws.com/NARAprodstorage/lz/dc-metro/rg-024/581208/2020-03/581208-omaha-006/581208-omaha-006-011.JPG	https://s3.amazonaws.com/NARAprodstorage/lz/dc-metro/rg-024/581208/2020-03/581208-omaha-006/581208-omaha-006-011.JPG	"Noon: Valparaiso, Chile."						225	241	19	30.24	66	63	63			bc	cir nim	8				
1873-10-01	13	-33.02	-71.63			a		https://s3.amazonaws.com/NARAprodstorage/lz/dc-metro/rg-024/581208/2020-03/581208-omaha-006/581208-omaha-006-011.JPG	https://s3.amazonaws.com/NARAprodstorage/lz/dc-metro/rg-024/581208/2020-03/581208-omaha-006/581208-omaha-006-011.JPG	 						202	218	19	30.26	73	63	57			bc	cum	9				
1873-10-01	14	-33.02	-71.63			a		https://s3.amazonaws.com/NARAprodstorage/lz/dc-metro/rg-024/581208/2020-03/581208-omaha-006/581208-omaha-006-011.JPG	https://s3.amazonaws.com/NARAprodstorage/lz/dc-metro/rg-024/581208/2020-03/581208-omaha-006/581208-omaha-006-011.JPG	 						202	218	19	30.26	73	63	57			bc	cum	9				
1873-10-01	15	-33.02	-71.63			a		https://s3.amazonaws.com/NARAprodstorage/lz/dc-metro/rg-024/581208/2020-03/581208-omaha-006/581208-omaha-006-011.JPG	https://s3.amazonaws.com/NARAprodstorage/lz/dc-metro/rg-024/581208/2020-03/581208-omaha-006/581208-omaha-006-011.JPG	 						202	218	19	30.26	73	63	57			bc	cum	9				
1873-10-01	16	-33.02	-71.63			a		https://s3.amazonaws.com/NARAprodstorage/lz/dc-metro/rg-024/581208/2020-03/581208-omaha-006/581208-omaha-006-011.JPG	https://s3.amazonaws.com/NARAprodstorage/lz/dc-metro/rg-024/581208/2020-03/581208-omaha-006/581208-omaha-006-011.JPG	 						202	218	19	30.26	73	63	57			bc	cum	9				
1873-10-01	17	-33.02	-71.63			a		https://s3.amazonaws.com/NARAprodstorage/lz/dc-metro/rg-024/581208/2020-03/581208-omaha-006/581208-omaha-006-011.JPG	https://s3.amazonaws.com/NARAprodstorage/lz/dc-metro/rg-024/581208/2020-03/581208-omaha-006/581208-omaha-006-011.JPG	 						202	218	19	30.24	70	62	57			bc	cum	8				
1873-10-01	18	-33.02	-71.63			a		https://s3.amazonaws.com/NARAprodstorage/lz/dc-metro/rg-024/581208/2020-03/581208-omaha-006/581208-omaha-006-011.JPG	https://s3.amazonaws.com/NARAprodstorage/lz/dc-metro/rg-024/581208/2020-03/581208-omaha-006/581208-omaha-006-011.JPG	 						202	218	19	30.24	70	62	57			b	none	10				
1873-10-01	19	-33.02	-71.63			a		https://s3.amazonaws.com/NARAprodstorage/lz/dc-metro/rg-024/581208/2020-03/581208-omaha-006/581208-omaha-006-011.JPG	https://s3.amazonaws.com/NARAprodstorage/lz/dc-metro/rg-024/581208/2020-03/581208-omaha-006/581208-omaha-006-011.JPG	 						202	218	19	30.22	69	61	57			b	none	10				
1873-10-01	20	-33.02	-71.63			a		https://s3.amazonaws.com/NARAprodstorage/lz/dc-metro/rg-024/581208/2020-03/581208-omaha-006/581208-omaha-006-011.JPG	https://s3.amazonaws.com/NARAprodstorage/lz/dc-metro/rg-024/581208/2020-03/581208-omaha-006/581208-omaha-006-011.JPG	 						202	218	19	30.22	69	61	57			b	none	10				
1873-10-01	21	-33.02	-71.63			a		https://s3.amazonaws.com/NARAprodstorage/lz/dc-metro/rg-024/581208/2020-03/581208-omaha-006/581208-omaha-006-011.JPG	https://s3.amazonaws.com/NARAprodstorage/lz/dc-metro/rg-024/581208/2020-03/581208-omaha-006/581208-omaha-006-011.JPG	 						0	0	0	30.22	69	61	57			bc	cir cum	6				
1873-10-01	22	-33.02	-71.63			a		https://s3.amazonaws.com/NARAprodstorage/lz/dc-metro/rg-024/581208/2020-03/581208-omaha-006/581208-omaha-006-011.JPG	https://s3.amazonaws.com/NARAprodstorage/lz/dc-metro/rg-024/581208/2020-03/581208-omaha-006/581208-omaha-006-011.JPG	 						0	0	0	30.22	69	61	57			bc	cir cum	8				
1873-10-01	23	-33.02	-71.63			a		https://s3.amazonaws.com/NARAprodstorage/lz/dc-metro/rg-024/581208/2020-03/581208-omaha-006/581208-omaha-006-011.JPG	https://s3.amazonaws.com/NARAprodstorage/lz/dc-metro/rg-024/581208/2020-03/581208-omaha-006/581208-omaha-006-011.JPG	 						0	0	0	30.22	69	60	57			bc	cir cum	8				
1873-10-01	24	-33.02	-71.63			a		https://s3.amazonaws.com/NARAprodstorage/lz/dc-metro/rg-024/581208/2020-03/581208-omaha-006/581208-omaha-006-011.JPG	https://s3.amazonaws.com/NARAprodstorage/lz/dc-metro/rg-024/581208/2020-03/581208-omaha-006/581208-omaha-006-011.JPG	 						0	0	0	30.2	65	59	56			bc	cir cum	8				
1873-10-02	1	-33.02	-71.63			a		https://s3.amazonaws.com/NARAprodstorage/lz/dc-metro/rg-024/581208/2020-03/581208-omaha-006/581208-omaha-006-012.JPG	https://s3.amazonaws.com/NARAprodstorage/lz/dc-metro/rg-024/581208/2020-03/581208-omaha-006/581208-omaha-006-012.JPG	 						0	0	0	30.2	63	58	54			b	none	10				
1873-10-02	2	-33.02	-71.63			a		https://s3.amazonaws.com/NARAprodstorage/lz/dc-metro/rg-024/581208/2020-03/581208-omaha-006/581208-omaha-006-012.JPG	https://s3.amazonaws.com/NARAprodstorage/lz/dc-metro/rg-024/581208/2020-03/581208-omaha-006/581208-omaha-006-012.JPG	 						0	0	0	30.2	63	58	54			b	none	10				
1873-10-02	3	-33.02	-71.63			a		https://s3.amazonaws.com/NARAprodstorage/lz/dc-metro/rg-024/581208/2020-03/581208-omaha-006/581208-omaha-006-012.JPG	https://s3.amazonaws.com/NARAprodstorage/lz/dc-metro/rg-024/581208/2020-03/581208-omaha-006/581208-omaha-006-012.JPG	 						0	0	0	30.2	63	58	54			b	none	10				
1873-10-02	4	-33.02	-71.63			a		https://s3.amazonaws.com/NARAprodstorage/lz/dc-metro/rg-024/581208/2020-03/581208-omaha-006/581208-omaha-006-012.JPG	https://s3.amazonaws.com/NARAprodstorage/lz/dc-metro/rg-024/581208/2020-03/581208-omaha-006/581208-omaha-006-012.JPG	 						0	0	0	30.2	63	58	54			b	none	10				
1873-10-02	5	-33.02	-71.63			a		https://s3.amazonaws.com/NARAprodstorage/lz/dc-metro/rg-024/581208/2020-03/581208-omaha-006/581208-omaha-006-012.JPG	https://s3.amazonaws.com/NARAprodstorage/lz/dc-metro/rg-024/581208/2020-03/581208-omaha-006/581208-omaha-006-012.JPG	 						0	0	0	30.17	60	56	52			bc	cum nim cir strat	7				
1873-10-02	6	-33.02	-71.63			a		https://s3.amazonaws.com/NARAprodstorage/lz/dc-metro/rg-024/581208/2020-03/581208-omaha-006/581208-omaha-006-012.JPG	https://s3.amazonaws.com/NARAprodstorage/lz/dc-metro/rg-024/581208/2020-03/581208-omaha-006/581208-omaha-006-012.JPG	 						0	0	0	30.17	60	56	52			bc	cum nim cir strat	6				
1873-10-02	7	-33.02	-71.63			a		https://s3.amazonaws.com/NARAprodstorage/lz/dc-metro/rg-024/581208/2020-03/581208-omaha-006/581208-omaha-006-012.JPG	https://s3.amazonaws.com/NARAprodstorage/lz/dc-metro/rg-024/581208/2020-03/581208-omaha-006/581208-omaha-006-012.JPG	 						0	0	0	30.17	60	56	52			bc	cum nim cir strat	6				
1873-10-02	8	-33.02	-71.63			a		https://s3.amazonaws.com/NARAprodstorage/lz/dc-metro/rg-024/581208/2020-03/581208-omaha-006/581208-omaha-006-012.JPG	https://s3.amazonaws.com/NARAprodstorage/lz/dc-metro/rg-024/581208/2020-03/581208-omaha-006/581208-omaha-006-012.JPG	 						0	0	0	30.17	60	56	52			bc	cum nim cir strat	5				
1873-10-02	9	-33.02	-71.63			a		https://s3.amazonaws.com/NARAprodstorage/lz/dc-metro/rg-024/581208/2020-03/581208-omaha-006/581208-omaha-006-012.JPG	https://s3.amazonaws.com/NARAprodstorage/lz/dc-metro/rg-024/581208/2020-03/581208-omaha-006/581208-omaha-006-012.JPG	 						281	297	2	30.17	60	56	52			bc	cum	9				
1873-10-02	10	-33.02	-71.63			a		https://s3.amazonaws.com/NARAprodstorage/lz/dc-metro/rg-024/581208/2020-03/581208-omaha-006/581208-omaha-006-012.JPG	https://s3.amazonaws.com/NARAprodstorage/lz/dc-metro/rg-024/581208/2020-03/581208-omaha-006/581208-omaha-006-012.JPG	 						225	241	5	30.17	60	60	55			bc	cum	9				
1873-10-02	11	-33.02	-71.63			a		https://s3.amazonaws.com/NARAprodstorage/lz/dc-metro/rg-024/581208/2020-03/581208-omaha-006/581208-omaha-006-012.JPG	https://s3.amazonaws.com/NARAprodstorage/lz/dc-metro/rg-024/581208/2020-03/581208-omaha-006/581208-omaha-006-012.JPG	 						225	241	13	30.17	60	60	56			bc	cum	9				
1873-10-02	12	-33.02	-71.63			a		https://s3.amazonaws.com/NARAprodstorage/lz/dc-metro/rg-024/581208/2020-03/581208-omaha-006/581208-omaha-006-012.JPG	https://s3.amazonaws.com/NARAprodstorage/lz/dc-metro/rg-024/581208/2020-03/581208-omaha-006/581208-omaha-006-012.JPG	"Noon: Valparaiso, Chile."						225	241	13	30.21	64	62	56			bc	cum	9				
1873-10-02	13	-33.02	-71.63			a		https://s3.amazonaws.com/NARAprodstorage/lz/dc-metro/rg-024/581208/2020-03/581208-omaha-006/581208-omaha-006-012.JPG	https://s3.amazonaws.com/NARAprodstorage/lz/dc-metro/rg-024/581208/2020-03/581208-omaha-006/581208-omaha-006-012.JPG	 						191	207	19	30.19	64	57	56			bc	cum	6				
1873-10-02	14	-33.02	-71.63			a		https://s3.amazonaws.com/NARAprodstorage/lz/dc-metro/rg-024/581208/2020-03/581208-omaha-006/581208-omaha-006-012.JPG	https://s3.amazonaws.com/NARAprodstorage/lz/dc-metro/rg-024/581208/2020-03/581208-omaha-006/581208-omaha-006-012.JPG	 						191	207	19	30.19	64	57	56			bc	cum	6				
1873-10-02	15	-33.02	-71.63			a		https://s3.amazonaws.com/NARAprodstorage/lz/dc-metro/rg-024/581208/2020-03/581208-omaha-006/581208-omaha-006-012.JPG	https://s3.amazonaws.com/NARAprodstorage/lz/dc-metro/rg-024/581208/2020-03/581208-omaha-006/581208-omaha-006-012.JPG	 						191	207	19	30.19	63	60	55			bc	cum	8				
1873-10-02	16	-33.02	-71.63			a		https://s3.amazonaws.com/NARAprodstorage/lz/dc-metro/rg-024/581208/2020-03/581208-omaha-006/581208-omaha-006-012.JPG	https://s3.amazonaws.com/NARAprodstorage/lz/dc-metro/rg-024/581208/2020-03/581208-omaha-006/581208-omaha-006-012.JPG	 						191	207	13	30.19	63	59	54			bc	cum	8				
1873-10-02	17	-33.02	-71.63			a		https://s3.amazonaws.com/NARAprodstorage/lz/dc-metro/rg-024/581208/2020-03/581208-omaha-006/581208-omaha-006-012.JPG	https://s3.amazonaws.com/NARAprodstorage/lz/dc-metro/rg-024/581208/2020-03/581208-omaha-006/581208-omaha-006-012.JPG	 						202	218	13	30.19	63	59	54			bc	cir cum	7				
1873-10-02	18	-33.02	-71.63			a		https://s3.amazonaws.com/NARAprodstorage/lz/dc-metro/rg-024/581208/2020-03/581208-omaha-006/581208-omaha-006-012.JPG	https://s3.amazonaws.com/NARAprodstorage/lz/dc-metro/rg-024/581208/2020-03/581208-omaha-006/581208-omaha-006-012.JPG	 						180	196	5	30.19	63	58	54			bc	cir cum	4				
1873-10-02	19	-33.02	-71.63			a		https://s3.amazonaws.com/NARAprodstorage/lz/dc-metro/rg-024/581208/2020-03/581208-omaha-006/581208-omaha-006-012.JPG	https://s3.amazonaws.com/NARAprodstorage/lz/dc-metro/rg-024/581208/2020-03/581208-omaha-006/581208-omaha-006-012.JPG	 						112	128	2	30.21	63	58	53			bc	cir cum	2				
1873-10-02	20	-33.02	-71.63			a		https://s3.amazonaws.com/NARAprodstorage/lz/dc-metro/rg-024/581208/2020-03/581208-omaha-006/581208-omaha-006-012.JPG	https://s3.amazonaws.com/NARAprodstorage/lz/dc-metro/rg-024/581208/2020-03/581208-omaha-006/581208-omaha-006-012.JPG	 						112	128	2	30.21	63	58	53			bc	cir cum	1				
1873-10-02	21	-33.02	-71.63			a		https://s3.amazonaws.com/NARAprodstorage/lz/dc-metro/rg-024/581208/2020-03/581208-omaha-006/581208-omaha-006-012.JPG	https://s3.amazonaws.com/NARAprodstorage/lz/dc-metro/rg-024/581208/2020-03/581208-omaha-006/581208-omaha-006-012.JPG	 						225	241	2	30.21	63	56	53			oc	cum nim	0				
1873-10-02	22	-33.02	-71.63			a		https://s3.amazonaws.com/NARAprodstorage/lz/dc-metro/rg-024/581208/2020-03/581208-omaha-006/581208-omaha-006-012.JPG	https://s3.amazonaws.com/NARAprodstorage/lz/dc-metro/rg-024/581208/2020-03/581208-omaha-006/581208-omaha-006-012.JPG	 								2	30.21	63	56	53			oc	cum nim	0				
1873-10-02	23	-33.02	-71.63			a		https://s3.amazonaws.com/NARAprodstorage/lz/dc-metro/rg-024/581208/2020-03/581208-omaha-006/581208-omaha-006-012.JPG	https://s3.amazonaws.com/NARAprodstorage/lz/dc-metro/rg-024/581208/2020-03/581208-omaha-006/581208-omaha-006-012.JPG	 								2	30.21	62	56	53			oc	cum nim	0				
1873-10-02	24	-33.02	-71.63			a		https://s3.amazonaws.com/NARAprodstorage/lz/dc-metro/rg-024/581208/2020-03/581208-omaha-006/581208-omaha-006-012.JPG	https://s3.amazonaws.com/NARAprodstorage/lz/dc-metro/rg-024/581208/2020-03/581208-omaha-006/581208-omaha-006-012.JPG	 								2	30.21	62	56	53			oc	cum nim	0				
1873-10-03	1	-33.02	-71.63			a		https://s3.amazonaws.com/NARAprodstorage/lz/dc-metro/rg-024/581208/2020-03/581208-omaha-006/581208-omaha-006-013.JPG	https://s3.amazonaws.com/NARAprodstorage/lz/dc-metro/rg-024/581208/2020-03/581208-omaha-006/581208-omaha-006-013.JPG	 						0	0	0	30.23	60	55	53			oc	cum nim	0				
1873-10-03	2	-33.02	-71.63			a		https://s3.amazonaws.com/NARAprodstorage/lz/dc-metro/rg-024/581208/2020-03/581208-omaha-006/581208-omaha-006-013.JPG	https://s3.amazonaws.com/NARAprodstorage/lz/dc-metro/rg-024/581208/2020-03/581208-omaha-006/581208-omaha-006-013.JPG	 						0	0	0	30.23	60	55	53			oc	cum nim	0				
1873-10-03	3	-33.02	-71.63			a		https://s3.amazonaws.com/NARAprodstorage/lz/dc-metro/rg-024/581208/2020-03/581208-omaha-006/581208-omaha-006-013.JPG	https://s3.amazonaws.com/NARAprodstorage/lz/dc-metro/rg-024/581208/2020-03/581208-omaha-006/581208-omaha-006-013.JPG	 						225	241	1	30.23	60	55	53			oc	cum nim	0				
1873-10-03	4	-33.02	-71.63			a		https://s3.amazonaws.com/NARAprodstorage/lz/dc-metro/rg-024/581208/2020-03/581208-omaha-006/581208-omaha-006-013.JPG	https://s3.amazonaws.com/NARAprodstorage/lz/dc-metro/rg-024/581208/2020-03/581208-omaha-006/581208-omaha-006-013.JPG	 						225	241	1	30.23	60	55	53			oc	cum nim	0				
1873-10-03	5	-33.02	-71.63			a		https://s3.amazonaws.com/NARAprodstorage/lz/dc-metro/rg-024/581208/2020-03/581208-omaha-006/581208-omaha-006-013.JPG	https://s3.amazonaws.com/NARAprodstorage/lz/dc-metro/rg-024/581208/2020-03/581208-omaha-006/581208-omaha-006-013.JPG	 						0	0	0	30.23	60	55	53			oc	cum nim	0				
1873-10-03	6	-33.02	-71.63			a		https://s3.amazonaws.com/NARAprodstorage/lz/dc-metro/rg-024/581208/2020-03/581208-omaha-006/581208-omaha-006-013.JPG	https://s3.amazonaws.com/NARAprodstorage/lz/dc-metro/rg-024/581208/2020-03/581208-omaha-006/581208-omaha-006-013.JPG	 						0	0	0	30.23	60	55	53			oc	cum nim	0				
1873-10-03	7	-33.02	-71.63			a		https://s3.amazonaws.com/NARAprodstorage/lz/dc-metro/rg-024/581208/2020-03/581208-omaha-006/581208-omaha-006-013.JPG	https://s3.amazonaws.com/NARAprodstorage/lz/dc-metro/rg-024/581208/2020-03/581208-omaha-006/581208-omaha-006-013.JPG	 						0	0	0	30.23	60	55	53			om	nim cum	0				
1873-10-03	8	-33.02	-71.63			a		https://s3.amazonaws.com/NARAprodstorage/lz/dc-metro/rg-024/581208/2020-03/581208-omaha-006/581208-omaha-006-013.JPG	https://s3.amazonaws.com/NARAprodstorage/lz/dc-metro/rg-024/581208/2020-03/581208-omaha-006/581208-omaha-006-013.JPG	 						0	0	0	30.22	62	56	53			om	nim cum	0				
1873-10-03	9	-33.02	-71.63			a		https://s3.amazonaws.com/NARAprodstorage/lz/dc-metro/rg-024/581208/2020-03/581208-omaha-006/581208-omaha-006-013.JPG	https://s3.amazonaws.com/NARAprodstorage/lz/dc-metro/rg-024/581208/2020-03/581208-omaha-006/581208-omaha-006-013.JPG	 						315	331	2	30.22	62	58	54			bc	cir cum	4				
1873-10-03	10	-33.02	-71.63			a		https://s3.amazonaws.com/NARAprodstorage/lz/dc-metro/rg-024/581208/2020-03/581208-omaha-006/581208-omaha-006-013.JPG	https://s3.amazonaws.com/NARAprodstorage/lz/dc-metro/rg-024/581208/2020-03/581208-omaha-006/581208-omaha-006-013.JPG	 						315	331	2	30.24	62	60	55			bc	cir cum	6				
1873-10-03	11	-33.02	-71.63			a		https://s3.amazonaws.com/NARAprodstorage/lz/dc-metro/rg-024/581208/2020-03/581208-omaha-006/581208-omaha-006-013.JPG	https://s3.amazonaws.com/NARAprodstorage/lz/dc-metro/rg-024/581208/2020-03/581208-omaha-006/581208-omaha-006-013.JPG	 						315	331	5	30.24	62	60	55			bc	cir cum	8				
1873-10-03	12	-33.02	-71.63			a		https://s3.amazonaws.com/NARAprodstorage/lz/dc-metro/rg-024/581208/2020-03/581208-omaha-006/581208-omaha-006-013.JPG	https://s3.amazonaws.com/NARAprodstorage/lz/dc-metro/rg-024/581208/2020-03/581208-omaha-006/581208-omaha-006-013.JPG	"Noon: Valparaiso, Chile."						315	331	5	30.25	62	61	56			bc	cir cum	8				
1873-10-03	13	-33.02	-71.63			a		https://s3.amazonaws.com/NARAprodstorage/lz/dc-metro/rg-024/581208/2020-03/581208-omaha-006/581208-omaha-006-013.JPG	https://s3.amazonaws.com/NARAprodstorage/lz/dc-metro/rg-024/581208/2020-03/581208-omaha-006/581208-omaha-006-013.JPG	 						225	241	6	30.27	63	62	56			bc	cum	7				
1873-10-03	14	-33.02	-71.63			a		https://s3.amazonaws.com/NARAprodstorage/lz/dc-metro/rg-024/581208/2020-03/581208-omaha-006/581208-omaha-006-013.JPG	https://s3.amazonaws.com/NARAprodstorage/lz/dc-metro/rg-024/581208/2020-03/581208-omaha-006/581208-omaha-006-013.JPG	 						225	241	10	30.27	63	62	56			bc	cum	8				
1873-10-03	15	-33.02	-71.63			a		https://s3.amazonaws.com/NARAprodstorage/lz/dc-metro/rg-024/581208/2020-03/581208-omaha-006/581208-omaha-006-013.JPG	https://s3.amazonaws.com/NARAprodstorage/lz/dc-metro/rg-024/581208/2020-03/581208-omaha-006/581208-omaha-006-013.JPG	 						225	241	10	30.27	63	62	56			bc	cum	8				
1873-10-03	16	-33.02	-71.63			a		https://s3.amazonaws.com/NARAprodstorage/lz/dc-metro/rg-024/581208/2020-03/581208-omaha-006/581208-omaha-006-013.JPG	https://s3.amazonaws.com/NARAprodstorage/lz/dc-metro/rg-024/581208/2020-03/581208-omaha-006/581208-omaha-006-013.JPG	 						225	241	10	30.27	63	62	56			bc	cum	8				
1873-10-03	17	-33.02	-71.63			a		https://s3.amazonaws.com/NARAprodstorage/lz/dc-metro/rg-024/581208/2020-03/581208-omaha-006/581208-omaha-006-013.JPG	https://s3.amazonaws.com/NARAprodstorage/lz/dc-metro/rg-024/581208/2020-03/581208-omaha-006/581208-omaha-006-013.JPG	 						225	241	8	30.27	63	62	56			bc	cir cum	8				
1873-10-03	18	-33.02	-71.63			a		https://s3.amazonaws.com/NARAprodstorage/lz/dc-metro/rg-024/581208/2020-03/581208-omaha-006/581208-omaha-006-013.JPG	https://s3.amazonaws.com/NARAprodstorage/lz/dc-metro/rg-024/581208/2020-03/581208-omaha-006/581208-omaha-006-013.JPG	 						225	241	8	30.27	63	60	55			bc	cir cum	8				
1873-10-03	19	-33.02	-71.63			a		https://s3.amazonaws.com/NARAprodstorage/lz/dc-metro/rg-024/581208/2020-03/581208-omaha-006/581208-omaha-006-013.JPG	https://s3.amazonaws.com/NARAprodstorage/lz/dc-metro/rg-024/581208/2020-03/581208-omaha-006/581208-omaha-006-013.JPG	 						225	241	5	30.27	63	59	54			bc	cir cum	6				
1873-10-03	20	-33.02	-71.63			a		https://s3.amazonaws.com/NARAprodstorage/lz/dc-metro/rg-024/581208/2020-03/581208-omaha-006/581208-omaha-006-013.JPG	https://s3.amazonaws.com/NARAprodstorage/lz/dc-metro/rg-024/581208/2020-03/581208-omaha-006/581208-omaha-006-013.JPG	 						225	241	5	30.27	63	57	53			bc	cir cum	6				
1873-10-03	21	-33.02	-71.63			a		https://s3.amazonaws.com/NARAprodstorage/lz/dc-metro/rg-024/581208/2020-03/581208-omaha-006/581208-omaha-006-013.JPG	https://s3.amazonaws.com/NARAprodstorage/lz/dc-metro/rg-024/581208/2020-03/581208-omaha-006/581208-omaha-006-013.JPG	 						225	241	5	30.31	62	54	52			bc	cir cum	8				
1873-10-03	22	-33.02	-71.63			a		https://s3.amazonaws.com/NARAprodstorage/lz/dc-metro/rg-024/581208/2020-03/581208-omaha-006/581208-omaha-006-013.JPG	https://s3.amazonaws.com/NARAprodstorage/lz/dc-metro/rg-024/581208/2020-03/581208-omaha-006/581208-omaha-006-013.JPG	 						225	241	5	30.31	62	54	52			bc	cir cum	8				
1873-10-03	23	-33.02	-71.63			a		https://s3.amazonaws.com/NARAprodstorage/lz/dc-metro/rg-024/581208/2020-03/581208-omaha-006/581208-omaha-006-013.JPG	https://s3.amazonaws.com/NARAprodstorage/lz/dc-metro/rg-024/581208/2020-03/581208-omaha-006/581208-omaha-006-013.JPG	 						225	241	2	30.31	62	54	52			bc	cir cum	7				
1873-10-03	24	-33.02	-71.63			a		https://s3.amazonaws.com/NARAprodstorage/lz/dc-metro/rg-024/581208/2020-03/581208-omaha-006/581208-omaha-006-013.JPG	https://s3.amazonaws.com/NARAprodstorage/lz/dc-metro/rg-024/581208/2020-03/581208-omaha-006/581208-omaha-006-013.JPG	 						225	241	2	30.31	62	54	52			bc	cir cum	8				
1873-10-04	1	-33.02	-71.63			a		https://s3.amazonaws.com/NARAprodstorage/lz/dc-metro/rg-024/581208/2020-03/581208-omaha-006/581208-omaha-006-014.JPG	https://s3.amazonaws.com/NARAprodstorage/lz/dc-metro/rg-024/581208/2020-03/581208-omaha-006/581208-omaha-006-014.JPG	 						0	0	0	30.3	59	52	47			b	none	10				
1873-10-04	2	-33.02	-71.63			a		https://s3.amazonaws.com/NARAprodstorage/lz/dc-metro/rg-024/581208/2020-03/581208-omaha-006/581208-omaha-006-014.JPG	https://s3.amazonaws.com/NARAprodstorage/lz/dc-metro/rg-024/581208/2020-03/581208-omaha-006/581208-omaha-006-014.JPG	 						0	0	0	30.3	59	52	47			b	none	10				
1873-10-04	3	-33.02	-71.63			a		https://s3.amazonaws.com/NARAprodstorage/lz/dc-metro/rg-024/581208/2020-03/581208-omaha-006/581208-omaha-006-014.JPG	https://s3.amazonaws.com/NARAprodstorage/lz/dc-metro/rg-024/581208/2020-03/581208-omaha-006/581208-omaha-006-014.JPG	 						90	106	13	30.28	59	52	47			b	none	10				
1873-10-04	4	-33.02	-71.63			a		https://s3.amazonaws.com/NARAprodstorage/lz/dc-metro/rg-024/581208/2020-03/581208-omaha-006/581208-omaha-006-014.JPG	https://s3.amazonaws.com/NARAprodstorage/lz/dc-metro/rg-024/581208/2020-03/581208-omaha-006/581208-omaha-006-014.JPG	 						90	106	19	30.33	59	52	47			b	none	10				
1873-10-04	5	-33.02	-71.63			a		https://s3.amazonaws.com/NARAprodstorage/lz/dc-metro/rg-024/581208/2020-03/581208-omaha-006/581208-omaha-006-014.JPG	https://s3.amazonaws.com/NARAprodstorage/lz/dc-metro/rg-024/581208/2020-03/581208-omaha-006/581208-omaha-006-014.JPG	 						135	151	13	30.3	59	51	47			b	none	10				
1873-10-04	6	-33.02	-71.63			a		https://s3.amazonaws.com/NARAprodstorage/lz/dc-metro/rg-024/581208/2020-03/581208-omaha-006/581208-omaha-006-014.JPG	https://s3.amazonaws.com/NARAprodstorage/lz/dc-metro/rg-024/581208/2020-03/581208-omaha-006/581208-omaha-006-014.JPG	 						135	151	13	30.3	59	53	48			b	none	10				
1873-10-04	7	-33.02	-71.63			a		https://s3.amazonaws.com/NARAprodstorage/lz/dc-metro/rg-024/581208/2020-03/581208-omaha-006/581208-omaha-006-014.JPG	https://s3.amazonaws.com/NARAprodstorage/lz/dc-metro/rg-024/581208/2020-03/581208-omaha-006/581208-omaha-006-014.JPG	 						180	196	5	30.3	59	53	48			bc	cir cum	9				
1873-10-04	8	-33.02	-71.63			a		https://s3.amazonaws.com/NARAprodstorage/lz/dc-metro/rg-024/581208/2020-03/581208-omaha-006/581208-omaha-006-014.JPG	https://s3.amazonaws.com/NARAprodstorage/lz/dc-metro/rg-024/581208/2020-03/581208-omaha-006/581208-omaha-006-014.JPG	 						180	196	13	30.3	59	56	49			bc		9				
1873-10-04	9	-33.02	-71.63			a		https://s3.amazonaws.com/NARAprodstorage/lz/dc-metro/rg-024/581208/2020-03/581208-omaha-006/581208-omaha-006-014.JPG	https://s3.amazonaws.com/NARAprodstorage/lz/dc-metro/rg-024/581208/2020-03/581208-omaha-006/581208-omaha-006-014.JPG	 						225	241	19	30.33	61	60	53			bc	cum	9				
1873-10-04	10	-33.02	-71.63			a		https://s3.amazonaws.com/NARAprodstorage/lz/dc-metro/rg-024/581208/2020-03/581208-omaha-006/581208-omaha-006-014.JPG	https://s3.amazonaws.com/NARAprodstorage/lz/dc-metro/rg-024/581208/2020-03/581208-omaha-006/581208-omaha-006-014.JPG	 						225	241	19	30.33	61	60	53			bc	cum	9				
1873-10-04	11	-33.02	-71.63			a		https://s3.amazonaws.com/NARAprodstorage/lz/dc-metro/rg-024/581208/2020-03/581208-omaha-006/581208-omaha-006-014.JPG	https://s3.amazonaws.com/NARAprodstorage/lz/dc-metro/rg-024/581208/2020-03/581208-omaha-006/581208-omaha-006-014.JPG	 						225	241	19	30.33	61	60	53			bc	cum	9				
1873-10-04	12	-33.02	-71.63			a		https://s3.amazonaws.com/NARAprodstorage/lz/dc-metro/rg-024/581208/2020-03/581208-omaha-006/581208-omaha-006-014.JPG	https://s3.amazonaws.com/NARAprodstorage/lz/dc-metro/rg-024/581208/2020-03/581208-omaha-006/581208-omaha-006-014.JPG	"Noon: Valparaiso, Chile."						225	241	19	30.33	61	60	53			bc	cum	9				
1873-10-04	13	-33.02	-71.63			a		https://s3.amazonaws.com/NARAprodstorage/lz/dc-metro/rg-024/581208/2020-03/581208-omaha-006/581208-omaha-006-014.JPG	https://s3.amazonaws.com/NARAprodstorage/lz/dc-metro/rg-024/581208/2020-03/581208-omaha-006/581208-omaha-006-014.JPG	 						169	185	24	30.29	63	60	53			bc	cum	9				
1873-10-04	14	-33.02	-71.63			a		https://s3.amazonaws.com/NARAprodstorage/lz/dc-metro/rg-024/581208/2020-03/581208-omaha-006/581208-omaha-006-014.JPG	https://s3.amazonaws.com/NARAprodstorage/lz/dc-metro/rg-024/581208/2020-03/581208-omaha-006/581208-omaha-006-014.JPG	 						169	185	24	30.29	63	60	53			bc	cum	9				
1873-10-04	15	-33.02	-71.63			a		https://s3.amazonaws.com/NARAprodstorage/lz/dc-metro/rg-024/581208/2020-03/581208-omaha-006/581208-omaha-006-014.JPG	https://s3.amazonaws.com/NARAprodstorage/lz/dc-metro/rg-024/581208/2020-03/581208-omaha-006/581208-omaha-006-014.JPG	 						169	185	24	30.29	63	60	53			bc	cum	9				
1873-10-04	16	-33.02	-71.63			a		https://s3.amazonaws.com/NARAprodstorage/lz/dc-metro/rg-024/581208/2020-03/581208-omaha-006/581208-omaha-006-014.JPG	https://s3.amazonaws.com/NARAprodstorage/lz/dc-metro/rg-024/581208/2020-03/581208-omaha-006/581208-omaha-006-014.JPG	 						169	185	24	30.29	63	60	53			bc	cum	9				
1873-10-04	17	-33.02	-71.63			a		https://s3.amazonaws.com/NARAprodstorage/lz/dc-metro/rg-024/581208/2020-03/581208-omaha-006/581208-omaha-006-014.JPG	https://s3.amazonaws.com/NARAprodstorage/lz/dc-metro/rg-024/581208/2020-03/581208-omaha-006/581208-omaha-006-014.JPG	 						180	196	24	30.3	59	55	50			b	none	10			1745: USS Richmond	
1873-10-04	18	-33.02	-71.63			a		https://s3.amazonaws.com/NARAprodstorage/lz/dc-metro/rg-024/581208/2020-03/581208-omaha-006/581208-omaha-006-014.JPG	https://s3.amazonaws.com/NARAprodstorage/lz/dc-metro/rg-024/581208/2020-03/581208-omaha-006/581208-omaha-006-014.JPG	 						180	196	24	30.3	59	55	50			b	none	10				
1873-10-04	19	-33.02	-71.63			a		https://s3.amazonaws.com/NARAprodstorage/lz/dc-metro/rg-024/581208/2020-03/581208-omaha-006/581208-omaha-006-014.JPG	https://s3.amazonaws.com/NARAprodstorage/lz/dc-metro/rg-024/581208/2020-03/581208-omaha-006/581208-omaha-006-014.JPG	 						180	196	24	30.3	59	55	50			b	none	10				
1873-10-04	20	-33.02	-71.63			a		https://s3.amazonaws.com/NARAprodstorage/lz/dc-metro/rg-024/581208/2020-03/581208-omaha-006/581208-omaha-006-014.JPG	https://s3.amazonaws.com/NARAprodstorage/lz/dc-metro/rg-024/581208/2020-03/581208-omaha-006/581208-omaha-006-014.JPG	 						180	196	24	30.3	59	55	50			b	none	10				
1873-10-04	21	-33.02	-71.63			a		https://s3.amazonaws.com/NARAprodstorage/lz/dc-metro/rg-024/581208/2020-03/581208-omaha-006/581208-omaha-006-014.JPG	https://s3.amazonaws.com/NARAprodstorage/lz/dc-metro/rg-024/581208/2020-03/581208-omaha-006/581208-omaha-006-014.JPG	 						90	106	13	30.26	59	55	50			b	none	10				
1873-10-04	22	-33.02	-71.63			a		https://s3.amazonaws.com/NARAprodstorage/lz/dc-metro/rg-024/581208/2020-03/581208-omaha-006/581208-omaha-006-014.JPG	https://s3.amazonaws.com/NARAprodstorage/lz/dc-metro/rg-024/581208/2020-03/581208-omaha-006/581208-omaha-006-014.JPG	 						90	106	8	30.26	59	55	50			b	none	10				
1873-10-04	23	-33.02	-71.63			a		https://s3.amazonaws.com/NARAprodstorage/lz/dc-metro/rg-024/581208/2020-03/581208-omaha-006/581208-omaha-006-014.JPG	https://s3.amazonaws.com/NARAprodstorage/lz/dc-metro/rg-024/581208/2020-03/581208-omaha-006/581208-omaha-006-014.JPG	 						90	106	5	30.24	59	55	50			b	none	10				
1873-10-04	24	-33.02	-71.63			a		https://s3.amazonaws.com/NARAprodstorage/lz/dc-metro/rg-024/581208/2020-03/581208-omaha-006/581208-omaha-006-014.JPG	https://s3.amazonaws.com/NARAprodstorage/lz/dc-metro/rg-024/581208/2020-03/581208-omaha-006/581208-omaha-006-014.JPG	 						90	106	5	30.24	59	55	50			b	none	10				
1873-10-05	1	-33.02	-71.63			a		https://s3.amazonaws.com/NARAprodstorage/lz/dc-metro/rg-024/581208/2020-03/581208-omaha-006/581208-omaha-006-015.JPG	https://s3.amazonaws.com/NARAprodstorage/lz/dc-metro/rg-024/581208/2020-03/581208-omaha-006/581208-omaha-006-015.JPG	 						158	174	13	30.2	59	55	51			b	none	10				
1873-10-05	2	-33.02	-71.63			a		https://s3.amazonaws.com/NARAprodstorage/lz/dc-metro/rg-024/581208/2020-03/581208-omaha-006/581208-omaha-006-015.JPG	https://s3.amazonaws.com/NARAprodstorage/lz/dc-metro/rg-024/581208/2020-03/581208-omaha-006/581208-omaha-006-015.JPG	 						158	174	2	30.2	59	55	51			b	none	10				
1873-10-05	3	-33.02	-71.63			a		https://s3.amazonaws.com/NARAprodstorage/lz/dc-metro/rg-024/581208/2020-03/581208-omaha-006/581208-omaha-006-015.JPG	https://s3.amazonaws.com/NARAprodstorage/lz/dc-metro/rg-024/581208/2020-03/581208-omaha-006/581208-omaha-006-015.JPG	 						315	331	2	30.2	59	55	51			b	none	10				
1873-10-05	4	-33.02	-71.63			a		https://s3.amazonaws.com/NARAprodstorage/lz/dc-metro/rg-024/581208/2020-03/581208-omaha-006/581208-omaha-006-015.JPG	https://s3.amazonaws.com/NARAprodstorage/lz/dc-metro/rg-024/581208/2020-03/581208-omaha-006/581208-omaha-006-015.JPG	 						315	331	2	30.22	59	55	51			b	none	10				
1873-10-05	5	-33.02	-71.63			a		https://s3.amazonaws.com/NARAprodstorage/lz/dc-metro/rg-024/581208/2020-03/581208-omaha-006/581208-omaha-006-015.JPG	https://s3.amazonaws.com/NARAprodstorage/lz/dc-metro/rg-024/581208/2020-03/581208-omaha-006/581208-omaha-006-015.JPG	 						225	241	2	30.27	59	55	51			b	none	10				
1873-10-05	6	-33.02	-71.63			a		https://s3.amazonaws.com/NARAprodstorage/lz/dc-metro/rg-024/581208/2020-03/581208-omaha-006/581208-omaha-006-015.JPG	https://s3.amazonaws.com/NARAprodstorage/lz/dc-metro/rg-024/581208/2020-03/581208-omaha-006/581208-omaha-006-015.JPG	 						225	241	2	30.27	59	55	51			b	none	10				
1873-10-05	7	-33.02	-71.63			a		https://s3.amazonaws.com/NARAprodstorage/lz/dc-metro/rg-024/581208/2020-03/581208-omaha-006/581208-omaha-006-015.JPG	https://s3.amazonaws.com/NARAprodstorage/lz/dc-metro/rg-024/581208/2020-03/581208-omaha-006/581208-omaha-006-015.JPG	 						225	241	2	30.27	59	55	51			b	none	10				
1873-10-05	8	-33.02	-71.63			a		https://s3.amazonaws.com/NARAprodstorage/lz/dc-metro/rg-024/581208/2020-03/581208-omaha-006/581208-omaha-006-015.JPG	https://s3.amazonaws.com/NARAprodstorage/lz/dc-metro/rg-024/581208/2020-03/581208-omaha-006/581208-omaha-006-015.JPG	 						225	241	2	30.27	59	55	51			b	none	10				
1873-10-05	9	-33.02	-71.63			a		https://s3.amazonaws.com/NARAprodstorage/lz/dc-metro/rg-024/581208/2020-03/581208-omaha-006/581208-omaha-006-015.JPG	https://s3.amazonaws.com/NARAprodstorage/lz/dc-metro/rg-024/581208/2020-03/581208-omaha-006/581208-omaha-006-015.JPG	 						225	241	8	30.24	61	60	54			bc	cum nim	8				
1873-10-05	10	-33.02	-71.63			a		https://s3.amazonaws.com/NARAprodstorage/lz/dc-metro/rg-024/581208/2020-03/581208-omaha-006/581208-omaha-006-015.JPG	https://s3.amazonaws.com/NARAprodstorage/lz/dc-metro/rg-024/581208/2020-03/581208-omaha-006/581208-omaha-006-015.JPG	 						225	241	8	30.24	61	60	54			bc	cum nim	8				
1873-10-05	11	-33.02	-71.63			a		https://s3.amazonaws.com/NARAprodstorage/lz/dc-metro/rg-024/581208/2020-03/581208-omaha-006/581208-omaha-006-015.JPG	https://s3.amazonaws.com/NARAprodstorage/lz/dc-metro/rg-024/581208/2020-03/581208-omaha-006/581208-omaha-006-015.JPG	 						225	241	13	30.24	61	60	54			bc	cum nim	9				
1873-10-05	12	-33.02	-71.63			a		https://s3.amazonaws.com/NARAprodstorage/lz/dc-metro/rg-024/581208/2020-03/581208-omaha-006/581208-omaha-006-015.JPG	https://s3.amazonaws.com/NARAprodstorage/lz/dc-metro/rg-024/581208/2020-03/581208-omaha-006/581208-omaha-006-015.JPG	"Noon: Valparaiso, Chile."						225	241	8	30.24	61	60	54			bc	cum nim	9				
1873-10-05	13	-33.02	-71.63			a		https://s3.amazonaws.com/NARAprodstorage/lz/dc-metro/rg-024/581208/2020-03/581208-omaha-006/581208-omaha-006-015.JPG	https://s3.amazonaws.com/NARAprodstorage/lz/dc-metro/rg-024/581208/2020-03/581208-omaha-006/581208-omaha-006-015.JPG	 						135	151	8	30.23	63	62	54			bc	cum nm	9				
1873-10-05	14	-33.02	-71.63			a		https://s3.amazonaws.com/NARAprodstorage/lz/dc-metro/rg-024/581208/2020-03/581208-omaha-006/581208-omaha-006-015.JPG	https://s3.amazonaws.com/NARAprodstorage/lz/dc-metro/rg-024/581208/2020-03/581208-omaha-006/581208-omaha-006-015.JPG	 						135	151	8	30.23	63	62	54			bc	cum nm	9				
1873-10-05	15	-33.02	-71.63			a		https://s3.amazonaws.com/NARAprodstorage/lz/dc-metro/rg-024/581208/2020-03/581208-omaha-006/581208-omaha-006-015.JPG	https://s3.amazonaws.com/NARAprodstorage/lz/dc-metro/rg-024/581208/2020-03/581208-omaha-006/581208-omaha-006-015.JPG	 						135	151	8	30.23	63	62	54			bc	cum nm	9				
1873-10-05	16	-33.02	-71.63			a		https://s3.amazonaws.com/NARAprodstorage/lz/dc-metro/rg-024/581208/2020-03/581208-omaha-006/581208-omaha-006-015.JPG	https://s3.amazonaws.com/NARAprodstorage/lz/dc-metro/rg-024/581208/2020-03/581208-omaha-006/581208-omaha-006-015.JPG	 						135	151	8	30.23	63	62	54			bc	cum nm	9				
1873-10-05	17	-33.02	-71.63			a		https://s3.amazonaws.com/NARAprodstorage/lz/dc-metro/rg-024/581208/2020-03/581208-omaha-006/581208-omaha-006-015.JPG	https://s3.amazonaws.com/NARAprodstorage/lz/dc-metro/rg-024/581208/2020-03/581208-omaha-006/581208-omaha-006-015.JPG	 						135	151	8	30.25	62	61	56			bc	cum nm	8				
1873-10-05	18	-33.02	-71.63			a		https://s3.amazonaws.com/NARAprodstorage/lz/dc-metro/rg-024/581208/2020-03/581208-omaha-006/581208-omaha-006-015.JPG	https://s3.amazonaws.com/NARAprodstorage/lz/dc-metro/rg-024/581208/2020-03/581208-omaha-006/581208-omaha-006-015.JPG	 						180	196	5	30.25	62	61	56			bc	cum nm	8				
1873-10-05	19	-33.02	-71.63			a		https://s3.amazonaws.com/NARAprodstorage/lz/dc-metro/rg-024/581208/2020-03/581208-omaha-006/581208-omaha-006-015.JPG	https://s3.amazonaws.com/NARAprodstorage/lz/dc-metro/rg-024/581208/2020-03/581208-omaha-006/581208-omaha-006-015.JPG	 						0	0	0	30.25	62	60	55			bc	cum nm	8				
1873-10-05	20	-33.02	-71.63			a		https://s3.amazonaws.com/NARAprodstorage/lz/dc-metro/rg-024/581208/2020-03/581208-omaha-006/581208-omaha-006-015.JPG	https://s3.amazonaws.com/NARAprodstorage/lz/dc-metro/rg-024/581208/2020-03/581208-omaha-006/581208-omaha-006-015.JPG	 						0	0	0	30.25	62	60	55			bc	cum nm	8				
1873-10-05	21	-33.02	-71.63			a		https://s3.amazonaws.com/NARAprodstorage/lz/dc-metro/rg-024/581208/2020-03/581208-omaha-006/581208-omaha-006-015.JPG	https://s3.amazonaws.com/NARAprodstorage/lz/dc-metro/rg-024/581208/2020-03/581208-omaha-006/581208-omaha-006-015.JPG	 						0	0	0	30.25	62	60	55			b	none	10				
1873-10-05	22	-33.02	-71.63			a		https://s3.amazonaws.com/NARAprodstorage/lz/dc-metro/rg-024/581208/2020-03/581208-omaha-006/581208-omaha-006-015.JPG	https://s3.amazonaws.com/NARAprodstorage/lz/dc-metro/rg-024/581208/2020-03/581208-omaha-006/581208-omaha-006-015.JPG	 						0	0	0	30.3	62	60	55			b	none	10				
1873-10-05	23	-33.02	-71.63			a		https://s3.amazonaws.com/NARAprodstorage/lz/dc-metro/rg-024/581208/2020-03/581208-omaha-006/581208-omaha-006-015.JPG	https://s3.amazonaws.com/NARAprodstorage/lz/dc-metro/rg-024/581208/2020-03/581208-omaha-006/581208-omaha-006-015.JPG	 						0	0	0	30.3	62	60	55			b	none	10				
1873-10-05	24	-33.02	-71.63			a		https://s3.amazonaws.com/NARAprodstorage/lz/dc-metro/rg-024/581208/2020-03/581208-omaha-006/581208-omaha-006-015.JPG	https://s3.amazonaws.com/NARAprodstorage/lz/dc-metro/rg-024/581208/2020-03/581208-omaha-006/581208-omaha-006-015.JPG	 						0	0	0	30.35	62	58	56			b	none	10				
1873-10-06	1	-33.02	-71.63			a		https://s3.amazonaws.com/NARAprodstorage/lz/dc-metro/rg-024/581208/2020-03/581208-omaha-006/581208-omaha-006-016.JPG	https://s3.amazonaws.com/NARAprodstorage/lz/dc-metro/rg-024/581208/2020-03/581208-omaha-006/581208-omaha-006-016.JPG	 						135	151	2	30.4	58	55	52			b	none	10				
1873-10-06	2	-33.02	-71.63			a		https://s3.amazonaws.com/NARAprodstorage/lz/dc-metro/rg-024/581208/2020-03/581208-omaha-006/581208-omaha-006-016.JPG	https://s3.amazonaws.com/NARAprodstorage/lz/dc-metro/rg-024/581208/2020-03/581208-omaha-006/581208-omaha-006-016.JPG	 						135	151	2	30.4	58	55	52			b	none	10				
1873-10-06	3	-33.02	-71.63			a		https://s3.amazonaws.com/NARAprodstorage/lz/dc-metro/rg-024/581208/2020-03/581208-omaha-006/581208-omaha-006-016.JPG	https://s3.amazonaws.com/NARAprodstorage/lz/dc-metro/rg-024/581208/2020-03/581208-omaha-006/581208-omaha-006-016.JPG	 						135	151	2	30.42	58	55	52			b	none	10				
1873-10-06	4	-33.02	-71.63			a		https://s3.amazonaws.com/NARAprodstorage/lz/dc-metro/rg-024/581208/2020-03/581208-omaha-006/581208-omaha-006-016.JPG	https://s3.amazonaws.com/NARAprodstorage/lz/dc-metro/rg-024/581208/2020-03/581208-omaha-006/581208-omaha-006-016.JPG	 						135	151	2	30.42	58	55	52			b	none	10				
1873-10-06	5	-33.02	-71.63			a		https://s3.amazonaws.com/NARAprodstorage/lz/dc-metro/rg-024/581208/2020-03/581208-omaha-006/581208-omaha-006-016.JPG	https://s3.amazonaws.com/NARAprodstorage/lz/dc-metro/rg-024/581208/2020-03/581208-omaha-006/581208-omaha-006-016.JPG	 						0	0	0	30.4	59	55	52			b	none	10				
1873-10-06	6	-33.02	-71.63			a		https://s3.amazonaws.com/NARAprodstorage/lz/dc-metro/rg-024/581208/2020-03/581208-omaha-006/581208-omaha-006-016.JPG	https://s3.amazonaws.com/NARAprodstorage/lz/dc-metro/rg-024/581208/2020-03/581208-omaha-006/581208-omaha-006-016.JPG	 						0	0	0	30.4	59	56	53			b	none	10				
1873-10-06	7	-33.02	-71.63			a		https://s3.amazonaws.com/NARAprodstorage/lz/dc-metro/rg-024/581208/2020-03/581208-omaha-006/581208-omaha-006-016.JPG	https://s3.amazonaws.com/NARAprodstorage/lz/dc-metro/rg-024/581208/2020-03/581208-omaha-006/581208-omaha-006-016.JPG	 						0	0	0	30.38	60	56	53			b	none	10				
1873-10-06	8	-33.02	-71.63			a		https://s3.amazonaws.com/NARAprodstorage/lz/dc-metro/rg-024/581208/2020-03/581208-omaha-006/581208-omaha-006-016.JPG	https://s3.amazonaws.com/NARAprodstorage/lz/dc-metro/rg-024/581208/2020-03/581208-omaha-006/581208-omaha-006-016.JPG	 						0	0	0	30.38	60	56	53			b	none	10				
1873-10-06	9	-33.02	-71.63			a		https://s3.amazonaws.com/NARAprodstorage/lz/dc-metro/rg-024/581208/2020-03/581208-omaha-006/581208-omaha-006-016.JPG	https://s3.amazonaws.com/NARAprodstorage/lz/dc-metro/rg-024/581208/2020-03/581208-omaha-006/581208-omaha-006-016.JPG	 						0	0	0	30.38	60	56	53			b	none	10				
1873-10-06	10	-33.02	-71.63			a		https://s3.amazonaws.com/NARAprodstorage/lz/dc-metro/rg-024/581208/2020-03/581208-omaha-006/581208-omaha-006-016.JPG	https://s3.amazonaws.com/NARAprodstorage/lz/dc-metro/rg-024/581208/2020-03/581208-omaha-006/581208-omaha-006-016.JPG	 						0	0	0	30.38	60	58	55			b	none	10				
1873-10-06	11	-33.02	-71.63			a		https://s3.amazonaws.com/NARAprodstorage/lz/dc-metro/rg-024/581208/2020-03/581208-omaha-006/581208-omaha-006-016.JPG	https://s3.amazonaws.com/NARAprodstorage/lz/dc-metro/rg-024/581208/2020-03/581208-omaha-006/581208-omaha-006-016.JPG	 						225	241	5	30.38	60	62	55			b	none	10				
1873-10-06	12	-33.02	-71.63			a		https://s3.amazonaws.com/NARAprodstorage/lz/dc-metro/rg-024/581208/2020-03/581208-omaha-006/581208-omaha-006-016.JPG	https://s3.amazonaws.com/NARAprodstorage/lz/dc-metro/rg-024/581208/2020-03/581208-omaha-006/581208-omaha-006-016.JPG	"Noon: Valparaiso, Chile."						225	241	19	30.3	62	62	55			b	none	10				
1873-10-06	13	-33.02	-71.63			a		https://s3.amazonaws.com/NARAprodstorage/lz/dc-metro/rg-024/581208/2020-03/581208-omaha-006/581208-omaha-006-016.JPG	https://s3.amazonaws.com/NARAprodstorage/lz/dc-metro/rg-024/581208/2020-03/581208-omaha-006/581208-omaha-006-016.JPG	 						180	196	8	30.28	63	65	63			b	none	10				
1873-10-06	14	-33.02	-71.63			a		https://s3.amazonaws.com/NARAprodstorage/lz/dc-metro/rg-024/581208/2020-03/581208-omaha-006/581208-omaha-006-016.JPG	https://s3.amazonaws.com/NARAprodstorage/lz/dc-metro/rg-024/581208/2020-03/581208-omaha-006/581208-omaha-006-016.JPG	 						180	196	13	30.28	63	65	63			b	none	10				
1873-10-06	15	-33.02	-71.63			a		https://s3.amazonaws.com/NARAprodstorage/lz/dc-metro/rg-024/581208/2020-03/581208-omaha-006/581208-omaha-006-016.JPG	https://s3.amazonaws.com/NARAprodstorage/lz/dc-metro/rg-024/581208/2020-03/581208-omaha-006/581208-omaha-006-016.JPG	 						180	196	10	30.28	63	64	63			b	none	10				
1873-10-06	16	-33.02	-71.63			a		https://s3.amazonaws.com/NARAprodstorage/lz/dc-metro/rg-024/581208/2020-03/581208-omaha-006/581208-omaha-006-016.JPG	https://s3.amazonaws.com/NARAprodstorage/lz/dc-metro/rg-024/581208/2020-03/581208-omaha-006/581208-omaha-006-016.JPG	 						180	196	8	30.28	63	64	63			b	none	10				
1873-10-06	17	-33.02	-71.63			a		https://s3.amazonaws.com/NARAprodstorage/lz/dc-metro/rg-024/581208/2020-03/581208-omaha-006/581208-omaha-006-016.JPG	https://s3.amazonaws.com/NARAprodstorage/lz/dc-metro/rg-024/581208/2020-03/581208-omaha-006/581208-omaha-006-016.JPG	 						180	196	2	30.28	63	64	63			b	none	10				
1873-10-06	18	-33.02	-71.63			a		https://s3.amazonaws.com/NARAprodstorage/lz/dc-metro/rg-024/581208/2020-03/581208-omaha-006/581208-omaha-006-016.JPG	https://s3.amazonaws.com/NARAprodstorage/lz/dc-metro/rg-024/581208/2020-03/581208-omaha-006/581208-omaha-006-016.JPG	 						180	196	2	30.28	63	64	63			b	none	10				
1873-10-06	19	-33.02	-71.63			a		https://s3.amazonaws.com/NARAprodstorage/lz/dc-metro/rg-024/581208/2020-03/581208-omaha-006/581208-omaha-006-016.JPG	https://s3.amazonaws.com/NARAprodstorage/lz/dc-metro/rg-024/581208/2020-03/581208-omaha-006/581208-omaha-006-016.JPG	 						0	0	0	30.28	63	62	63			b	none	10				
1873-10-06	20	-33.02	-71.63			a		https://s3.amazonaws.com/NARAprodstorage/lz/dc-metro/rg-024/581208/2020-03/581208-omaha-006/581208-omaha-006-016.JPG	https://s3.amazonaws.com/NARAprodstorage/lz/dc-metro/rg-024/581208/2020-03/581208-omaha-006/581208-omaha-006-016.JPG	 						0	0	0	30.28	63	62	58			b	none	10				
1873-10-06	21	-33.02	-71.63			a		https://s3.amazonaws.com/NARAprodstorage/lz/dc-metro/rg-024/581208/2020-03/581208-omaha-006/581208-omaha-006-016.JPG	https://s3.amazonaws.com/NARAprodstorage/lz/dc-metro/rg-024/581208/2020-03/581208-omaha-006/581208-omaha-006-016.JPG	 						0	0	0	30.29	63	60	57			b	none	10				
1873-10-06	22	-33.02	-71.63			a		https://s3.amazonaws.com/NARAprodstorage/lz/dc-metro/rg-024/581208/2020-03/581208-omaha-006/581208-omaha-006-016.JPG	https://s3.amazonaws.com/NARAprodstorage/lz/dc-metro/rg-024/581208/2020-03/581208-omaha-006/581208-omaha-006-016.JPG	 						0	0	0	30.29	63	60	57			b	none	10				
1873-10-06	23	-33.02	-71.63			a		https://s3.amazonaws.com/NARAprodstorage/lz/dc-metro/rg-024/581208/2020-03/581208-omaha-006/581208-omaha-006-016.JPG	https://s3.amazonaws.com/NARAprodstorage/lz/dc-metro/rg-024/581208/2020-03/581208-omaha-006/581208-omaha-006-016.JPG	 						0	0	0	30.29	63	59	56			b	none	10				
1873-10-06	24	-33.02	-71.63			a		https://s3.amazonaws.com/NARAprodstorage/lz/dc-metro/rg-024/581208/2020-03/581208-omaha-006/581208-omaha-006-016.JPG	https://s3.amazonaws.com/NARAprodstorage/lz/dc-metro/rg-024/581208/2020-03/581208-omaha-006/581208-omaha-006-016.JPG	 						0	0	0	30.29	63	59	56			b	none	10				
1873-10-07	1	-33.02	-71.63			a		https://s3.amazonaws.com/NARAprodstorage/lz/dc-metro/rg-024/581208/2020-03/581208-omaha-006/581208-omaha-006-017.JPG	https://s3.amazonaws.com/NARAprodstorage/lz/dc-metro/rg-024/581208/2020-03/581208-omaha-006/581208-omaha-006-017.JPG	 						0	0	0	30.28	60	56	54			b	none	10				
1873-10-07	2	-33.02	-71.63			a		https://s3.amazonaws.com/NARAprodstorage/lz/dc-metro/rg-024/581208/2020-03/581208-omaha-006/581208-omaha-006-017.JPG	https://s3.amazonaws.com/NARAprodstorage/lz/dc-metro/rg-024/581208/2020-03/581208-omaha-006/581208-omaha-006-017.JPG	 						0	0	0	30.28	60	56	54			b	none					
1873-10-07	3	-33.02	-71.63			a		https://s3.amazonaws.com/NARAprodstorage/lz/dc-metro/rg-024/581208/2020-03/581208-omaha-006/581208-omaha-006-017.JPG	https://s3.amazonaws.com/NARAprodstorage/lz/dc-metro/rg-024/581208/2020-03/581208-omaha-006/581208-omaha-006-017.JPG	 						0	0	0	30.28	60	56	54			b	none					
1873-10-07	4	-33.02	-71.63			a		https://s3.amazonaws.com/NARAprodstorage/lz/dc-metro/rg-024/581208/2020-03/581208-omaha-006/581208-omaha-006-017.JPG	https://s3.amazonaws.com/NARAprodstorage/lz/dc-metro/rg-024/581208/2020-03/581208-omaha-006/581208-omaha-006-017.JPG	 						0	0	0	30.28	60	56	54			b	none					
1873-10-07	5	-33.02	-71.63			a		https://s3.amazonaws.com/NARAprodstorage/lz/dc-metro/rg-024/581208/2020-03/581208-omaha-006/581208-omaha-006-017.JPG	https://s3.amazonaws.com/NARAprodstorage/lz/dc-metro/rg-024/581208/2020-03/581208-omaha-006/581208-omaha-006-017.JPG	 						0	0	0	30.26	60	56	54			b	none					
1873-10-07	6	-33.02	-71.63			a		https://s3.amazonaws.com/NARAprodstorage/lz/dc-metro/rg-024/581208/2020-03/581208-omaha-006/581208-omaha-006-017.JPG	https://s3.amazonaws.com/NARAprodstorage/lz/dc-metro/rg-024/581208/2020-03/581208-omaha-006/581208-omaha-006-017.JPG	 						0	0	0	30.26	60	56	54			b	none					
1873-10-07	7	-33.02	-71.63			a		https://s3.amazonaws.com/NARAprodstorage/lz/dc-metro/rg-024/581208/2020-03/581208-omaha-006/581208-omaha-006-017.JPG	https://s3.amazonaws.com/NARAprodstorage/lz/dc-metro/rg-024/581208/2020-03/581208-omaha-006/581208-omaha-006-017.JPG	 						0	0	0	30.24	61	56	54			b	none					
1873-10-07	8	-33.02	-71.63			a		https://s3.amazonaws.com/NARAprodstorage/lz/dc-metro/rg-024/581208/2020-03/581208-omaha-006/581208-omaha-006-017.JPG	https://s3.amazonaws.com/NARAprodstorage/lz/dc-metro/rg-024/581208/2020-03/581208-omaha-006/581208-omaha-006-017.JPG	 						0	0	0	30.24	61	56	54			b	none					
1873-10-07	9	-33.02	-71.63			a		https://s3.amazonaws.com/NARAprodstorage/lz/dc-metro/rg-024/581208/2020-03/581208-omaha-006/581208-omaha-006-017.JPG	https://s3.amazonaws.com/NARAprodstorage/lz/dc-metro/rg-024/581208/2020-03/581208-omaha-006/581208-omaha-006-017.JPG	 						0	0	0	30.24	61	60	56			b	none					
1873-10-07	10	-33.02	-71.63			a		https://s3.amazonaws.com/NARAprodstorage/lz/dc-metro/rg-024/581208/2020-03/581208-omaha-006/581208-omaha-006-017.JPG	https://s3.amazonaws.com/NARAprodstorage/lz/dc-metro/rg-024/581208/2020-03/581208-omaha-006/581208-omaha-006-017.JPG	 						0	0	0	30.24	62	62	58			b	none					
1873-10-07	11	-33.02	-71.63			a		https://s3.amazonaws.com/NARAprodstorage/lz/dc-metro/rg-024/581208/2020-03/581208-omaha-006/581208-omaha-006-017.JPG	https://s3.amazonaws.com/NARAprodstorage/lz/dc-metro/rg-024/581208/2020-03/581208-omaha-006/581208-omaha-006-017.JPG	 						0	0	0	30.24	62	62	58			b	none					
1873-10-07	12	-33.02	-71.63			a		https://s3.amazonaws.com/NARAprodstorage/lz/dc-metro/rg-024/581208/2020-03/581208-omaha-006/581208-omaha-006-017.JPG	https://s3.amazonaws.com/NARAprodstorage/lz/dc-metro/rg-024/581208/2020-03/581208-omaha-006/581208-omaha-006-017.JPG	"Noon: Valparaiso, Chile."						0	0	0	30.25	63	63	59			b	none					
1873-10-07	13	-33.02	-71.63			a		https://s3.amazonaws.com/NARAprodstorage/lz/dc-metro/rg-024/581208/2020-03/581208-omaha-006/581208-omaha-006-017.JPG	https://s3.amazonaws.com/NARAprodstorage/lz/dc-metro/rg-024/581208/2020-03/581208-omaha-006/581208-omaha-006-017.JPG	 						225	241	5	30.27	65	66	60			bc	cir	8				
1873-10-07	14	-33.02	-71.63			a		https://s3.amazonaws.com/NARAprodstorage/lz/dc-metro/rg-024/581208/2020-03/581208-omaha-006/581208-omaha-006-017.JPG	https://s3.amazonaws.com/NARAprodstorage/lz/dc-metro/rg-024/581208/2020-03/581208-omaha-006/581208-omaha-006-017.JPG	 						225	241	5	30.27	65	66	60			bc	cir	8				
1873-10-07	15	-33.02	-71.63			a		https://s3.amazonaws.com/NARAprodstorage/lz/dc-metro/rg-024/581208/2020-03/581208-omaha-006/581208-omaha-006-017.JPG	https://s3.amazonaws.com/NARAprodstorage/lz/dc-metro/rg-024/581208/2020-03/581208-omaha-006/581208-omaha-006-017.JPG	 						225	241	5	30.27	65	66	60			bc	cir	8				
1873-10-07	16	-33.02	-71.63			a		https://s3.amazonaws.com/NARAprodstorage/lz/dc-metro/rg-024/581208/2020-03/581208-omaha-006/581208-omaha-006-017.JPG	https://s3.amazonaws.com/NARAprodstorage/lz/dc-metro/rg-024/581208/2020-03/581208-omaha-006/581208-omaha-006-017.JPG	 						225	241	5	30.27	65	66	60			bc	cir	8				
1873-10-07	17	-33.02	-71.63			a		https://s3.amazonaws.com/NARAprodstorage/lz/dc-metro/rg-024/581208/2020-03/581208-omaha-006/581208-omaha-006-017.JPG	https://s3.amazonaws.com/NARAprodstorage/lz/dc-metro/rg-024/581208/2020-03/581208-omaha-006/581208-omaha-006-017.JPG	 						225	241	5	30.28	64	65	60			b	none	10				
1873-10-07	18	-33.02	-71.63			a		https://s3.amazonaws.com/NARAprodstorage/lz/dc-metro/rg-024/581208/2020-03/581208-omaha-006/581208-omaha-006-017.JPG	https://s3.amazonaws.com/NARAprodstorage/lz/dc-metro/rg-024/581208/2020-03/581208-omaha-006/581208-omaha-006-017.JPG	 						225	241	10	30.28	64	65	60			b	none	10				
1873-10-07	19	-33.02	-71.63			a		https://s3.amazonaws.com/NARAprodstorage/lz/dc-metro/rg-024/581208/2020-03/581208-omaha-006/581208-omaha-006-017.JPG	https://s3.amazonaws.com/NARAprodstorage/lz/dc-metro/rg-024/581208/2020-03/581208-omaha-006/581208-omaha-006-017.JPG	 						225	241	8	30.28	63	63	59			b	none	10				
1873-10-07	20	-33.02	-71.63			a		https://s3.amazonaws.com/NARAprodstorage/lz/dc-metro/rg-024/581208/2020-03/581208-omaha-006/581208-omaha-006-017.JPG	https://s3.amazonaws.com/NARAprodstorage/lz/dc-metro/rg-024/581208/2020-03/581208-omaha-006/581208-omaha-006-017.JPG	 						0	0	0	30.28	63	63	59			b	none	10				
1873-10-07	21	-33.02	-71.63			a		https://s3.amazonaws.com/NARAprodstorage/lz/dc-metro/rg-024/581208/2020-03/581208-omaha-006/581208-omaha-006-017.JPG	https://s3.amazonaws.com/NARAprodstorage/lz/dc-metro/rg-024/581208/2020-03/581208-omaha-006/581208-omaha-006-017.JPG	 						0	0	0	30.3	63	58	55			b	none	10				
1873-10-07	22	-33.02	-71.63			a		https://s3.amazonaws.com/NARAprodstorage/lz/dc-metro/rg-024/581208/2020-03/581208-omaha-006/581208-omaha-006-017.JPG	https://s3.amazonaws.com/NARAprodstorage/lz/dc-metro/rg-024/581208/2020-03/581208-omaha-006/581208-omaha-006-017.JPG	 						0	0	0	30.3	63	58	55			b	none	10				
1873-10-07	23	-33.02	-71.63			a		https://s3.amazonaws.com/NARAprodstorage/lz/dc-metro/rg-024/581208/2020-03/581208-omaha-006/581208-omaha-006-017.JPG	https://s3.amazonaws.com/NARAprodstorage/lz/dc-metro/rg-024/581208/2020-03/581208-omaha-006/581208-omaha-006-017.JPG	 						135	151	2	30.3	63	58	55			b	none	10				
1873-10-07	24	-33.02	-71.63			a		https://s3.amazonaws.com/NARAprodstorage/lz/dc-metro/rg-024/581208/2020-03/581208-omaha-006/581208-omaha-006-017.JPG	https://s3.amazonaws.com/NARAprodstorage/lz/dc-metro/rg-024/581208/2020-03/581208-omaha-006/581208-omaha-006-017.JPG	 						135	151	2	30.3	63	58	55			b	none	10				
1873-10-08	1	-33.02	-71.63			a		https://s3.amazonaws.com/NARAprodstorage/lz/dc-metro/rg-024/581208/2020-03/581208-omaha-006/581208-omaha-006-018.JPG	https://s3.amazonaws.com/NARAprodstorage/lz/dc-metro/rg-024/581208/2020-03/581208-omaha-006/581208-omaha-006-018.JPG	 						0	0	0	30.28	57	55	54			b	none	10				
1873-10-08	2	-33.02	-71.63			a		https://s3.amazonaws.com/NARAprodstorage/lz/dc-metro/rg-024/581208/2020-03/581208-omaha-006/581208-omaha-006-018.JPG	https://s3.amazonaws.com/NARAprodstorage/lz/dc-metro/rg-024/581208/2020-03/581208-omaha-006/581208-omaha-006-018.JPG	 						0	0	0	30.28	57	55	54			b	none	10				
1873-10-08	3	-33.02	-71.63			a		https://s3.amazonaws.com/NARAprodstorage/lz/dc-metro/rg-024/581208/2020-03/581208-omaha-006/581208-omaha-006-018.JPG	https://s3.amazonaws.com/NARAprodstorage/lz/dc-metro/rg-024/581208/2020-03/581208-omaha-006/581208-omaha-006-018.JPG	 						0	0	0	30.28	57	55	54			b	none	10				
1873-10-08	4	-33.02	-71.63			a		https://s3.amazonaws.com/NARAprodstorage/lz/dc-metro/rg-024/581208/2020-03/581208-omaha-006/581208-omaha-006-018.JPG	https://s3.amazonaws.com/NARAprodstorage/lz/dc-metro/rg-024/581208/2020-03/581208-omaha-006/581208-omaha-006-018.JPG	 						0	0	0	30.28	57	55	54			b	none	10				
1873-10-08	5	-33.02	-71.63			a		https://s3.amazonaws.com/NARAprodstorage/lz/dc-metro/rg-024/581208/2020-03/581208-omaha-006/581208-omaha-006-018.JPG	https://s3.amazonaws.com/NARAprodstorage/lz/dc-metro/rg-024/581208/2020-03/581208-omaha-006/581208-omaha-006-018.JPG	 						0	0	0	30.28	57	54	54			bcm	str nim	9				
1873-10-08	6	-33.02	-71.63			a		https://s3.amazonaws.com/NARAprodstorage/lz/dc-metro/rg-024/581208/2020-03/581208-omaha-006/581208-omaha-006-018.JPG	https://s3.amazonaws.com/NARAprodstorage/lz/dc-metro/rg-024/581208/2020-03/581208-omaha-006/581208-omaha-006-018.JPG	 						0	0	0	30.28	57	54	54			bcm	str nim	9				
1873-10-08	7	-33.02	-71.63			a		https://s3.amazonaws.com/NARAprodstorage/lz/dc-metro/rg-024/581208/2020-03/581208-omaha-006/581208-omaha-006-018.JPG	https://s3.amazonaws.com/NARAprodstorage/lz/dc-metro/rg-024/581208/2020-03/581208-omaha-006/581208-omaha-006-018.JPG	 						225	241	2	30.28	57	54	54			bm	nim	8				
1873-10-08	8	-33.02	-71.63			a		https://s3.amazonaws.com/NARAprodstorage/lz/dc-metro/rg-024/581208/2020-03/581208-omaha-006/581208-omaha-006-018.JPG	https://s3.amazonaws.com/NARAprodstorage/lz/dc-metro/rg-024/581208/2020-03/581208-omaha-006/581208-omaha-006-018.JPG	 						225	241	2	30.28	61	56	54			bm	nim	4				
1873-10-08	9	-33.02	-71.63			a		https://s3.amazonaws.com/NARAprodstorage/lz/dc-metro/rg-024/581208/2020-03/581208-omaha-006/581208-omaha-006-018.JPG	https://s3.amazonaws.com/NARAprodstorage/lz/dc-metro/rg-024/581208/2020-03/581208-omaha-006/581208-omaha-006-018.JPG	 						225	241	2	30.28	63	60	57			bcf	cir cum nim	3				
1873-10-08	10	-33.02	-71.63			a		https://s3.amazonaws.com/NARAprodstorage/lz/dc-metro/rg-024/581208/2020-03/581208-omaha-006/581208-omaha-006-018.JPG	https://s3.amazonaws.com/NARAprodstorage/lz/dc-metro/rg-024/581208/2020-03/581208-omaha-006/581208-omaha-006-018.JPG	 						225	241	2	30.28	63	60	57			bcf	cir cum nim	5				
1873-10-08	11	-33.02	-71.63			a		https://s3.amazonaws.com/NARAprodstorage/lz/dc-metro/rg-024/581208/2020-03/581208-omaha-006/581208-omaha-006-018.JPG	https://s3.amazonaws.com/NARAprodstorage/lz/dc-metro/rg-024/581208/2020-03/581208-omaha-006/581208-omaha-006-018.JPG	 						135	151	2	30.28	63	60	57			bcn	cir cum nim	6				
1873-10-08	12	-33.02	-71.63			a		https://s3.amazonaws.com/NARAprodstorage/lz/dc-metro/rg-024/581208/2020-03/581208-omaha-006/581208-omaha-006-018.JPG	https://s3.amazonaws.com/NARAprodstorage/lz/dc-metro/rg-024/581208/2020-03/581208-omaha-006/581208-omaha-006-018.JPG	"Noon: Valparaiso, Chile."						135	151	2	30.28	63	60	57			bc	cir cum nim	6				
1873-10-08	13	-33.02	-71.63			a		https://s3.amazonaws.com/NARAprodstorage/lz/dc-metro/rg-024/581208/2020-03/581208-omaha-006/581208-omaha-006-018.JPG	https://s3.amazonaws.com/NARAprodstorage/lz/dc-metro/rg-024/581208/2020-03/581208-omaha-006/581208-omaha-006-018.JPG	 						0	0	0	30.25	64	65	60			bc	cir cum	8				
1873-10-08	14	-33.02	-71.63			a		https://s3.amazonaws.com/NARAprodstorage/lz/dc-metro/rg-024/581208/2020-03/581208-omaha-006/581208-omaha-006-018.JPG	https://s3.amazonaws.com/NARAprodstorage/lz/dc-metro/rg-024/581208/2020-03/581208-omaha-006/581208-omaha-006-018.JPG	 						0	0	0	30.27	64	65	60			bc	cir str	7				
1873-10-08	15	-33.02	-71.63			a		https://s3.amazonaws.com/NARAprodstorage/lz/dc-metro/rg-024/581208/2020-03/581208-omaha-006/581208-omaha-006-018.JPG	https://s3.amazonaws.com/NARAprodstorage/lz/dc-metro/rg-024/581208/2020-03/581208-omaha-006/581208-omaha-006-018.JPG	 						0	0	0	30.25	65	65	61			bc	cir str	6				
1873-10-08	16	-33.02	-71.63			a		https://s3.amazonaws.com/NARAprodstorage/lz/dc-metro/rg-024/581208/2020-03/581208-omaha-006/581208-omaha-006-018.JPG	https://s3.amazonaws.com/NARAprodstorage/lz/dc-metro/rg-024/581208/2020-03/581208-omaha-006/581208-omaha-006-018.JPG	 						0	0	0	30.25	65	65	61			bc	cir str	6				
1873-10-08	17	-33.02	-71.63			a		https://s3.amazonaws.com/NARAprodstorage/lz/dc-metro/rg-024/581208/2020-03/581208-omaha-006/581208-omaha-006-018.JPG	https://s3.amazonaws.com/NARAprodstorage/lz/dc-metro/rg-024/581208/2020-03/581208-omaha-006/581208-omaha-006-018.JPG	 						45	61	2	30.26	66	63	60			bc	cir cum	8				
1873-10-08	18	-33.02	-71.63			a		https://s3.amazonaws.com/NARAprodstorage/lz/dc-metro/rg-024/581208/2020-03/581208-omaha-006/581208-omaha-006-018.JPG	https://s3.amazonaws.com/NARAprodstorage/lz/dc-metro/rg-024/581208/2020-03/581208-omaha-006/581208-omaha-006-018.JPG	 						45	61	2	30.26	66	63	60			bc	cir cum	9				
1873-10-08	19	-33.02	-71.63			a		https://s3.amazonaws.com/NARAprodstorage/lz/dc-metro/rg-024/581208/2020-03/581208-omaha-006/581208-omaha-006-018.JPG	https://s3.amazonaws.com/NARAprodstorage/lz/dc-metro/rg-024/581208/2020-03/581208-omaha-006/581208-omaha-006-018.JPG	 						0	0	0	30.26	66	63	60			bc	cir cum	9				
1873-10-08	20	-33.02	-71.63			a		https://s3.amazonaws.com/NARAprodstorage/lz/dc-metro/rg-024/581208/2020-03/581208-omaha-006/581208-omaha-006-018.JPG	https://s3.amazonaws.com/NARAprodstorage/lz/dc-metro/rg-024/581208/2020-03/581208-omaha-006/581208-omaha-006-018.JPG	 						0	0	0	30.26	66	63	60			bc	cir cum	9				
1873-10-08	21	-33.02	-71.63			a		https://s3.amazonaws.com/NARAprodstorage/lz/dc-metro/rg-024/581208/2020-03/581208-omaha-006/581208-omaha-006-018.JPG	https://s3.amazonaws.com/NARAprodstorage/lz/dc-metro/rg-024/581208/2020-03/581208-omaha-006/581208-omaha-006-018.JPG	 						0	0	0	30.26	66	63	60			bc	cir cum	9				
1873-10-08	22	-33.02	-71.63			a		https://s3.amazonaws.com/NARAprodstorage/lz/dc-metro/rg-024/581208/2020-03/581208-omaha-006/581208-omaha-006-018.JPG	https://s3.amazonaws.com/NARAprodstorage/lz/dc-metro/rg-024/581208/2020-03/581208-omaha-006/581208-omaha-006-018.JPG	 						0	0	0	30.26	66	63	60			bc	cir cum	9				
1873-10-08	23	-33.02	-71.63			a		https://s3.amazonaws.com/NARAprodstorage/lz/dc-metro/rg-024/581208/2020-03/581208-omaha-006/581208-omaha-006-018.JPG	https://s3.amazonaws.com/NARAprodstorage/lz/dc-metro/rg-024/581208/2020-03/581208-omaha-006/581208-omaha-006-018.JPG	 						0	0	0	30.26	66	63	60			bc	cir cum	9				
1873-10-08	24	-33.02	-71.63			a		https://s3.amazonaws.com/NARAprodstorage/lz/dc-metro/rg-024/581208/2020-03/581208-omaha-006/581208-omaha-006-018.JPG	https://s3.amazonaws.com/NARAprodstorage/lz/dc-metro/rg-024/581208/2020-03/581208-omaha-006/581208-omaha-006-018.JPG	 						0	0	0	30.26	66	63	60			bc	cir cum	9				
1873-10-09	1	-33.02	-71.63			a		https://s3.amazonaws.com/NARAprodstorage/lz/dc-metro/rg-024/581208/2020-03/581208-omaha-006/581208-omaha-006-019.JPG	https://s3.amazonaws.com/NARAprodstorage/lz/dc-metro/rg-024/581208/2020-03/581208-omaha-006/581208-omaha-006-019.JPG	 						0	0	0	30.22	62	58	56			bc	cir cum	8				
1873-10-09	2	-33.02	-71.63			a		https://s3.amazonaws.com/NARAprodstorage/lz/dc-metro/rg-024/581208/2020-03/581208-omaha-006/581208-omaha-006-019.JPG	https://s3.amazonaws.com/NARAprodstorage/lz/dc-metro/rg-024/581208/2020-03/581208-omaha-006/581208-omaha-006-019.JPG	 						0	0	0	30.22	62	58	56			bc	cir cum	8				
1873-10-09	3	-33.02	-71.63			a		https://s3.amazonaws.com/NARAprodstorage/lz/dc-metro/rg-024/581208/2020-03/581208-omaha-006/581208-omaha-006-019.JPG	https://s3.amazonaws.com/NARAprodstorage/lz/dc-metro/rg-024/581208/2020-03/581208-omaha-006/581208-omaha-006-019.JPG	 						0	0	0	30.22	62	58	56			bc	cir cum	8				
1873-10-09	4	-33.02	-71.63			a		https://s3.amazonaws.com/NARAprodstorage/lz/dc-metro/rg-024/581208/2020-03/581208-omaha-006/581208-omaha-006-019.JPG	https://s3.amazonaws.com/NARAprodstorage/lz/dc-metro/rg-024/581208/2020-03/581208-omaha-006/581208-omaha-006-019.JPG	 						0	0	0	30.2	62	58	56			bc	cir cum	8				
1873-10-09	5	-33.02	-71.63			a		https://s3.amazonaws.com/NARAprodstorage/lz/dc-metro/rg-024/581208/2020-03/581208-omaha-006/581208-omaha-006-019.JPG	https://s3.amazonaws.com/NARAprodstorage/lz/dc-metro/rg-024/581208/2020-03/581208-omaha-006/581208-omaha-006-019.JPG	 						0	0	0	30.25	61	55	53			ocm	nimb	8				
1873-10-09	6	-33.02	-71.63			a		https://s3.amazonaws.com/NARAprodstorage/lz/dc-metro/rg-024/581208/2020-03/581208-omaha-006/581208-omaha-006-019.JPG	https://s3.amazonaws.com/NARAprodstorage/lz/dc-metro/rg-024/581208/2020-03/581208-omaha-006/581208-omaha-006-019.JPG	 						0	0	0	30.25	61	55	53			ocm	nimb	8				
1873-10-09	7	-33.02	-71.63			a		https://s3.amazonaws.com/NARAprodstorage/lz/dc-metro/rg-024/581208/2020-03/581208-omaha-006/581208-omaha-006-019.JPG	https://s3.amazonaws.com/NARAprodstorage/lz/dc-metro/rg-024/581208/2020-03/581208-omaha-006/581208-omaha-006-019.JPG	 						45	61	2	30.25	61	55	53			ocf	nimb	8				
1873-10-09	8	-33.02	-71.63			a		https://s3.amazonaws.com/NARAprodstorage/lz/dc-metro/rg-024/581208/2020-03/581208-omaha-006/581208-omaha-006-019.JPG	https://s3.amazonaws.com/NARAprodstorage/lz/dc-metro/rg-024/581208/2020-03/581208-omaha-006/581208-omaha-006-019.JPG	 						45	61	0	30.25	61	55	53			ocf	nimb	8				
1873-10-09	9	-33.02	-71.63			a		https://s3.amazonaws.com/NARAprodstorage/lz/dc-metro/rg-024/581208/2020-03/581208-omaha-006/581208-omaha-006-019.JPG	https://s3.amazonaws.com/NARAprodstorage/lz/dc-metro/rg-024/581208/2020-03/581208-omaha-006/581208-omaha-006-019.JPG	 						0	0	0	30.22	64	55	54			ocf	cum nim	8				
1873-10-09	10	-33.02	-71.63			a		https://s3.amazonaws.com/NARAprodstorage/lz/dc-metro/rg-024/581208/2020-03/581208-omaha-006/581208-omaha-006-019.JPG	https://s3.amazonaws.com/NARAprodstorage/lz/dc-metro/rg-024/581208/2020-03/581208-omaha-006/581208-omaha-006-019.JPG	 						0	0	0	30.22	64	55	54			ocf	nim	8				
1873-10-09	11	-33.02	-71.63			a		https://s3.amazonaws.com/NARAprodstorage/lz/dc-metro/rg-024/581208/2020-03/581208-omaha-006/581208-omaha-006-019.JPG	https://s3.amazonaws.com/NARAprodstorage/lz/dc-metro/rg-024/581208/2020-03/581208-omaha-006/581208-omaha-006-019.JPG	 						0	0	0	30.22	64	55	54			ocf	cum nim	2				
1873-10-09	12	-33.02	-71.63			a		https://s3.amazonaws.com/NARAprodstorage/lz/dc-metro/rg-024/581208/2020-03/581208-omaha-006/581208-omaha-006-019.JPG	https://s3.amazonaws.com/NARAprodstorage/lz/dc-metro/rg-024/581208/2020-03/581208-omaha-006/581208-omaha-006-019.JPG	"Noon: Valparaiso, Chile."						45	61	2	30.22	64	55	54			bcf	cum nim	2				
1873-10-09	13	-33.02	-71.63			a		https://s3.amazonaws.com/NARAprodstorage/lz/dc-metro/rg-024/581208/2020-03/581208-omaha-006/581208-omaha-006-019.JPG	https://s3.amazonaws.com/NARAprodstorage/lz/dc-metro/rg-024/581208/2020-03/581208-omaha-006/581208-omaha-006-019.JPG	 						0	0	0	30.2	64	61	56			bc	cum nim	4				
1873-10-09	14	-33.02	-71.63			a		https://s3.amazonaws.com/NARAprodstorage/lz/dc-metro/rg-024/581208/2020-03/581208-omaha-006/581208-omaha-006-019.JPG	https://s3.amazonaws.com/NARAprodstorage/lz/dc-metro/rg-024/581208/2020-03/581208-omaha-006/581208-omaha-006-019.JPG	 						0	0	0	30.2	64	61	56			bc	cum nim	4				
1873-10-09	15	-33.02	-71.63			a		https://s3.amazonaws.com/NARAprodstorage/lz/dc-metro/rg-024/581208/2020-03/581208-omaha-006/581208-omaha-006-019.JPG	https://s3.amazonaws.com/NARAprodstorage/lz/dc-metro/rg-024/581208/2020-03/581208-omaha-006/581208-omaha-006-019.JPG	 						0	0	0	30.2	64	61	56			bc	cum nim	4				
1873-10-09	16	-33.02	-71.63			a		https://s3.amazonaws.com/NARAprodstorage/lz/dc-metro/rg-024/581208/2020-03/581208-omaha-006/581208-omaha-006-019.JPG	https://s3.amazonaws.com/NARAprodstorage/lz/dc-metro/rg-024/581208/2020-03/581208-omaha-006/581208-omaha-006-019.JPG	 						158	174	2	30.19	64	61	58			bc	cum nim	2				
1873-10-09	17	-33.02	-71.63			a		https://s3.amazonaws.com/NARAprodstorage/lz/dc-metro/rg-024/581208/2020-03/581208-omaha-006/581208-omaha-006-019.JPG	https://s3.amazonaws.com/NARAprodstorage/lz/dc-metro/rg-024/581208/2020-03/581208-omaha-006/581208-omaha-006-019.JPG	 						0	0	0	30.19	64	61	58			bc	cum nim	2				
1873-10-09	18	-33.02	-71.63			a		https://s3.amazonaws.com/NARAprodstorage/lz/dc-metro/rg-024/581208/2020-03/581208-omaha-006/581208-omaha-006-019.JPG	https://s3.amazonaws.com/NARAprodstorage/lz/dc-metro/rg-024/581208/2020-03/581208-omaha-006/581208-omaha-006-019.JPG	 						0	0	0	30.19	64	61	58			bc	cum nim	2				
1873-10-09	19	-33.02	-71.63			a		https://s3.amazonaws.com/NARAprodstorage/lz/dc-metro/rg-024/581208/2020-03/581208-omaha-006/581208-omaha-006-019.JPG	https://s3.amazonaws.com/NARAprodstorage/lz/dc-metro/rg-024/581208/2020-03/581208-omaha-006/581208-omaha-006-019.JPG	 						0	0	0	30.19	64	61	56			bc	cum nim	2				
1873-10-09	20	-33.02	-71.63			a		https://s3.amazonaws.com/NARAprodstorage/lz/dc-metro/rg-024/581208/2020-03/581208-omaha-006/581208-omaha-006-019.JPG	https://s3.amazonaws.com/NARAprodstorage/lz/dc-metro/rg-024/581208/2020-03/581208-omaha-006/581208-omaha-006-019.JPG	 						0	0	0	30.19	64	61	56			bc	cum nim	2				
1873-10-09	21	-33.02	-71.63			a		https://s3.amazonaws.com/NARAprodstorage/lz/dc-metro/rg-024/581208/2020-03/581208-omaha-006/581208-omaha-006-019.JPG	https://s3.amazonaws.com/NARAprodstorage/lz/dc-metro/rg-024/581208/2020-03/581208-omaha-006/581208-omaha-006-019.JPG	 						0	0	0	30.19	64	61	56			oc	cum nim	0				
1873-10-09	22	-33.02	-71.63			a		https://s3.amazonaws.com/NARAprodstorage/lz/dc-metro/rg-024/581208/2020-03/581208-omaha-006/581208-omaha-006-019.JPG	https://s3.amazonaws.com/NARAprodstorage/lz/dc-metro/rg-024/581208/2020-03/581208-omaha-006/581208-omaha-006-019.JPG	 						0	0	0	30.19	64	61	56			oc	cum nim	0				
1873-10-09	23	-33.02	-71.63			a		https://s3.amazonaws.com/NARAprodstorage/lz/dc-metro/rg-024/581208/2020-03/581208-omaha-006/581208-omaha-006-019.JPG	https://s3.amazonaws.com/NARAprodstorage/lz/dc-metro/rg-024/581208/2020-03/581208-omaha-006/581208-omaha-006-019.JPG	 						0	0	0	30.19	64	61	56			oc	cum nim	0				
1873-10-09	24	-33.02	-71.63			a		https://s3.amazonaws.com/NARAprodstorage/lz/dc-metro/rg-024/581208/2020-03/581208-omaha-006/581208-omaha-006-019.JPG	https://s3.amazonaws.com/NARAprodstorage/lz/dc-metro/rg-024/581208/2020-03/581208-omaha-006/581208-omaha-006-019.JPG	 						0	0	0	30.22	62	58	56			oc	cum nim	0				
1873-10-10	1	-33.02	-71.63			a		https://s3.amazonaws.com/NARAprodstorage/lz/dc-metro/rg-024/581208/2020-03/581208-omaha-006/581208-omaha-006-020.JPG	https://s3.amazonaws.com/NARAprodstorage/lz/dc-metro/rg-024/581208/2020-03/581208-omaha-006/581208-omaha-006-020.JPG	 						225	241	2	30.24	60	56	55									
1873-10-10	2	-33.02	-71.63			a		https://s3.amazonaws.com/NARAprodstorage/lz/dc-metro/rg-024/581208/2020-03/581208-omaha-006/581208-omaha-006-020.JPG	https://s3.amazonaws.com/NARAprodstorage/lz/dc-metro/rg-024/581208/2020-03/581208-omaha-006/581208-omaha-006-020.JPG	 						225	241	2	30.24	60	56	55									
1873-10-10	3	-33.02	-71.63			a		https://s3.amazonaws.com/NARAprodstorage/lz/dc-metro/rg-024/581208/2020-03/581208-omaha-006/581208-omaha-006-020.JPG	https://s3.amazonaws.com/NARAprodstorage/lz/dc-metro/rg-024/581208/2020-03/581208-omaha-006/581208-omaha-006-020.JPG	 						225	241	2	30.24	60	56	55									
1873-10-10	4	-33.02	-71.63			a		https://s3.amazonaws.com/NARAprodstorage/lz/dc-metro/rg-024/581208/2020-03/581208-omaha-006/581208-omaha-006-020.JPG	https://s3.amazonaws.com/NARAprodstorage/lz/dc-metro/rg-024/581208/2020-03/581208-omaha-006/581208-omaha-006-020.JPG	 						225	241	2	30.24	60	56	55									
1873-10-10	5	-33.02	-71.63			a		https://s3.amazonaws.com/NARAprodstorage/lz/dc-metro/rg-024/581208/2020-03/581208-omaha-006/581208-omaha-006-020.JPG	https://s3.amazonaws.com/NARAprodstorage/lz/dc-metro/rg-024/581208/2020-03/581208-omaha-006/581208-omaha-006-020.JPG	 						0	0	0	30.25	61	57	56			oc	cum nim	0				
1873-10-10	6	-33.02	-71.63			a		https://s3.amazonaws.com/NARAprodstorage/lz/dc-metro/rg-024/581208/2020-03/581208-omaha-006/581208-omaha-006-020.JPG	https://s3.amazonaws.com/NARAprodstorage/lz/dc-metro/rg-024/581208/2020-03/581208-omaha-006/581208-omaha-006-020.JPG	 						0	0	0	30.25	61	57	56			oc	cum nim	0				
1873-10-10	7	-33.02	-71.63			a		https://s3.amazonaws.com/NARAprodstorage/lz/dc-metro/rg-024/581208/2020-03/581208-omaha-006/581208-omaha-006-020.JPG	https://s3.amazonaws.com/NARAprodstorage/lz/dc-metro/rg-024/581208/2020-03/581208-omaha-006/581208-omaha-006-020.JPG	 						0	0	0	30.25	62	57	56			bc	cum nim	3				
1873-10-10	8	-33.02	-71.63			a		https://s3.amazonaws.com/NARAprodstorage/lz/dc-metro/rg-024/581208/2020-03/581208-omaha-006/581208-omaha-006-020.JPG	https://s3.amazonaws.com/NARAprodstorage/lz/dc-metro/rg-024/581208/2020-03/581208-omaha-006/581208-omaha-006-020.JPG	 						0	0	0	30.25	62	57	56			bc	cum nim	3				
1873-10-10	9	-33.02	-71.63			a		https://s3.amazonaws.com/NARAprodstorage/lz/dc-metro/rg-024/581208/2020-03/581208-omaha-006/581208-omaha-006-020.JPG	https://s3.amazonaws.com/NARAprodstorage/lz/dc-metro/rg-024/581208/2020-03/581208-omaha-006/581208-omaha-006-020.JPG	 						0	0	0	30.25	62	57	56			bm	cum nim	5				
1873-10-10	10	-33.02	-71.63			a		https://s3.amazonaws.com/NARAprodstorage/lz/dc-metro/rg-024/581208/2020-03/581208-omaha-006/581208-omaha-006-020.JPG	https://s3.amazonaws.com/NARAprodstorage/lz/dc-metro/rg-024/581208/2020-03/581208-omaha-006/581208-omaha-006-020.JPG	 						0	0	0	30.25	62	58	56			bm	cum nim	5				
1873-10-10	11	-33.02	-71.63			a		https://s3.amazonaws.com/NARAprodstorage/lz/dc-metro/rg-024/581208/2020-03/581208-omaha-006/581208-omaha-006-020.JPG	https://s3.amazonaws.com/NARAprodstorage/lz/dc-metro/rg-024/581208/2020-03/581208-omaha-006/581208-omaha-006-020.JPG	 						0	0	0	30.25	63	60	58			bm	cum nim	8				
1873-10-10	12	-33.02	-71.63			a		https://s3.amazonaws.com/NARAprodstorage/lz/dc-metro/rg-024/581208/2020-03/581208-omaha-006/581208-omaha-006-020.JPG	https://s3.amazonaws.com/NARAprodstorage/lz/dc-metro/rg-024/581208/2020-03/581208-omaha-006/581208-omaha-006-020.JPG	"Noon: Valparaiso, Chile."						0	0	0	30.26	64	64	60			bc	cum nim	8				
1873-10-10	13	-33.02	-71.63			a		https://s3.amazonaws.com/NARAprodstorage/lz/dc-metro/rg-024/581208/2020-03/581208-omaha-006/581208-omaha-006-020.JPG	https://s3.amazonaws.com/NARAprodstorage/lz/dc-metro/rg-024/581208/2020-03/581208-omaha-006/581208-omaha-006-020.JPG	 						225	241	13	30.23	64	64	58			bc	cir cum	8				
1873-10-10	14	-33.02	-71.63			a		https://s3.amazonaws.com/NARAprodstorage/lz/dc-metro/rg-024/581208/2020-03/581208-omaha-006/581208-omaha-006-020.JPG	https://s3.amazonaws.com/NARAprodstorage/lz/dc-metro/rg-024/581208/2020-03/581208-omaha-006/581208-omaha-006-020.JPG	 						225	241	13	30.23	64	64	58			bc	cir cum	8				
1873-10-10	15	-33.02	-71.63			a		https://s3.amazonaws.com/NARAprodstorage/lz/dc-metro/rg-024/581208/2020-03/581208-omaha-006/581208-omaha-006-020.JPG	https://s3.amazonaws.com/NARAprodstorage/lz/dc-metro/rg-024/581208/2020-03/581208-omaha-006/581208-omaha-006-020.JPG	 						225	241	8	30.23	64	64	58			bc	cir cum	8				
1873-10-10	16	-33.02	-71.63			a		https://s3.amazonaws.com/NARAprodstorage/lz/dc-metro/rg-024/581208/2020-03/581208-omaha-006/581208-omaha-006-020.JPG	https://s3.amazonaws.com/NARAprodstorage/lz/dc-metro/rg-024/581208/2020-03/581208-omaha-006/581208-omaha-006-020.JPG	 						225	241	8	30.23	64	64	58			bc	cir cum	9				
1873-10-10	17	-33.02	-71.63			a		https://s3.amazonaws.com/NARAprodstorage/lz/dc-metro/rg-024/581208/2020-03/581208-omaha-006/581208-omaha-006-020.JPG	https://s3.amazonaws.com/NARAprodstorage/lz/dc-metro/rg-024/581208/2020-03/581208-omaha-006/581208-omaha-006-020.JPG	 						0	0	0	30.23	64	64	58			bc	cir cum	9				
1873-10-10	18	-33.02	-71.63			a		https://s3.amazonaws.com/NARAprodstorage/lz/dc-metro/rg-024/581208/2020-03/581208-omaha-006/581208-omaha-006-020.JPG	https://s3.amazonaws.com/NARAprodstorage/lz/dc-metro/rg-024/581208/2020-03/581208-omaha-006/581208-omaha-006-020.JPG	 						0	0	0	30.23	64	60	58			bc	cir cum	9				
1873-10-10	19	-33.02	-71.63			a		https://s3.amazonaws.com/NARAprodstorage/lz/dc-metro/rg-024/581208/2020-03/581208-omaha-006/581208-omaha-006-020.JPG	https://s3.amazonaws.com/NARAprodstorage/lz/dc-metro/rg-024/581208/2020-03/581208-omaha-006/581208-omaha-006-020.JPG	 						180	196	2	30.23	64	60	58			bc	cir cum	9				
1873-10-10	20	-33.02	-71.63			a		https://s3.amazonaws.com/NARAprodstorage/lz/dc-metro/rg-024/581208/2020-03/581208-omaha-006/581208-omaha-006-020.JPG	https://s3.amazonaws.com/NARAprodstorage/lz/dc-metro/rg-024/581208/2020-03/581208-omaha-006/581208-omaha-006-020.JPG	 						180	196	2	30.25	65	59	56			b	none	10				
1873-10-10	21	-33.02	-71.63			a		https://s3.amazonaws.com/NARAprodstorage/lz/dc-metro/rg-024/581208/2020-03/581208-omaha-006/581208-omaha-006-020.JPG	https://s3.amazonaws.com/NARAprodstorage/lz/dc-metro/rg-024/581208/2020-03/581208-omaha-006/581208-omaha-006-020.JPG	 						180	196	2	30.25	64	58	56			b	none	10				
1873-10-10	22	-33.02	-71.63			a		https://s3.amazonaws.com/NARAprodstorage/lz/dc-metro/rg-024/581208/2020-03/581208-omaha-006/581208-omaha-006-020.JPG	https://s3.amazonaws.com/NARAprodstorage/lz/dc-metro/rg-024/581208/2020-03/581208-omaha-006/581208-omaha-006-020.JPG	 						0	0	0	30.25	64	58	56			bm	nim	9				
1873-10-10	23	-33.02	-71.63			a		https://s3.amazonaws.com/NARAprodstorage/lz/dc-metro/rg-024/581208/2020-03/581208-omaha-006/581208-omaha-006-020.JPG	https://s3.amazonaws.com/NARAprodstorage/lz/dc-metro/rg-024/581208/2020-03/581208-omaha-006/581208-omaha-006-020.JPG	 						0	0	0	30.25	62	58	56			bm	nim	9				
1873-10-10	24	-33.02	-71.63			a		https://s3.amazonaws.com/NARAprodstorage/lz/dc-metro/rg-024/581208/2020-03/581208-omaha-006/581208-omaha-006-020.JPG	https://s3.amazonaws.com/NARAprodstorage/lz/dc-metro/rg-024/581208/2020-03/581208-omaha-006/581208-omaha-006-020.JPG	 						0	0	0	30.25	62	57	56			bm	nim	9				
1873-10-11	1	-33.02	-71.63			a		https://s3.amazonaws.com/NARAprodstorage/lz/dc-metro/rg-024/581208/2020-03/581208-omaha-006/581208-omaha-006-021.JPG	https://s3.amazonaws.com/NARAprodstorage/lz/dc-metro/rg-024/581208/2020-03/581208-omaha-006/581208-omaha-006-021.JPG	 						0	0	0	30.25	62	57	55			b	none	10				
1873-10-11	2	-33.02	-71.63			a		https://s3.amazonaws.com/NARAprodstorage/lz/dc-metro/rg-024/581208/2020-03/581208-omaha-006/581208-omaha-006-021.JPG	https://s3.amazonaws.com/NARAprodstorage/lz/dc-metro/rg-024/581208/2020-03/581208-omaha-006/581208-omaha-006-021.JPG	 						0	0	0	30.25	62	57	55			b	none	10				
1873-10-11	3	-33.02	-71.63			a		https://s3.amazonaws.com/NARAprodstorage/lz/dc-metro/rg-024/581208/2020-03/581208-omaha-006/581208-omaha-006-021.JPG	https://s3.amazonaws.com/NARAprodstorage/lz/dc-metro/rg-024/581208/2020-03/581208-omaha-006/581208-omaha-006-021.JPG	 						0	0	0	30.25	62	57	55			b	none	10				
1873-10-11	4	-33.02	-71.63			a		https://s3.amazonaws.com/NARAprodstorage/lz/dc-metro/rg-024/581208/2020-03/581208-omaha-006/581208-omaha-006-021.JPG	https://s3.amazonaws.com/NARAprodstorage/lz/dc-metro/rg-024/581208/2020-03/581208-omaha-006/581208-omaha-006-021.JPG	 						0	0	0	30.25	62	57	55			b	none	10				
1873-10-11	5	-33.02	-71.63			a		https://s3.amazonaws.com/NARAprodstorage/lz/dc-metro/rg-024/581208/2020-03/581208-omaha-006/581208-omaha-006-021.JPG	https://s3.amazonaws.com/NARAprodstorage/lz/dc-metro/rg-024/581208/2020-03/581208-omaha-006/581208-omaha-006-021.JPG	 						0	0	0	30.25	62	57	55			b	none	10				
1873-10-11	6	-33.02	-71.63			a		https://s3.amazonaws.com/NARAprodstorage/lz/dc-metro/rg-024/581208/2020-03/581208-omaha-006/581208-omaha-006-021.JPG	https://s3.amazonaws.com/NARAprodstorage/lz/dc-metro/rg-024/581208/2020-03/581208-omaha-006/581208-omaha-006-021.JPG	 						0	0	0	30.25	62	57	55			b	none	10				
1873-10-11	7	-33.02	-71.63			a		https://s3.amazonaws.com/NARAprodstorage/lz/dc-metro/rg-024/581208/2020-03/581208-omaha-006/581208-omaha-006-021.JPG	https://s3.amazonaws.com/NARAprodstorage/lz/dc-metro/rg-024/581208/2020-03/581208-omaha-006/581208-omaha-006-021.JPG	 						270	286	2	30.25	62	56	55			b	none	10				
1873-10-11	8	-33.02	-71.63			a		https://s3.amazonaws.com/NARAprodstorage/lz/dc-metro/rg-024/581208/2020-03/581208-omaha-006/581208-omaha-006-021.JPG	https://s3.amazonaws.com/NARAprodstorage/lz/dc-metro/rg-024/581208/2020-03/581208-omaha-006/581208-omaha-006-021.JPG	 						270	286	2	30.26	62	56	54			bc	cum	9				
1873-10-11	9	-33.02	-71.63			a		https://s3.amazonaws.com/NARAprodstorage/lz/dc-metro/rg-024/581208/2020-03/581208-omaha-006/581208-omaha-006-021.JPG	https://s3.amazonaws.com/NARAprodstorage/lz/dc-metro/rg-024/581208/2020-03/581208-omaha-006/581208-omaha-006-021.JPG	 						0	0	0	30.26	63	60	54			bc	cirro cum	9				
1873-10-11	10	-33.02	-71.63			a		https://s3.amazonaws.com/NARAprodstorage/lz/dc-metro/rg-024/581208/2020-03/581208-omaha-006/581208-omaha-006-021.JPG	https://s3.amazonaws.com/NARAprodstorage/lz/dc-metro/rg-024/581208/2020-03/581208-omaha-006/581208-omaha-006-021.JPG	 						0	0	0	30.26	63	62	54			bc	cirro cum	9				
1873-10-11	11	-33.02	-71.63			a		https://s3.amazonaws.com/NARAprodstorage/lz/dc-metro/rg-024/581208/2020-03/581208-omaha-006/581208-omaha-006-021.JPG	https://s3.amazonaws.com/NARAprodstorage/lz/dc-metro/rg-024/581208/2020-03/581208-omaha-006/581208-omaha-006-021.JPG	 						270	286	10	30.26	63	63	54			b	none	10				
1873-10-11	12	-33.02	-71.63			a		https://s3.amazonaws.com/NARAprodstorage/lz/dc-metro/rg-024/581208/2020-03/581208-omaha-006/581208-omaha-006-021.JPG	https://s3.amazonaws.com/NARAprodstorage/lz/dc-metro/rg-024/581208/2020-03/581208-omaha-006/581208-omaha-006-021.JPG	"Noon: Valparaiso, Chile."						270	286	10	30.27	63	64	56			b	none	10				
1873-10-11	13	-33.02	-71.63			a		https://s3.amazonaws.com/NARAprodstorage/lz/dc-metro/rg-024/581208/2020-03/581208-omaha-006/581208-omaha-006-021.JPG	https://s3.amazonaws.com/NARAprodstorage/lz/dc-metro/rg-024/581208/2020-03/581208-omaha-006/581208-omaha-006-021.JPG	 						225	241	19	30.22	65	65	58			bc	cum	9				
1873-10-11	14	-33.02	-71.63			a		https://s3.amazonaws.com/NARAprodstorage/lz/dc-metro/rg-024/581208/2020-03/581208-omaha-006/581208-omaha-006-021.JPG	https://s3.amazonaws.com/NARAprodstorage/lz/dc-metro/rg-024/581208/2020-03/581208-omaha-006/581208-omaha-006-021.JPG	 						225	241	19	30.22	65	65	58			bc	cum	9				
1873-10-11	15	-33.02	-71.63			a		https://s3.amazonaws.com/NARAprodstorage/lz/dc-metro/rg-024/581208/2020-03/581208-omaha-006/581208-omaha-006-021.JPG	https://s3.amazonaws.com/NARAprodstorage/lz/dc-metro/rg-024/581208/2020-03/581208-omaha-006/581208-omaha-006-021.JPG	 						225	241	19	30.22	65	65	58			bc	cum	9				
1873-10-11	16	-33.02	-71.63			a		https://s3.amazonaws.com/NARAprodstorage/lz/dc-metro/rg-024/581208/2020-03/581208-omaha-006/581208-omaha-006-021.JPG	https://s3.amazonaws.com/NARAprodstorage/lz/dc-metro/rg-024/581208/2020-03/581208-omaha-006/581208-omaha-006-021.JPG	 						225	241	19	30.22	65	65	58			bc	cum	9				
1873-10-11	17	-33.02	-71.63			a		https://s3.amazonaws.com/NARAprodstorage/lz/dc-metro/rg-024/581208/2020-03/581208-omaha-006/581208-omaha-006-021.JPG	https://s3.amazonaws.com/NARAprodstorage/lz/dc-metro/rg-024/581208/2020-03/581208-omaha-006/581208-omaha-006-021.JPG	 						225	241	19	30.22	65	65	58			bc	cum	9				
1873-10-11	18	-33.02	-71.63			a		https://s3.amazonaws.com/NARAprodstorage/lz/dc-metro/rg-024/581208/2020-03/581208-omaha-006/581208-omaha-006-021.JPG	https://s3.amazonaws.com/NARAprodstorage/lz/dc-metro/rg-024/581208/2020-03/581208-omaha-006/581208-omaha-006-021.JPG	 						225	241	5	30.22	64	64	58			bc	cum nim	9				
1873-10-11	19	-33.02	-71.63			a		https://s3.amazonaws.com/NARAprodstorage/lz/dc-metro/rg-024/581208/2020-03/581208-omaha-006/581208-omaha-006-021.JPG	https://s3.amazonaws.com/NARAprodstorage/lz/dc-metro/rg-024/581208/2020-03/581208-omaha-006/581208-omaha-006-021.JPG	 						225	241	5	30.23	63	64	58			bc	cum nim	9				
1873-10-11	20	-33.02	-71.63			a		https://s3.amazonaws.com/NARAprodstorage/lz/dc-metro/rg-024/581208/2020-03/581208-omaha-006/581208-omaha-006-021.JPG	https://s3.amazonaws.com/NARAprodstorage/lz/dc-metro/rg-024/581208/2020-03/581208-omaha-006/581208-omaha-006-021.JPG	 						0	0	0	30.23	63	62	57			bc	cum nim	9				
1873-10-11	21	-33.02	-71.63			a		https://s3.amazonaws.com/NARAprodstorage/lz/dc-metro/rg-024/581208/2020-03/581208-omaha-006/581208-omaha-006-021.JPG	https://s3.amazonaws.com/NARAprodstorage/lz/dc-metro/rg-024/581208/2020-03/581208-omaha-006/581208-omaha-006-021.JPG	 						0	0	0	30.23	62	62	57			bc	cum nim	9				
1873-10-11	22	-33.02	-71.63			a		https://s3.amazonaws.com/NARAprodstorage/lz/dc-metro/rg-024/581208/2020-03/581208-omaha-006/581208-omaha-006-021.JPG	https://s3.amazonaws.com/NARAprodstorage/lz/dc-metro/rg-024/581208/2020-03/581208-omaha-006/581208-omaha-006-021.JPG	 						0	0	0	30.24	62	59	56			b	none	10				
1873-10-11	23	-33.02	-71.63			a		https://s3.amazonaws.com/NARAprodstorage/lz/dc-metro/rg-024/581208/2020-03/581208-omaha-006/581208-omaha-006-021.JPG	https://s3.amazonaws.com/NARAprodstorage/lz/dc-metro/rg-024/581208/2020-03/581208-omaha-006/581208-omaha-006-021.JPG	 						0	0	0	30.24	62	59	56			b	none	10				
1873-10-11	24	-33.02	-71.63			a		https://s3.amazonaws.com/NARAprodstorage/lz/dc-metro/rg-024/581208/2020-03/581208-omaha-006/581208-omaha-006-021.JPG	https://s3.amazonaws.com/NARAprodstorage/lz/dc-metro/rg-024/581208/2020-03/581208-omaha-006/581208-omaha-006-021.JPG	 						0	0	0	30.24	62	59	56			b	none	10				
1873-10-12	1	-33.02	-71.63			a		https://s3.amazonaws.com/NARAprodstorage/lz/dc-metro/rg-024/581208/2020-03/581208-omaha-006/581208-omaha-006-022.JPG	https://s3.amazonaws.com/NARAprodstorage/lz/dc-metro/rg-024/581208/2020-03/581208-omaha-006/581208-omaha-006-022.JPG	 						0	0	0	30.2	59	58	56			b	none	10				
1873-10-12	2	-33.02	-71.63			a		https://s3.amazonaws.com/NARAprodstorage/lz/dc-metro/rg-024/581208/2020-03/581208-omaha-006/581208-omaha-006-022.JPG	https://s3.amazonaws.com/NARAprodstorage/lz/dc-metro/rg-024/581208/2020-03/581208-omaha-006/581208-omaha-006-022.JPG	 						0	0	0	30.2	59	58	56			b	none	10				
1873-10-12	3	-33.02	-71.63			a		https://s3.amazonaws.com/NARAprodstorage/lz/dc-metro/rg-024/581208/2020-03/581208-omaha-006/581208-omaha-006-022.JPG	https://s3.amazonaws.com/NARAprodstorage/lz/dc-metro/rg-024/581208/2020-03/581208-omaha-006/581208-omaha-006-022.JPG	 						0	0	0	30.2	59	58	56			b	none	10				
1873-10-12	4	-33.02	-71.63			a		https://s3.amazonaws.com/NARAprodstorage/lz/dc-metro/rg-024/581208/2020-03/581208-omaha-006/581208-omaha-006-022.JPG	https://s3.amazonaws.com/NARAprodstorage/lz/dc-metro/rg-024/581208/2020-03/581208-omaha-006/581208-omaha-006-022.JPG	 						0	0	0	30.2	59	58	56			b	none	10				
1873-10-12	5	-33.02	-71.63			a		https://s3.amazonaws.com/NARAprodstorage/lz/dc-metro/rg-024/581208/2020-03/581208-omaha-006/581208-omaha-006-022.JPG	https://s3.amazonaws.com/NARAprodstorage/lz/dc-metro/rg-024/581208/2020-03/581208-omaha-006/581208-omaha-006-022.JPG	 						0	0	0	30.21	60	57	55			bc	cir cum	9				
1873-10-12	6	-33.02	-71.63			a		https://s3.amazonaws.com/NARAprodstorage/lz/dc-metro/rg-024/581208/2020-03/581208-omaha-006/581208-omaha-006-022.JPG	https://s3.amazonaws.com/NARAprodstorage/lz/dc-metro/rg-024/581208/2020-03/581208-omaha-006/581208-omaha-006-022.JPG	 						0	0	0	30.21	60	57	55			bc	cir cum	9				
1873-10-12	7	-33.02	-71.63			a		https://s3.amazonaws.com/NARAprodstorage/lz/dc-metro/rg-024/581208/2020-03/581208-omaha-006/581208-omaha-006-022.JPG	https://s3.amazonaws.com/NARAprodstorage/lz/dc-metro/rg-024/581208/2020-03/581208-omaha-006/581208-omaha-006-022.JPG	 						0	0	0	30.21	61	57	55			bc	cir cum	9				
1873-10-12	8	-33.02	-71.63			a		https://s3.amazonaws.com/NARAprodstorage/lz/dc-metro/rg-024/581208/2020-03/581208-omaha-006/581208-omaha-006-022.JPG	https://s3.amazonaws.com/NARAprodstorage/lz/dc-metro/rg-024/581208/2020-03/581208-omaha-006/581208-omaha-006-022.JPG	 						0	0	0	30.21	61	57	55			bc	cir cum	9				
1873-10-12	9	-33.02	-71.63			a		https://s3.amazonaws.com/NARAprodstorage/lz/dc-metro/rg-024/581208/2020-03/581208-omaha-006/581208-omaha-006-022.JPG	https://s3.amazonaws.com/NARAprodstorage/lz/dc-metro/rg-024/581208/2020-03/581208-omaha-006/581208-omaha-006-022.JPG	 						0	0	0	30.24	63	63	56			bc	cir cum	9				
1873-10-12	10	-33.02	-71.63			a		https://s3.amazonaws.com/NARAprodstorage/lz/dc-metro/rg-024/581208/2020-03/581208-omaha-006/581208-omaha-006-022.JPG	https://s3.amazonaws.com/NARAprodstorage/lz/dc-metro/rg-024/581208/2020-03/581208-omaha-006/581208-omaha-006-022.JPG	 						0	0	0	30.24	63	63	56			bc	cir cum	9				
1873-10-12	11	-33.02	-71.63			a		https://s3.amazonaws.com/NARAprodstorage/lz/dc-metro/rg-024/581208/2020-03/581208-omaha-006/581208-omaha-006-022.JPG	https://s3.amazonaws.com/NARAprodstorage/lz/dc-metro/rg-024/581208/2020-03/581208-omaha-006/581208-omaha-006-022.JPG	 						225	241	12	30.24	63	63	56			bc	cir cum	9				
1873-10-12	12	-33.02	-71.63			a		https://s3.amazonaws.com/NARAprodstorage/lz/dc-metro/rg-024/581208/2020-03/581208-omaha-006/581208-omaha-006-022.JPG	https://s3.amazonaws.com/NARAprodstorage/lz/dc-metro/rg-024/581208/2020-03/581208-omaha-006/581208-omaha-006-022.JPG	"Noon: Valparaiso, Chile."						225	241	21	30.24	63	63	56			bc	cir cum	9				
1873-10-12	13	-33.02	-71.63			a		https://s3.amazonaws.com/NARAprodstorage/lz/dc-metro/rg-024/581208/2020-03/581208-omaha-006/581208-omaha-006-022.JPG	https://s3.amazonaws.com/NARAprodstorage/lz/dc-metro/rg-024/581208/2020-03/581208-omaha-006/581208-omaha-006-022.JPG	 						225	241	18	30.24	64	63	56			bc	cir cum	7				
1873-10-12	14	-33.02	-71.63			a		https://s3.amazonaws.com/NARAprodstorage/lz/dc-metro/rg-024/581208/2020-03/581208-omaha-006/581208-omaha-006-022.JPG	https://s3.amazonaws.com/NARAprodstorage/lz/dc-metro/rg-024/581208/2020-03/581208-omaha-006/581208-omaha-006-022.JPG	 						225	241	13	30.24	64	63	56			bc	cir cum	8				
1873-10-12	15	-33.02	-71.63			a		https://s3.amazonaws.com/NARAprodstorage/lz/dc-metro/rg-024/581208/2020-03/581208-omaha-006/581208-omaha-006-022.JPG	https://s3.amazonaws.com/NARAprodstorage/lz/dc-metro/rg-024/581208/2020-03/581208-omaha-006/581208-omaha-006-022.JPG	 						225	241	13	30.24	64	63	56			bc	cir cum	8				
1873-10-12	16	-33.02	-71.63			a		https://s3.amazonaws.com/NARAprodstorage/lz/dc-metro/rg-024/581208/2020-03/581208-omaha-006/581208-omaha-006-022.JPG	https://s3.amazonaws.com/NARAprodstorage/lz/dc-metro/rg-024/581208/2020-03/581208-omaha-006/581208-omaha-006-022.JPG	 						225	241	13	30.28	64	63	56			bc	cir cum	8				
1873-10-12	17	-33.02	-71.63			a		https://s3.amazonaws.com/NARAprodstorage/lz/dc-metro/rg-024/581208/2020-03/581208-omaha-006/581208-omaha-006-022.JPG	https://s3.amazonaws.com/NARAprodstorage/lz/dc-metro/rg-024/581208/2020-03/581208-omaha-006/581208-omaha-006-022.JPG	 						225	241	18	30.3	61	55	51			bc	cir cum str	7				
1873-10-12	18	-33.02	-71.63			a		https://s3.amazonaws.com/NARAprodstorage/lz/dc-metro/rg-024/581208/2020-03/581208-omaha-006/581208-omaha-006-022.JPG	https://s3.amazonaws.com/NARAprodstorage/lz/dc-metro/rg-024/581208/2020-03/581208-omaha-006/581208-omaha-006-022.JPG	 						225	241	18	30.32	61	55	51			bc	cir cum str	7				
1873-10-12	19	-33.02	-71.63			a		https://s3.amazonaws.com/NARAprodstorage/lz/dc-metro/rg-024/581208/2020-03/581208-omaha-006/581208-omaha-006-022.JPG	https://s3.amazonaws.com/NARAprodstorage/lz/dc-metro/rg-024/581208/2020-03/581208-omaha-006/581208-omaha-006-022.JPG	 						225	241	18	30.34	61	55	51			bc	cir cum str	6				
1873-10-12	20	-33.02	-71.63			a		https://s3.amazonaws.com/NARAprodstorage/lz/dc-metro/rg-024/581208/2020-03/581208-omaha-006/581208-omaha-006-022.JPG	https://s3.amazonaws.com/NARAprodstorage/lz/dc-metro/rg-024/581208/2020-03/581208-omaha-006/581208-omaha-006-022.JPG	 						225	241	18	30.36	61	55	51			bc	cir cum str	8				
1873-10-12	21	-33.02	-71.63			a		https://s3.amazonaws.com/NARAprodstorage/lz/dc-metro/rg-024/581208/2020-03/581208-omaha-006/581208-omaha-006-022.JPG	https://s3.amazonaws.com/NARAprodstorage/lz/dc-metro/rg-024/581208/2020-03/581208-omaha-006/581208-omaha-006-022.JPG	 						225	241	18	30.36	61	55	51			bc	cum nim	8				
1873-10-12	22	-33.02	-71.63			a		https://s3.amazonaws.com/NARAprodstorage/lz/dc-metro/rg-024/581208/2020-03/581208-omaha-006/581208-omaha-006-022.JPG	https://s3.amazonaws.com/NARAprodstorage/lz/dc-metro/rg-024/581208/2020-03/581208-omaha-006/581208-omaha-006-022.JPG	 						225	241	18	30.36	61	55	51			bc	cum nim	8				
1873-10-12	23	-33.02	-71.63			a		https://s3.amazonaws.com/NARAprodstorage/lz/dc-metro/rg-024/581208/2020-03/581208-omaha-006/581208-omaha-006-022.JPG	https://s3.amazonaws.com/NARAprodstorage/lz/dc-metro/rg-024/581208/2020-03/581208-omaha-006/581208-omaha-006-022.JPG	 						225	241	18	30.36	61	55	51			bc	cum nim	8				
1873-10-12	24	-33.02	-71.63			a		https://s3.amazonaws.com/NARAprodstorage/lz/dc-metro/rg-024/581208/2020-03/581208-omaha-006/581208-omaha-006-022.JPG	https://s3.amazonaws.com/NARAprodstorage/lz/dc-metro/rg-024/581208/2020-03/581208-omaha-006/581208-omaha-006-022.JPG	 						225	241	18	30.36	61	55	51			bc	cum nim	8				
1873-10-13	1	-33.02	-71.63			a		https://s3.amazonaws.com/NARAprodstorage/lz/dc-metro/rg-024/581208/2020-03/581208-omaha-006/581208-omaha-006-023.JPG	https://s3.amazonaws.com/NARAprodstorage/lz/dc-metro/rg-024/581208/2020-03/581208-omaha-006/581208-omaha-006-023.JPG	 						158	174	37	30.36	61	52	48			bc	cum	8				
1873-10-13	2	-33.02	-71.63			a		https://s3.amazonaws.com/NARAprodstorage/lz/dc-metro/rg-024/581208/2020-03/581208-omaha-006/581208-omaha-006-023.JPG	https://s3.amazonaws.com/NARAprodstorage/lz/dc-metro/rg-024/581208/2020-03/581208-omaha-006/581208-omaha-006-023.JPG	 						158	174	37	30.36	61	52	48			bc	cum	8				
1873-10-13	3	-33.02	-71.63			a		https://s3.amazonaws.com/NARAprodstorage/lz/dc-metro/rg-024/581208/2020-03/581208-omaha-006/581208-omaha-006-023.JPG	https://s3.amazonaws.com/NARAprodstorage/lz/dc-metro/rg-024/581208/2020-03/581208-omaha-006/581208-omaha-006-023.JPG	 						135	151	30	30.36	61	52	48			bc	cum	8				
1873-10-13	4	-33.02	-71.63			a		https://s3.amazonaws.com/NARAprodstorage/lz/dc-metro/rg-024/581208/2020-03/581208-omaha-006/581208-omaha-006-023.JPG	https://s3.amazonaws.com/NARAprodstorage/lz/dc-metro/rg-024/581208/2020-03/581208-omaha-006/581208-omaha-006-023.JPG	 						135	151	37	30.36	61	52	48			bc	cum	8				
1873-10-13	5	-33.02	-71.63			a		https://s3.amazonaws.com/NARAprodstorage/lz/dc-metro/rg-024/581208/2020-03/581208-omaha-006/581208-omaha-006-023.JPG	https://s3.amazonaws.com/NARAprodstorage/lz/dc-metro/rg-024/581208/2020-03/581208-omaha-006/581208-omaha-006-023.JPG	 						135	151	30	30.4	58	55	50			bc	cir cum str	8				
1873-10-13	6	-33.02	-71.63			a		https://s3.amazonaws.com/NARAprodstorage/lz/dc-metro/rg-024/581208/2020-03/581208-omaha-006/581208-omaha-006-023.JPG	https://s3.amazonaws.com/NARAprodstorage/lz/dc-metro/rg-024/581208/2020-03/581208-omaha-006/581208-omaha-006-023.JPG	 						135	151	24	30.4	58	55	50			bc	cir cum str	8				
1873-10-13	7	-33.02	-71.63			a		https://s3.amazonaws.com/NARAprodstorage/lz/dc-metro/rg-024/581208/2020-03/581208-omaha-006/581208-omaha-006-023.JPG	https://s3.amazonaws.com/NARAprodstorage/lz/dc-metro/rg-024/581208/2020-03/581208-omaha-006/581208-omaha-006-023.JPG	 						135	151	24	30.4	58	55	50			bc	cir cum str	8				
1873-10-13	8	-33.02	-71.63			a		https://s3.amazonaws.com/NARAprodstorage/lz/dc-metro/rg-024/581208/2020-03/581208-omaha-006/581208-omaha-006-023.JPG	https://s3.amazonaws.com/NARAprodstorage/lz/dc-metro/rg-024/581208/2020-03/581208-omaha-006/581208-omaha-006-023.JPG	 						135	151	24	30.4	58	55	50			bc	cir cum str	8				
1873-10-13	9	-33.02	-71.63			a		https://s3.amazonaws.com/NARAprodstorage/lz/dc-metro/rg-024/581208/2020-03/581208-omaha-006/581208-omaha-006-023.JPG	https://s3.amazonaws.com/NARAprodstorage/lz/dc-metro/rg-024/581208/2020-03/581208-omaha-006/581208-omaha-006-023.JPG	 						135	151	19	30.4	61	57	52			bc	cir cum str	9				
1873-10-13	10	-33.02	-71.63			a		https://s3.amazonaws.com/NARAprodstorage/lz/dc-metro/rg-024/581208/2020-03/581208-omaha-006/581208-omaha-006-023.JPG	https://s3.amazonaws.com/NARAprodstorage/lz/dc-metro/rg-024/581208/2020-03/581208-omaha-006/581208-omaha-006-023.JPG	 						135	151	19	30.4	61	57	52			bc	cir cum str	9				
1873-10-13	11	-33.02	-71.63			a		https://s3.amazonaws.com/NARAprodstorage/lz/dc-metro/rg-024/581208/2020-03/581208-omaha-006/581208-omaha-006-023.JPG	https://s3.amazonaws.com/NARAprodstorage/lz/dc-metro/rg-024/581208/2020-03/581208-omaha-006/581208-omaha-006-023.JPG	 						135	151	19	30.4	61	57	52			bc	cir cum str	9				
1873-10-13	12	-33.02	-71.63			a		https://s3.amazonaws.com/NARAprodstorage/lz/dc-metro/rg-024/581208/2020-03/581208-omaha-006/581208-omaha-006-023.JPG	https://s3.amazonaws.com/NARAprodstorage/lz/dc-metro/rg-024/581208/2020-03/581208-omaha-006/581208-omaha-006-023.JPG	"Noon: Valparaiso, Chile."						135	151	19	30.4	61	60	53			bc	cir cum str	9				
1873-10-13	13	-33.02	-71.63			a		https://s3.amazonaws.com/NARAprodstorage/lz/dc-metro/rg-024/581208/2020-03/581208-omaha-006/581208-omaha-006-023.JPG	https://s3.amazonaws.com/NARAprodstorage/lz/dc-metro/rg-024/581208/2020-03/581208-omaha-006/581208-omaha-006-023.JPG	 						135	151	30	30.36	63	60	57			bm	none	10				
1873-10-13	14	-33.02	-71.63			a		https://s3.amazonaws.com/NARAprodstorage/lz/dc-metro/rg-024/581208/2020-03/581208-omaha-006/581208-omaha-006-023.JPG	https://s3.amazonaws.com/NARAprodstorage/lz/dc-metro/rg-024/581208/2020-03/581208-omaha-006/581208-omaha-006-023.JPG	 						135	151	30	30.36	63	60	57			bm	none	10				
1873-10-13	15	-33.02	-71.63			a		https://s3.amazonaws.com/NARAprodstorage/lz/dc-metro/rg-024/581208/2020-03/581208-omaha-006/581208-omaha-006-023.JPG	https://s3.amazonaws.com/NARAprodstorage/lz/dc-metro/rg-024/581208/2020-03/581208-omaha-006/581208-omaha-006-023.JPG	 						135	151	37	30.34	64	60	57			bm	none	10				
1873-10-13	16	-33.02	-71.63			a		https://s3.amazonaws.com/NARAprodstorage/lz/dc-metro/rg-024/581208/2020-03/581208-omaha-006/581208-omaha-006-023.JPG	https://s3.amazonaws.com/NARAprodstorage/lz/dc-metro/rg-024/581208/2020-03/581208-omaha-006/581208-omaha-006-023.JPG	 						135	151	37	30.34	64	60	57			bm	none	10				
1873-10-13	17	-33.02	-71.63			a		https://s3.amazonaws.com/NARAprodstorage/lz/dc-metro/rg-024/581208/2020-03/581208-omaha-006/581208-omaha-006-023.JPG	https://s3.amazonaws.com/NARAprodstorage/lz/dc-metro/rg-024/581208/2020-03/581208-omaha-006/581208-omaha-006-023.JPG	 						135	151	24	30.33	62	60	57			bc	cum	9				
1873-10-13	18	-33.02	-71.63			a		https://s3.amazonaws.com/NARAprodstorage/lz/dc-metro/rg-024/581208/2020-03/581208-omaha-006/581208-omaha-006-023.JPG	https://s3.amazonaws.com/NARAprodstorage/lz/dc-metro/rg-024/581208/2020-03/581208-omaha-006/581208-omaha-006-023.JPG	 						135	151	21	30.33	62	59	57			bc	cum nim	9				
1873-10-13	19	-33.02	-71.63			a		https://s3.amazonaws.com/NARAprodstorage/lz/dc-metro/rg-024/581208/2020-03/581208-omaha-006/581208-omaha-006-023.JPG	https://s3.amazonaws.com/NARAprodstorage/lz/dc-metro/rg-024/581208/2020-03/581208-omaha-006/581208-omaha-006-023.JPG	 						135	151	21	30.33	60	58	57			bc	cum nim	9				
1873-10-13	20	-33.02	-71.63			a		https://s3.amazonaws.com/NARAprodstorage/lz/dc-metro/rg-024/581208/2020-03/581208-omaha-006/581208-omaha-006-023.JPG	https://s3.amazonaws.com/NARAprodstorage/lz/dc-metro/rg-024/581208/2020-03/581208-omaha-006/581208-omaha-006-023.JPG	 						135	151	24	30.33	60	56	56			bc	cum nim	8				
1873-10-13	21	-33.02	-71.63			a		https://s3.amazonaws.com/NARAprodstorage/lz/dc-metro/rg-024/581208/2020-03/581208-omaha-006/581208-omaha-006-023.JPG	https://s3.amazonaws.com/NARAprodstorage/lz/dc-metro/rg-024/581208/2020-03/581208-omaha-006/581208-omaha-006-023.JPG	 						135	151	19	30.33	60	58	56			bc	cum	9				
1873-10-13	22	-33.02	-71.63			a		https://s3.amazonaws.com/NARAprodstorage/lz/dc-metro/rg-024/581208/2020-03/581208-omaha-006/581208-omaha-006-023.JPG	https://s3.amazonaws.com/NARAprodstorage/lz/dc-metro/rg-024/581208/2020-03/581208-omaha-006/581208-omaha-006-023.JPG	 						135	151	13	30.3	60	58	56			bc	cum	9				
1873-10-13	23	-33.02	-71.63			a		https://s3.amazonaws.com/NARAprodstorage/lz/dc-metro/rg-024/581208/2020-03/581208-omaha-006/581208-omaha-006-023.JPG	https://s3.amazonaws.com/NARAprodstorage/lz/dc-metro/rg-024/581208/2020-03/581208-omaha-006/581208-omaha-006-023.JPG	 						135	151	5	30.3	60	58	56			bc	cum	9				
1873-10-13	24	-33.02	-71.63			a		https://s3.amazonaws.com/NARAprodstorage/lz/dc-metro/rg-024/581208/2020-03/581208-omaha-006/581208-omaha-006-023.JPG	https://s3.amazonaws.com/NARAprodstorage/lz/dc-metro/rg-024/581208/2020-03/581208-omaha-006/581208-omaha-006-023.JPG	 						0	0	0	30.28	61	58	56			bc	cum	9				
1873-10-14	1	-33.02	-71.63			a		https://s3.amazonaws.com/NARAprodstorage/lz/dc-metro/rg-024/581208/2020-03/581208-omaha-006/581208-omaha-006-024.JPG	https://s3.amazonaws.com/NARAprodstorage/lz/dc-metro/rg-024/581208/2020-03/581208-omaha-006/581208-omaha-006-024.JPG	 						0	0	0	30.18	59	52	50			b	none	10				
1873-10-14	2	-33.02	-71.63			a		https://s3.amazonaws.com/NARAprodstorage/lz/dc-metro/rg-024/581208/2020-03/581208-omaha-006/581208-omaha-006-024.JPG	https://s3.amazonaws.com/NARAprodstorage/lz/dc-metro/rg-024/581208/2020-03/581208-omaha-006/581208-omaha-006-024.JPG	 						0	0	0	30.18	59	52	50			b	none	10				
1873-10-14	3	-33.02	-71.63			a		https://s3.amazonaws.com/NARAprodstorage/lz/dc-metro/rg-024/581208/2020-03/581208-omaha-006/581208-omaha-006-024.JPG	https://s3.amazonaws.com/NARAprodstorage/lz/dc-metro/rg-024/581208/2020-03/581208-omaha-006/581208-omaha-006-024.JPG	 						0	0	0	30.18	59	52	50			b	none	10				
1873-10-14	4	-33.02	-71.63			a		https://s3.amazonaws.com/NARAprodstorage/lz/dc-metro/rg-024/581208/2020-03/581208-omaha-006/581208-omaha-006-024.JPG	https://s3.amazonaws.com/NARAprodstorage/lz/dc-metro/rg-024/581208/2020-03/581208-omaha-006/581208-omaha-006-024.JPG	 						0	0	0	30.18	59	52	50			b	none	10				
1873-10-14	5	-33.02	-71.63			a		https://s3.amazonaws.com/NARAprodstorage/lz/dc-metro/rg-024/581208/2020-03/581208-omaha-006/581208-omaha-006-024.JPG	https://s3.amazonaws.com/NARAprodstorage/lz/dc-metro/rg-024/581208/2020-03/581208-omaha-006/581208-omaha-006-024.JPG	 						90	106	1	30.17	60	56	53			b	none	10				
1873-10-14	6	-33.02	-71.63			a		https://s3.amazonaws.com/NARAprodstorage/lz/dc-metro/rg-024/581208/2020-03/581208-omaha-006/581208-omaha-006-024.JPG	https://s3.amazonaws.com/NARAprodstorage/lz/dc-metro/rg-024/581208/2020-03/581208-omaha-006/581208-omaha-006-024.JPG	 						90	106	1	30.17	60	56	53			b	none	10				
1873-10-14	7	-33.02	-71.63			a		https://s3.amazonaws.com/NARAprodstorage/lz/dc-metro/rg-024/581208/2020-03/581208-omaha-006/581208-omaha-006-024.JPG	https://s3.amazonaws.com/NARAprodstorage/lz/dc-metro/rg-024/581208/2020-03/581208-omaha-006/581208-omaha-006-024.JPG	 						90	106	2	30.17	60	56	53			b	none	10				
1873-10-14	8	-33.02	-71.63			a		https://s3.amazonaws.com/NARAprodstorage/lz/dc-metro/rg-024/581208/2020-03/581208-omaha-006/581208-omaha-006-024.JPG	https://s3.amazonaws.com/NARAprodstorage/lz/dc-metro/rg-024/581208/2020-03/581208-omaha-006/581208-omaha-006-024.JPG	 						90	106	2	30.17	60	56	53			b	none	10				
1873-10-14	9	-33.02	-71.63			a		https://s3.amazonaws.com/NARAprodstorage/lz/dc-metro/rg-024/581208/2020-03/581208-omaha-006/581208-omaha-006-024.JPG	https://s3.amazonaws.com/NARAprodstorage/lz/dc-metro/rg-024/581208/2020-03/581208-omaha-006/581208-omaha-006-024.JPG	 						0	0	0	30.15	63	60	54			bc	cum	9				
1873-10-14	10	-33.02	-71.63			a		https://s3.amazonaws.com/NARAprodstorage/lz/dc-metro/rg-024/581208/2020-03/581208-omaha-006/581208-omaha-006-024.JPG	https://s3.amazonaws.com/NARAprodstorage/lz/dc-metro/rg-024/581208/2020-03/581208-omaha-006/581208-omaha-006-024.JPG	 						0	0	0	30.15	63	62	55			bc	cum	9				
1873-10-14	11	-33.02	-71.63			a		https://s3.amazonaws.com/NARAprodstorage/lz/dc-metro/rg-024/581208/2020-03/581208-omaha-006/581208-omaha-006-024.JPG	https://s3.amazonaws.com/NARAprodstorage/lz/dc-metro/rg-024/581208/2020-03/581208-omaha-006/581208-omaha-006-024.JPG	 						0	0	0	30.1	63	65	56			bc	cum	9				
1873-10-14	12	-33.02	-71.63			a		https://s3.amazonaws.com/NARAprodstorage/lz/dc-metro/rg-024/581208/2020-03/581208-omaha-006/581208-omaha-006-024.JPG	https://s3.amazonaws.com/NARAprodstorage/lz/dc-metro/rg-024/581208/2020-03/581208-omaha-006/581208-omaha-006-024.JPG	"Noon: Valparaiso, Chile."						0	0	0	30.1		67	58			bc	cum	9				
1873-10-14	13	-33.02	-71.63			a		https://s3.amazonaws.com/NARAprodstorage/lz/dc-metro/rg-024/581208/2020-03/581208-omaha-006/581208-omaha-006-024.JPG	https://s3.amazonaws.com/NARAprodstorage/lz/dc-metro/rg-024/581208/2020-03/581208-omaha-006/581208-omaha-006-024.JPG	 						888	888	2	30.08	68	74	64			bc	cir cum	8				
1873-10-14	14	-33.02	-71.63			a		https://s3.amazonaws.com/NARAprodstorage/lz/dc-metro/rg-024/581208/2020-03/581208-omaha-006/581208-omaha-006-024.JPG	https://s3.amazonaws.com/NARAprodstorage/lz/dc-metro/rg-024/581208/2020-03/581208-omaha-006/581208-omaha-006-024.JPG	 						888	888	2	30.08	68	74	64			bc	cir cum	8				
1873-10-14	15	-33.02	-71.63			a		https://s3.amazonaws.com/NARAprodstorage/lz/dc-metro/rg-024/581208/2020-03/581208-omaha-006/581208-omaha-006-024.JPG	https://s3.amazonaws.com/NARAprodstorage/lz/dc-metro/rg-024/581208/2020-03/581208-omaha-006/581208-omaha-006-024.JPG	 						888	888	2	30.06	68	73	63			bc	cir cum	8				
1873-10-14	16	-33.02	-71.63			a		https://s3.amazonaws.com/NARAprodstorage/lz/dc-metro/rg-024/581208/2020-03/581208-omaha-006/581208-omaha-006-024.JPG	https://s3.amazonaws.com/NARAprodstorage/lz/dc-metro/rg-024/581208/2020-03/581208-omaha-006/581208-omaha-006-024.JPG	 						888	888	2	30.06	68	73	63			b	none	10				
1873-10-14	17	-33.02	-71.63			a		https://s3.amazonaws.com/NARAprodstorage/lz/dc-metro/rg-024/581208/2020-03/581208-omaha-006/581208-omaha-006-024.JPG	https://s3.amazonaws.com/NARAprodstorage/lz/dc-metro/rg-024/581208/2020-03/581208-omaha-006/581208-omaha-006-024.JPG	 						888	888	2	30.06	68	70	63			bc	cum	9				
1873-10-14	18	-33.02	-71.63			a		https://s3.amazonaws.com/NARAprodstorage/lz/dc-metro/rg-024/581208/2020-03/581208-omaha-006/581208-omaha-006-024.JPG	https://s3.amazonaws.com/NARAprodstorage/lz/dc-metro/rg-024/581208/2020-03/581208-omaha-006/581208-omaha-006-024.JPG	 						888	888	2	30.06	68	70	63			bc	cum	9				
1873-10-14	19	-33.02	-71.63			a		https://s3.amazonaws.com/NARAprodstorage/lz/dc-metro/rg-024/581208/2020-03/581208-omaha-006/581208-omaha-006-024.JPG	https://s3.amazonaws.com/NARAprodstorage/lz/dc-metro/rg-024/581208/2020-03/581208-omaha-006/581208-omaha-006-024.JPG	 						888	888	2	30.06	68	70	63			bc	cum	9				
1873-10-14	20	-33.02	-71.63			a		https://s3.amazonaws.com/NARAprodstorage/lz/dc-metro/rg-024/581208/2020-03/581208-omaha-006/581208-omaha-006-024.JPG	https://s3.amazonaws.com/NARAprodstorage/lz/dc-metro/rg-024/581208/2020-03/581208-omaha-006/581208-omaha-006-024.JPG	 						888	888	2	30.1	67	65	61			bc	cum	9				
1873-10-14	21	-33.02	-71.63			a		https://s3.amazonaws.com/NARAprodstorage/lz/dc-metro/rg-024/581208/2020-03/581208-omaha-006/581208-omaha-006-024.JPG	https://s3.amazonaws.com/NARAprodstorage/lz/dc-metro/rg-024/581208/2020-03/581208-omaha-006/581208-omaha-006-024.JPG	 						0	0	0	30.1	65	64	58			b	none	10				
1873-10-14	22	-33.02	-71.63			a		https://s3.amazonaws.com/NARAprodstorage/lz/dc-metro/rg-024/581208/2020-03/581208-omaha-006/581208-omaha-006-024.JPG	https://s3.amazonaws.com/NARAprodstorage/lz/dc-metro/rg-024/581208/2020-03/581208-omaha-006/581208-omaha-006-024.JPG	 						0	0	0	30.1	64	62	58			b	none	10				
1873-10-14	23	-33.02	-71.63			a		https://s3.amazonaws.com/NARAprodstorage/lz/dc-metro/rg-024/581208/2020-03/581208-omaha-006/581208-omaha-006-024.JPG	https://s3.amazonaws.com/NARAprodstorage/lz/dc-metro/rg-024/581208/2020-03/581208-omaha-006/581208-omaha-006-024.JPG	 						0	0	0	30.1	64	62	58			b	none	10				
1873-10-14	24	-33.02	-71.63			a		https://s3.amazonaws.com/NARAprodstorage/lz/dc-metro/rg-024/581208/2020-03/581208-omaha-006/581208-omaha-006-024.JPG	https://s3.amazonaws.com/NARAprodstorage/lz/dc-metro/rg-024/581208/2020-03/581208-omaha-006/581208-omaha-006-024.JPG	 						0	0	0	30.1	64	62	58			b	none	10				
1873-10-15	1	-33.02	-71.63			a		https://s3.amazonaws.com/NARAprodstorage/lz/dc-metro/rg-024/581208/2020-03/581208-omaha-006/581208-omaha-006-025.JPG	https://s3.amazonaws.com/NARAprodstorage/lz/dc-metro/rg-024/581208/2020-03/581208-omaha-006/581208-omaha-006-025.JPG	 						0	0	0	30.09	64	59	56			b	none	10				
1873-10-15	2	-33.02	-71.63			a		https://s3.amazonaws.com/NARAprodstorage/lz/dc-metro/rg-024/581208/2020-03/581208-omaha-006/581208-omaha-006-025.JPG	https://s3.amazonaws.com/NARAprodstorage/lz/dc-metro/rg-024/581208/2020-03/581208-omaha-006/581208-omaha-006-025.JPG	 						0	0	0	30.09	64	59	56			b	none	10				
1873-10-15	3	-33.02	-71.63			a		https://s3.amazonaws.com/NARAprodstorage/lz/dc-metro/rg-024/581208/2020-03/581208-omaha-006/581208-omaha-006-025.JPG	https://s3.amazonaws.com/NARAprodstorage/lz/dc-metro/rg-024/581208/2020-03/581208-omaha-006/581208-omaha-006-025.JPG	 						0	0	0	30.09	64	59	56			b	none	10				
1873-10-15	4	-33.02	-71.63			a		https://s3.amazonaws.com/NARAprodstorage/lz/dc-metro/rg-024/581208/2020-03/581208-omaha-006/581208-omaha-006-025.JPG	https://s3.amazonaws.com/NARAprodstorage/lz/dc-metro/rg-024/581208/2020-03/581208-omaha-006/581208-omaha-006-025.JPG	 						0	0	0	30.09	64	59	56			b	none	10				
1873-10-15	5	-33.02	-71.63			a		https://s3.amazonaws.com/NARAprodstorage/lz/dc-metro/rg-024/581208/2020-03/581208-omaha-006/581208-omaha-006-025.JPG	https://s3.amazonaws.com/NARAprodstorage/lz/dc-metro/rg-024/581208/2020-03/581208-omaha-006/581208-omaha-006-025.JPG	 						0	0	0	30.09	64	59	56			bm	none	10				
1873-10-15	6	-33.02	-71.63			a		https://s3.amazonaws.com/NARAprodstorage/lz/dc-metro/rg-024/581208/2020-03/581208-omaha-006/581208-omaha-006-025.JPG	https://s3.amazonaws.com/NARAprodstorage/lz/dc-metro/rg-024/581208/2020-03/581208-omaha-006/581208-omaha-006-025.JPG	 						0	0	0	30.09	64	59	56			bm	none	10				
1873-10-15	7	-33.02	-71.63			a		https://s3.amazonaws.com/NARAprodstorage/lz/dc-metro/rg-024/581208/2020-03/581208-omaha-006/581208-omaha-006-025.JPG	https://s3.amazonaws.com/NARAprodstorage/lz/dc-metro/rg-024/581208/2020-03/581208-omaha-006/581208-omaha-006-025.JPG	 						0	0	0	30.09	64	59	56			bm	none	10				
1873-10-15	8	-33.02	-71.63			a		https://s3.amazonaws.com/NARAprodstorage/lz/dc-metro/rg-024/581208/2020-03/581208-omaha-006/581208-omaha-006-025.JPG	https://s3.amazonaws.com/NARAprodstorage/lz/dc-metro/rg-024/581208/2020-03/581208-omaha-006/581208-omaha-006-025.JPG	 						0	0	0	30.1	63	57	55			bm	none	10				
1873-10-15	9	-33.02	-71.63			a		https://s3.amazonaws.com/NARAprodstorage/lz/dc-metro/rg-024/581208/2020-03/581208-omaha-006/581208-omaha-006-025.JPG	https://s3.amazonaws.com/NARAprodstorage/lz/dc-metro/rg-024/581208/2020-03/581208-omaha-006/581208-omaha-006-025.JPG	 						360	16	2	30.1	63	57	55			off	niomb	0				
1873-10-15	10	-33.02	-71.63			a		https://s3.amazonaws.com/NARAprodstorage/lz/dc-metro/rg-024/581208/2020-03/581208-omaha-006/581208-omaha-006-025.JPG	https://s3.amazonaws.com/NARAprodstorage/lz/dc-metro/rg-024/581208/2020-03/581208-omaha-006/581208-omaha-006-025.JPG	 						360	16	2	30.1	63	58	56			off	niomb	0				
1873-10-15	11	-33.02	-71.63			a		https://s3.amazonaws.com/NARAprodstorage/lz/dc-metro/rg-024/581208/2020-03/581208-omaha-006/581208-omaha-006-025.JPG	https://s3.amazonaws.com/NARAprodstorage/lz/dc-metro/rg-024/581208/2020-03/581208-omaha-006/581208-omaha-006-025.JPG	 						315	331	2	30.1	64	58	56			off	niomb	0				
1873-10-15	12	-33.02	-71.63			a		https://s3.amazonaws.com/NARAprodstorage/lz/dc-metro/rg-024/581208/2020-03/581208-omaha-006/581208-omaha-006-025.JPG	https://s3.amazonaws.com/NARAprodstorage/lz/dc-metro/rg-024/581208/2020-03/581208-omaha-006/581208-omaha-006-025.JPG	"Noon: Valparaiso, Chile."						315	331	2	30.1	64	58	56			off	niomb	0				
1873-10-15	13	-33.02	-71.63			a		https://s3.amazonaws.com/NARAprodstorage/lz/dc-metro/rg-024/581208/2020-03/581208-omaha-006/581208-omaha-006-025.JPG	https://s3.amazonaws.com/NARAprodstorage/lz/dc-metro/rg-024/581208/2020-03/581208-omaha-006/581208-omaha-006-025.JPG	 						315	331	2	30.14	65	60	57			ocf	nim	0				
1873-10-15	14	-33.02	-71.63			a		https://s3.amazonaws.com/NARAprodstorage/lz/dc-metro/rg-024/581208/2020-03/581208-omaha-006/581208-omaha-006-025.JPG	https://s3.amazonaws.com/NARAprodstorage/lz/dc-metro/rg-024/581208/2020-03/581208-omaha-006/581208-omaha-006-025.JPG	 						315	331	2	30.14	65	60	57			ocf	nim	0				
1873-10-15	15	-33.02	-71.63			a		https://s3.amazonaws.com/NARAprodstorage/lz/dc-metro/rg-024/581208/2020-03/581208-omaha-006/581208-omaha-006-025.JPG	https://s3.amazonaws.com/NARAprodstorage/lz/dc-metro/rg-024/581208/2020-03/581208-omaha-006/581208-omaha-006-025.JPG	 						315	331	2	30.14	65	60	57			bcm	nim	6				
1873-10-15	16	-33.02	-71.63			a		https://s3.amazonaws.com/NARAprodstorage/lz/dc-metro/rg-024/581208/2020-03/581208-omaha-006/581208-omaha-006-025.JPG	https://s3.amazonaws.com/NARAprodstorage/lz/dc-metro/rg-024/581208/2020-03/581208-omaha-006/581208-omaha-006-025.JPG	 						315	331	2	30.14	65	60	57			bm	none	10				
1873-10-15	17	-33.02	-71.63			a		https://s3.amazonaws.com/NARAprodstorage/lz/dc-metro/rg-024/581208/2020-03/581208-omaha-006/581208-omaha-006-025.JPG	https://s3.amazonaws.com/NARAprodstorage/lz/dc-metro/rg-024/581208/2020-03/581208-omaha-006/581208-omaha-006-025.JPG	 						315	331	2	30.14	65	58	56			ocff	nim	0				
1873-10-15	18	-33.02	-71.63			a		https://s3.amazonaws.com/NARAprodstorage/lz/dc-metro/rg-024/581208/2020-03/581208-omaha-006/581208-omaha-006-025.JPG	https://s3.amazonaws.com/NARAprodstorage/lz/dc-metro/rg-024/581208/2020-03/581208-omaha-006/581208-omaha-006-025.JPG	 						315	331	2	30.14	64	58	56			ocff	nim	0				
1873-10-15	19	-33.02	-71.63			a		https://s3.amazonaws.com/NARAprodstorage/lz/dc-metro/rg-024/581208/2020-03/581208-omaha-006/581208-omaha-006-025.JPG	https://s3.amazonaws.com/NARAprodstorage/lz/dc-metro/rg-024/581208/2020-03/581208-omaha-006/581208-omaha-006-025.JPG	 						315	331	2	30.12	64	58	56			ocff	nim	0				
1873-10-15	20	-33.02	-71.63			a		https://s3.amazonaws.com/NARAprodstorage/lz/dc-metro/rg-024/581208/2020-03/581208-omaha-006/581208-omaha-006-025.JPG	https://s3.amazonaws.com/NARAprodstorage/lz/dc-metro/rg-024/581208/2020-03/581208-omaha-006/581208-omaha-006-025.JPG	 						315	331	2	30.12	62	58	56			ocff	nim	0				
1873-10-15	21	-33.02	-71.63			a		https://s3.amazonaws.com/NARAprodstorage/lz/dc-metro/rg-024/581208/2020-03/581208-omaha-006/581208-omaha-006-025.JPG	https://s3.amazonaws.com/NARAprodstorage/lz/dc-metro/rg-024/581208/2020-03/581208-omaha-006/581208-omaha-006-025.JPG	 						360	16	1	30.15	62	58	58			ocm	nim	0				
1873-10-15	22	-33.02	-71.63			a		https://s3.amazonaws.com/NARAprodstorage/lz/dc-metro/rg-024/581208/2020-03/581208-omaha-006/581208-omaha-006-025.JPG	https://s3.amazonaws.com/NARAprodstorage/lz/dc-metro/rg-024/581208/2020-03/581208-omaha-006/581208-omaha-006-025.JPG	 						360	16	1	30.15	62	58	58			ocm	nim	0				
1873-10-15	23	-33.02	-71.63			a		https://s3.amazonaws.com/NARAprodstorage/lz/dc-metro/rg-024/581208/2020-03/581208-omaha-006/581208-omaha-006-025.JPG	https://s3.amazonaws.com/NARAprodstorage/lz/dc-metro/rg-024/581208/2020-03/581208-omaha-006/581208-omaha-006-025.JPG	 						360	16	1	30.16	62	58	58			ocm	nim	0				
1873-10-15	24	-33.02	-71.63			a		https://s3.amazonaws.com/NARAprodstorage/lz/dc-metro/rg-024/581208/2020-03/581208-omaha-006/581208-omaha-006-025.JPG	https://s3.amazonaws.com/NARAprodstorage/lz/dc-metro/rg-024/581208/2020-03/581208-omaha-006/581208-omaha-006-025.JPG	 						0	0	0	30.16	62	59	57			ocm	nim	0				
1873-10-16	1	-33.02	-71.63			a		https://s3.amazonaws.com/NARAprodstorage/lz/dc-metro/rg-024/581208/2020-03/581208-omaha-006/581208-omaha-006-026.JPG	https://s3.amazonaws.com/NARAprodstorage/lz/dc-metro/rg-024/581208/2020-03/581208-omaha-006/581208-omaha-006-026.JPG	 						360	16	2	30.16	62	59	58			ocf	nim	0				
1873-10-16	2	-33.02	-71.63			a		https://s3.amazonaws.com/NARAprodstorage/lz/dc-metro/rg-024/581208/2020-03/581208-omaha-006/581208-omaha-006-026.JPG	https://s3.amazonaws.com/NARAprodstorage/lz/dc-metro/rg-024/581208/2020-03/581208-omaha-006/581208-omaha-006-026.JPG	 						360	16	2	30.16	62	59	58			ocf	nim	0				
1873-10-16	3	-33.02	-71.63			a		https://s3.amazonaws.com/NARAprodstorage/lz/dc-metro/rg-024/581208/2020-03/581208-omaha-006/581208-omaha-006-026.JPG	https://s3.amazonaws.com/NARAprodstorage/lz/dc-metro/rg-024/581208/2020-03/581208-omaha-006/581208-omaha-006-026.JPG	 						360	16	2	30.16	62	58	57			ocf	nim	0				
1873-10-16	4	-33.02	-71.63			a		https://s3.amazonaws.com/NARAprodstorage/lz/dc-metro/rg-024/581208/2020-03/581208-omaha-006/581208-omaha-006-026.JPG	https://s3.amazonaws.com/NARAprodstorage/lz/dc-metro/rg-024/581208/2020-03/581208-omaha-006/581208-omaha-006-026.JPG	 						360	16	2	30.16	62	58	57			ocf	nim	0				
1873-10-16	5	-33.02	-71.63			a		https://s3.amazonaws.com/NARAprodstorage/lz/dc-metro/rg-024/581208/2020-03/581208-omaha-006/581208-omaha-006-026.JPG	https://s3.amazonaws.com/NARAprodstorage/lz/dc-metro/rg-024/581208/2020-03/581208-omaha-006/581208-omaha-006-026.JPG	 						135	151	2	30.16	60	55	53			oc	nim	0				
1873-10-16	6	-33.02	-71.63			a		https://s3.amazonaws.com/NARAprodstorage/lz/dc-metro/rg-024/581208/2020-03/581208-omaha-006/581208-omaha-006-026.JPG	https://s3.amazonaws.com/NARAprodstorage/lz/dc-metro/rg-024/581208/2020-03/581208-omaha-006/581208-omaha-006-026.JPG	 						0	0	0	30.16	60	55	53			oc	nim	0				
1873-10-16	7	-33.02	-71.63			a		https://s3.amazonaws.com/NARAprodstorage/lz/dc-metro/rg-024/581208/2020-03/581208-omaha-006/581208-omaha-006-026.JPG	https://s3.amazonaws.com/NARAprodstorage/lz/dc-metro/rg-024/581208/2020-03/581208-omaha-006/581208-omaha-006-026.JPG	 						0	0	0	30.16	60	55	53			oc	nim	0				
1873-10-16	8	-33.02	-71.63			a		https://s3.amazonaws.com/NARAprodstorage/lz/dc-metro/rg-024/581208/2020-03/581208-omaha-006/581208-omaha-006-026.JPG	https://s3.amazonaws.com/NARAprodstorage/lz/dc-metro/rg-024/581208/2020-03/581208-omaha-006/581208-omaha-006-026.JPG	 						0	0	0	30.18	60	56	54			oc	nim	0				
1873-10-16	9	-33.02	-71.63			a		https://s3.amazonaws.com/NARAprodstorage/lz/dc-metro/rg-024/581208/2020-03/581208-omaha-006/581208-omaha-006-026.JPG	https://s3.amazonaws.com/NARAprodstorage/lz/dc-metro/rg-024/581208/2020-03/581208-omaha-006/581208-omaha-006-026.JPG	 						270	286	2	30.2	62	58	55			ocm	nim	0				
1873-10-16	10	-33.02	-71.63			a		https://s3.amazonaws.com/NARAprodstorage/lz/dc-metro/rg-024/581208/2020-03/581208-omaha-006/581208-omaha-006-026.JPG	https://s3.amazonaws.com/NARAprodstorage/lz/dc-metro/rg-024/581208/2020-03/581208-omaha-006/581208-omaha-006-026.JPG	 						270	286	2	30.2	62	58	55			ocm	nim	0				
1873-10-16	11	-33.02	-71.63			a		https://s3.amazonaws.com/NARAprodstorage/lz/dc-metro/rg-024/581208/2020-03/581208-omaha-006/581208-omaha-006-026.JPG	https://s3.amazonaws.com/NARAprodstorage/lz/dc-metro/rg-024/581208/2020-03/581208-omaha-006/581208-omaha-006-026.JPG	 						270	286	2	30.22	62	58	55			ocm	nim	0				
1873-10-16	12	-33.02	-71.63			a		https://s3.amazonaws.com/NARAprodstorage/lz/dc-metro/rg-024/581208/2020-03/581208-omaha-006/581208-omaha-006-026.JPG	https://s3.amazonaws.com/NARAprodstorage/lz/dc-metro/rg-024/581208/2020-03/581208-omaha-006/581208-omaha-006-026.JPG	"Noon: Valparaiso, Chile."						270	286	2	30.22	62	58	55			ocm	nim	0				
1873-10-16	13	-33.02	-71.63			a		https://s3.amazonaws.com/NARAprodstorage/lz/dc-metro/rg-024/581208/2020-03/581208-omaha-006/581208-omaha-006-026.JPG	https://s3.amazonaws.com/NARAprodstorage/lz/dc-metro/rg-024/581208/2020-03/581208-omaha-006/581208-omaha-006-026.JPG	 						270	286	2	30.19	62	58	56			ocm	nimb	0				
1873-10-16	14	-33.02	-71.63			a		https://s3.amazonaws.com/NARAprodstorage/lz/dc-metro/rg-024/581208/2020-03/581208-omaha-006/581208-omaha-006-026.JPG	https://s3.amazonaws.com/NARAprodstorage/lz/dc-metro/rg-024/581208/2020-03/581208-omaha-006/581208-omaha-006-026.JPG	 						270	286	2	30.19	62	58	56			ocm	nimb	0				
1873-10-16	15	-33.02	-71.63			a		https://s3.amazonaws.com/NARAprodstorage/lz/dc-metro/rg-024/581208/2020-03/581208-omaha-006/581208-omaha-006-026.JPG	https://s3.amazonaws.com/NARAprodstorage/lz/dc-metro/rg-024/581208/2020-03/581208-omaha-006/581208-omaha-006-026.JPG	 						270	286	2	30.19	62	58	56			ocm	nimb	0				
1873-10-16	16	-33.02	-71.63			a		https://s3.amazonaws.com/NARAprodstorage/lz/dc-metro/rg-024/581208/2020-03/581208-omaha-006/581208-omaha-006-026.JPG	https://s3.amazonaws.com/NARAprodstorage/lz/dc-metro/rg-024/581208/2020-03/581208-omaha-006/581208-omaha-006-026.JPG	 						270	286	2	30.19	62	58	56			ocm	nimb	0				
1873-10-16	17	-33.02	-71.63			a		https://s3.amazonaws.com/NARAprodstorage/lz/dc-metro/rg-024/581208/2020-03/581208-omaha-006/581208-omaha-006-026.JPG	https://s3.amazonaws.com/NARAprodstorage/lz/dc-metro/rg-024/581208/2020-03/581208-omaha-006/581208-omaha-006-026.JPG	 						225	241	2	30.2	61	57	55			om	nimb	0				
1873-10-16	18	-33.02	-71.63			a		https://s3.amazonaws.com/NARAprodstorage/lz/dc-metro/rg-024/581208/2020-03/581208-omaha-006/581208-omaha-006-026.JPG	https://s3.amazonaws.com/NARAprodstorage/lz/dc-metro/rg-024/581208/2020-03/581208-omaha-006/581208-omaha-006-026.JPG	 						225	241	2	30.2	61	57	55			om	nimb	0				
1873-10-16	19	-33.02	-71.63			a		https://s3.amazonaws.com/NARAprodstorage/lz/dc-metro/rg-024/581208/2020-03/581208-omaha-006/581208-omaha-006-026.JPG	https://s3.amazonaws.com/NARAprodstorage/lz/dc-metro/rg-024/581208/2020-03/581208-omaha-006/581208-omaha-006-026.JPG	 						225	241	2	30.2	61	57	55			om	nimb	0				
1873-10-16	20	-33.02	-71.63			a		https://s3.amazonaws.com/NARAprodstorage/lz/dc-metro/rg-024/581208/2020-03/581208-omaha-006/581208-omaha-006-026.JPG	https://s3.amazonaws.com/NARAprodstorage/lz/dc-metro/rg-024/581208/2020-03/581208-omaha-006/581208-omaha-006-026.JPG	 						225	241	2	30.2	61	57	55			om	nimb	0				
1873-10-16	21	-33.02	-71.63			a		https://s3.amazonaws.com/NARAprodstorage/lz/dc-metro/rg-024/581208/2020-03/581208-omaha-006/581208-omaha-006-026.JPG	https://s3.amazonaws.com/NARAprodstorage/lz/dc-metro/rg-024/581208/2020-03/581208-omaha-006/581208-omaha-006-026.JPG	 						0	0	0	30.2	61	57	55			om	nimb	0				
1873-10-16	22	-33.02	-71.63			a		https://s3.amazonaws.com/NARAprodstorage/lz/dc-metro/rg-024/581208/2020-03/581208-omaha-006/581208-omaha-006-026.JPG	https://s3.amazonaws.com/NARAprodstorage/lz/dc-metro/rg-024/581208/2020-03/581208-omaha-006/581208-omaha-006-026.JPG	 						0	0	0	30.2	60	56	54			om	nimb	0				
1873-10-16	23	-33.02	-71.63			a		https://s3.amazonaws.com/NARAprodstorage/lz/dc-metro/rg-024/581208/2020-03/581208-omaha-006/581208-omaha-006-026.JPG	https://s3.amazonaws.com/NARAprodstorage/lz/dc-metro/rg-024/581208/2020-03/581208-omaha-006/581208-omaha-006-026.JPG	 						0	0	0	30.2	60	56	54			om	nimb	0				
1873-10-16	24	-33.02	-71.63			a		https://s3.amazonaws.com/NARAprodstorage/lz/dc-metro/rg-024/581208/2020-03/581208-omaha-006/581208-omaha-006-026.JPG	https://s3.amazonaws.com/NARAprodstorage/lz/dc-metro/rg-024/581208/2020-03/581208-omaha-006/581208-omaha-006-026.JPG	 						0	0	0	30.2	60	56	54			om	nimb	0				
1873-10-17	1	-33.02	-71.63			a		https://s3.amazonaws.com/NARAprodstorage/lz/dc-metro/rg-024/581208/2020-03/581208-omaha-006/581208-omaha-006-027.JPG	https://s3.amazonaws.com/NARAprodstorage/lz/dc-metro/rg-024/581208/2020-03/581208-omaha-006/581208-omaha-006-027.JPG	 						0	0	0	30.2	62	58	56			o	nimb	0				
1873-10-17	2	-33.02	-71.63			a		https://s3.amazonaws.com/NARAprodstorage/lz/dc-metro/rg-024/581208/2020-03/581208-omaha-006/581208-omaha-006-027.JPG	https://s3.amazonaws.com/NARAprodstorage/lz/dc-metro/rg-024/581208/2020-03/581208-omaha-006/581208-omaha-006-027.JPG	 						0	0	0	30.2	62	58	56			o	nimb	0				
1873-10-17	3	-33.02	-71.63			a		https://s3.amazonaws.com/NARAprodstorage/lz/dc-metro/rg-024/581208/2020-03/581208-omaha-006/581208-omaha-006-027.JPG	https://s3.amazonaws.com/NARAprodstorage/lz/dc-metro/rg-024/581208/2020-03/581208-omaha-006/581208-omaha-006-027.JPG	 						0	0	0	30.2	62	58	56			o	nimb	0				
1873-10-17	4	-33.02	-71.63			a		https://s3.amazonaws.com/NARAprodstorage/lz/dc-metro/rg-024/581208/2020-03/581208-omaha-006/581208-omaha-006-027.JPG	https://s3.amazonaws.com/NARAprodstorage/lz/dc-metro/rg-024/581208/2020-03/581208-omaha-006/581208-omaha-006-027.JPG	 						0	0	0	30.2	62	58	56			o	nimb	0				
1873-10-17	5	-33.02	-71.63			a		https://s3.amazonaws.com/NARAprodstorage/lz/dc-metro/rg-024/581208/2020-03/581208-omaha-006/581208-omaha-006-027.JPG	https://s3.amazonaws.com/NARAprodstorage/lz/dc-metro/rg-024/581208/2020-03/581208-omaha-006/581208-omaha-006-027.JPG	 						225	241	2	30.22	61	55	54			ocm	nimb	0				
1873-10-17	6	-33.02	-71.63			a		https://s3.amazonaws.com/NARAprodstorage/lz/dc-metro/rg-024/581208/2020-03/581208-omaha-006/581208-omaha-006-027.JPG	https://s3.amazonaws.com/NARAprodstorage/lz/dc-metro/rg-024/581208/2020-03/581208-omaha-006/581208-omaha-006-027.JPG	 						225	241	2	30.22	61	55	54			ocm	nimb	0				
1873-10-17	7	-33.02	-71.63			a		https://s3.amazonaws.com/NARAprodstorage/lz/dc-metro/rg-024/581208/2020-03/581208-omaha-006/581208-omaha-006-027.JPG	https://s3.amazonaws.com/NARAprodstorage/lz/dc-metro/rg-024/581208/2020-03/581208-omaha-006/581208-omaha-006-027.JPG	 						225	241	2	30.22	61	55	54			ocm	nimb	0				
1873-10-17	8	-33.02	-71.63			a		https://s3.amazonaws.com/NARAprodstorage/lz/dc-metro/rg-024/581208/2020-03/581208-omaha-006/581208-omaha-006-027.JPG	https://s3.amazonaws.com/NARAprodstorage/lz/dc-metro/rg-024/581208/2020-03/581208-omaha-006/581208-omaha-006-027.JPG	 						225	241	2	30.22	61	55	54			ocm	nimb	0				
1873-10-17	9	-33.02	-71.63			a		https://s3.amazonaws.com/NARAprodstorage/lz/dc-metro/rg-024/581208/2020-03/581208-omaha-006/581208-omaha-006-027.JPG	https://s3.amazonaws.com/NARAprodstorage/lz/dc-metro/rg-024/581208/2020-03/581208-omaha-006/581208-omaha-006-027.JPG	 						225	241	2	30.22	61	55	54			ocm	nimb	0				
1873-10-17	10	-33.02	-71.63			a		https://s3.amazonaws.com/NARAprodstorage/lz/dc-metro/rg-024/581208/2020-03/581208-omaha-006/581208-omaha-006-027.JPG	https://s3.amazonaws.com/NARAprodstorage/lz/dc-metro/rg-024/581208/2020-03/581208-omaha-006/581208-omaha-006-027.JPG	 						225	241	2	30.22	61	56	55			ocm	nimb	0				
1873-10-17	11	-33.02	-71.63			a		https://s3.amazonaws.com/NARAprodstorage/lz/dc-metro/rg-024/581208/2020-03/581208-omaha-006/581208-omaha-006-027.JPG	https://s3.amazonaws.com/NARAprodstorage/lz/dc-metro/rg-024/581208/2020-03/581208-omaha-006/581208-omaha-006-027.JPG	 						225	241	2	30.23	61	56	55			ocm	nimb	0				
1873-10-17	12	-33.02	-71.63			a		https://s3.amazonaws.com/NARAprodstorage/lz/dc-metro/rg-024/581208/2020-03/581208-omaha-006/581208-omaha-006-027.JPG	https://s3.amazonaws.com/NARAprodstorage/lz/dc-metro/rg-024/581208/2020-03/581208-omaha-006/581208-omaha-006-027.JPG	"Noon: Valparaiso, Chile."						225	241	2	30.23	62	56	55			ocm	nimb	0				
1873-10-17	13	-33.02	-71.63			a		https://s3.amazonaws.com/NARAprodstorage/lz/dc-metro/rg-024/581208/2020-03/581208-omaha-006/581208-omaha-006-027.JPG	https://s3.amazonaws.com/NARAprodstorage/lz/dc-metro/rg-024/581208/2020-03/581208-omaha-006/581208-omaha-006-027.JPG	 						202	218	2	30.2	62	56	55			oc	nimb	0				
1873-10-17	14	-33.02	-71.63			a		https://s3.amazonaws.com/NARAprodstorage/lz/dc-metro/rg-024/581208/2020-03/581208-omaha-006/581208-omaha-006-027.JPG	https://s3.amazonaws.com/NARAprodstorage/lz/dc-metro/rg-024/581208/2020-03/581208-omaha-006/581208-omaha-006-027.JPG	 						202	218	2	30.2	62	56	55			oc	nimb	0				
1873-10-17	15	-33.02	-71.63			a		https://s3.amazonaws.com/NARAprodstorage/lz/dc-metro/rg-024/581208/2020-03/581208-omaha-006/581208-omaha-006-027.JPG	https://s3.amazonaws.com/NARAprodstorage/lz/dc-metro/rg-024/581208/2020-03/581208-omaha-006/581208-omaha-006-027.JPG	 						202	218	5	30.2	62	56	55			oc	nimb	0				
1873-10-17	16	-33.02	-71.63			a		https://s3.amazonaws.com/NARAprodstorage/lz/dc-metro/rg-024/581208/2020-03/581208-omaha-006/581208-omaha-006-027.JPG	https://s3.amazonaws.com/NARAprodstorage/lz/dc-metro/rg-024/581208/2020-03/581208-omaha-006/581208-omaha-006-027.JPG	 						202	218	5	30.2	62	56	55			oc	nimb	0				
1873-10-17	17	-33.02	-71.63			a		https://s3.amazonaws.com/NARAprodstorage/lz/dc-metro/rg-024/581208/2020-03/581208-omaha-006/581208-omaha-006-027.JPG	https://s3.amazonaws.com/NARAprodstorage/lz/dc-metro/rg-024/581208/2020-03/581208-omaha-006/581208-omaha-006-027.JPG	 						202	218	8	30.21	62	56	55			oc	nimb	0				
1873-10-17	18	-33.02	-71.63			a		https://s3.amazonaws.com/NARAprodstorage/lz/dc-metro/rg-024/581208/2020-03/581208-omaha-006/581208-omaha-006-027.JPG	https://s3.amazonaws.com/NARAprodstorage/lz/dc-metro/rg-024/581208/2020-03/581208-omaha-006/581208-omaha-006-027.JPG	 						202	218	8	30.21	62	56	55			oc	nimb	0				
1873-10-17	19	-33.02	-71.63			a		https://s3.amazonaws.com/NARAprodstorage/lz/dc-metro/rg-024/581208/2020-03/581208-omaha-006/581208-omaha-006-027.JPG	https://s3.amazonaws.com/NARAprodstorage/lz/dc-metro/rg-024/581208/2020-03/581208-omaha-006/581208-omaha-006-027.JPG	 						202	218	5	30.21	61	56	55			oc	nimb	0				
1873-10-17	20	-33.02	-71.63			a		https://s3.amazonaws.com/NARAprodstorage/lz/dc-metro/rg-024/581208/2020-03/581208-omaha-006/581208-omaha-006-027.JPG	https://s3.amazonaws.com/NARAprodstorage/lz/dc-metro/rg-024/581208/2020-03/581208-omaha-006/581208-omaha-006-027.JPG	 						0	0	0	30.23	61	56	55			oc	nimb	0				
1873-10-17	21	-33.02	-71.63			a		https://s3.amazonaws.com/NARAprodstorage/lz/dc-metro/rg-024/581208/2020-03/581208-omaha-006/581208-omaha-006-027.JPG	https://s3.amazonaws.com/NARAprodstorage/lz/dc-metro/rg-024/581208/2020-03/581208-omaha-006/581208-omaha-006-027.JPG	 						0	0	0	30.23	61	56	55			bc	nimb	2				
1873-10-17	22	-33.02	-71.63			a		https://s3.amazonaws.com/NARAprodstorage/lz/dc-metro/rg-024/581208/2020-03/581208-omaha-006/581208-omaha-006-027.JPG	https://s3.amazonaws.com/NARAprodstorage/lz/dc-metro/rg-024/581208/2020-03/581208-omaha-006/581208-omaha-006-027.JPG	 						135	151	2	30.23	61	56	55			bc	nimb	2				
1873-10-17	23	-33.02	-71.63			a		https://s3.amazonaws.com/NARAprodstorage/lz/dc-metro/rg-024/581208/2020-03/581208-omaha-006/581208-omaha-006-027.JPG	https://s3.amazonaws.com/NARAprodstorage/lz/dc-metro/rg-024/581208/2020-03/581208-omaha-006/581208-omaha-006-027.JPG	 						135	151	2	30.23	61	56	55			bc	nimb	5				
1873-10-17	24	-33.02	-71.63			a		https://s3.amazonaws.com/NARAprodstorage/lz/dc-metro/rg-024/581208/2020-03/581208-omaha-006/581208-omaha-006-027.JPG	https://s3.amazonaws.com/NARAprodstorage/lz/dc-metro/rg-024/581208/2020-03/581208-omaha-006/581208-omaha-006-027.JPG	 						135	151	2	30.2	61	55	54			bc	nimb	5				
1873-10-18	1	-33.02	-71.63			a		https://s3.amazonaws.com/NARAprodstorage/lz/dc-metro/rg-024/581208/2020-03/581208-omaha-006/581208-omaha-006-028.JPG	https://s3.amazonaws.com/NARAprodstorage/lz/dc-metro/rg-024/581208/2020-03/581208-omaha-006/581208-omaha-006-028.JPG	 						0	0	0	30.2	59	55	54			bc	cum	9				
1873-10-18	2	-33.02	-71.63			a		https://s3.amazonaws.com/NARAprodstorage/lz/dc-metro/rg-024/581208/2020-03/581208-omaha-006/581208-omaha-006-028.JPG	https://s3.amazonaws.com/NARAprodstorage/lz/dc-metro/rg-024/581208/2020-03/581208-omaha-006/581208-omaha-006-028.JPG	 						0	0	0	30.2	59	55	54			bc	cum	9				
1873-10-18	3	-33.02	-71.63			a		https://s3.amazonaws.com/NARAprodstorage/lz/dc-metro/rg-024/581208/2020-03/581208-omaha-006/581208-omaha-006-028.JPG	https://s3.amazonaws.com/NARAprodstorage/lz/dc-metro/rg-024/581208/2020-03/581208-omaha-006/581208-omaha-006-028.JPG	 						0	0	0	30.2	59	55	54			bc	cum	8				
1873-10-18	4	-33.02	-71.63			a		https://s3.amazonaws.com/NARAprodstorage/lz/dc-metro/rg-024/581208/2020-03/581208-omaha-006/581208-omaha-006-028.JPG	https://s3.amazonaws.com/NARAprodstorage/lz/dc-metro/rg-024/581208/2020-03/581208-omaha-006/581208-omaha-006-028.JPG	 						0	0	0	30.2	59	55	54			bc	cum	6				
1873-10-18	5	-33.02	-71.63			a		https://s3.amazonaws.com/NARAprodstorage/lz/dc-metro/rg-024/581208/2020-03/581208-omaha-006/581208-omaha-006-028.JPG	https://s3.amazonaws.com/NARAprodstorage/lz/dc-metro/rg-024/581208/2020-03/581208-omaha-006/581208-omaha-006-028.JPG	 						225	241	2	30.2	60	55	55			oc	nimnb	0				
1873-10-18	6	-33.02	-71.63			a		https://s3.amazonaws.com/NARAprodstorage/lz/dc-metro/rg-024/581208/2020-03/581208-omaha-006/581208-omaha-006-028.JPG	https://s3.amazonaws.com/NARAprodstorage/lz/dc-metro/rg-024/581208/2020-03/581208-omaha-006/581208-omaha-006-028.JPG	 						225	241	2	30.2	60	55	55			oc	nimnb	0				
1873-10-18	7	-33.02	-71.63			a		https://s3.amazonaws.com/NARAprodstorage/lz/dc-metro/rg-024/581208/2020-03/581208-omaha-006/581208-omaha-006-028.JPG	https://s3.amazonaws.com/NARAprodstorage/lz/dc-metro/rg-024/581208/2020-03/581208-omaha-006/581208-omaha-006-028.JPG	 						225	241	2	30.2	60	55	55			oc	nimnb	0				
1873-10-18	8	-33.02	-71.63			a		https://s3.amazonaws.com/NARAprodstorage/lz/dc-metro/rg-024/581208/2020-03/581208-omaha-006/581208-omaha-006-028.JPG	https://s3.amazonaws.com/NARAprodstorage/lz/dc-metro/rg-024/581208/2020-03/581208-omaha-006/581208-omaha-006-028.JPG	 						225	241	2	30.2	61	56	55			oc	nimnb	0				
1873-10-18	9	-33.02	-71.63			a		https://s3.amazonaws.com/NARAprodstorage/lz/dc-metro/rg-024/581208/2020-03/581208-omaha-006/581208-omaha-006-028.JPG	https://s3.amazonaws.com/NARAprodstorage/lz/dc-metro/rg-024/581208/2020-03/581208-omaha-006/581208-omaha-006-028.JPG	 						888	888	2	30.2	61	56	55			bc	cum nim	6				
1873-10-18	10	-33.02	-71.63			a		https://s3.amazonaws.com/NARAprodstorage/lz/dc-metro/rg-024/581208/2020-03/581208-omaha-006/581208-omaha-006-028.JPG	https://s3.amazonaws.com/NARAprodstorage/lz/dc-metro/rg-024/581208/2020-03/581208-omaha-006/581208-omaha-006-028.JPG	 						888	888	2	30.2	61	56	55			bc	cum nim	6				
1873-10-18	11	-33.02	-71.63			a		https://s3.amazonaws.com/NARAprodstorage/lz/dc-metro/rg-024/581208/2020-03/581208-omaha-006/581208-omaha-006-028.JPG	https://s3.amazonaws.com/NARAprodstorage/lz/dc-metro/rg-024/581208/2020-03/581208-omaha-006/581208-omaha-006-028.JPG	 						888	888	2	30.2	63	58	56			bc	cum nim	6				
1873-10-18	12	-33.02	-71.63			a		https://s3.amazonaws.com/NARAprodstorage/lz/dc-metro/rg-024/581208/2020-03/581208-omaha-006/581208-omaha-006-028.JPG	https://s3.amazonaws.com/NARAprodstorage/lz/dc-metro/rg-024/581208/2020-03/581208-omaha-006/581208-omaha-006-028.JPG	"Noon: Valparaiso, Chile."						888	888	2	30.2	63	58	56			bc	cum nim	6				
1873-10-18	13	-33.02	-71.63			a		https://s3.amazonaws.com/NARAprodstorage/lz/dc-metro/rg-024/581208/2020-03/581208-omaha-006/581208-omaha-006-028.JPG	https://s3.amazonaws.com/NARAprodstorage/lz/dc-metro/rg-024/581208/2020-03/581208-omaha-006/581208-omaha-006-028.JPG	 						888	888	2	30.18	63	60	58			bc	cirro cum	9				
1873-10-18	14	-33.02	-71.63			a		https://s3.amazonaws.com/NARAprodstorage/lz/dc-metro/rg-024/581208/2020-03/581208-omaha-006/581208-omaha-006-028.JPG	https://s3.amazonaws.com/NARAprodstorage/lz/dc-metro/rg-024/581208/2020-03/581208-omaha-006/581208-omaha-006-028.JPG	 						888	888	5	30.18	63	60	58			bc	cirro cum	9				
1873-10-18	15	-33.02	-71.63			a		https://s3.amazonaws.com/NARAprodstorage/lz/dc-metro/rg-024/581208/2020-03/581208-omaha-006/581208-omaha-006-028.JPG	https://s3.amazonaws.com/NARAprodstorage/lz/dc-metro/rg-024/581208/2020-03/581208-omaha-006/581208-omaha-006-028.JPG	 						888	888	2	30.18	63	60	58			bc	cirro cum	9				
1873-10-18	16	-33.02	-71.63			a		https://s3.amazonaws.com/NARAprodstorage/lz/dc-metro/rg-024/581208/2020-03/581208-omaha-006/581208-omaha-006-028.JPG	https://s3.amazonaws.com/NARAprodstorage/lz/dc-metro/rg-024/581208/2020-03/581208-omaha-006/581208-omaha-006-028.JPG	 						888	888	2	30.18	63	60	58			bc	cirro cum	9				
1873-10-18	17	-33.02	-71.63			a		https://s3.amazonaws.com/NARAprodstorage/lz/dc-metro/rg-024/581208/2020-03/581208-omaha-006/581208-omaha-006-028.JPG	https://s3.amazonaws.com/NARAprodstorage/lz/dc-metro/rg-024/581208/2020-03/581208-omaha-006/581208-omaha-006-028.JPG	 						888	888	2	30.18	62	60	58			bc	cirro cum	8				
1873-10-18	18	-33.02	-71.63			a		https://s3.amazonaws.com/NARAprodstorage/lz/dc-metro/rg-024/581208/2020-03/581208-omaha-006/581208-omaha-006-028.JPG	https://s3.amazonaws.com/NARAprodstorage/lz/dc-metro/rg-024/581208/2020-03/581208-omaha-006/581208-omaha-006-028.JPG	 						888	888	2	30.18	63	60	58			bc	cirro cum	8				
1873-10-18	19	-33.02	-71.63			a		https://s3.amazonaws.com/NARAprodstorage/lz/dc-metro/rg-024/581208/2020-03/581208-omaha-006/581208-omaha-006-028.JPG	https://s3.amazonaws.com/NARAprodstorage/lz/dc-metro/rg-024/581208/2020-03/581208-omaha-006/581208-omaha-006-028.JPG	 						888	888	2	30.18	63	60	58			bc	cirro cum	8				
1873-10-18	20	-33.02	-71.63			a		https://s3.amazonaws.com/NARAprodstorage/lz/dc-metro/rg-024/581208/2020-03/581208-omaha-006/581208-omaha-006-028.JPG	https://s3.amazonaws.com/NARAprodstorage/lz/dc-metro/rg-024/581208/2020-03/581208-omaha-006/581208-omaha-006-028.JPG	 						888	888	2	30.18	63	60	58			bc	cirro cum	8				
1873-10-18	21	-33.02	-71.63			a		https://s3.amazonaws.com/NARAprodstorage/lz/dc-metro/rg-024/581208/2020-03/581208-omaha-006/581208-omaha-006-028.JPG	https://s3.amazonaws.com/NARAprodstorage/lz/dc-metro/rg-024/581208/2020-03/581208-omaha-006/581208-omaha-006-028.JPG	 						0	0	0	30.18	63	60	58			bc	cirro cum	9				
1873-10-18	22	-33.02	-71.63			a		https://s3.amazonaws.com/NARAprodstorage/lz/dc-metro/rg-024/581208/2020-03/581208-omaha-006/581208-omaha-006-028.JPG	https://s3.amazonaws.com/NARAprodstorage/lz/dc-metro/rg-024/581208/2020-03/581208-omaha-006/581208-omaha-006-028.JPG	 						0	0	0	30.18	63	58	57			bc	cirro cum	9				
1873-10-18	23	-33.02	-71.63			a		https://s3.amazonaws.com/NARAprodstorage/lz/dc-metro/rg-024/581208/2020-03/581208-omaha-006/581208-omaha-006-028.JPG	https://s3.amazonaws.com/NARAprodstorage/lz/dc-metro/rg-024/581208/2020-03/581208-omaha-006/581208-omaha-006-028.JPG	 						0	0	0	30.18	63	58	57			bc	cirro cum	9				
1873-10-18	24	-33.02	-71.63			a		https://s3.amazonaws.com/NARAprodstorage/lz/dc-metro/rg-024/581208/2020-03/581208-omaha-006/581208-omaha-006-028.JPG	https://s3.amazonaws.com/NARAprodstorage/lz/dc-metro/rg-024/581208/2020-03/581208-omaha-006/581208-omaha-006-028.JPG	 						0	0	0	30.18	64	58	57			bc	cirro cum	9				
1873-10-19	1	-33.02	-71.63			a		https://s3.amazonaws.com/NARAprodstorage/lz/dc-metro/rg-024/581208/2020-03/581208-omaha-006/581208-omaha-006-029.JPG	https://s3.amazonaws.com/NARAprodstorage/lz/dc-metro/rg-024/581208/2020-03/581208-omaha-006/581208-omaha-006-029.JPG	 						0	0	0	30.28	60	56	55			b	none	10				
1873-10-19	2	-33.02	-71.63			a		https://s3.amazonaws.com/NARAprodstorage/lz/dc-metro/rg-024/581208/2020-03/581208-omaha-006/581208-omaha-006-029.JPG	https://s3.amazonaws.com/NARAprodstorage/lz/dc-metro/rg-024/581208/2020-03/581208-omaha-006/581208-omaha-006-029.JPG	 						45	61	2	30.28	60	56	55			b	none	10				
1873-10-19	3	-33.02	-71.63			a		https://s3.amazonaws.com/NARAprodstorage/lz/dc-metro/rg-024/581208/2020-03/581208-omaha-006/581208-omaha-006-029.JPG	https://s3.amazonaws.com/NARAprodstorage/lz/dc-metro/rg-024/581208/2020-03/581208-omaha-006/581208-omaha-006-029.JPG	 						45	61	2	30.28	60	56	55			b	none	10				
1873-10-19	4	-33.02	-71.63			a		https://s3.amazonaws.com/NARAprodstorage/lz/dc-metro/rg-024/581208/2020-03/581208-omaha-006/581208-omaha-006-029.JPG	https://s3.amazonaws.com/NARAprodstorage/lz/dc-metro/rg-024/581208/2020-03/581208-omaha-006/581208-omaha-006-029.JPG	 						0	0	0	30.28	60	56	55			b	none	10				
1873-10-19	5	-33.02	-71.63			a		https://s3.amazonaws.com/NARAprodstorage/lz/dc-metro/rg-024/581208/2020-03/581208-omaha-006/581208-omaha-006-029.JPG	https://s3.amazonaws.com/NARAprodstorage/lz/dc-metro/rg-024/581208/2020-03/581208-omaha-006/581208-omaha-006-029.JPG	 						0	0	0	30.21	60	55	54			oc	nimb	0				
1873-10-19	6	-33.02	-71.63			a		https://s3.amazonaws.com/NARAprodstorage/lz/dc-metro/rg-024/581208/2020-03/581208-omaha-006/581208-omaha-006-029.JPG	https://s3.amazonaws.com/NARAprodstorage/lz/dc-metro/rg-024/581208/2020-03/581208-omaha-006/581208-omaha-006-029.JPG	 						0	0	0	30.21	60	55	54			oc	nimb	0				
1873-10-19	7	-33.02	-71.63			a		https://s3.amazonaws.com/NARAprodstorage/lz/dc-metro/rg-024/581208/2020-03/581208-omaha-006/581208-omaha-006-029.JPG	https://s3.amazonaws.com/NARAprodstorage/lz/dc-metro/rg-024/581208/2020-03/581208-omaha-006/581208-omaha-006-029.JPG	 						0	0	0	30.17	60	54	53			ocf	nimb	0				
1873-10-19	8	-33.02	-71.63			a		https://s3.amazonaws.com/NARAprodstorage/lz/dc-metro/rg-024/581208/2020-03/581208-omaha-006/581208-omaha-006-029.JPG	https://s3.amazonaws.com/NARAprodstorage/lz/dc-metro/rg-024/581208/2020-03/581208-omaha-006/581208-omaha-006-029.JPG	 						0	0	0	30.17	60	54	53			ocf	nimb	0				
1873-10-19	9	-33.02	-71.63			a		https://s3.amazonaws.com/NARAprodstorage/lz/dc-metro/rg-024/581208/2020-03/581208-omaha-006/581208-omaha-006-029.JPG	https://s3.amazonaws.com/NARAprodstorage/lz/dc-metro/rg-024/581208/2020-03/581208-omaha-006/581208-omaha-006-029.JPG	 						0	0	0	30.17	60	54	53			bcm	nimb	6				
1873-10-19	10	-33.02	-71.63			a		https://s3.amazonaws.com/NARAprodstorage/lz/dc-metro/rg-024/581208/2020-03/581208-omaha-006/581208-omaha-006-029.JPG	https://s3.amazonaws.com/NARAprodstorage/lz/dc-metro/rg-024/581208/2020-03/581208-omaha-006/581208-omaha-006-029.JPG	 						0	0	0	30.17	60	55	53			bcm	nimb	8				
1873-10-19	11	-33.02	-71.63			a		https://s3.amazonaws.com/NARAprodstorage/lz/dc-metro/rg-024/581208/2020-03/581208-omaha-006/581208-omaha-006-029.JPG	https://s3.amazonaws.com/NARAprodstorage/lz/dc-metro/rg-024/581208/2020-03/581208-omaha-006/581208-omaha-006-029.JPG	 						0	0	0	30.19	62	55	53			bm	nimb	9				
1873-10-19	12	-33.02	-71.63			a		https://s3.amazonaws.com/NARAprodstorage/lz/dc-metro/rg-024/581208/2020-03/581208-omaha-006/581208-omaha-006-029.JPG	https://s3.amazonaws.com/NARAprodstorage/lz/dc-metro/rg-024/581208/2020-03/581208-omaha-006/581208-omaha-006-029.JPG	"Noon: Valparaiso, Chile."						0	0	0	30.19	62	57	55			bm	nimb	9				
1873-10-19	13	-33.02	-71.63			a		https://s3.amazonaws.com/NARAprodstorage/lz/dc-metro/rg-024/581208/2020-03/581208-omaha-006/581208-omaha-006-029.JPG	https://s3.amazonaws.com/NARAprodstorage/lz/dc-metro/rg-024/581208/2020-03/581208-omaha-006/581208-omaha-006-029.JPG	 						0	0	0	30.17	65	64	62			b	n	10				
1873-10-19	14	-33.02	-71.63			a		https://s3.amazonaws.com/NARAprodstorage/lz/dc-metro/rg-024/581208/2020-03/581208-omaha-006/581208-omaha-006-029.JPG	https://s3.amazonaws.com/NARAprodstorage/lz/dc-metro/rg-024/581208/2020-03/581208-omaha-006/581208-omaha-006-029.JPG	 						0	0	0	30.17	65	64	62			b	n	10				
1873-10-19	15	-33.02	-71.63			a		https://s3.amazonaws.com/NARAprodstorage/lz/dc-metro/rg-024/581208/2020-03/581208-omaha-006/581208-omaha-006-029.JPG	https://s3.amazonaws.com/NARAprodstorage/lz/dc-metro/rg-024/581208/2020-03/581208-omaha-006/581208-omaha-006-029.JPG	 						0	0	0	30.17	65	64	62			b	n	10				
1873-10-19	16	-33.02	-71.63			a		https://s3.amazonaws.com/NARAprodstorage/lz/dc-metro/rg-024/581208/2020-03/581208-omaha-006/581208-omaha-006-029.JPG	https://s3.amazonaws.com/NARAprodstorage/lz/dc-metro/rg-024/581208/2020-03/581208-omaha-006/581208-omaha-006-029.JPG	 						0	0	0	30.17	65	64	62			b	n	10				
1873-10-19	17	-33.02	-71.63			a		https://s3.amazonaws.com/NARAprodstorage/lz/dc-metro/rg-024/581208/2020-03/581208-omaha-006/581208-omaha-006-029.JPG	https://s3.amazonaws.com/NARAprodstorage/lz/dc-metro/rg-024/581208/2020-03/581208-omaha-006/581208-omaha-006-029.JPG	 						0	0	0	30.18	65	65	60			b	n	10				
1873-10-19	18	-33.02	-71.63			a		https://s3.amazonaws.com/NARAprodstorage/lz/dc-metro/rg-024/581208/2020-03/581208-omaha-006/581208-omaha-006-029.JPG	https://s3.amazonaws.com/NARAprodstorage/lz/dc-metro/rg-024/581208/2020-03/581208-omaha-006/581208-omaha-006-029.JPG	 						0	0	0	30.18	65	65	60			b	n	10				
1873-10-19	19	-33.02	-71.63			a		https://s3.amazonaws.com/NARAprodstorage/lz/dc-metro/rg-024/581208/2020-03/581208-omaha-006/581208-omaha-006-029.JPG	https://s3.amazonaws.com/NARAprodstorage/lz/dc-metro/rg-024/581208/2020-03/581208-omaha-006/581208-omaha-006-029.JPG	 						0	0	0	30.18	65	65	60			b	n	10				
1873-10-19	20	-33.02	-71.63			a		https://s3.amazonaws.com/NARAprodstorage/lz/dc-metro/rg-024/581208/2020-03/581208-omaha-006/581208-omaha-006-029.JPG	https://s3.amazonaws.com/NARAprodstorage/lz/dc-metro/rg-024/581208/2020-03/581208-omaha-006/581208-omaha-006-029.JPG	 						0	0	0	30.18	65	64	60			b	n	10				
1873-10-19	21	-33.02	-71.63			a		https://s3.amazonaws.com/NARAprodstorage/lz/dc-metro/rg-024/581208/2020-03/581208-omaha-006/581208-omaha-006-029.JPG	https://s3.amazonaws.com/NARAprodstorage/lz/dc-metro/rg-024/581208/2020-03/581208-omaha-006/581208-omaha-006-029.JPG	 						0	0	0	30.16	64	58	56			b	n	10				
1873-10-19	22	-33.02	-71.63			a		https://s3.amazonaws.com/NARAprodstorage/lz/dc-metro/rg-024/581208/2020-03/581208-omaha-006/581208-omaha-006-029.JPG	https://s3.amazonaws.com/NARAprodstorage/lz/dc-metro/rg-024/581208/2020-03/581208-omaha-006/581208-omaha-006-029.JPG	 						0	0	0	30.16	64	58	56			b	n	10				
1873-10-19	23	-33.02	-71.63			a		https://s3.amazonaws.com/NARAprodstorage/lz/dc-metro/rg-024/581208/2020-03/581208-omaha-006/581208-omaha-006-029.JPG	https://s3.amazonaws.com/NARAprodstorage/lz/dc-metro/rg-024/581208/2020-03/581208-omaha-006/581208-omaha-006-029.JPG	 						0	0	0	30.14	64	58	56			b	n	10				
1873-10-19	24	-33.02	-71.63			a		https://s3.amazonaws.com/NARAprodstorage/lz/dc-metro/rg-024/581208/2020-03/581208-omaha-006/581208-omaha-006-029.JPG	https://s3.amazonaws.com/NARAprodstorage/lz/dc-metro/rg-024/581208/2020-03/581208-omaha-006/581208-omaha-006-029.JPG	 						0	0	0	30.14	64	58	56			b	n	10				
1873-10-20	1	-33.02	-71.63			a		https://s3.amazonaws.com/NARAprodstorage/lz/dc-metro/rg-024/581208/2020-03/581208-omaha-006/581208-omaha-006-030.JPG	https://s3.amazonaws.com/NARAprodstorage/lz/dc-metro/rg-024/581208/2020-03/581208-omaha-006/581208-omaha-006-030.JPG	 						0	0	0	30.15	62	58	56			b	none	10				
1873-10-20	2	-33.02	-71.63			a		https://s3.amazonaws.com/NARAprodstorage/lz/dc-metro/rg-024/581208/2020-03/581208-omaha-006/581208-omaha-006-030.JPG	https://s3.amazonaws.com/NARAprodstorage/lz/dc-metro/rg-024/581208/2020-03/581208-omaha-006/581208-omaha-006-030.JPG	 						0	0	0	30.15	62	57	55			b	none	10				
1873-10-20	3	-33.02	-71.63			a		https://s3.amazonaws.com/NARAprodstorage/lz/dc-metro/rg-024/581208/2020-03/581208-omaha-006/581208-omaha-006-030.JPG	https://s3.amazonaws.com/NARAprodstorage/lz/dc-metro/rg-024/581208/2020-03/581208-omaha-006/581208-omaha-006-030.JPG	 						0	0	0	30.15	61	57	55			b	none	10				
1873-10-20	4	-33.02	-71.63			a		https://s3.amazonaws.com/NARAprodstorage/lz/dc-metro/rg-024/581208/2020-03/581208-omaha-006/581208-omaha-006-030.JPG	https://s3.amazonaws.com/NARAprodstorage/lz/dc-metro/rg-024/581208/2020-03/581208-omaha-006/581208-omaha-006-030.JPG	 						0	0	0	30.15	61	56	55			b	none	10				
1873-10-20	5	-33.02	-71.63			a		https://s3.amazonaws.com/NARAprodstorage/lz/dc-metro/rg-024/581208/2020-03/581208-omaha-006/581208-omaha-006-030.JPG	https://s3.amazonaws.com/NARAprodstorage/lz/dc-metro/rg-024/581208/2020-03/581208-omaha-006/581208-omaha-006-030.JPG	 						0	0	0	30.15	61	56	55			bm	nimb	8				
1873-10-20	6	-33.02	-71.63			a		https://s3.amazonaws.com/NARAprodstorage/lz/dc-metro/rg-024/581208/2020-03/581208-omaha-006/581208-omaha-006-030.JPG	https://s3.amazonaws.com/NARAprodstorage/lz/dc-metro/rg-024/581208/2020-03/581208-omaha-006/581208-omaha-006-030.JPG	 						0	0	0	30.15	61	57	56			bm	nimb	8				
1873-10-20	7	-33.02	-71.63			a		https://s3.amazonaws.com/NARAprodstorage/lz/dc-metro/rg-024/581208/2020-03/581208-omaha-006/581208-omaha-006-030.JPG	https://s3.amazonaws.com/NARAprodstorage/lz/dc-metro/rg-024/581208/2020-03/581208-omaha-006/581208-omaha-006-030.JPG	 						0	0	0	30.16	62	57	56			bm	nimb	9				
1873-10-20	8	-33.02	-71.63			a		https://s3.amazonaws.com/NARAprodstorage/lz/dc-metro/rg-024/581208/2020-03/581208-omaha-006/581208-omaha-006-030.JPG	https://s3.amazonaws.com/NARAprodstorage/lz/dc-metro/rg-024/581208/2020-03/581208-omaha-006/581208-omaha-006-030.JPG	 						0	0	0	30.16	62	59	57			bm	nimb	9				
1873-10-20	9	-33.02	-71.63			a		https://s3.amazonaws.com/NARAprodstorage/lz/dc-metro/rg-024/581208/2020-03/581208-omaha-006/581208-omaha-006-030.JPG	https://s3.amazonaws.com/NARAprodstorage/lz/dc-metro/rg-024/581208/2020-03/581208-omaha-006/581208-omaha-006-030.JPG	 						0	0	0	30.14	66	70	62			b	none	10				
1873-10-20	10	-33.02	-71.63			a		https://s3.amazonaws.com/NARAprodstorage/lz/dc-metro/rg-024/581208/2020-03/581208-omaha-006/581208-omaha-006-030.JPG	https://s3.amazonaws.com/NARAprodstorage/lz/dc-metro/rg-024/581208/2020-03/581208-omaha-006/581208-omaha-006-030.JPG	 						0	0	0	30.13	66	70	62			b	none	10				
1873-10-20	11	-33.02	-71.63			a		https://s3.amazonaws.com/NARAprodstorage/lz/dc-metro/rg-024/581208/2020-03/581208-omaha-006/581208-omaha-006-030.JPG	https://s3.amazonaws.com/NARAprodstorage/lz/dc-metro/rg-024/581208/2020-03/581208-omaha-006/581208-omaha-006-030.JPG	 						225	241	12	30.13	66	70	62			b	none	10				
1873-10-20	12	-33.02	-71.63			a		https://s3.amazonaws.com/NARAprodstorage/lz/dc-metro/rg-024/581208/2020-03/581208-omaha-006/581208-omaha-006-030.JPG	https://s3.amazonaws.com/NARAprodstorage/lz/dc-metro/rg-024/581208/2020-03/581208-omaha-006/581208-omaha-006-030.JPG	"Noon: Valparaiso, Chile."						225	241	9	30.13	66	70	62			b	none	10				
1873-10-20	13	-33.02	-71.63			a		https://s3.amazonaws.com/NARAprodstorage/lz/dc-metro/rg-024/581208/2020-03/581208-omaha-006/581208-omaha-006-030.JPG	https://s3.amazonaws.com/NARAprodstorage/lz/dc-metro/rg-024/581208/2020-03/581208-omaha-006/581208-omaha-006-030.JPG	 						225	241	5	30.12	67	70	62			b	none	10				
1873-10-20	14	-33.02	-71.63			a		https://s3.amazonaws.com/NARAprodstorage/lz/dc-metro/rg-024/581208/2020-03/581208-omaha-006/581208-omaha-006-030.JPG	https://s3.amazonaws.com/NARAprodstorage/lz/dc-metro/rg-024/581208/2020-03/581208-omaha-006/581208-omaha-006-030.JPG	 						225	241	5	30.12	67	70	62			b	none	10				
1873-10-20	15	-33.02	-71.63			a		https://s3.amazonaws.com/NARAprodstorage/lz/dc-metro/rg-024/581208/2020-03/581208-omaha-006/581208-omaha-006-030.JPG	https://s3.amazonaws.com/NARAprodstorage/lz/dc-metro/rg-024/581208/2020-03/581208-omaha-006/581208-omaha-006-030.JPG	 						225	241	5	30.12	67	70	62			b	none	10				
1873-10-20	16	-33.02	-71.63			a		https://s3.amazonaws.com/NARAprodstorage/lz/dc-metro/rg-024/581208/2020-03/581208-omaha-006/581208-omaha-006-030.JPG	https://s3.amazonaws.com/NARAprodstorage/lz/dc-metro/rg-024/581208/2020-03/581208-omaha-006/581208-omaha-006-030.JPG	 						225	241	5	30.12	67	70	62			b	none	10				
1873-10-20	17	-33.02	-71.63			a		https://s3.amazonaws.com/NARAprodstorage/lz/dc-metro/rg-024/581208/2020-03/581208-omaha-006/581208-omaha-006-030.JPG	https://s3.amazonaws.com/NARAprodstorage/lz/dc-metro/rg-024/581208/2020-03/581208-omaha-006/581208-omaha-006-030.JPG	 						888	888	5	30.15	68	64	59			b	none	10				
1873-10-20	18	-33.02	-71.63			a		https://s3.amazonaws.com/NARAprodstorage/lz/dc-metro/rg-024/581208/2020-03/581208-omaha-006/581208-omaha-006-030.JPG	https://s3.amazonaws.com/NARAprodstorage/lz/dc-metro/rg-024/581208/2020-03/581208-omaha-006/581208-omaha-006-030.JPG	 						888	888	5	30.15	68	64	59			b	none	10				
1873-10-20	19	-33.02	-71.63			a		https://s3.amazonaws.com/NARAprodstorage/lz/dc-metro/rg-024/581208/2020-03/581208-omaha-006/581208-omaha-006-030.JPG	https://s3.amazonaws.com/NARAprodstorage/lz/dc-metro/rg-024/581208/2020-03/581208-omaha-006/581208-omaha-006-030.JPG	 						888	888	5	30.15	68	64	59			b	none	10				
1873-10-20	20	-33.02	-71.63			a		https://s3.amazonaws.com/NARAprodstorage/lz/dc-metro/rg-024/581208/2020-03/581208-omaha-006/581208-omaha-006-030.JPG	https://s3.amazonaws.com/NARAprodstorage/lz/dc-metro/rg-024/581208/2020-03/581208-omaha-006/581208-omaha-006-030.JPG	 						888	888	5	30.15	68	64	59			b	none	10				
1873-10-20	21	-33.02	-71.63			a		https://s3.amazonaws.com/NARAprodstorage/lz/dc-metro/rg-024/581208/2020-03/581208-omaha-006/581208-omaha-006-030.JPG	https://s3.amazonaws.com/NARAprodstorage/lz/dc-metro/rg-024/581208/2020-03/581208-omaha-006/581208-omaha-006-030.JPG	 						0	0	0	30.15	68	64	59			b	none	10				
1873-10-20	22	-33.02	-71.63			a		https://s3.amazonaws.com/NARAprodstorage/lz/dc-metro/rg-024/581208/2020-03/581208-omaha-006/581208-omaha-006-030.JPG	https://s3.amazonaws.com/NARAprodstorage/lz/dc-metro/rg-024/581208/2020-03/581208-omaha-006/581208-omaha-006-030.JPG	 						0	0	0	30.15	67	63	59			b	none	10				
1873-10-20	23	-33.02	-71.63			a		https://s3.amazonaws.com/NARAprodstorage/lz/dc-metro/rg-024/581208/2020-03/581208-omaha-006/581208-omaha-006-030.JPG	https://s3.amazonaws.com/NARAprodstorage/lz/dc-metro/rg-024/581208/2020-03/581208-omaha-006/581208-omaha-006-030.JPG	 						0	0	0	30.15	67	62	58			b	none	10				
1873-10-20	24	-33.02	-71.63			a		https://s3.amazonaws.com/NARAprodstorage/lz/dc-metro/rg-024/581208/2020-03/581208-omaha-006/581208-omaha-006-030.JPG	https://s3.amazonaws.com/NARAprodstorage/lz/dc-metro/rg-024/581208/2020-03/581208-omaha-006/581208-omaha-006-030.JPG	 						0	0	0	30.15	66	60	57			b	none	10				
1873-10-21	1	-33.02	-71.63			a		https://s3.amazonaws.com/NARAprodstorage/lz/dc-metro/rg-024/581208/2020-03/581208-omaha-006/581208-omaha-006-031.JPG	https://s3.amazonaws.com/NARAprodstorage/lz/dc-metro/rg-024/581208/2020-03/581208-omaha-006/581208-omaha-006-031.JPG	 						0	0	0	30.17	63	58	56			b	none	10				
1873-10-21	2	-33.02	-71.63			a		https://s3.amazonaws.com/NARAprodstorage/lz/dc-metro/rg-024/581208/2020-03/581208-omaha-006/581208-omaha-006-031.JPG	https://s3.amazonaws.com/NARAprodstorage/lz/dc-metro/rg-024/581208/2020-03/581208-omaha-006/581208-omaha-006-031.JPG	 						0	0	0	30.17	63	58	56			b	none	10				
1873-10-21	3	-33.02	-71.63			a		https://s3.amazonaws.com/NARAprodstorage/lz/dc-metro/rg-024/581208/2020-03/581208-omaha-006/581208-omaha-006-031.JPG	https://s3.amazonaws.com/NARAprodstorage/lz/dc-metro/rg-024/581208/2020-03/581208-omaha-006/581208-omaha-006-031.JPG	 						0	0	0	30.17	63	58	56			b	none	10				
1873-10-21	4	-33.02	-71.63			a		https://s3.amazonaws.com/NARAprodstorage/lz/dc-metro/rg-024/581208/2020-03/581208-omaha-006/581208-omaha-006-031.JPG	https://s3.amazonaws.com/NARAprodstorage/lz/dc-metro/rg-024/581208/2020-03/581208-omaha-006/581208-omaha-006-031.JPG	 						0	0	0	30.17	63	58	56			b	none	10				
1873-10-21	5	-33.02	-71.63			a		https://s3.amazonaws.com/NARAprodstorage/lz/dc-metro/rg-024/581208/2020-03/581208-omaha-006/581208-omaha-006-031.JPG	https://s3.amazonaws.com/NARAprodstorage/lz/dc-metro/rg-024/581208/2020-03/581208-omaha-006/581208-omaha-006-031.JPG	 						0	0	0	30.13	64	58	56			bc	cir cum	9				
1873-10-21	6	-33.02	-71.63			a		https://s3.amazonaws.com/NARAprodstorage/lz/dc-metro/rg-024/581208/2020-03/581208-omaha-006/581208-omaha-006-031.JPG	https://s3.amazonaws.com/NARAprodstorage/lz/dc-metro/rg-024/581208/2020-03/581208-omaha-006/581208-omaha-006-031.JPG	 						0	0	0	30.13	64	58	56			bc	cir cum	7				
1873-10-21	7	-33.02	-71.63			a		https://s3.amazonaws.com/NARAprodstorage/lz/dc-metro/rg-024/581208/2020-03/581208-omaha-006/581208-omaha-006-031.JPG	https://s3.amazonaws.com/NARAprodstorage/lz/dc-metro/rg-024/581208/2020-03/581208-omaha-006/581208-omaha-006-031.JPG	 						0	0	0	30.13	64	58	56			bc	cir cum	6				
1873-10-21	8	-33.02	-71.63			a		https://s3.amazonaws.com/NARAprodstorage/lz/dc-metro/rg-024/581208/2020-03/581208-omaha-006/581208-omaha-006-031.JPG	https://s3.amazonaws.com/NARAprodstorage/lz/dc-metro/rg-024/581208/2020-03/581208-omaha-006/581208-omaha-006-031.JPG	 						0	0	0	30.13	64	58	56			bc	cir cum	5				
1873-10-21	9	-33.02	-71.63			a		https://s3.amazonaws.com/NARAprodstorage/lz/dc-metro/rg-024/581208/2020-03/581208-omaha-006/581208-omaha-006-031.JPG	https://s3.amazonaws.com/NARAprodstorage/lz/dc-metro/rg-024/581208/2020-03/581208-omaha-006/581208-omaha-006-031.JPG	 						135	151	2	30.12	65	62	60			bc	cir cum	5				
1873-10-21	10	-33.02	-71.63			a		https://s3.amazonaws.com/NARAprodstorage/lz/dc-metro/rg-024/581208/2020-03/581208-omaha-006/581208-omaha-006-031.JPG	https://s3.amazonaws.com/NARAprodstorage/lz/dc-metro/rg-024/581208/2020-03/581208-omaha-006/581208-omaha-006-031.JPG	 						135	151	2	30.12	65	63	60			bc	cir cum	9				
1873-10-21	11	-33.02	-71.63			a		https://s3.amazonaws.com/NARAprodstorage/lz/dc-metro/rg-024/581208/2020-03/581208-omaha-006/581208-omaha-006-031.JPG	https://s3.amazonaws.com/NARAprodstorage/lz/dc-metro/rg-024/581208/2020-03/581208-omaha-006/581208-omaha-006-031.JPG	 						135	151	2	30.12	65	63	60			bc	cir cum	9				
1873-10-21	12	-33.02	-71.63			a		https://s3.amazonaws.com/NARAprodstorage/lz/dc-metro/rg-024/581208/2020-03/581208-omaha-006/581208-omaha-006-031.JPG	https://s3.amazonaws.com/NARAprodstorage/lz/dc-metro/rg-024/581208/2020-03/581208-omaha-006/581208-omaha-006-031.JPG	"Noon: Valparaiso, Chile."						135	151	2	30.12	65	64	61			bc	cir cum	9				
1873-10-21	13	-33.02	-71.63			a		https://s3.amazonaws.com/NARAprodstorage/lz/dc-metro/rg-024/581208/2020-03/581208-omaha-006/581208-omaha-006-031.JPG	https://s3.amazonaws.com/NARAprodstorage/lz/dc-metro/rg-024/581208/2020-03/581208-omaha-006/581208-omaha-006-031.JPG	 						225	241	8	30.12	68	67	62			bc	cir cum	8				
1873-10-21	14	-33.02	-71.63			a		https://s3.amazonaws.com/NARAprodstorage/lz/dc-metro/rg-024/581208/2020-03/581208-omaha-006/581208-omaha-006-031.JPG	https://s3.amazonaws.com/NARAprodstorage/lz/dc-metro/rg-024/581208/2020-03/581208-omaha-006/581208-omaha-006-031.JPG	 						225	241	8	30.12	68	67	62			bc	cir cum	8				
1873-10-21	15	-33.02	-71.63			a		https://s3.amazonaws.com/NARAprodstorage/lz/dc-metro/rg-024/581208/2020-03/581208-omaha-006/581208-omaha-006-031.JPG	https://s3.amazonaws.com/NARAprodstorage/lz/dc-metro/rg-024/581208/2020-03/581208-omaha-006/581208-omaha-006-031.JPG	 						225	241	5	30.12	68	68	63			bc	cir cum	7				
1873-10-21	16	-33.02	-71.63			a		https://s3.amazonaws.com/NARAprodstorage/lz/dc-metro/rg-024/581208/2020-03/581208-omaha-006/581208-omaha-006-031.JPG	https://s3.amazonaws.com/NARAprodstorage/lz/dc-metro/rg-024/581208/2020-03/581208-omaha-006/581208-omaha-006-031.JPG	 						225	241	2	30.12	68	68	63			bc	cir cum	6				
1873-10-21	17	-33.02	-71.63			a		https://s3.amazonaws.com/NARAprodstorage/lz/dc-metro/rg-024/581208/2020-03/581208-omaha-006/581208-omaha-006-031.JPG	https://s3.amazonaws.com/NARAprodstorage/lz/dc-metro/rg-024/581208/2020-03/581208-omaha-006/581208-omaha-006-031.JPG	 						225	241	2	30.12	68	68	63			bc	cir cum	7				
1873-10-21	18	-33.02	-71.63			a		https://s3.amazonaws.com/NARAprodstorage/lz/dc-metro/rg-024/581208/2020-03/581208-omaha-006/581208-omaha-006-031.JPG	https://s3.amazonaws.com/NARAprodstorage/lz/dc-metro/rg-024/581208/2020-03/581208-omaha-006/581208-omaha-006-031.JPG	 						225	241	2	30.12	68	66	61			bc	cir cum	7				
1873-10-21	19	-33.02	-71.63			a		https://s3.amazonaws.com/NARAprodstorage/lz/dc-metro/rg-024/581208/2020-03/581208-omaha-006/581208-omaha-006-031.JPG	https://s3.amazonaws.com/NARAprodstorage/lz/dc-metro/rg-024/581208/2020-03/581208-omaha-006/581208-omaha-006-031.JPG	 						0	0	0	30.12	68	64	60			b	none	10				
1873-10-21	20	-33.02	-71.63			a		https://s3.amazonaws.com/NARAprodstorage/lz/dc-metro/rg-024/581208/2020-03/581208-omaha-006/581208-omaha-006-031.JPG	https://s3.amazonaws.com/NARAprodstorage/lz/dc-metro/rg-024/581208/2020-03/581208-omaha-006/581208-omaha-006-031.JPG	 						0	0	0	30.13	68	62	58			b	none	10				
1873-10-21	21	-33.02	-71.63			a		https://s3.amazonaws.com/NARAprodstorage/lz/dc-metro/rg-024/581208/2020-03/581208-omaha-006/581208-omaha-006-031.JPG	https://s3.amazonaws.com/NARAprodstorage/lz/dc-metro/rg-024/581208/2020-03/581208-omaha-006/581208-omaha-006-031.JPG	 						0	0	0	30.13	68	62	58			oc	nimb	0				
1873-10-21	22	-33.02	-71.63			a		https://s3.amazonaws.com/NARAprodstorage/lz/dc-metro/rg-024/581208/2020-03/581208-omaha-006/581208-omaha-006-031.JPG	https://s3.amazonaws.com/NARAprodstorage/lz/dc-metro/rg-024/581208/2020-03/581208-omaha-006/581208-omaha-006-031.JPG	 						0	0	0	30.13	68	62	58			oc	nimb	0				
1873-10-21	23	-33.02	-71.63			a		https://s3.amazonaws.com/NARAprodstorage/lz/dc-metro/rg-024/581208/2020-03/581208-omaha-006/581208-omaha-006-031.JPG	https://s3.amazonaws.com/NARAprodstorage/lz/dc-metro/rg-024/581208/2020-03/581208-omaha-006/581208-omaha-006-031.JPG	 						0	0	0	30.13	68	62	58			oc	nimb	0				
1873-10-21	24	-33.02	-71.63			a		https://s3.amazonaws.com/NARAprodstorage/lz/dc-metro/rg-024/581208/2020-03/581208-omaha-006/581208-omaha-006-031.JPG	https://s3.amazonaws.com/NARAprodstorage/lz/dc-metro/rg-024/581208/2020-03/581208-omaha-006/581208-omaha-006-031.JPG	 						0	0	0	30.17	66	60	58			oc	nimb	0				
1873-10-22	1	-33.02	-71.63			a		https://s3.amazonaws.com/NARAprodstorage/lz/dc-metro/rg-024/581208/2020-03/581208-omaha-006/581208-omaha-006-032.JPG	https://s3.amazonaws.com/NARAprodstorage/lz/dc-metro/rg-024/581208/2020-03/581208-omaha-006/581208-omaha-006-032.JPG	 						888	888	2	30.12	60	56	55			oc	cum nim	0				
1873-10-22	2	-33.02	-71.63			a		https://s3.amazonaws.com/NARAprodstorage/lz/dc-metro/rg-024/581208/2020-03/581208-omaha-006/581208-omaha-006-032.JPG	https://s3.amazonaws.com/NARAprodstorage/lz/dc-metro/rg-024/581208/2020-03/581208-omaha-006/581208-omaha-006-032.JPG	 						888	888	2	30.12	60	56	55			oc	cum nim	0				
1873-10-22	3	-33.02	-71.63			a		https://s3.amazonaws.com/NARAprodstorage/lz/dc-metro/rg-024/581208/2020-03/581208-omaha-006/581208-omaha-006-032.JPG	https://s3.amazonaws.com/NARAprodstorage/lz/dc-metro/rg-024/581208/2020-03/581208-omaha-006/581208-omaha-006-032.JPG	 						888	888	2	30.12	61	57	55			oc	cum nim	0				
1873-10-22	4	-33.02	-71.63			a		https://s3.amazonaws.com/NARAprodstorage/lz/dc-metro/rg-024/581208/2020-03/581208-omaha-006/581208-omaha-006-032.JPG	https://s3.amazonaws.com/NARAprodstorage/lz/dc-metro/rg-024/581208/2020-03/581208-omaha-006/581208-omaha-006-032.JPG	 						888	888	2	30.12	61	57	55			oc	cum nim	0				
1873-10-22	5	-33.02	-71.63			a		https://s3.amazonaws.com/NARAprodstorage/lz/dc-metro/rg-024/581208/2020-03/581208-omaha-006/581208-omaha-006-032.JPG	https://s3.amazonaws.com/NARAprodstorage/lz/dc-metro/rg-024/581208/2020-03/581208-omaha-006/581208-omaha-006-032.JPG	 						0	0	0	30.13	64	59	57			oc	nimb	0				
1873-10-22	6	-33.02	-71.63			a		https://s3.amazonaws.com/NARAprodstorage/lz/dc-metro/rg-024/581208/2020-03/581208-omaha-006/581208-omaha-006-032.JPG	https://s3.amazonaws.com/NARAprodstorage/lz/dc-metro/rg-024/581208/2020-03/581208-omaha-006/581208-omaha-006-032.JPG	 						0	0	0	30.13	64	59	57			oc	nimb	0				
1873-10-22	7	-33.02	-71.63			a		https://s3.amazonaws.com/NARAprodstorage/lz/dc-metro/rg-024/581208/2020-03/581208-omaha-006/581208-omaha-006-032.JPG	https://s3.amazonaws.com/NARAprodstorage/lz/dc-metro/rg-024/581208/2020-03/581208-omaha-006/581208-omaha-006-032.JPG	 						0	0	0	30.13	64	59	57			oc	nimb	0				
1873-10-22	8	-33.02	-71.63			a		https://s3.amazonaws.com/NARAprodstorage/lz/dc-metro/rg-024/581208/2020-03/581208-omaha-006/581208-omaha-006-032.JPG	https://s3.amazonaws.com/NARAprodstorage/lz/dc-metro/rg-024/581208/2020-03/581208-omaha-006/581208-omaha-006-032.JPG	 						0	0	0	30.13	64	59	57			oc	nimb	0				
1873-10-22	9	-33.02	-71.63			a		https://s3.amazonaws.com/NARAprodstorage/lz/dc-metro/rg-024/581208/2020-03/581208-omaha-006/581208-omaha-006-032.JPG	https://s3.amazonaws.com/NARAprodstorage/lz/dc-metro/rg-024/581208/2020-03/581208-omaha-006/581208-omaha-006-032.JPG	 						0	0	0	30.13	64	59	57			ocm	nimb	0				
1873-10-22	10	-33.02	-71.63			a		https://s3.amazonaws.com/NARAprodstorage/lz/dc-metro/rg-024/581208/2020-03/581208-omaha-006/581208-omaha-006-032.JPG	https://s3.amazonaws.com/NARAprodstorage/lz/dc-metro/rg-024/581208/2020-03/581208-omaha-006/581208-omaha-006-032.JPG	 						315	331	2	30.13	64	59	57			ocm	nimb	0				
1873-10-22	11	-33.02	-71.63			a		https://s3.amazonaws.com/NARAprodstorage/lz/dc-metro/rg-024/581208/2020-03/581208-omaha-006/581208-omaha-006-032.JPG	https://s3.amazonaws.com/NARAprodstorage/lz/dc-metro/rg-024/581208/2020-03/581208-omaha-006/581208-omaha-006-032.JPG	 						315	331	2	30.21	64	58	56			ocm	nimb	0				
1873-10-22	12	-33.02	-71.63			a		https://s3.amazonaws.com/NARAprodstorage/lz/dc-metro/rg-024/581208/2020-03/581208-omaha-006/581208-omaha-006-032.JPG	https://s3.amazonaws.com/NARAprodstorage/lz/dc-metro/rg-024/581208/2020-03/581208-omaha-006/581208-omaha-006-032.JPG	"Noon: Valparaiso, Chile."						315	331	2	30.22	61	58	56			ocm	nimb	0				
1873-10-22	13	-33.02	-71.63			a		https://s3.amazonaws.com/NARAprodstorage/lz/dc-metro/rg-024/581208/2020-03/581208-omaha-006/581208-omaha-006-032.JPG	https://s3.amazonaws.com/NARAprodstorage/lz/dc-metro/rg-024/581208/2020-03/581208-omaha-006/581208-omaha-006-032.JPG	 						135	151	2	30.25	64	58	56			oc	nimb	0				
1873-10-22	14	-33.02	-71.63			a		https://s3.amazonaws.com/NARAprodstorage/lz/dc-metro/rg-024/581208/2020-03/581208-omaha-006/581208-omaha-006-032.JPG	https://s3.amazonaws.com/NARAprodstorage/lz/dc-metro/rg-024/581208/2020-03/581208-omaha-006/581208-omaha-006-032.JPG	 						135	151	2	30.25	64	58	56			oc	nimb	0				
1873-10-22	15	-33.02	-71.63			a		https://s3.amazonaws.com/NARAprodstorage/lz/dc-metro/rg-024/581208/2020-03/581208-omaha-006/581208-omaha-006-032.JPG	https://s3.amazonaws.com/NARAprodstorage/lz/dc-metro/rg-024/581208/2020-03/581208-omaha-006/581208-omaha-006-032.JPG	 						135	151	2	30.25	64	58	56			oc	nimb	0				
1873-10-22	16	-33.02	-71.63			a		https://s3.amazonaws.com/NARAprodstorage/lz/dc-metro/rg-024/581208/2020-03/581208-omaha-006/581208-omaha-006-032.JPG	https://s3.amazonaws.com/NARAprodstorage/lz/dc-metro/rg-024/581208/2020-03/581208-omaha-006/581208-omaha-006-032.JPG	 						135	151	2	30.25	64	58	56			oc	nimb	0				
1873-10-22	17	-33.02	-71.63			a		https://s3.amazonaws.com/NARAprodstorage/lz/dc-metro/rg-024/581208/2020-03/581208-omaha-006/581208-omaha-006-032.JPG	https://s3.amazonaws.com/NARAprodstorage/lz/dc-metro/rg-024/581208/2020-03/581208-omaha-006/581208-omaha-006-032.JPG	 						888	888	2	30.25	64	58	56			bc	nimb	4				
1873-10-22	18	-33.02	-71.63			a		https://s3.amazonaws.com/NARAprodstorage/lz/dc-metro/rg-024/581208/2020-03/581208-omaha-006/581208-omaha-006-032.JPG	https://s3.amazonaws.com/NARAprodstorage/lz/dc-metro/rg-024/581208/2020-03/581208-omaha-006/581208-omaha-006-032.JPG	 						888	888	2	30.25	64	58	56			bc	Nimb Cir	4				
1873-10-22	19	-33.02	-71.63			a		https://s3.amazonaws.com/NARAprodstorage/lz/dc-metro/rg-024/581208/2020-03/581208-omaha-006/581208-omaha-006-032.JPG	https://s3.amazonaws.com/NARAprodstorage/lz/dc-metro/rg-024/581208/2020-03/581208-omaha-006/581208-omaha-006-032.JPG	 						0	0	0	30.25	64	58	56			bc	Nimb Cir	5				
1873-10-22	20	-33.02	-71.63			a		https://s3.amazonaws.com/NARAprodstorage/lz/dc-metro/rg-024/581208/2020-03/581208-omaha-006/581208-omaha-006-032.JPG	https://s3.amazonaws.com/NARAprodstorage/lz/dc-metro/rg-024/581208/2020-03/581208-omaha-006/581208-omaha-006-032.JPG	 						0	0	0	30.25	64	58	56			bc	Nimb Cir	5				
1873-10-22	21	-33.02	-71.63			a		https://s3.amazonaws.com/NARAprodstorage/lz/dc-metro/rg-024/581208/2020-03/581208-omaha-006/581208-omaha-006-032.JPG	https://s3.amazonaws.com/NARAprodstorage/lz/dc-metro/rg-024/581208/2020-03/581208-omaha-006/581208-omaha-006-032.JPG	 						0	0	0	30.25	64	58	56			oc	cum nim	0				
1873-10-22	22	-33.02	-71.63			a		https://s3.amazonaws.com/NARAprodstorage/lz/dc-metro/rg-024/581208/2020-03/581208-omaha-006/581208-omaha-006-032.JPG	https://s3.amazonaws.com/NARAprodstorage/lz/dc-metro/rg-024/581208/2020-03/581208-omaha-006/581208-omaha-006-032.JPG	 						135	151	2	30.12	63	58	56			bc	cum	5				
1873-10-22	23	-33.02	-71.63			a		https://s3.amazonaws.com/NARAprodstorage/lz/dc-metro/rg-024/581208/2020-03/581208-omaha-006/581208-omaha-006-032.JPG	https://s3.amazonaws.com/NARAprodstorage/lz/dc-metro/rg-024/581208/2020-03/581208-omaha-006/581208-omaha-006-032.JPG	 						135	151	5	30.12	63	58	56			bc	cum	8				
1873-10-22	24	-33.02	-71.63			a		https://s3.amazonaws.com/NARAprodstorage/lz/dc-metro/rg-024/581208/2020-03/581208-omaha-006/581208-omaha-006-032.JPG	https://s3.amazonaws.com/NARAprodstorage/lz/dc-metro/rg-024/581208/2020-03/581208-omaha-006/581208-omaha-006-032.JPG	 						135	151	8	30.11	63	58	56			bc	cum	9				
1873-10-23	1	-33.02	-71.63			a		https://s3.amazonaws.com/NARAprodstorage/lz/dc-metro/rg-024/581208/2020-03/581208-omaha-006/581208-omaha-006-033.JPG	https://s3.amazonaws.com/NARAprodstorage/lz/dc-metro/rg-024/581208/2020-03/581208-omaha-006/581208-omaha-006-033.JPG	 						45	61	5	30.14	63	57	55			bc	cir cum nim	6				
1873-10-23	2	-33.02	-71.63			a		https://s3.amazonaws.com/NARAprodstorage/lz/dc-metro/rg-024/581208/2020-03/581208-omaha-006/581208-omaha-006-033.JPG	https://s3.amazonaws.com/NARAprodstorage/lz/dc-metro/rg-024/581208/2020-03/581208-omaha-006/581208-omaha-006-033.JPG	 						888	888	9	30.14	63	57	55			bc	cir cum nim	7				
1873-10-23	3	-33.02	-71.63			a		https://s3.amazonaws.com/NARAprodstorage/lz/dc-metro/rg-024/581208/2020-03/581208-omaha-006/581208-omaha-006-033.JPG	https://s3.amazonaws.com/NARAprodstorage/lz/dc-metro/rg-024/581208/2020-03/581208-omaha-006/581208-omaha-006-033.JPG	 						45	61	5	30.14	63	57	55			bc	cir cum nim	7				
1873-10-23	4	-33.02	-71.63			a		https://s3.amazonaws.com/NARAprodstorage/lz/dc-metro/rg-024/581208/2020-03/581208-omaha-006/581208-omaha-006-033.JPG	https://s3.amazonaws.com/NARAprodstorage/lz/dc-metro/rg-024/581208/2020-03/581208-omaha-006/581208-omaha-006-033.JPG	 						45	61	5	30.14	63	57	55			bc	cir cum nim	6				
1873-10-23	5	-33.02	-71.63			a		https://s3.amazonaws.com/NARAprodstorage/lz/dc-metro/rg-024/581208/2020-03/581208-omaha-006/581208-omaha-006-033.JPG	https://s3.amazonaws.com/NARAprodstorage/lz/dc-metro/rg-024/581208/2020-03/581208-omaha-006/581208-omaha-006-033.JPG	 						0	0	0	30.14	63	57	55			bc	cir cum nim	6				
1873-10-23	6	-33.02	-71.63			a		https://s3.amazonaws.com/NARAprodstorage/lz/dc-metro/rg-024/581208/2020-03/581208-omaha-006/581208-omaha-006-033.JPG	https://s3.amazonaws.com/NARAprodstorage/lz/dc-metro/rg-024/581208/2020-03/581208-omaha-006/581208-omaha-006-033.JPG	 						0	0	0	30.2	63	57	55			bc	cir cum nim	5				
1873-10-23	7	-33.02	-71.63			a		https://s3.amazonaws.com/NARAprodstorage/lz/dc-metro/rg-024/581208/2020-03/581208-omaha-006/581208-omaha-006-033.JPG	https://s3.amazonaws.com/NARAprodstorage/lz/dc-metro/rg-024/581208/2020-03/581208-omaha-006/581208-omaha-006-033.JPG	 						0	0	0	30.2	63	57	55			o	cir cum nim	0				
1873-10-23	8	-33.02	-71.63			a		https://s3.amazonaws.com/NARAprodstorage/lz/dc-metro/rg-024/581208/2020-03/581208-omaha-006/581208-omaha-006-033.JPG	https://s3.amazonaws.com/NARAprodstorage/lz/dc-metro/rg-024/581208/2020-03/581208-omaha-006/581208-omaha-006-033.JPG	 						0	0	0	30.22	63	58	56			o	cir cum nim	0				
1873-10-23	9	-33.02	-71.63			a		https://s3.amazonaws.com/NARAprodstorage/lz/dc-metro/rg-024/581208/2020-03/581208-omaha-006/581208-omaha-006-033.JPG	https://s3.amazonaws.com/NARAprodstorage/lz/dc-metro/rg-024/581208/2020-03/581208-omaha-006/581208-omaha-006-033.JPG	 						0	0	0	30.22	63	60	57			bc	cir cum	8				
1873-10-23	10	-33.02	-71.63			a		https://s3.amazonaws.com/NARAprodstorage/lz/dc-metro/rg-024/581208/2020-03/581208-omaha-006/581208-omaha-006-033.JPG	https://s3.amazonaws.com/NARAprodstorage/lz/dc-metro/rg-024/581208/2020-03/581208-omaha-006/581208-omaha-006-033.JPG	 						0	0	0	30.22	63	60	57			bc	cir cum	8				
1873-10-23	11	-33.02	-71.63			a		https://s3.amazonaws.com/NARAprodstorage/lz/dc-metro/rg-024/581208/2020-03/581208-omaha-006/581208-omaha-006-033.JPG	https://s3.amazonaws.com/NARAprodstorage/lz/dc-metro/rg-024/581208/2020-03/581208-omaha-006/581208-omaha-006-033.JPG	 						0	0	0	30.22	64	60	57			bc	cir cum	8				
1873-10-23	12	-33.02	-71.63			a		https://s3.amazonaws.com/NARAprodstorage/lz/dc-metro/rg-024/581208/2020-03/581208-omaha-006/581208-omaha-006-033.JPG	https://s3.amazonaws.com/NARAprodstorage/lz/dc-metro/rg-024/581208/2020-03/581208-omaha-006/581208-omaha-006-033.JPG	"Noon: Valparaiso, Chile."						0	0	0	30.24	64	60	57			bc	cir cum	9				
1873-10-23	13	-33.02	-71.63			a		https://s3.amazonaws.com/NARAprodstorage/lz/dc-metro/rg-024/581208/2020-03/581208-omaha-006/581208-omaha-006-033.JPG	https://s3.amazonaws.com/NARAprodstorage/lz/dc-metro/rg-024/581208/2020-03/581208-omaha-006/581208-omaha-006-033.JPG	 						270	286	5	30.24	64	63	58			bc	cum	9				
1873-10-23	14	-33.02	-71.63			a		https://s3.amazonaws.com/NARAprodstorage/lz/dc-metro/rg-024/581208/2020-03/581208-omaha-006/581208-omaha-006-033.JPG	https://s3.amazonaws.com/NARAprodstorage/lz/dc-metro/rg-024/581208/2020-03/581208-omaha-006/581208-omaha-006-033.JPG	 						270	286	5	30.24	64	63	58			bc	cum	9				
1873-10-23	15	-33.02	-71.63			a		https://s3.amazonaws.com/NARAprodstorage/lz/dc-metro/rg-024/581208/2020-03/581208-omaha-006/581208-omaha-006-033.JPG	https://s3.amazonaws.com/NARAprodstorage/lz/dc-metro/rg-024/581208/2020-03/581208-omaha-006/581208-omaha-006-033.JPG	 						270	286	5	30.24	64	63	58			bc	cum	9				
1873-10-23	16	-33.02	-71.63			a		https://s3.amazonaws.com/NARAprodstorage/lz/dc-metro/rg-024/581208/2020-03/581208-omaha-006/581208-omaha-006-033.JPG	https://s3.amazonaws.com/NARAprodstorage/lz/dc-metro/rg-024/581208/2020-03/581208-omaha-006/581208-omaha-006-033.JPG	 						270	286	5	30.24	64	63	58			bc	cum	9				
1873-10-23	17	-33.02	-71.63			a		https://s3.amazonaws.com/NARAprodstorage/lz/dc-metro/rg-024/581208/2020-03/581208-omaha-006/581208-omaha-006-033.JPG	https://s3.amazonaws.com/NARAprodstorage/lz/dc-metro/rg-024/581208/2020-03/581208-omaha-006/581208-omaha-006-033.JPG	 						225	241	2	30.24	64	63	58			bc	cum	9				
1873-10-23	18	-33.02	-71.63			a		https://s3.amazonaws.com/NARAprodstorage/lz/dc-metro/rg-024/581208/2020-03/581208-omaha-006/581208-omaha-006-033.JPG	https://s3.amazonaws.com/NARAprodstorage/lz/dc-metro/rg-024/581208/2020-03/581208-omaha-006/581208-omaha-006-033.JPG	 						225	241	2	30.24	64	63	58			bc	cum	9				
1873-10-23	19	-33.02	-71.63			a		https://s3.amazonaws.com/NARAprodstorage/lz/dc-metro/rg-024/581208/2020-03/581208-omaha-006/581208-omaha-006-033.JPG	https://s3.amazonaws.com/NARAprodstorage/lz/dc-metro/rg-024/581208/2020-03/581208-omaha-006/581208-omaha-006-033.JPG	 						0	0	0	30.24	63	63	58			bc	cum	9				
1873-10-23	20	-33.02	-71.63			a		https://s3.amazonaws.com/NARAprodstorage/lz/dc-metro/rg-024/581208/2020-03/581208-omaha-006/581208-omaha-006-033.JPG	https://s3.amazonaws.com/NARAprodstorage/lz/dc-metro/rg-024/581208/2020-03/581208-omaha-006/581208-omaha-006-033.JPG	 						0	0	0	30.22	63	62	56			bc	cum	9				
1873-10-23	21	-33.02	-71.63			a		https://s3.amazonaws.com/NARAprodstorage/lz/dc-metro/rg-024/581208/2020-03/581208-omaha-006/581208-omaha-006-033.JPG	https://s3.amazonaws.com/NARAprodstorage/lz/dc-metro/rg-024/581208/2020-03/581208-omaha-006/581208-omaha-006-033.JPG	 						135	151	2	30.24	63	57	54			b	none	10				
1873-10-23	22	-33.02	-71.63			a		https://s3.amazonaws.com/NARAprodstorage/lz/dc-metro/rg-024/581208/2020-03/581208-omaha-006/581208-omaha-006-033.JPG	https://s3.amazonaws.com/NARAprodstorage/lz/dc-metro/rg-024/581208/2020-03/581208-omaha-006/581208-omaha-006-033.JPG	 						135	151	2	30.24	63	57	54			b	none	10				
1873-10-23	23	-33.02	-71.63			a		https://s3.amazonaws.com/NARAprodstorage/lz/dc-metro/rg-024/581208/2020-03/581208-omaha-006/581208-omaha-006-033.JPG	https://s3.amazonaws.com/NARAprodstorage/lz/dc-metro/rg-024/581208/2020-03/581208-omaha-006/581208-omaha-006-033.JPG	 						135	151	2	30.24	63	57	54			b	none	10				
1873-10-23	24	-33.02	-71.63			a		https://s3.amazonaws.com/NARAprodstorage/lz/dc-metro/rg-024/581208/2020-03/581208-omaha-006/581208-omaha-006-033.JPG	https://s3.amazonaws.com/NARAprodstorage/lz/dc-metro/rg-024/581208/2020-03/581208-omaha-006/581208-omaha-006-033.JPG	 						135	151	2	30.24	63	57	54			b	none	10				
1873-10-24	1	-33.02	-71.63			a		https://s3.amazonaws.com/NARAprodstorage/lz/dc-metro/rg-024/581208/2020-03/581208-omaha-006/581208-omaha-006-034.JPG	https://s3.amazonaws.com/NARAprodstorage/lz/dc-metro/rg-024/581208/2020-03/581208-omaha-006/581208-omaha-006-034.JPG	 						0	0	0	30.23	62	57	55			b	none	10				
1873-10-24	2	-33.02	-71.63			a		https://s3.amazonaws.com/NARAprodstorage/lz/dc-metro/rg-024/581208/2020-03/581208-omaha-006/581208-omaha-006-034.JPG	https://s3.amazonaws.com/NARAprodstorage/lz/dc-metro/rg-024/581208/2020-03/581208-omaha-006/581208-omaha-006-034.JPG	 						0	0	0	30.23	62	57	55			b	none	10				
1873-10-24	3	-33.02	-71.63			a		https://s3.amazonaws.com/NARAprodstorage/lz/dc-metro/rg-024/581208/2020-03/581208-omaha-006/581208-omaha-006-034.JPG	https://s3.amazonaws.com/NARAprodstorage/lz/dc-metro/rg-024/581208/2020-03/581208-omaha-006/581208-omaha-006-034.JPG	 						0	0	0	30.23	61	57	55			b	none	10				
1873-10-24	4	-33.02	-71.63			a		https://s3.amazonaws.com/NARAprodstorage/lz/dc-metro/rg-024/581208/2020-03/581208-omaha-006/581208-omaha-006-034.JPG	https://s3.amazonaws.com/NARAprodstorage/lz/dc-metro/rg-024/581208/2020-03/581208-omaha-006/581208-omaha-006-034.JPG	 						0	0	0	30.21	60	56	55			b	none	10				
1873-10-24	5	-33.02	-71.63			a		https://s3.amazonaws.com/NARAprodstorage/lz/dc-metro/rg-024/581208/2020-03/581208-omaha-006/581208-omaha-006-034.JPG	https://s3.amazonaws.com/NARAprodstorage/lz/dc-metro/rg-024/581208/2020-03/581208-omaha-006/581208-omaha-006-034.JPG	 						0	0	0	30.21	60	56	55			b	none	10				
1873-10-24	6	-33.02	-71.63			a		https://s3.amazonaws.com/NARAprodstorage/lz/dc-metro/rg-024/581208/2020-03/581208-omaha-006/581208-omaha-006-034.JPG	https://s3.amazonaws.com/NARAprodstorage/lz/dc-metro/rg-024/581208/2020-03/581208-omaha-006/581208-omaha-006-034.JPG	 						0	0	0	30.21	60	57	55			bm	nimb	9				
1873-10-24	7	-33.02	-71.63			a		https://s3.amazonaws.com/NARAprodstorage/lz/dc-metro/rg-024/581208/2020-03/581208-omaha-006/581208-omaha-006-034.JPG	https://s3.amazonaws.com/NARAprodstorage/lz/dc-metro/rg-024/581208/2020-03/581208-omaha-006/581208-omaha-006-034.JPG	 						0	0	0	30.21	60	58	56			bm	nimb	8				
1873-10-24	8	-33.02	-71.63			a		https://s3.amazonaws.com/NARAprodstorage/lz/dc-metro/rg-024/581208/2020-03/581208-omaha-006/581208-omaha-006-034.JPG	https://s3.amazonaws.com/NARAprodstorage/lz/dc-metro/rg-024/581208/2020-03/581208-omaha-006/581208-omaha-006-034.JPG	 						0	0	0	30.21	60	69	58			b	none	10				
1873-10-24	9	-33.02	-71.63			a		https://s3.amazonaws.com/NARAprodstorage/lz/dc-metro/rg-024/581208/2020-03/581208-omaha-006/581208-omaha-006-034.JPG	https://s3.amazonaws.com/NARAprodstorage/lz/dc-metro/rg-024/581208/2020-03/581208-omaha-006/581208-omaha-006-034.JPG	 						0	0	0	30.23	63	65	59			bc	cum	9				
1873-10-24	10	-33.02	-71.63			a		https://s3.amazonaws.com/NARAprodstorage/lz/dc-metro/rg-024/581208/2020-03/581208-omaha-006/581208-omaha-006-034.JPG	https://s3.amazonaws.com/NARAprodstorage/lz/dc-metro/rg-024/581208/2020-03/581208-omaha-006/581208-omaha-006-034.JPG	 						225	241	5	30.23	63	65	59			bc	cum	9				
1873-10-24	11	-33.02	-71.63			a		https://s3.amazonaws.com/NARAprodstorage/lz/dc-metro/rg-024/581208/2020-03/581208-omaha-006/581208-omaha-006-034.JPG	https://s3.amazonaws.com/NARAprodstorage/lz/dc-metro/rg-024/581208/2020-03/581208-omaha-006/581208-omaha-006-034.JPG	 						225	241	13	30.23	63	65	59			bc	cum	9				
1873-10-24	12	-33.02	-71.63			a		https://s3.amazonaws.com/NARAprodstorage/lz/dc-metro/rg-024/581208/2020-03/581208-omaha-006/581208-omaha-006-034.JPG	https://s3.amazonaws.com/NARAprodstorage/lz/dc-metro/rg-024/581208/2020-03/581208-omaha-006/581208-omaha-006-034.JPG	"Noon: Valparaiso, Chile."						225	241	13	30.23	63	65	59			bc	cum	9				
1873-10-24	13	-33.02	-71.63			a		https://s3.amazonaws.com/NARAprodstorage/lz/dc-metro/rg-024/581208/2020-03/581208-omaha-006/581208-omaha-006-034.JPG	https://s3.amazonaws.com/NARAprodstorage/lz/dc-metro/rg-024/581208/2020-03/581208-omaha-006/581208-omaha-006-034.JPG	 						225	241	13	30.2	66	66	59			bc	cum	9				
1873-10-24	14	-33.02	-71.63			a		https://s3.amazonaws.com/NARAprodstorage/lz/dc-metro/rg-024/581208/2020-03/581208-omaha-006/581208-omaha-006-034.JPG	https://s3.amazonaws.com/NARAprodstorage/lz/dc-metro/rg-024/581208/2020-03/581208-omaha-006/581208-omaha-006-034.JPG	 						225	241	13	30.2	66	66	59			bc	cum	9				
1873-10-24	15	-33.02	-71.63			a		https://s3.amazonaws.com/NARAprodstorage/lz/dc-metro/rg-024/581208/2020-03/581208-omaha-006/581208-omaha-006-034.JPG	https://s3.amazonaws.com/NARAprodstorage/lz/dc-metro/rg-024/581208/2020-03/581208-omaha-006/581208-omaha-006-034.JPG	 						225	241	13	30.2	66	66	59			bc	cum	9				
1873-10-24	16	-33.02	-71.63			a		https://s3.amazonaws.com/NARAprodstorage/lz/dc-metro/rg-024/581208/2020-03/581208-omaha-006/581208-omaha-006-034.JPG	https://s3.amazonaws.com/NARAprodstorage/lz/dc-metro/rg-024/581208/2020-03/581208-omaha-006/581208-omaha-006-034.JPG	 						225	241	13	30.2	66	66	59			bc	cum	9				
1873-10-24	17	-33.02	-71.63			a		https://s3.amazonaws.com/NARAprodstorage/lz/dc-metro/rg-024/581208/2020-03/581208-omaha-006/581208-omaha-006-034.JPG	https://s3.amazonaws.com/NARAprodstorage/lz/dc-metro/rg-024/581208/2020-03/581208-omaha-006/581208-omaha-006-034.JPG	 						225	241	13	30.26	65	63	58			bc	cum	9				
1873-10-24	18	-33.02	-71.63			a		https://s3.amazonaws.com/NARAprodstorage/lz/dc-metro/rg-024/581208/2020-03/581208-omaha-006/581208-omaha-006-034.JPG	https://s3.amazonaws.com/NARAprodstorage/lz/dc-metro/rg-024/581208/2020-03/581208-omaha-006/581208-omaha-006-034.JPG	 						225	241	8	30.26	65	63	58			bc	cum	9				
1873-10-24	19	-33.02	-71.63			a		https://s3.amazonaws.com/NARAprodstorage/lz/dc-metro/rg-024/581208/2020-03/581208-omaha-006/581208-omaha-006-034.JPG	https://s3.amazonaws.com/NARAprodstorage/lz/dc-metro/rg-024/581208/2020-03/581208-omaha-006/581208-omaha-006-034.JPG	 						225	241	5	30.26	65	63	58			bc	cum	9				
1873-10-24	20	-33.02	-71.63			a		https://s3.amazonaws.com/NARAprodstorage/lz/dc-metro/rg-024/581208/2020-03/581208-omaha-006/581208-omaha-006-034.JPG	https://s3.amazonaws.com/NARAprodstorage/lz/dc-metro/rg-024/581208/2020-03/581208-omaha-006/581208-omaha-006-034.JPG	 						225	241	5	30.26	65	63	58			bc	cum	9				
1873-10-24	21	-33.02	-71.63			a		https://s3.amazonaws.com/NARAprodstorage/lz/dc-metro/rg-024/581208/2020-03/581208-omaha-006/581208-omaha-006-034.JPG	https://s3.amazonaws.com/NARAprodstorage/lz/dc-metro/rg-024/581208/2020-03/581208-omaha-006/581208-omaha-006-034.JPG	 						225	241	5	30.26	65	63	58			b	none	10				
1873-10-24	22	-33.02	-71.63			a		https://s3.amazonaws.com/NARAprodstorage/lz/dc-metro/rg-024/581208/2020-03/581208-omaha-006/581208-omaha-006-034.JPG	https://s3.amazonaws.com/NARAprodstorage/lz/dc-metro/rg-024/581208/2020-03/581208-omaha-006/581208-omaha-006-034.JPG	 						360	16	2	30.24	65	63	58			b	none	10				
1873-10-24	23	-33.02	-71.63			a		https://s3.amazonaws.com/NARAprodstorage/lz/dc-metro/rg-024/581208/2020-03/581208-omaha-006/581208-omaha-006-034.JPG	https://s3.amazonaws.com/NARAprodstorage/lz/dc-metro/rg-024/581208/2020-03/581208-omaha-006/581208-omaha-006-034.JPG	 						360	16	2	30.24	65	63	58			bl	none	10				
1873-10-24	24	-33.02	-71.63			a		https://s3.amazonaws.com/NARAprodstorage/lz/dc-metro/rg-024/581208/2020-03/581208-omaha-006/581208-omaha-006-034.JPG	https://s3.amazonaws.com/NARAprodstorage/lz/dc-metro/rg-024/581208/2020-03/581208-omaha-006/581208-omaha-006-034.JPG	 						360	16	2	30.24	65	63	58				none	10				
1873-10-25	1	-33.02	-71.63			a		https://s3.amazonaws.com/NARAprodstorage/lz/dc-metro/rg-024/581208/2020-03/581208-omaha-006/581208-omaha-006-035.JPG	https://s3.amazonaws.com/NARAprodstorage/lz/dc-metro/rg-024/581208/2020-03/581208-omaha-006/581208-omaha-006-035.JPG	 						0	0	0	30.2	65	60	58			b	none	10				
1873-10-25	2	-33.02	-71.63			a		https://s3.amazonaws.com/NARAprodstorage/lz/dc-metro/rg-024/581208/2020-03/581208-omaha-006/581208-omaha-006-035.JPG	https://s3.amazonaws.com/NARAprodstorage/lz/dc-metro/rg-024/581208/2020-03/581208-omaha-006/581208-omaha-006-035.JPG	 						0	0	0	30.2	65	60	58			b	none	10				
1873-10-25	3	-33.02	-71.63			a		https://s3.amazonaws.com/NARAprodstorage/lz/dc-metro/rg-024/581208/2020-03/581208-omaha-006/581208-omaha-006-035.JPG	https://s3.amazonaws.com/NARAprodstorage/lz/dc-metro/rg-024/581208/2020-03/581208-omaha-006/581208-omaha-006-035.JPG	 						0	0	0	30.2	63	60	58			b	none	10				
1873-10-25	4	-33.02	-71.63			a		https://s3.amazonaws.com/NARAprodstorage/lz/dc-metro/rg-024/581208/2020-03/581208-omaha-006/581208-omaha-006-035.JPG	https://s3.amazonaws.com/NARAprodstorage/lz/dc-metro/rg-024/581208/2020-03/581208-omaha-006/581208-omaha-006-035.JPG	 						0	0	0	30.18	63	60	58			b	none	10				
1873-10-25	5	-33.02	-71.63			a		https://s3.amazonaws.com/NARAprodstorage/lz/dc-metro/rg-024/581208/2020-03/581208-omaha-006/581208-omaha-006-035.JPG	https://s3.amazonaws.com/NARAprodstorage/lz/dc-metro/rg-024/581208/2020-03/581208-omaha-006/581208-omaha-006-035.JPG	 						315	331	2	30.2	63	58	55			b	none	10				
1873-10-25	6	-33.02	-71.63			a		https://s3.amazonaws.com/NARAprodstorage/lz/dc-metro/rg-024/581208/2020-03/581208-omaha-006/581208-omaha-006-035.JPG	https://s3.amazonaws.com/NARAprodstorage/lz/dc-metro/rg-024/581208/2020-03/581208-omaha-006/581208-omaha-006-035.JPG	 						315	331	2	30.23	63	58	55			b	none	10				
1873-10-25	7	-33.02	-71.63			a		https://s3.amazonaws.com/NARAprodstorage/lz/dc-metro/rg-024/581208/2020-03/581208-omaha-006/581208-omaha-006-035.JPG	https://s3.amazonaws.com/NARAprodstorage/lz/dc-metro/rg-024/581208/2020-03/581208-omaha-006/581208-omaha-006-035.JPG	 						315	331	2	30.23	63	58	55			b	none	10				
1873-10-25	8	-33.02	-71.63			a		https://s3.amazonaws.com/NARAprodstorage/lz/dc-metro/rg-024/581208/2020-03/581208-omaha-006/581208-omaha-006-035.JPG	https://s3.amazonaws.com/NARAprodstorage/lz/dc-metro/rg-024/581208/2020-03/581208-omaha-006/581208-omaha-006-035.JPG	 						315	331	2	30.23	63	58	55			b	none	10				
1873-10-25	9	-33.02	-71.63			a		https://s3.amazonaws.com/NARAprodstorage/lz/dc-metro/rg-024/581208/2020-03/581208-omaha-006/581208-omaha-006-035.JPG	https://s3.amazonaws.com/NARAprodstorage/lz/dc-metro/rg-024/581208/2020-03/581208-omaha-006/581208-omaha-006-035.JPG	 						315	331	5	30.23	64	60	56			b	none	10				
1873-10-25	10	-33.02	-71.63			a		https://s3.amazonaws.com/NARAprodstorage/lz/dc-metro/rg-024/581208/2020-03/581208-omaha-006/581208-omaha-006-035.JPG	https://s3.amazonaws.com/NARAprodstorage/lz/dc-metro/rg-024/581208/2020-03/581208-omaha-006/581208-omaha-006-035.JPG	 						270	286	8	30.23	64	62	56			b	none	10				
1873-10-25	11	-33.02	-71.63			a		https://s3.amazonaws.com/NARAprodstorage/lz/dc-metro/rg-024/581208/2020-03/581208-omaha-006/581208-omaha-006-035.JPG	https://s3.amazonaws.com/NARAprodstorage/lz/dc-metro/rg-024/581208/2020-03/581208-omaha-006/581208-omaha-006-035.JPG	 						270	286	13	30.24	65	63	57			b	none	10				
1873-10-25	12	-33.02	-71.63			a		https://s3.amazonaws.com/NARAprodstorage/lz/dc-metro/rg-024/581208/2020-03/581208-omaha-006/581208-omaha-006-035.JPG	https://s3.amazonaws.com/NARAprodstorage/lz/dc-metro/rg-024/581208/2020-03/581208-omaha-006/581208-omaha-006-035.JPG	"Noon: Valparaiso, Chile."						270	286	13	30.25	66	64	58			bc	cum	9				
1873-10-25	13	-33.02	-71.63			a		https://s3.amazonaws.com/NARAprodstorage/lz/dc-metro/rg-024/581208/2020-03/581208-omaha-006/581208-omaha-006-035.JPG	https://s3.amazonaws.com/NARAprodstorage/lz/dc-metro/rg-024/581208/2020-03/581208-omaha-006/581208-omaha-006-035.JPG	 						135	151	19	30.25	68	64	57			bc	cum	9				
1873-10-25	14	-33.02	-71.63			a		https://s3.amazonaws.com/NARAprodstorage/lz/dc-metro/rg-024/581208/2020-03/581208-omaha-006/581208-omaha-006-035.JPG	https://s3.amazonaws.com/NARAprodstorage/lz/dc-metro/rg-024/581208/2020-03/581208-omaha-006/581208-omaha-006-035.JPG	 						135	151	19	30.25	68	64	57			bc	cum	9				
1873-10-25	15	-33.02	-71.63			a		https://s3.amazonaws.com/NARAprodstorage/lz/dc-metro/rg-024/581208/2020-03/581208-omaha-006/581208-omaha-006-035.JPG	https://s3.amazonaws.com/NARAprodstorage/lz/dc-metro/rg-024/581208/2020-03/581208-omaha-006/581208-omaha-006-035.JPG	 						135	151	19	30.25	68	64	57			bc	cum	9				
1873-10-25	16	-33.02	-71.63			a		https://s3.amazonaws.com/NARAprodstorage/lz/dc-metro/rg-024/581208/2020-03/581208-omaha-006/581208-omaha-006-035.JPG	https://s3.amazonaws.com/NARAprodstorage/lz/dc-metro/rg-024/581208/2020-03/581208-omaha-006/581208-omaha-006-035.JPG	 						135	151	19	30.25	68	64	57			bc	cum	9				
1873-10-25	17	-33.02	-71.63			a		https://s3.amazonaws.com/NARAprodstorage/lz/dc-metro/rg-024/581208/2020-03/581208-omaha-006/581208-omaha-006-035.JPG	https://s3.amazonaws.com/NARAprodstorage/lz/dc-metro/rg-024/581208/2020-03/581208-omaha-006/581208-omaha-006-035.JPG	 						135	151	19	30.25	68	64	57			bc	cum	9				
1873-10-25	18	-33.02	-71.63			a		https://s3.amazonaws.com/NARAprodstorage/lz/dc-metro/rg-024/581208/2020-03/581208-omaha-006/581208-omaha-006-035.JPG	https://s3.amazonaws.com/NARAprodstorage/lz/dc-metro/rg-024/581208/2020-03/581208-omaha-006/581208-omaha-006-035.JPG	 						135	151	2	30.25	67	63	57			bc	cum	9				
1873-10-25	19	-33.02	-71.63			a		https://s3.amazonaws.com/NARAprodstorage/lz/dc-metro/rg-024/581208/2020-03/581208-omaha-006/581208-omaha-006-035.JPG	https://s3.amazonaws.com/NARAprodstorage/lz/dc-metro/rg-024/581208/2020-03/581208-omaha-006/581208-omaha-006-035.JPG	 						135	151	5	30.25	67	63	57			bc	cum	9				
1873-10-25	20	-33.02	-71.63			a		https://s3.amazonaws.com/NARAprodstorage/lz/dc-metro/rg-024/581208/2020-03/581208-omaha-006/581208-omaha-006-035.JPG	https://s3.amazonaws.com/NARAprodstorage/lz/dc-metro/rg-024/581208/2020-03/581208-omaha-006/581208-omaha-006-035.JPG	 						0	0	0	30.25	67	62	57			bc	cum	9				
1873-10-25	21	-33.02	-71.63			a		https://s3.amazonaws.com/NARAprodstorage/lz/dc-metro/rg-024/581208/2020-03/581208-omaha-006/581208-omaha-006-035.JPG	https://s3.amazonaws.com/NARAprodstorage/lz/dc-metro/rg-024/581208/2020-03/581208-omaha-006/581208-omaha-006-035.JPG	 						0	0	0	30.25	67	62	57			b	none	10				
1873-10-25	22	-33.02	-71.63			a		https://s3.amazonaws.com/NARAprodstorage/lz/dc-metro/rg-024/581208/2020-03/581208-omaha-006/581208-omaha-006-035.JPG	https://s3.amazonaws.com/NARAprodstorage/lz/dc-metro/rg-024/581208/2020-03/581208-omaha-006/581208-omaha-006-035.JPG	 						0	0	0	30.25	67	62	57			b	none	10				
1873-10-25	23	-33.02	-71.63			a		https://s3.amazonaws.com/NARAprodstorage/lz/dc-metro/rg-024/581208/2020-03/581208-omaha-006/581208-omaha-006-035.JPG	https://s3.amazonaws.com/NARAprodstorage/lz/dc-metro/rg-024/581208/2020-03/581208-omaha-006/581208-omaha-006-035.JPG	 						0	0	0	30.25	67	62	57			b	none	10				
1873-10-25	24	-33.02	-71.63			a		https://s3.amazonaws.com/NARAprodstorage/lz/dc-metro/rg-024/581208/2020-03/581208-omaha-006/581208-omaha-006-035.JPG	https://s3.amazonaws.com/NARAprodstorage/lz/dc-metro/rg-024/581208/2020-03/581208-omaha-006/581208-omaha-006-035.JPG	 						0	0	0	30.28	65	60	56			b	none	10				
1873-10-26	1	-33.02	-71.63			a		https://s3.amazonaws.com/NARAprodstorage/lz/dc-metro/rg-024/581208/2020-03/581208-omaha-006/581208-omaha-006-036.JPG	https://s3.amazonaws.com/NARAprodstorage/lz/dc-metro/rg-024/581208/2020-03/581208-omaha-006/581208-omaha-006-036.JPG	 						0	0	0	30.24	64	55	55			b	none	10				
1873-10-26	2	-33.02	-71.63			a		https://s3.amazonaws.com/NARAprodstorage/lz/dc-metro/rg-024/581208/2020-03/581208-omaha-006/581208-omaha-006-036.JPG	https://s3.amazonaws.com/NARAprodstorage/lz/dc-metro/rg-024/581208/2020-03/581208-omaha-006/581208-omaha-006-036.JPG	 						0	0	0	30.24	64	55	55			b	none	10				
1873-10-26	3	-33.02	-71.63			a		https://s3.amazonaws.com/NARAprodstorage/lz/dc-metro/rg-024/581208/2020-03/581208-omaha-006/581208-omaha-006-036.JPG	https://s3.amazonaws.com/NARAprodstorage/lz/dc-metro/rg-024/581208/2020-03/581208-omaha-006/581208-omaha-006-036.JPG	 						0	0	0	30.24	64	55	55			b	none	10				
1873-10-26	4	-33.02	-71.63			a		https://s3.amazonaws.com/NARAprodstorage/lz/dc-metro/rg-024/581208/2020-03/581208-omaha-006/581208-omaha-006-036.JPG	https://s3.amazonaws.com/NARAprodstorage/lz/dc-metro/rg-024/581208/2020-03/581208-omaha-006/581208-omaha-006-036.JPG	 						888	888	2	30.24	64	55	55			b	none	10				
1873-10-26	5	-33.02	-71.63			a		https://s3.amazonaws.com/NARAprodstorage/lz/dc-metro/rg-024/581208/2020-03/581208-omaha-006/581208-omaha-006-036.JPG	https://s3.amazonaws.com/NARAprodstorage/lz/dc-metro/rg-024/581208/2020-03/581208-omaha-006/581208-omaha-006-036.JPG	 						0	0	0	30.23	63	58	55			b	none	10				
1873-10-26	6	-33.02	-71.63			a		https://s3.amazonaws.com/NARAprodstorage/lz/dc-metro/rg-024/581208/2020-03/581208-omaha-006/581208-omaha-006-036.JPG	https://s3.amazonaws.com/NARAprodstorage/lz/dc-metro/rg-024/581208/2020-03/581208-omaha-006/581208-omaha-006-036.JPG	 						0	0	0	30.23	63	58	55			b	none	10				
1873-10-26	7	-33.02	-71.63			a		https://s3.amazonaws.com/NARAprodstorage/lz/dc-metro/rg-024/581208/2020-03/581208-omaha-006/581208-omaha-006-036.JPG	https://s3.amazonaws.com/NARAprodstorage/lz/dc-metro/rg-024/581208/2020-03/581208-omaha-006/581208-omaha-006-036.JPG	 						315	331	2	30.23	63	59	56			b	none	10				
1873-10-26	8	-33.02	-71.63			a		https://s3.amazonaws.com/NARAprodstorage/lz/dc-metro/rg-024/581208/2020-03/581208-omaha-006/581208-omaha-006-036.JPG	https://s3.amazonaws.com/NARAprodstorage/lz/dc-metro/rg-024/581208/2020-03/581208-omaha-006/581208-omaha-006-036.JPG	 						315	331	2	30.23	63	59	56			b	none	10				
1873-10-26	9	-33.02	-71.63			a		https://s3.amazonaws.com/NARAprodstorage/lz/dc-metro/rg-024/581208/2020-03/581208-omaha-006/581208-omaha-006-036.JPG	https://s3.amazonaws.com/NARAprodstorage/lz/dc-metro/rg-024/581208/2020-03/581208-omaha-006/581208-omaha-006-036.JPG	 						0	0	0	30.23	65	60	56			b	none	10				
1873-10-26	10	-33.02	-71.63			a		https://s3.amazonaws.com/NARAprodstorage/lz/dc-metro/rg-024/581208/2020-03/581208-omaha-006/581208-omaha-006-036.JPG	https://s3.amazonaws.com/NARAprodstorage/lz/dc-metro/rg-024/581208/2020-03/581208-omaha-006/581208-omaha-006-036.JPG	 						888	888	2	30.23	65	65	58			b	none	10				
1873-10-26	11	-33.02	-71.63			a		https://s3.amazonaws.com/NARAprodstorage/lz/dc-metro/rg-024/581208/2020-03/581208-omaha-006/581208-omaha-006-036.JPG	https://s3.amazonaws.com/NARAprodstorage/lz/dc-metro/rg-024/581208/2020-03/581208-omaha-006/581208-omaha-006-036.JPG	 						225	241	8	30.23	65	68	60			b	none	10				
1873-10-26	12	-33.02	-71.63			a		https://s3.amazonaws.com/NARAprodstorage/lz/dc-metro/rg-024/581208/2020-03/581208-omaha-006/581208-omaha-006-036.JPG	https://s3.amazonaws.com/NARAprodstorage/lz/dc-metro/rg-024/581208/2020-03/581208-omaha-006/581208-omaha-006-036.JPG	"Noon: Valparaiso, Chile."						225	241	8	30.2	65	69	60			b	none	10				
1873-10-26	13	-33.02	-71.63			a		https://s3.amazonaws.com/NARAprodstorage/lz/dc-metro/rg-024/581208/2020-03/581208-omaha-006/581208-omaha-006-036.JPG	https://s3.amazonaws.com/NARAprodstorage/lz/dc-metro/rg-024/581208/2020-03/581208-omaha-006/581208-omaha-006-036.JPG	 						225	241	5	30.2	67	71	62			bc	cir cum	9				
1873-10-26	14	-33.02	-71.63			a		https://s3.amazonaws.com/NARAprodstorage/lz/dc-metro/rg-024/581208/2020-03/581208-omaha-006/581208-omaha-006-036.JPG	https://s3.amazonaws.com/NARAprodstorage/lz/dc-metro/rg-024/581208/2020-03/581208-omaha-006/581208-omaha-006-036.JPG	 						225	241	8	30.2	67	72	62			bc	cir cum	9				
1873-10-26	15	-33.02	-71.63			a		https://s3.amazonaws.com/NARAprodstorage/lz/dc-metro/rg-024/581208/2020-03/581208-omaha-006/581208-omaha-006-036.JPG	https://s3.amazonaws.com/NARAprodstorage/lz/dc-metro/rg-024/581208/2020-03/581208-omaha-006/581208-omaha-006-036.JPG	 						225	241	5	30.2	67	74	62			bc	cir cum	9				
1873-10-26	16	-33.02	-71.63			a		https://s3.amazonaws.com/NARAprodstorage/lz/dc-metro/rg-024/581208/2020-03/581208-omaha-006/581208-omaha-006-036.JPG	https://s3.amazonaws.com/NARAprodstorage/lz/dc-metro/rg-024/581208/2020-03/581208-omaha-006/581208-omaha-006-036.JPG	 						0	0	0	30.2	68	70	60			bc	cir cum	9				
1873-10-26	17	-33.02	-71.63			a		https://s3.amazonaws.com/NARAprodstorage/lz/dc-metro/rg-024/581208/2020-03/581208-omaha-006/581208-omaha-006-036.JPG	https://s3.amazonaws.com/NARAprodstorage/lz/dc-metro/rg-024/581208/2020-03/581208-omaha-006/581208-omaha-006-036.JPG	 						0	0	0	30.2	68	67	60			bc	cum	9				
1873-10-26	18	-33.02	-71.63			a		https://s3.amazonaws.com/NARAprodstorage/lz/dc-metro/rg-024/581208/2020-03/581208-omaha-006/581208-omaha-006-036.JPG	https://s3.amazonaws.com/NARAprodstorage/lz/dc-metro/rg-024/581208/2020-03/581208-omaha-006/581208-omaha-006-036.JPG	 						0	0	0	30.2	68	67	60			bc	cum	9				
1873-10-26	19	-33.02	-71.63			a		https://s3.amazonaws.com/NARAprodstorage/lz/dc-metro/rg-024/581208/2020-03/581208-omaha-006/581208-omaha-006-036.JPG	https://s3.amazonaws.com/NARAprodstorage/lz/dc-metro/rg-024/581208/2020-03/581208-omaha-006/581208-omaha-006-036.JPG	 						0	0	0	30.2	68	67	60			bc	cum	9				
1873-10-26	20	-33.02	-71.63			a		https://s3.amazonaws.com/NARAprodstorage/lz/dc-metro/rg-024/581208/2020-03/581208-omaha-006/581208-omaha-006-036.JPG	https://s3.amazonaws.com/NARAprodstorage/lz/dc-metro/rg-024/581208/2020-03/581208-omaha-006/581208-omaha-006-036.JPG	 						0	0	0	30.2	68	65	60			bc	cum	9				
1873-10-26	21	-33.02	-71.63			a		https://s3.amazonaws.com/NARAprodstorage/lz/dc-metro/rg-024/581208/2020-03/581208-omaha-006/581208-omaha-006-036.JPG	https://s3.amazonaws.com/NARAprodstorage/lz/dc-metro/rg-024/581208/2020-03/581208-omaha-006/581208-omaha-006-036.JPG	 						0	0	0	30.2	68	65	60			b	none	10				
1873-10-26	22	-33.02	-71.63			a		https://s3.amazonaws.com/NARAprodstorage/lz/dc-metro/rg-024/581208/2020-03/581208-omaha-006/581208-omaha-006-036.JPG	https://s3.amazonaws.com/NARAprodstorage/lz/dc-metro/rg-024/581208/2020-03/581208-omaha-006/581208-omaha-006-036.JPG	 						0	0	0	30.2	68	60	55			b	none	10				
1873-10-26	23	-33.02	-71.63			a		https://s3.amazonaws.com/NARAprodstorage/lz/dc-metro/rg-024/581208/2020-03/581208-omaha-006/581208-omaha-006-036.JPG	https://s3.amazonaws.com/NARAprodstorage/lz/dc-metro/rg-024/581208/2020-03/581208-omaha-006/581208-omaha-006-036.JPG	 						0	0	0	30.2	64	60	55			b	none	10				
1873-10-26	24	-33.02	-71.63			a		https://s3.amazonaws.com/NARAprodstorage/lz/dc-metro/rg-024/581208/2020-03/581208-omaha-006/581208-omaha-006-036.JPG	https://s3.amazonaws.com/NARAprodstorage/lz/dc-metro/rg-024/581208/2020-03/581208-omaha-006/581208-omaha-006-036.JPG	 						0	0	0	30.2	64	58	55			b	none	10				
1873-10-27	1	-33.02	-71.63			a		https://s3.amazonaws.com/NARAprodstorage/lz/dc-metro/rg-024/581208/2020-03/581208-omaha-006/581208-omaha-006-037.JPG	https://s3.amazonaws.com/NARAprodstorage/lz/dc-metro/rg-024/581208/2020-03/581208-omaha-006/581208-omaha-006-037.JPG	 						0	0	0	30.17	65	60	60			b	none	10				
1873-10-27	2	-33.02	-71.63			a		https://s3.amazonaws.com/NARAprodstorage/lz/dc-metro/rg-024/581208/2020-03/581208-omaha-006/581208-omaha-006-037.JPG	https://s3.amazonaws.com/NARAprodstorage/lz/dc-metro/rg-024/581208/2020-03/581208-omaha-006/581208-omaha-006-037.JPG	 						0	0	0	30.17	65	60	60			b	none	10				
1873-10-27	3	-33.02	-71.63			a		https://s3.amazonaws.com/NARAprodstorage/lz/dc-metro/rg-024/581208/2020-03/581208-omaha-006/581208-omaha-006-037.JPG	https://s3.amazonaws.com/NARAprodstorage/lz/dc-metro/rg-024/581208/2020-03/581208-omaha-006/581208-omaha-006-037.JPG	 						0	0	0	30.17	65	60	60			b	none	10				
1873-10-27	4	-33.02	-71.63			a		https://s3.amazonaws.com/NARAprodstorage/lz/dc-metro/rg-024/581208/2020-03/581208-omaha-006/581208-omaha-006-037.JPG	https://s3.amazonaws.com/NARAprodstorage/lz/dc-metro/rg-024/581208/2020-03/581208-omaha-006/581208-omaha-006-037.JPG	 						0	0	0	30.17	65	60	60			b	none	10				
1873-10-27	5	-33.02	-71.63			a		https://s3.amazonaws.com/NARAprodstorage/lz/dc-metro/rg-024/581208/2020-03/581208-omaha-006/581208-omaha-006-037.JPG	https://s3.amazonaws.com/NARAprodstorage/lz/dc-metro/rg-024/581208/2020-03/581208-omaha-006/581208-omaha-006-037.JPG	 						0	0	0	30.17	65	60	60			bm	cir	9				
1873-10-27	6	-33.02	-71.63			a		https://s3.amazonaws.com/NARAprodstorage/lz/dc-metro/rg-024/581208/2020-03/581208-omaha-006/581208-omaha-006-037.JPG	https://s3.amazonaws.com/NARAprodstorage/lz/dc-metro/rg-024/581208/2020-03/581208-omaha-006/581208-omaha-006-037.JPG	 						0	0	0	30.17	65	60	60			bm	cir	9				
1873-10-27	7	-33.02	-71.63			a		https://s3.amazonaws.com/NARAprodstorage/lz/dc-metro/rg-024/581208/2020-03/581208-omaha-006/581208-omaha-006-037.JPG	https://s3.amazonaws.com/NARAprodstorage/lz/dc-metro/rg-024/581208/2020-03/581208-omaha-006/581208-omaha-006-037.JPG	 						0	0	0	30.17	65	60	60			bc	cir	9				
1873-10-27	8	-33.02	-71.63			a		https://s3.amazonaws.com/NARAprodstorage/lz/dc-metro/rg-024/581208/2020-03/581208-omaha-006/581208-omaha-006-037.JPG	https://s3.amazonaws.com/NARAprodstorage/lz/dc-metro/rg-024/581208/2020-03/581208-omaha-006/581208-omaha-006-037.JPG	 						0	0	0	30.18	66	60	60			bc	cir	9				
1873-10-27	9	-33.02	-71.63			a		https://s3.amazonaws.com/NARAprodstorage/lz/dc-metro/rg-024/581208/2020-03/581208-omaha-006/581208-omaha-006-037.JPG	https://s3.amazonaws.com/NARAprodstorage/lz/dc-metro/rg-024/581208/2020-03/581208-omaha-006/581208-omaha-006-037.JPG	 						0	0	0	30.18	66	62	60			bc	cum	9				
1873-10-27	10	-33.02	-71.63			a		https://s3.amazonaws.com/NARAprodstorage/lz/dc-metro/rg-024/581208/2020-03/581208-omaha-006/581208-omaha-006-037.JPG	https://s3.amazonaws.com/NARAprodstorage/lz/dc-metro/rg-024/581208/2020-03/581208-omaha-006/581208-omaha-006-037.JPG	 						0	0	0	30.18	66	62	60			bc	cum	9				
1873-10-27	11	-33.02	-71.63			a		https://s3.amazonaws.com/NARAprodstorage/lz/dc-metro/rg-024/581208/2020-03/581208-omaha-006/581208-omaha-006-037.JPG	https://s3.amazonaws.com/NARAprodstorage/lz/dc-metro/rg-024/581208/2020-03/581208-omaha-006/581208-omaha-006-037.JPG	 						0	0	0	30.18	66	64	60			bc	cum	9				
1873-10-27	12	-33.02	-71.63			a		https://s3.amazonaws.com/NARAprodstorage/lz/dc-metro/rg-024/581208/2020-03/581208-omaha-006/581208-omaha-006-037.JPG	https://s3.amazonaws.com/NARAprodstorage/lz/dc-metro/rg-024/581208/2020-03/581208-omaha-006/581208-omaha-006-037.JPG	"Noon: Valparaiso, Chile."						0	0	0	30.18	66	65	61			bc	cum	9				
1873-10-27	13	-33.02	-71.63			a		https://s3.amazonaws.com/NARAprodstorage/lz/dc-metro/rg-024/581208/2020-03/581208-omaha-006/581208-omaha-006-037.JPG	https://s3.amazonaws.com/NARAprodstorage/lz/dc-metro/rg-024/581208/2020-03/581208-omaha-006/581208-omaha-006-037.JPG	 						225	241	2	30.17	69	73	69			bc	cum	9				
1873-10-27	14	-33.02	-71.63			a		https://s3.amazonaws.com/NARAprodstorage/lz/dc-metro/rg-024/581208/2020-03/581208-omaha-006/581208-omaha-006-037.JPG	https://s3.amazonaws.com/NARAprodstorage/lz/dc-metro/rg-024/581208/2020-03/581208-omaha-006/581208-omaha-006-037.JPG	 						225	241	2	30.17	69	73	69			bc	cum	9				
1873-10-27	15	-33.02	-71.63			a		https://s3.amazonaws.com/NARAprodstorage/lz/dc-metro/rg-024/581208/2020-03/581208-omaha-006/581208-omaha-006-037.JPG	https://s3.amazonaws.com/NARAprodstorage/lz/dc-metro/rg-024/581208/2020-03/581208-omaha-006/581208-omaha-006-037.JPG	 						225	241	2	30.17	69	73	69			bc	cum	9				
1873-10-27	16	-33.02	-71.63			a		https://s3.amazonaws.com/NARAprodstorage/lz/dc-metro/rg-024/581208/2020-03/581208-omaha-006/581208-omaha-006-037.JPG	https://s3.amazonaws.com/NARAprodstorage/lz/dc-metro/rg-024/581208/2020-03/581208-omaha-006/581208-omaha-006-037.JPG	 						225	241	2	30.17	69	73	69			bc	cum	9				
1873-10-27	17	-33.02	-71.63			a		https://s3.amazonaws.com/NARAprodstorage/lz/dc-metro/rg-024/581208/2020-03/581208-omaha-006/581208-omaha-006-037.JPG	https://s3.amazonaws.com/NARAprodstorage/lz/dc-metro/rg-024/581208/2020-03/581208-omaha-006/581208-omaha-006-037.JPG	 						0	0	0	30.2	70	73	68			bc	cir cum	9				
1873-10-27	18	-33.02	-71.63			a		https://s3.amazonaws.com/NARAprodstorage/lz/dc-metro/rg-024/581208/2020-03/581208-omaha-006/581208-omaha-006-037.JPG	https://s3.amazonaws.com/NARAprodstorage/lz/dc-metro/rg-024/581208/2020-03/581208-omaha-006/581208-omaha-006-037.JPG	 						0	0	0	30.2	70	72	68			bc	cir cum	9				
1873-10-27	19	-33.02	-71.63			a		https://s3.amazonaws.com/NARAprodstorage/lz/dc-metro/rg-024/581208/2020-03/581208-omaha-006/581208-omaha-006-037.JPG	https://s3.amazonaws.com/NARAprodstorage/lz/dc-metro/rg-024/581208/2020-03/581208-omaha-006/581208-omaha-006-037.JPG	 						0	0	0	30.22	70	70	68			bc	cir cum	9				
1873-10-27	20	-33.02	-71.63			a		https://s3.amazonaws.com/NARAprodstorage/lz/dc-metro/rg-024/581208/2020-03/581208-omaha-006/581208-omaha-006-037.JPG	https://s3.amazonaws.com/NARAprodstorage/lz/dc-metro/rg-024/581208/2020-03/581208-omaha-006/581208-omaha-006-037.JPG	 						0	0	0	30.22	70	66	66			bc	cir cum	9				
1873-10-27	21	-33.02	-71.63			a		https://s3.amazonaws.com/NARAprodstorage/lz/dc-metro/rg-024/581208/2020-03/581208-omaha-006/581208-omaha-006-037.JPG	https://s3.amazonaws.com/NARAprodstorage/lz/dc-metro/rg-024/581208/2020-03/581208-omaha-006/581208-omaha-006-037.JPG	 						0	0	0	30.2	67	68	58			bcm	cir cum	9				
1873-10-27	22	-33.02	-71.63			a		https://s3.amazonaws.com/NARAprodstorage/lz/dc-metro/rg-024/581208/2020-03/581208-omaha-006/581208-omaha-006-037.JPG	https://s3.amazonaws.com/NARAprodstorage/lz/dc-metro/rg-024/581208/2020-03/581208-omaha-006/581208-omaha-006-037.JPG	 						0	0	0	30.2	67	68	58			bcm	cir cum	9				
1873-10-27	23	-33.02	-71.63			a		https://s3.amazonaws.com/NARAprodstorage/lz/dc-metro/rg-024/581208/2020-03/581208-omaha-006/581208-omaha-006-037.JPG	https://s3.amazonaws.com/NARAprodstorage/lz/dc-metro/rg-024/581208/2020-03/581208-omaha-006/581208-omaha-006-037.JPG	 						0	0	0	30.2	67	68	58			bcm	cir cum	9				
1873-10-27	24	-33.02	-71.63			a		https://s3.amazonaws.com/NARAprodstorage/lz/dc-metro/rg-024/581208/2020-03/581208-omaha-006/581208-omaha-006-037.JPG	https://s3.amazonaws.com/NARAprodstorage/lz/dc-metro/rg-024/581208/2020-03/581208-omaha-006/581208-omaha-006-037.JPG	 						0	0	0	30.2	67	68	58			bcm	cir cum	9				
1873-10-28	1	-33.02	-71.63			a		https://s3.amazonaws.com/NARAprodstorage/lz/dc-metro/rg-024/581208/2020-03/581208-omaha-006/581208-omaha-006-038.JPG	https://s3.amazonaws.com/NARAprodstorage/lz/dc-metro/rg-024/581208/2020-03/581208-omaha-006/581208-omaha-006-038.JPG	 						0	0	0	30.22	66	61	56			b	none	10				
1873-10-28	2	-33.02	-71.63			a		https://s3.amazonaws.com/NARAprodstorage/lz/dc-metro/rg-024/581208/2020-03/581208-omaha-006/581208-omaha-006-038.JPG	https://s3.amazonaws.com/NARAprodstorage/lz/dc-metro/rg-024/581208/2020-03/581208-omaha-006/581208-omaha-006-038.JPG	 						0	0	0	30.22	66	60	56			b	none	10				
1873-10-28	3	-33.02	-71.63			a		https://s3.amazonaws.com/NARAprodstorage/lz/dc-metro/rg-024/581208/2020-03/581208-omaha-006/581208-omaha-006-038.JPG	https://s3.amazonaws.com/NARAprodstorage/lz/dc-metro/rg-024/581208/2020-03/581208-omaha-006/581208-omaha-006-038.JPG	 						0	0	0	30.22	65	59	56			b	none	10				
1873-10-28	4	-33.02	-71.63			a		https://s3.amazonaws.com/NARAprodstorage/lz/dc-metro/rg-024/581208/2020-03/581208-omaha-006/581208-omaha-006-038.JPG	https://s3.amazonaws.com/NARAprodstorage/lz/dc-metro/rg-024/581208/2020-03/581208-omaha-006/581208-omaha-006-038.JPG	 						0	0	0	30.22	65	58	55			b	none	10				
1873-10-28	5	-33.02	-71.63			a		https://s3.amazonaws.com/NARAprodstorage/lz/dc-metro/rg-024/581208/2020-03/581208-omaha-006/581208-omaha-006-038.JPG	https://s3.amazonaws.com/NARAprodstorage/lz/dc-metro/rg-024/581208/2020-03/581208-omaha-006/581208-omaha-006-038.JPG	 						0	0	0	30.2	65	58	55			bm	nimb	8				
1873-10-28	6	-33.02	-71.63			a		https://s3.amazonaws.com/NARAprodstorage/lz/dc-metro/rg-024/581208/2020-03/581208-omaha-006/581208-omaha-006-038.JPG	https://s3.amazonaws.com/NARAprodstorage/lz/dc-metro/rg-024/581208/2020-03/581208-omaha-006/581208-omaha-006-038.JPG	 						0	0	0	30.2	64	58	55			bm	nimb	8				
1873-10-28	7	-33.02	-71.63			a		https://s3.amazonaws.com/NARAprodstorage/lz/dc-metro/rg-024/581208/2020-03/581208-omaha-006/581208-omaha-006-038.JPG	https://s3.amazonaws.com/NARAprodstorage/lz/dc-metro/rg-024/581208/2020-03/581208-omaha-006/581208-omaha-006-038.JPG	 						0	0	0	30.18	64	59	55			bm	nimb	9				
1873-10-28	8	-33.02	-71.63			a		https://s3.amazonaws.com/NARAprodstorage/lz/dc-metro/rg-024/581208/2020-03/581208-omaha-006/581208-omaha-006-038.JPG	https://s3.amazonaws.com/NARAprodstorage/lz/dc-metro/rg-024/581208/2020-03/581208-omaha-006/581208-omaha-006-038.JPG	 						0	0	0	30.15	64	60	56			bm	nimb	9				
1873-10-28	9	-33.02	-71.63			a		https://s3.amazonaws.com/NARAprodstorage/lz/dc-metro/rg-024/581208/2020-03/581208-omaha-006/581208-omaha-006-038.JPG	https://s3.amazonaws.com/NARAprodstorage/lz/dc-metro/rg-024/581208/2020-03/581208-omaha-006/581208-omaha-006-038.JPG	 						0	0	0	30.18	66	60	55			bc	cir strat	9				
1873-10-28	10	-33.02	-71.63			a		https://s3.amazonaws.com/NARAprodstorage/lz/dc-metro/rg-024/581208/2020-03/581208-omaha-006/581208-omaha-006-038.JPG	https://s3.amazonaws.com/NARAprodstorage/lz/dc-metro/rg-024/581208/2020-03/581208-omaha-006/581208-omaha-006-038.JPG	 						0	0	0	30.18	66	60	55			bc	cir strat	8				
1873-10-28	11	-33.02	-71.63			a		https://s3.amazonaws.com/NARAprodstorage/lz/dc-metro/rg-024/581208/2020-03/581208-omaha-006/581208-omaha-006-038.JPG	https://s3.amazonaws.com/NARAprodstorage/lz/dc-metro/rg-024/581208/2020-03/581208-omaha-006/581208-omaha-006-038.JPG	1100: Got Underway					v	225	241	16	30.18	66	60	55			bc	cir strat	8				
1873-10-28	12	-32.99	-71.69	888		3		https://s3.amazonaws.com/NARAprodstorage/lz/dc-metro/rg-024/581208/2020-03/581208-omaha-006/581208-omaha-006-038.JPG	https://s3.amazonaws.com/NARAprodstorage/lz/dc-metro/rg-024/581208/2020-03/581208-omaha-006/581208-omaha-006-038.JPG	"Noon: San Antonio LH brg ESE. Punta Curaumilla Lighthouse brg S1/2W. Noon: Valparaiso, Chile."					v	225	241	24	30.18	66	60	55			bc	cir strat	8				
1873-10-28	13	-32.98	-71.77	236.25		3.6		https://s3.amazonaws.com/NARAprodstorage/lz/dc-metro/rg-024/581208/2020-03/581208-omaha-006/581208-omaha-006-038.JPG	https://s3.amazonaws.com/NARAprodstorage/lz/dc-metro/rg-024/581208/2020-03/581208-omaha-006/581208-omaha-006-038.JPG	 					swxw	180	196	24	30.18	66	60	55	50		bc	cir strat	8				
1873-10-28	14	-32.96	-71.86	247.5		4		https://s3.amazonaws.com/NARAprodstorage/lz/dc-metro/rg-024/581208/2020-03/581208-omaha-006/581208-omaha-006-038.JPG	https://s3.amazonaws.com/NARAprodstorage/lz/dc-metro/rg-024/581208/2020-03/581208-omaha-006/581208-omaha-006-038.JPG	 					wsw	180	196	24	30.18	66	60	55	50		bc	cir strat	9				
1873-10-28	15	-32.95	-71.94	241.88		4		https://s3.amazonaws.com/NARAprodstorage/lz/dc-metro/rg-024/581208/2020-03/581208-omaha-006/581208-omaha-006-038.JPG	https://s3.amazonaws.com/NARAprodstorage/lz/dc-metro/rg-024/581208/2020-03/581208-omaha-006/581208-omaha-006-038.JPG	 					swxw1/2w	169	185	24	30.19	66	60	55	50		bc	cir strat	9				
1873-10-28	16	-32.94	-72.03	239.06		4.4		https://s3.amazonaws.com/NARAprodstorage/lz/dc-metro/rg-024/581208/2020-03/581208-omaha-006/581208-omaha-006-038.JPG	https://s3.amazonaws.com/NARAprodstorage/lz/dc-metro/rg-024/581208/2020-03/581208-omaha-006/581208-omaha-006-038.JPG	 					swxw1/4w	169	185	24	30.19	65	56	54	54		bc	cir strat	9				
1873-10-28	17	-32.92	-72.13	253.12		4.4		https://s3.amazonaws.com/NARAprodstorage/lz/dc-metro/rg-024/581208/2020-03/581208-omaha-006/581208-omaha-006-038.JPG	https://s3.amazonaws.com/NARAprodstorage/lz/dc-metro/rg-024/581208/2020-03/581208-omaha-006/581208-omaha-006-038.JPG	 					wsw1/2w	180	196	24	30.19	63	55	54	54		bm	cir strat	8				
1873-10-28	18	-32.89	-72.24	253.12		5.2		https://s3.amazonaws.com/NARAprodstorage/lz/dc-metro/rg-024/581208/2020-03/581208-omaha-006/581208-omaha-006-038.JPG	https://s3.amazonaws.com/NARAprodstorage/lz/dc-metro/rg-024/581208/2020-03/581208-omaha-006/581208-omaha-006-038.JPG	 					wsw1/2w	180	196	24	30.19	63	55	54	54		bcm	cum	9				
1873-10-28	19	-32.89	-72.36	239.06		5.6		https://s3.amazonaws.com/NARAprodstorage/lz/dc-metro/rg-024/581208/2020-03/581208-omaha-006/581208-omaha-006-038.JPG	https://s3.amazonaws.com/NARAprodstorage/lz/dc-metro/rg-024/581208/2020-03/581208-omaha-006/581208-omaha-006-038.JPG	 					swxw1/4w	174	190	24	30.18	62	55	53	54		bcm	cir cum	9				
1873-10-28	20	-32.88	-72.49	244.69		6		https://s3.amazonaws.com/NARAprodstorage/lz/dc-metro/rg-024/581208/2020-03/581208-omaha-006/581208-omaha-006-038.JPG	https://s3.amazonaws.com/NARAprodstorage/lz/dc-metro/rg-024/581208/2020-03/581208-omaha-006/581208-omaha-006-038.JPG	 					swxw3/4w	169	185	30	30.18	62	55	53	54		bm	none	10				
1873-10-28	21	-32.87	-72.59	247.5		5		https://s3.amazonaws.com/NARAprodstorage/lz/dc-metro/rg-024/581208/2020-03/581208-omaha-006/581208-omaha-006-038.JPG	https://s3.amazonaws.com/NARAprodstorage/lz/dc-metro/rg-024/581208/2020-03/581208-omaha-006/581208-omaha-006-038.JPG	 					wsw	169	185	30	30.21	62	54	53	54		bm	none	10				
1873-10-28	22	-32.85	-72.7	247.5		5		https://s3.amazonaws.com/NARAprodstorage/lz/dc-metro/rg-024/581208/2020-03/581208-omaha-006/581208-omaha-006-038.JPG	https://s3.amazonaws.com/NARAprodstorage/lz/dc-metro/rg-024/581208/2020-03/581208-omaha-006/581208-omaha-006-038.JPG	 					wsw	169	185	30	30.21	62	54	53	54		bm	none	10				
1873-10-28	23	-32.83	-72.81	247.5		5		https://s3.amazonaws.com/NARAprodstorage/lz/dc-metro/rg-024/581208/2020-03/581208-omaha-006/581208-omaha-006-038.JPG	https://s3.amazonaws.com/NARAprodstorage/lz/dc-metro/rg-024/581208/2020-03/581208-omaha-006/581208-omaha-006-038.JPG	 					wsw	169	185	30	30.21	62	54	53	54		b	none	10				
1873-10-28	24	-32.83	-72.91	239.06		5		https://s3.amazonaws.com/NARAprodstorage/lz/dc-metro/rg-024/581208/2020-03/581208-omaha-006/581208-omaha-006-038.JPG	https://s3.amazonaws.com/NARAprodstorage/lz/dc-metro/rg-024/581208/2020-03/581208-omaha-006/581208-omaha-006-038.JPG	 					swxw1/4w	169	185	30	30.21	62	54	53	54		b	none	10				
1873-10-29	1	-32.82	-73.02	244.69		5		https://s3.amazonaws.com/NARAprodstorage/lz/dc-metro/rg-024/581208/2020-03/581208-omaha-006/581208-omaha-006-039.JPG	https://s3.amazonaws.com/NARAprodstorage/lz/dc-metro/rg-024/581208/2020-03/581208-omaha-006/581208-omaha-006-039.JPG	 					swxw3/4w	169	185	30	30.22	60	55	54	54		bc	nimb	9				
1873-10-29	2	-32.8	-73.11	247.5		4.2		https://s3.amazonaws.com/NARAprodstorage/lz/dc-metro/rg-024/581208/2020-03/581208-omaha-006/581208-omaha-006-039.JPG	https://s3.amazonaws.com/NARAprodstorage/lz/dc-metro/rg-024/581208/2020-03/581208-omaha-006/581208-omaha-006-039.JPG	 					wsw	169	185	37	30.22	59	55	54	54		bc	nimb	9				
1873-10-29	3	-32.78	-73.21	247.5		4.4		https://s3.amazonaws.com/NARAprodstorage/lz/dc-metro/rg-024/581208/2020-03/581208-omaha-006/581208-omaha-006-039.JPG	https://s3.amazonaws.com/NARAprodstorage/lz/dc-metro/rg-024/581208/2020-03/581208-omaha-006/581208-omaha-006-039.JPG	 					wsw	169	185	37	30.22	59	55	54	54		bc	nimb	5				
1873-10-29	4	-32.76	-73.3	247.5		4.4		https://s3.amazonaws.com/NARAprodstorage/lz/dc-metro/rg-024/581208/2020-03/581208-omaha-006/581208-omaha-006-039.JPG	https://s3.amazonaws.com/NARAprodstorage/lz/dc-metro/rg-024/581208/2020-03/581208-omaha-006/581208-omaha-006-039.JPG	 					wsw	169	185	30	30.22	59	55	54	54		bc	nimb	5				
1873-10-29	5	-32.75	-73.4	239.06		4.6		https://s3.amazonaws.com/NARAprodstorage/lz/dc-metro/rg-024/581208/2020-03/581208-omaha-006/581208-omaha-006-039.JPG	https://s3.amazonaws.com/NARAprodstorage/lz/dc-metro/rg-024/581208/2020-03/581208-omaha-006/581208-omaha-006-039.JPG	 					swxw1/4w	169	185	30	30.22	58	55	54	54		bc	cum	8				
1873-10-29	6	-32.75	-73.49	239.06		4.6		https://s3.amazonaws.com/NARAprodstorage/lz/dc-metro/rg-024/581208/2020-03/581208-omaha-006/581208-omaha-006-039.JPG	https://s3.amazonaws.com/NARAprodstorage/lz/dc-metro/rg-024/581208/2020-03/581208-omaha-006/581208-omaha-006-039.JPG	 					swxw1/4w	169	185	30	30.24	58	55	54	54		bc	cum	6				
1873-10-29	7	-32.75	-73.6	236.25		5		https://s3.amazonaws.com/NARAprodstorage/lz/dc-metro/rg-024/581208/2020-03/581208-omaha-006/581208-omaha-006-039.JPG	https://s3.amazonaws.com/NARAprodstorage/lz/dc-metro/rg-024/581208/2020-03/581208-omaha-006/581208-omaha-006-039.JPG	 					swxw	158	174	33	30.24	58	55	54	54		bc	cum	5				
1873-10-29	8	-32.74	-73.7	239.06		5		https://s3.amazonaws.com/NARAprodstorage/lz/dc-metro/rg-024/581208/2020-03/581208-omaha-006/581208-omaha-006-039.JPG	https://s3.amazonaws.com/NARAprodstorage/lz/dc-metro/rg-024/581208/2020-03/581208-omaha-006/581208-omaha-006-039.JPG	 					swxw1/4w	158	174	33	30.24	58	56	54	54		bc	cum	5				
1873-10-29	9	-32.74	-73.82	241.88		5.4		https://s3.amazonaws.com/NARAprodstorage/lz/dc-metro/rg-024/581208/2020-03/581208-omaha-006/581208-omaha-006-039.JPG	https://s3.amazonaws.com/NARAprodstorage/lz/dc-metro/rg-024/581208/2020-03/581208-omaha-006/581208-omaha-006-039.JPG	 					swxw1/2w	158	174	30	30.25	58	57	54	56		bc	cir	8				
1873-10-29	10	-32.73	-73.94	241.88		6		https://s3.amazonaws.com/NARAprodstorage/lz/dc-metro/rg-024/581208/2020-03/581208-omaha-006/581208-omaha-006-039.JPG	https://s3.amazonaws.com/NARAprodstorage/lz/dc-metro/rg-024/581208/2020-03/581208-omaha-006/581208-omaha-006-039.JPG	 					swxw1/2w	158	174	30	30.27	59	57	55	56		bc	cir cum	7				
1873-10-29	11	-32.72	-74.05	241.88		5		https://s3.amazonaws.com/NARAprodstorage/lz/dc-metro/rg-024/581208/2020-03/581208-omaha-006/581208-omaha-006-039.JPG	https://s3.amazonaws.com/NARAprodstorage/lz/dc-metro/rg-024/581208/2020-03/581208-omaha-006/581208-omaha-006-039.JPG	 					swxw1/2w	158	174	24	30.27	59	57	55	56		bcq	cir cum	6				
1873-10-29	12	-32.72	-74.15	239.06		5		https://s3.amazonaws.com/NARAprodstorage/lz/dc-metro/rg-024/581208/2020-03/581208-omaha-006/581208-omaha-006-039.JPG	https://s3.amazonaws.com/NARAprodstorage/lz/dc-metro/rg-024/581208/2020-03/581208-omaha-006/581208-omaha-006-039.JPG	 			32 43S	74 9W	swxw1/4w	158	174	21	30.27	59	57	55	56		bcq	cir cum	6				
1873-10-29	13	-32.72	-74.26	236.25		5.4		https://s3.amazonaws.com/NARAprodstorage/lz/dc-metro/rg-024/581208/2020-03/581208-omaha-006/581208-omaha-006-039.JPG	https://s3.amazonaws.com/NARAprodstorage/lz/dc-metro/rg-024/581208/2020-03/581208-omaha-006/581208-omaha-006-039.JPG	 					swxw	158	174	24	30.2	59	57	55	56		bcq	cir cum	5				
1873-10-29	14	-32.72	-74.37	236.25		5.4		https://s3.amazonaws.com/NARAprodstorage/lz/dc-metro/rg-024/581208/2020-03/581208-omaha-006/581208-omaha-006-039.JPG	https://s3.amazonaws.com/NARAprodstorage/lz/dc-metro/rg-024/581208/2020-03/581208-omaha-006/581208-omaha-006-039.JPG	 					swxw	158	174	21	30.2	59	57	55	56		bcq	cir cum	4				
1873-10-29	15	-32.72	-74.48	233.44		5.2		https://s3.amazonaws.com/NARAprodstorage/lz/dc-metro/rg-024/581208/2020-03/581208-omaha-006/581208-omaha-006-039.JPG	https://s3.amazonaws.com/NARAprodstorage/lz/dc-metro/rg-024/581208/2020-03/581208-omaha-006/581208-omaha-006-039.JPG	 					sw3/4w	158	174	21	30.2	59	57	55	56		bc	cir cum	4				
1873-10-29	16	-32.74	-74.59	230.62		5.6		https://s3.amazonaws.com/NARAprodstorage/lz/dc-metro/rg-024/581208/2020-03/581208-omaha-006/581208-omaha-006-039.JPG	https://s3.amazonaws.com/NARAprodstorage/lz/dc-metro/rg-024/581208/2020-03/581208-omaha-006/581208-omaha-006-039.JPG	 					sw1/2w	158	174	21	30.2	59	57	55	56		bc	cir cum	4				
1873-10-29	17	-32.74	-74.72	236.25		6		https://s3.amazonaws.com/NARAprodstorage/lz/dc-metro/rg-024/581208/2020-03/581208-omaha-006/581208-omaha-006-039.JPG	https://s3.amazonaws.com/NARAprodstorage/lz/dc-metro/rg-024/581208/2020-03/581208-omaha-006/581208-omaha-006-039.JPG	 					swxw	158	174	21	30.2	60	57	55	56		bc	cir cum	5				
1873-10-29	18	-32.75	-74.85	236.25		6.4		https://s3.amazonaws.com/NARAprodstorage/lz/dc-metro/rg-024/581208/2020-03/581208-omaha-006/581208-omaha-006-039.JPG	https://s3.amazonaws.com/NARAprodstorage/lz/dc-metro/rg-024/581208/2020-03/581208-omaha-006/581208-omaha-006-039.JPG	 					swxw	158	174	21	30.2	62	56	54	56		bc	cir cum	1				
1873-10-29	19	-32.75	-74.98	236.25		6.4		https://s3.amazonaws.com/NARAprodstorage/lz/dc-metro/rg-024/581208/2020-03/581208-omaha-006/581208-omaha-006-039.JPG	https://s3.amazonaws.com/NARAprodstorage/lz/dc-metro/rg-024/581208/2020-03/581208-omaha-006/581208-omaha-006-039.JPG	 					swxw	158	174	21	30.2	62	56	54	56		bc	cir cum	2				
1873-10-29	20	-32.76	-75.11	236.25		6.2		https://s3.amazonaws.com/NARAprodstorage/lz/dc-metro/rg-024/581208/2020-03/581208-omaha-006/581208-omaha-006-039.JPG	https://s3.amazonaws.com/NARAprodstorage/lz/dc-metro/rg-024/581208/2020-03/581208-omaha-006/581208-omaha-006-039.JPG	 					swxw	158	174	30	30.29	62	56	54	56		bc	cir cum	1				
1873-10-29	21	-32.77	-75.22	233.44		5.6		https://s3.amazonaws.com/NARAprodstorage/lz/dc-metro/rg-024/581208/2020-03/581208-omaha-006/581208-omaha-006-039.JPG	https://s3.amazonaws.com/NARAprodstorage/lz/dc-metro/rg-024/581208/2020-03/581208-omaha-006/581208-omaha-006-039.JPG	 					sw3/4w	158	174	30	30.29	62	56	54	56		bc	cir cum	4				
1873-10-29	22	-32.78	-75.34	230.62		6		https://s3.amazonaws.com/NARAprodstorage/lz/dc-metro/rg-024/581208/2020-03/581208-omaha-006/581208-omaha-006-039.JPG	https://s3.amazonaws.com/NARAprodstorage/lz/dc-metro/rg-024/581208/2020-03/581208-omaha-006/581208-omaha-006-039.JPG	 					sw1/2w	158	174	30	30.32	61	56	54	57		bc	cir nim	3				
1873-10-29	23	-32.76	-75.46	247.5		5.4		https://s3.amazonaws.com/NARAprodstorage/lz/dc-metro/rg-024/581208/2020-03/581208-omaha-006/581208-omaha-006-039.JPG	https://s3.amazonaws.com/NARAprodstorage/lz/dc-metro/rg-024/581208/2020-03/581208-omaha-006/581208-omaha-006-039.JPG	 					wsw	169	185	30	30.33	61	56	54	57		bc	cir nim	3				
1873-10-29	24	-32.76	-75.58	239.06		6		https://s3.amazonaws.com/NARAprodstorage/lz/dc-metro/rg-024/581208/2020-03/581208-omaha-006/581208-omaha-006-039.JPG	https://s3.amazonaws.com/NARAprodstorage/lz/dc-metro/rg-024/581208/2020-03/581208-omaha-006/581208-omaha-006-039.JPG	 					swxw1/4w	169	185	33	30.3	61	56	54	57		bc	cir nim	3				
1873-10-30	1	-32.76	-75.71	241.88		6.2		https://s3.amazonaws.com/NARAprodstorage/lz/dc-metro/rg-024/581208/2020-03/581208-omaha-006/581208-omaha-006-040.JPG	https://s3.amazonaws.com/NARAprodstorage/lz/dc-metro/rg-024/581208/2020-03/581208-omaha-006/581208-omaha-006-040.JPG	 					swxw1/2w	163	179	27	30.29	61	55	53	57		ocq	cum nm	0				
1873-10-30	2	-32.76	-75.85	239.06		6.4		https://s3.amazonaws.com/NARAprodstorage/lz/dc-metro/rg-024/581208/2020-03/581208-omaha-006/581208-omaha-006-040.JPG	https://s3.amazonaws.com/NARAprodstorage/lz/dc-metro/rg-024/581208/2020-03/581208-omaha-006/581208-omaha-006-040.JPG	 					swxw1/4w	158	174	27	30.28	61	55	53	56		ocqm	cum nm	0				
1873-10-30	3	-32.77	-75.98	236.25		6.6		https://s3.amazonaws.com/NARAprodstorage/lz/dc-metro/rg-024/581208/2020-03/581208-omaha-006/581208-omaha-006-040.JPG	https://s3.amazonaws.com/NARAprodstorage/lz/dc-metro/rg-024/581208/2020-03/581208-omaha-006/581208-omaha-006-040.JPG	 					swxw	158	174	30	30.28	61	55	53	56		ocqm	cum nm	0				
1873-10-30	4	-32.77	-76.11	236.25		6.4		https://s3.amazonaws.com/NARAprodstorage/lz/dc-metro/rg-024/581208/2020-03/581208-omaha-006/581208-omaha-006-040.JPG	https://s3.amazonaws.com/NARAprodstorage/lz/dc-metro/rg-024/581208/2020-03/581208-omaha-006/581208-omaha-006-040.JPG	 					swxw	158	174	30	30.28	61	55	53	56		ocqm	nimb	0				
1873-10-30	5	-32.78	-76.24	236.25		6.4		https://s3.amazonaws.com/NARAprodstorage/lz/dc-metro/rg-024/581208/2020-03/581208-omaha-006/581208-omaha-006-040.JPG	https://s3.amazonaws.com/NARAprodstorage/lz/dc-metro/rg-024/581208/2020-03/581208-omaha-006/581208-omaha-006-040.JPG	 					swxw	158	174	30	30.28	62	56	53	56		bcq	nimb	0				
1873-10-30	6	-32.77	-76.39	247.5		7		https://s3.amazonaws.com/NARAprodstorage/lz/dc-metro/rg-024/581208/2020-03/581208-omaha-006/581208-omaha-006-040.JPG	https://s3.amazonaws.com/NARAprodstorage/lz/dc-metro/rg-024/581208/2020-03/581208-omaha-006/581208-omaha-006-040.JPG	 					wsw	169	185	24	30.3	60	56	53	56		bcq	cvum nimb	2				
1873-10-30	7	-32.78	-76.54	236.25		7.4		https://s3.amazonaws.com/NARAprodstorage/lz/dc-metro/rg-024/581208/2020-03/581208-omaha-006/581208-omaha-006-040.JPG	https://s3.amazonaws.com/NARAprodstorage/lz/dc-metro/rg-024/581208/2020-03/581208-omaha-006/581208-omaha-006-040.JPG	 					swxw	158	174	27	30.3	60	56	53	56		bcq	cvum nimb	4				
1873-10-30	8	-32.79	-76.7	236.25		8		https://s3.amazonaws.com/NARAprodstorage/lz/dc-metro/rg-024/581208/2020-03/581208-omaha-006/581208-omaha-006-040.JPG	https://s3.amazonaws.com/NARAprodstorage/lz/dc-metro/rg-024/581208/2020-03/581208-omaha-006/581208-omaha-006-040.JPG	 					swxw	158	174	27	30.33	60	56	53	56		ocq	cvum nimb	0				
1873-10-30	9	-32.8	-76.85	239.06		7.4		https://s3.amazonaws.com/NARAprodstorage/lz/dc-metro/rg-024/581208/2020-03/581208-omaha-006/581208-omaha-006-040.JPG	https://s3.amazonaws.com/NARAprodstorage/lz/dc-metro/rg-024/581208/2020-03/581208-omaha-006/581208-omaha-006-040.JPG	 					swxw1/4w	158	174	27	30.35	60	56	53	58		ocq	cvum nimb	0				
1873-10-30	10	-32.81	-77.01	239.06		7.4		https://s3.amazonaws.com/NARAprodstorage/lz/dc-metro/rg-024/581208/2020-03/581208-omaha-006/581208-omaha-006-040.JPG	https://s3.amazonaws.com/NARAprodstorage/lz/dc-metro/rg-024/581208/2020-03/581208-omaha-006/581208-omaha-006-040.JPG	 					swxw1/4w	158	174	27	30.36	61	56	53	58		bcq	cvum nimb	1				
1873-10-30	11	-32.82	-77.15	236.25		7.2		https://s3.amazonaws.com/NARAprodstorage/lz/dc-metro/rg-024/581208/2020-03/581208-omaha-006/581208-omaha-006-040.JPG	https://s3.amazonaws.com/NARAprodstorage/lz/dc-metro/rg-024/581208/2020-03/581208-omaha-006/581208-omaha-006-040.JPG	 					swxw	158	174	24	30.37	61	57	54	58		bcq	cvum nimb	1				
1873-10-30	12	-32.83	-77.28	230.62		6.6		https://s3.amazonaws.com/NARAprodstorage/lz/dc-metro/rg-024/581208/2020-03/581208-omaha-006/581208-omaha-006-040.JPG	https://s3.amazonaws.com/NARAprodstorage/lz/dc-metro/rg-024/581208/2020-03/581208-omaha-006/581208-omaha-006-040.JPG	 			32 50S	77 17W	sw1/2w	158	174	24	30.37	62	58	54	58		bcq	cvum nimb	1				
1873-10-30	13	-32.84	-77.42	241.88		6.4		https://s3.amazonaws.com/NARAprodstorage/lz/dc-metro/rg-024/581208/2020-03/581208-omaha-006/581208-omaha-006-040.JPG	https://s3.amazonaws.com/NARAprodstorage/lz/dc-metro/rg-024/581208/2020-03/581208-omaha-006/581208-omaha-006-040.JPG	 					swxw1/2w	169	185	21	30.37	62	58	54	58		bc	cir cum	5				
1873-10-30	14	-32.85	-77.56	241.88		7		https://s3.amazonaws.com/NARAprodstorage/lz/dc-metro/rg-024/581208/2020-03/581208-omaha-006/581208-omaha-006-040.JPG	https://s3.amazonaws.com/NARAprodstorage/lz/dc-metro/rg-024/581208/2020-03/581208-omaha-006/581208-omaha-006-040.JPG	 					swxw1/2w	169	185	19	30.37	62	58	55	58		bc	cir cum	6				
1873-10-30	15	-32.86	-77.71	241.88		7		https://s3.amazonaws.com/NARAprodstorage/lz/dc-metro/rg-024/581208/2020-03/581208-omaha-006/581208-omaha-006-040.JPG	https://s3.amazonaws.com/NARAprodstorage/lz/dc-metro/rg-024/581208/2020-03/581208-omaha-006/581208-omaha-006-040.JPG	 					swxw1/2w	169	185	19	30.37	63	58	55	58		bc	cir cum	4				
1873-10-30	16	-32.87	-77.83	239.06		6		https://s3.amazonaws.com/NARAprodstorage/lz/dc-metro/rg-024/581208/2020-03/581208-omaha-006/581208-omaha-006-040.JPG	https://s3.amazonaws.com/NARAprodstorage/lz/dc-metro/rg-024/581208/2020-03/581208-omaha-006/581208-omaha-006-040.JPG	 					swxw1/4w	169	185	19	30.37	62	58	55	58		bc	cir cum	3				
1873-10-30	17	-32.89	-77.98	236.25		7.2		https://s3.amazonaws.com/NARAprodstorage/lz/dc-metro/rg-024/581208/2020-03/581208-omaha-006/581208-omaha-006-040.JPG	https://s3.amazonaws.com/NARAprodstorage/lz/dc-metro/rg-024/581208/2020-03/581208-omaha-006/581208-omaha-006-040.JPG	 					swxw	169	185	24	30.4	62	58	55	58		bc	cir cum nim	2				
1873-10-30	18	-32.94	-78.12	225		7.4		https://s3.amazonaws.com/NARAprodstorage/lz/dc-metro/rg-024/581208/2020-03/581208-omaha-006/581208-omaha-006-040.JPG	https://s3.amazonaws.com/NARAprodstorage/lz/dc-metro/rg-024/581208/2020-03/581208-omaha-006/581208-omaha-006-040.JPG	 					sw	158	174	30	30.4	62	58	55	58		bc	cir cum nim	2				
1873-10-30	19	-33	-78.23	213.75		7		https://s3.amazonaws.com/NARAprodstorage/lz/dc-metro/rg-024/581208/2020-03/581208-omaha-006/581208-omaha-006-040.JPG	https://s3.amazonaws.com/NARAprodstorage/lz/dc-metro/rg-024/581208/2020-03/581208-omaha-006/581208-omaha-006-040.JPG	 					swxs	135	151	24	30.4	62	57	54	59		bc	cir cum	5				
1873-10-30	20	-33.04	-78.34	219.38		6		https://s3.amazonaws.com/NARAprodstorage/lz/dc-metro/rg-024/581208/2020-03/581208-omaha-006/581208-omaha-006-040.JPG	https://s3.amazonaws.com/NARAprodstorage/lz/dc-metro/rg-024/581208/2020-03/581208-omaha-006/581208-omaha-006-040.JPG	 					sw1/2s	135	151	24	30.4	62	57	54	59		bc	cir	2				
1873-10-30	21	-33.06	-78.44	233.44		5		https://s3.amazonaws.com/NARAprodstorage/lz/dc-metro/rg-024/581208/2020-03/581208-omaha-006/581208-omaha-006-040.JPG	https://s3.amazonaws.com/NARAprodstorage/lz/dc-metro/rg-024/581208/2020-03/581208-omaha-006/581208-omaha-006-040.JPG	 					sw3/4w	124	140	19	30.42	61	57	54	59		bc	cum nim	4				
1873-10-30	22	-33.1	-78.51	202.5		4.4		https://s3.amazonaws.com/NARAprodstorage/lz/dc-metro/rg-024/581208/2020-03/581208-omaha-006/581208-omaha-006-040.JPG	https://s3.amazonaws.com/NARAprodstorage/lz/dc-metro/rg-024/581208/2020-03/581208-omaha-006/581208-omaha-006-040.JPG	 					ssw	124	140	16	30.42	61	57	54	59		bc	cum nim	2				
1873-10-30	23	-33.11	-78.59	227.81		4		https://s3.amazonaws.com/NARAprodstorage/lz/dc-metro/rg-024/581208/2020-03/581208-omaha-006/581208-omaha-006-040.JPG	https://s3.amazonaws.com/NARAprodstorage/lz/dc-metro/rg-024/581208/2020-03/581208-omaha-006/581208-omaha-006-040.JPG	 					sw1/4w	129	145	13	30.42	61	57	54	59		bc	cum nim	2				
1873-10-30	24	-33.13	-78.67	230.62		4		https://s3.amazonaws.com/NARAprodstorage/lz/dc-metro/rg-024/581208/2020-03/581208-omaha-006/581208-omaha-006-040.JPG	https://s3.amazonaws.com/NARAprodstorage/lz/dc-metro/rg-024/581208/2020-03/581208-omaha-006/581208-omaha-006-040.JPG	 					sw1/2w	135	151	13	30.43	60	53	54	59		oc	ninm	0				
1873-10-31	1	-33.15	-78.74	219.38		3.6		https://s3.amazonaws.com/NARAprodstorage/lz/dc-metro/rg-024/581208/2020-03/581208-omaha-006/581208-omaha-006-041.JPG	https://s3.amazonaws.com/NARAprodstorage/lz/dc-metro/rg-024/581208/2020-03/581208-omaha-006/581208-omaha-006-041.JPG	 					sw1/2s	146	162	8	30.41	60	56	53	59		BC	cir nim	3				
1873-10-31	2	-33.17	-78.8	210.94		3.4		https://s3.amazonaws.com/NARAprodstorage/lz/dc-metro/rg-024/581208/2020-03/581208-omaha-006/581208-omaha-006-041.JPG	https://s3.amazonaws.com/NARAprodstorage/lz/dc-metro/rg-024/581208/2020-03/581208-omaha-006/581208-omaha-006-041.JPG	 					ssw3/4w	135	151	8	30.41	60	56	53	59		BC	cir nim	3				
1873-10-31	3	-33.2	-78.88	219.38		4		https://s3.amazonaws.com/NARAprodstorage/lz/dc-metro/rg-024/581208/2020-03/581208-omaha-006/581208-omaha-006-041.JPG	https://s3.amazonaws.com/NARAprodstorage/lz/dc-metro/rg-024/581208/2020-03/581208-omaha-006/581208-omaha-006-041.JPG	 					sw1/2s	135	151	8	30.41	60	56	53	59		OC	cir nim	0				
1873-10-31	4	-33.19	-78.86	99		1.6		https://s3.amazonaws.com/NARAprodstorage/lz/dc-metro/rg-024/581208/2020-03/581208-omaha-006/581208-omaha-006-041.JPG	https://s3.amazonaws.com/NARAprodstorage/lz/dc-metro/rg-024/581208/2020-03/581208-omaha-006/581208-omaha-006-041.JPG	0430: East end of Juan Fernandez Is brg SSE dist about 20 mi.					Sw | exn	146	162	5	30.41	60	56	53	59		OC	cir nim	0				
1873-10-31	5	-33.18	-78.8	75.94		3.4		https://s3.amazonaws.com/NARAprodstorage/lz/dc-metro/rg-024/581208/2020-03/581208-omaha-006/581208-omaha-006-041.JPG	https://s3.amazonaws.com/NARAprodstorage/lz/dc-metro/rg-024/581208/2020-03/581208-omaha-006/581208-omaha-006-041.JPG	 					exn1/4n	146	162	8	30.41	60	56	53	59		BC	cir nim	1				
1873-10-31	6	-33.17	-78.74	75.94		3.4		https://s3.amazonaws.com/NARAprodstorage/lz/dc-metro/rg-024/581208/2020-03/581208-omaha-006/581208-omaha-006-041.JPG	https://s3.amazonaws.com/NARAprodstorage/lz/dc-metro/rg-024/581208/2020-03/581208-omaha-006/581208-omaha-006-041.JPG	 					exn1/4n	146	162	13	30.41	60	56	53	59		BC	cir nim	1				
1873-10-31	7	-33.18	-78.73	128		1.5		https://s3.amazonaws.com/NARAprodstorage/lz/dc-metro/rg-024/581208/2020-03/581208-omaha-006/581208-omaha-006-041.JPG	https://s3.amazonaws.com/NARAprodstorage/lz/dc-metro/rg-024/581208/2020-03/581208-omaha-006/581208-omaha-006-041.JPG	 					exn1/2n | swxs	135	151	13	30.41	60	56	53	59		BC	str cum	1				
1873-10-31	8	-33.22	-78.82	213.75		5		https://s3.amazonaws.com/NARAprodstorage/lz/dc-metro/rg-024/581208/2020-03/581208-omaha-006/581208-omaha-006-041.JPG	https://s3.amazonaws.com/NARAprodstorage/lz/dc-metro/rg-024/581208/2020-03/581208-omaha-006/581208-omaha-006-041.JPG	8AM: East end of Island  brg SExS dist about 20 mi.					swxs	135	151	19	30.4	61	58	54	58		BC	str cum	1				
1873-10-31	9	-33.27	-78.88	197		4.6		https://s3.amazonaws.com/NARAprodstorage/lz/dc-metro/rg-024/581208/2020-03/581208-omaha-006/581208-omaha-006-041.JPG	https://s3.amazonaws.com/NARAprodstorage/lz/dc-metro/rg-024/581208/2020-03/581208-omaha-006/581208-omaha-006-041.JPG	 					Swxs | S	135	151	19	30.47	62	59	55	59		BC	cir cum	2				
1873-10-31	10	-33.33	-78.87	151.88		4.4		https://s3.amazonaws.com/NARAprodstorage/lz/dc-metro/rg-024/581208/2020-03/581208-omaha-006/581208-omaha-006-041.JPG	https://s3.amazonaws.com/NARAprodstorage/lz/dc-metro/rg-024/581208/2020-03/581208-omaha-006/581208-omaha-006-041.JPG	 					SSE1/2E	146	162	19	30.46	63	60	55	59		BC	cir cum	3				
1873-10-31	11	-33.39	-78.86	151.88		4.6		https://s3.amazonaws.com/NARAprodstorage/lz/dc-metro/rg-024/581208/2020-03/581208-omaha-006/581208-omaha-006-041.JPG	https://s3.amazonaws.com/NARAprodstorage/lz/dc-metro/rg-024/581208/2020-03/581208-omaha-006/581208-omaha-006-041.JPG	 					SSE1/2E	146	162	19	30.45	63	60	55	59		BC	cir cum	4				
1873-10-31	12	-33.47	-78.85	151.88		5.4		https://s3.amazonaws.com/NARAprodstorage/lz/dc-metro/rg-024/581208/2020-03/581208-omaha-006/581208-omaha-006-041.JPG	https://s3.amazonaws.com/NARAprodstorage/lz/dc-metro/rg-024/581208/2020-03/581208-omaha-006/581208-omaha-006-041.JPG	"Noon: East end of Island brg S43E, West end S1/w, dist ab out 7 mi."			33 28S	78 51W	SSE1/2E	146	162	8	30.45	63	60	55	59		BC	cir cum	6				
1873-10-31	13	-33.56	-78.83	151.88		5		https://s3.amazonaws.com/NARAprodstorage/lz/dc-metro/rg-024/581208/2020-03/581208-omaha-006/581208-omaha-006-041.JPG	https://s3.amazonaws.com/NARAprodstorage/lz/dc-metro/rg-024/581208/2020-03/581208-omaha-006/581208-omaha-006-041.JPG	"1345: Anchored. Cumberland  Bay, brgs: Flag at Juan Baptiste, SWxW3/4W, Eod Pt SExE1/4E."					sse1/2e	146	162	8	30.43	63	60	56			bc	cum nim	6				
1873-10-31	14	-33.63	-78.82	888		4		https://s3.amazonaws.com/NARAprodstorage/lz/dc-metro/rg-024/581208/2020-03/581208-omaha-006/581208-omaha-006-041.JPG	https://s3.amazonaws.com/NARAprodstorage/lz/dc-metro/rg-024/581208/2020-03/581208-omaha-006/581208-omaha-006-041.JPG	 					v	146	162	8	30.43	63	61	56			bc	cum nim	6				
1873-10-31	15	-33.63	-78.82			a		https://s3.amazonaws.com/NARAprodstorage/lz/dc-metro/rg-024/581208/2020-03/581208-omaha-006/581208-omaha-006-041.JPG	https://s3.amazonaws.com/NARAprodstorage/lz/dc-metro/rg-024/581208/2020-03/581208-omaha-006/581208-omaha-006-041.JPG	 						180	196	5	30.42	63	61	56			bc	cum nim	5				
1873-10-31	16	-33.63	-78.82			a		https://s3.amazonaws.com/NARAprodstorage/lz/dc-metro/rg-024/581208/2020-03/581208-omaha-006/581208-omaha-006-041.JPG	https://s3.amazonaws.com/NARAprodstorage/lz/dc-metro/rg-024/581208/2020-03/581208-omaha-006/581208-omaha-006-041.JPG	 						225	241	5	30.42	63	62	57			bc	cum nim	4				
1873-10-31	17	-33.63	-78.82			a		https://s3.amazonaws.com/NARAprodstorage/lz/dc-metro/rg-024/581208/2020-03/581208-omaha-006/581208-omaha-006-041.JPG	https://s3.amazonaws.com/NARAprodstorage/lz/dc-metro/rg-024/581208/2020-03/581208-omaha-006/581208-omaha-006-041.JPG	 						888	888	5	30.42	63	60	57			bc	cum	5				
1873-10-31	18	-33.63	-78.82			a		https://s3.amazonaws.com/NARAprodstorage/lz/dc-metro/rg-024/581208/2020-03/581208-omaha-006/581208-omaha-006-041.JPG	https://s3.amazonaws.com/NARAprodstorage/lz/dc-metro/rg-024/581208/2020-03/581208-omaha-006/581208-omaha-006-041.JPG	 						888	888	5	30.4	63	60	57			bc	cum	4				
1873-10-31	19	-33.63	-78.82			a		https://s3.amazonaws.com/NARAprodstorage/lz/dc-metro/rg-024/581208/2020-03/581208-omaha-006/581208-omaha-006-041.JPG	https://s3.amazonaws.com/NARAprodstorage/lz/dc-metro/rg-024/581208/2020-03/581208-omaha-006/581208-omaha-006-041.JPG	 						888	888	2	30.4	63	60	57			bc	cum	8				
1873-10-31	20	-33.63	-78.82			a		https://s3.amazonaws.com/NARAprodstorage/lz/dc-metro/rg-024/581208/2020-03/581208-omaha-006/581208-omaha-006-041.JPG	https://s3.amazonaws.com/NARAprodstorage/lz/dc-metro/rg-024/581208/2020-03/581208-omaha-006/581208-omaha-006-041.JPG	 						888	888	2	30.4	63	60	57			bc	cum	8				2000: Heavy Cum clouds rolling over El Younqin Peak and frequent and violent Squalls from off the mountains.
1873-10-31	21	-33.63	-78.82			a		https://s3.amazonaws.com/NARAprodstorage/lz/dc-metro/rg-024/581208/2020-03/581208-omaha-006/581208-omaha-006-041.JPG	https://s3.amazonaws.com/NARAprodstorage/lz/dc-metro/rg-024/581208/2020-03/581208-omaha-006/581208-omaha-006-041.JPG	 						225	241	16	30.38	63	59	56			bcq	cum	4				
1873-10-31	22	-33.63	-78.82			a		https://s3.amazonaws.com/NARAprodstorage/lz/dc-metro/rg-024/581208/2020-03/581208-omaha-006/581208-omaha-006-041.JPG	https://s3.amazonaws.com/NARAprodstorage/lz/dc-metro/rg-024/581208/2020-03/581208-omaha-006/581208-omaha-006-041.JPG	 						225	241	16	30.38	63	59	56			bcq	cum	4				
1873-10-31	23	-33.63	-78.82			a		https://s3.amazonaws.com/NARAprodstorage/lz/dc-metro/rg-024/581208/2020-03/581208-omaha-006/581208-omaha-006-041.JPG	https://s3.amazonaws.com/NARAprodstorage/lz/dc-metro/rg-024/581208/2020-03/581208-omaha-006/581208-omaha-006-041.JPG	 						225	241	16	30.38	62	58	55			bcq	cum	4				
1873-10-31	24	-33.63	-78.82			a		https://s3.amazonaws.com/NARAprodstorage/lz/dc-metro/rg-024/581208/2020-03/581208-omaha-006/581208-omaha-006-041.JPG	https://s3.amazonaws.com/NARAprodstorage/lz/dc-metro/rg-024/581208/2020-03/581208-omaha-006/581208-omaha-006-041.JPG	 						225	241	16	30.38	62	58	55			bcq	cum	4				
1873-11-01	1	-33.63	-78.82			a		https://s3.amazonaws.com/NARAprodstorage/lz/dc-metro/rg-024/581208/2020-03/581208-omaha-006/581208-omaha-006-042.JPG	https://s3.amazonaws.com/NARAprodstorage/lz/dc-metro/rg-024/581208/2020-03/581208-omaha-006/581208-omaha-006-042.JPG	 						225	241	12	30.25	60	57	55			bc	cum nim	7				
1873-11-01	2	-33.63	-78.82			a		https://s3.amazonaws.com/NARAprodstorage/lz/dc-metro/rg-024/581208/2020-03/581208-omaha-006/581208-omaha-006-042.JPG	https://s3.amazonaws.com/NARAprodstorage/lz/dc-metro/rg-024/581208/2020-03/581208-omaha-006/581208-omaha-006-042.JPG	 						225	241	12	30.25	60	57	55			bc	cum nim	6				
1873-11-01	3	-33.63	-78.82			a		https://s3.amazonaws.com/NARAprodstorage/lz/dc-metro/rg-024/581208/2020-03/581208-omaha-006/581208-omaha-006-042.JPG	https://s3.amazonaws.com/NARAprodstorage/lz/dc-metro/rg-024/581208/2020-03/581208-omaha-006/581208-omaha-006-042.JPG	 						225	241	12	30.25	60	57	55			bc	cum nim	6				
1873-11-01	4	-33.63	-78.82			a		https://s3.amazonaws.com/NARAprodstorage/lz/dc-metro/rg-024/581208/2020-03/581208-omaha-006/581208-omaha-006-042.JPG	https://s3.amazonaws.com/NARAprodstorage/lz/dc-metro/rg-024/581208/2020-03/581208-omaha-006/581208-omaha-006-042.JPG	 						225	241	12	30.25	60	57	55			bc	cum nim	5				
1873-11-01	5	-33.63	-78.82			a		https://s3.amazonaws.com/NARAprodstorage/lz/dc-metro/rg-024/581208/2020-03/581208-omaha-006/581208-omaha-006-042.JPG	https://s3.amazonaws.com/NARAprodstorage/lz/dc-metro/rg-024/581208/2020-03/581208-omaha-006/581208-omaha-006-042.JPG	 						225	241	12	30.25	60	58	55			bc	cum nim	5				
1873-11-01	6	-33.63	-78.82			a		https://s3.amazonaws.com/NARAprodstorage/lz/dc-metro/rg-024/581208/2020-03/581208-omaha-006/581208-omaha-006-042.JPG	https://s3.amazonaws.com/NARAprodstorage/lz/dc-metro/rg-024/581208/2020-03/581208-omaha-006/581208-omaha-006-042.JPG	 						225	241	12	30.26	60	58	56			bc	cum nim	5				
1873-11-01	7	-33.63	-78.82			a		https://s3.amazonaws.com/NARAprodstorage/lz/dc-metro/rg-024/581208/2020-03/581208-omaha-006/581208-omaha-006-042.JPG	https://s3.amazonaws.com/NARAprodstorage/lz/dc-metro/rg-024/581208/2020-03/581208-omaha-006/581208-omaha-006-042.JPG	 						225	241	8	30.27	60	59	56			bc	cum nim	3				
1873-11-01	8	-33.63	-78.82			a		https://s3.amazonaws.com/NARAprodstorage/lz/dc-metro/rg-024/581208/2020-03/581208-omaha-006/581208-omaha-006-042.JPG	https://s3.amazonaws.com/NARAprodstorage/lz/dc-metro/rg-024/581208/2020-03/581208-omaha-006/581208-omaha-006-042.JPG	 						225	241	2	30.28	60	59	56			bc	cum nim	2				
1873-11-01	9	-33.63	-78.82			a		https://s3.amazonaws.com/NARAprodstorage/lz/dc-metro/rg-024/581208/2020-03/581208-omaha-006/581208-omaha-006-042.JPG	https://s3.amazonaws.com/NARAprodstorage/lz/dc-metro/rg-024/581208/2020-03/581208-omaha-006/581208-omaha-006-042.JPG	 						225	241	10	30.28	60	59	56			bc	cum	4				
1873-11-01	10	-33.63	-78.82			a		https://s3.amazonaws.com/NARAprodstorage/lz/dc-metro/rg-024/581208/2020-03/581208-omaha-006/581208-omaha-006-042.JPG	https://s3.amazonaws.com/NARAprodstorage/lz/dc-metro/rg-024/581208/2020-03/581208-omaha-006/581208-omaha-006-042.JPG	 						225	241	10	30.28	62	61	56			bc	cum	5				
1873-11-01	11	-33.63	-78.82			a		https://s3.amazonaws.com/NARAprodstorage/lz/dc-metro/rg-024/581208/2020-03/581208-omaha-006/581208-omaha-006-042.JPG	https://s3.amazonaws.com/NARAprodstorage/lz/dc-metro/rg-024/581208/2020-03/581208-omaha-006/581208-omaha-006-042.JPG	 						225	241	10	30.4	62	61	56			bc	cum	5				
1873-11-01	12	-33.63	-78.82			a		https://s3.amazonaws.com/NARAprodstorage/lz/dc-metro/rg-024/581208/2020-03/581208-omaha-006/581208-omaha-006-042.JPG	https://s3.amazonaws.com/NARAprodstorage/lz/dc-metro/rg-024/581208/2020-03/581208-omaha-006/581208-omaha-006-042.JPG	Noon: Off Juan Fernandez Island.						225	241	10		62	61	56			bc	cum	6				
1873-11-01	13	-33.63	-78.82			a		https://s3.amazonaws.com/NARAprodstorage/lz/dc-metro/rg-024/581208/2020-03/581208-omaha-006/581208-omaha-006-042.JPG	https://s3.amazonaws.com/NARAprodstorage/lz/dc-metro/rg-024/581208/2020-03/581208-omaha-006/581208-omaha-006-042.JPG	 						225	241	10	30.4	62	62	58			bc	cum	5				
1873-11-01	14	-33.63	-78.82			a		https://s3.amazonaws.com/NARAprodstorage/lz/dc-metro/rg-024/581208/2020-03/581208-omaha-006/581208-omaha-006-042.JPG	https://s3.amazonaws.com/NARAprodstorage/lz/dc-metro/rg-024/581208/2020-03/581208-omaha-006/581208-omaha-006-042.JPG	 						225	241	10	30.4	62	62	58			bc	cum	5				
1873-11-01	15	-33.63	-78.82			a		https://s3.amazonaws.com/NARAprodstorage/lz/dc-metro/rg-024/581208/2020-03/581208-omaha-006/581208-omaha-006-042.JPG	https://s3.amazonaws.com/NARAprodstorage/lz/dc-metro/rg-024/581208/2020-03/581208-omaha-006/581208-omaha-006-042.JPG	 						225	241	10	30.4	63	63	59			bc	cum	5				
1873-11-01	16	-33.63	-78.82			a		https://s3.amazonaws.com/NARAprodstorage/lz/dc-metro/rg-024/581208/2020-03/581208-omaha-006/581208-omaha-006-042.JPG	https://s3.amazonaws.com/NARAprodstorage/lz/dc-metro/rg-024/581208/2020-03/581208-omaha-006/581208-omaha-006-042.JPG	 						225	241	10	30.4	63	63	59			bc	cum	5				
1873-11-01	17	-33.63	-78.82			a		https://s3.amazonaws.com/NARAprodstorage/lz/dc-metro/rg-024/581208/2020-03/581208-omaha-006/581208-omaha-006-042.JPG	https://s3.amazonaws.com/NARAprodstorage/lz/dc-metro/rg-024/581208/2020-03/581208-omaha-006/581208-omaha-006-042.JPG	 						225	241	10	30.4	63	63	59			bc	cum	5				
1873-11-01	18	-33.63	-78.82			a		https://s3.amazonaws.com/NARAprodstorage/lz/dc-metro/rg-024/581208/2020-03/581208-omaha-006/581208-omaha-006-042.JPG	https://s3.amazonaws.com/NARAprodstorage/lz/dc-metro/rg-024/581208/2020-03/581208-omaha-006/581208-omaha-006-042.JPG	 						225	241	10	30.4	63	63	59			bc	cum	5				
1873-11-01	19	-33.63	-78.82			a		https://s3.amazonaws.com/NARAprodstorage/lz/dc-metro/rg-024/581208/2020-03/581208-omaha-006/581208-omaha-006-042.JPG	https://s3.amazonaws.com/NARAprodstorage/lz/dc-metro/rg-024/581208/2020-03/581208-omaha-006/581208-omaha-006-042.JPG	 						225	241	10	30.4	63	63	59			bc	cum	5				
1873-11-01	20	-33.63	-78.82			a		https://s3.amazonaws.com/NARAprodstorage/lz/dc-metro/rg-024/581208/2020-03/581208-omaha-006/581208-omaha-006-042.JPG	https://s3.amazonaws.com/NARAprodstorage/lz/dc-metro/rg-024/581208/2020-03/581208-omaha-006/581208-omaha-006-042.JPG	 						0	0	0	30.38	65	61	58			bc	cum	7				
1873-11-01	21	-33.63	-78.82			a		https://s3.amazonaws.com/NARAprodstorage/lz/dc-metro/rg-024/581208/2020-03/581208-omaha-006/581208-omaha-006-042.JPG	https://s3.amazonaws.com/NARAprodstorage/lz/dc-metro/rg-024/581208/2020-03/581208-omaha-006/581208-omaha-006-042.JPG	 						888	888	2	30.38	65	61	58			bc	cum	6				
1873-11-01	22	-33.63	-78.82			a		https://s3.amazonaws.com/NARAprodstorage/lz/dc-metro/rg-024/581208/2020-03/581208-omaha-006/581208-omaha-006-042.JPG	https://s3.amazonaws.com/NARAprodstorage/lz/dc-metro/rg-024/581208/2020-03/581208-omaha-006/581208-omaha-006-042.JPG	 						888	888	2	30.38	65	61	58			bc	cum	6				
1873-11-01	23	-33.63	-78.82			a		https://s3.amazonaws.com/NARAprodstorage/lz/dc-metro/rg-024/581208/2020-03/581208-omaha-006/581208-omaha-006-042.JPG	https://s3.amazonaws.com/NARAprodstorage/lz/dc-metro/rg-024/581208/2020-03/581208-omaha-006/581208-omaha-006-042.JPG	 						888	888	2	30.38	65	61	58			bc	cum	6				
1873-11-01	24	-33.63	-78.82			a		https://s3.amazonaws.com/NARAprodstorage/lz/dc-metro/rg-024/581208/2020-03/581208-omaha-006/581208-omaha-006-042.JPG	https://s3.amazonaws.com/NARAprodstorage/lz/dc-metro/rg-024/581208/2020-03/581208-omaha-006/581208-omaha-006-042.JPG	 						888	888	2	30.4	63	62	57			bc	cum	6				
1873-11-02	1	-33.63	-78.82			a		https://s3.amazonaws.com/NARAprodstorage/lz/dc-metro/rg-024/581208/2020-03/581208-omaha-006/581208-omaha-006-043.JPG	https://s3.amazonaws.com/NARAprodstorage/lz/dc-metro/rg-024/581208/2020-03/581208-omaha-006/581208-omaha-006-043.JPG	 						888	888	2	30.4	62	57	55			oc	cum nim	0				
1873-11-02	2	-33.63	-78.82			a		https://s3.amazonaws.com/NARAprodstorage/lz/dc-metro/rg-024/581208/2020-03/581208-omaha-006/581208-omaha-006-043.JPG	https://s3.amazonaws.com/NARAprodstorage/lz/dc-metro/rg-024/581208/2020-03/581208-omaha-006/581208-omaha-006-043.JPG	 						888	888	2	30.4	62	57	55			oc	cum nim	0				
1873-11-02	3	-33.63	-78.82			a		https://s3.amazonaws.com/NARAprodstorage/lz/dc-metro/rg-024/581208/2020-03/581208-omaha-006/581208-omaha-006-043.JPG	https://s3.amazonaws.com/NARAprodstorage/lz/dc-metro/rg-024/581208/2020-03/581208-omaha-006/581208-omaha-006-043.JPG	 						888	888	2	30.4	62	57	55			oc	cum nim	0				
1873-11-02	4	-33.63	-78.82			a		https://s3.amazonaws.com/NARAprodstorage/lz/dc-metro/rg-024/581208/2020-03/581208-omaha-006/581208-omaha-006-043.JPG	https://s3.amazonaws.com/NARAprodstorage/lz/dc-metro/rg-024/581208/2020-03/581208-omaha-006/581208-omaha-006-043.JPG	 						888	888	2	30.4	62	57	55			oc	cum nim	0				
1873-11-02	5	-33.63	-78.82			a		https://s3.amazonaws.com/NARAprodstorage/lz/dc-metro/rg-024/581208/2020-03/581208-omaha-006/581208-omaha-006-043.JPG	https://s3.amazonaws.com/NARAprodstorage/lz/dc-metro/rg-024/581208/2020-03/581208-omaha-006/581208-omaha-006-043.JPG	 						90	106	5	30.39	63	61	59			ocm	cum nim	0				
1873-11-02	6	-33.63	-78.82			a		https://s3.amazonaws.com/NARAprodstorage/lz/dc-metro/rg-024/581208/2020-03/581208-omaha-006/581208-omaha-006-043.JPG	https://s3.amazonaws.com/NARAprodstorage/lz/dc-metro/rg-024/581208/2020-03/581208-omaha-006/581208-omaha-006-043.JPG	 						90	106	5	30.39	63	61	59			ocm	cum nim	0				
1873-11-02	7	-33.63	-78.82			a		https://s3.amazonaws.com/NARAprodstorage/lz/dc-metro/rg-024/581208/2020-03/581208-omaha-006/581208-omaha-006-043.JPG	https://s3.amazonaws.com/NARAprodstorage/lz/dc-metro/rg-024/581208/2020-03/581208-omaha-006/581208-omaha-006-043.JPG	 						90	106	5	30.39	63	61	59			ocm	cum nim	0				
1873-11-02	8	-33.63	-78.82			a		https://s3.amazonaws.com/NARAprodstorage/lz/dc-metro/rg-024/581208/2020-03/581208-omaha-006/581208-omaha-006-043.JPG	https://s3.amazonaws.com/NARAprodstorage/lz/dc-metro/rg-024/581208/2020-03/581208-omaha-006/581208-omaha-006-043.JPG	 						90	106	5	30.39	63	61	59			ocm	cum nim	0				
1873-11-02	9	-33.63	-78.82			a		https://s3.amazonaws.com/NARAprodstorage/lz/dc-metro/rg-024/581208/2020-03/581208-omaha-006/581208-omaha-006-043.JPG	https://s3.amazonaws.com/NARAprodstorage/lz/dc-metro/rg-024/581208/2020-03/581208-omaha-006/581208-omaha-006-043.JPG	 						90	106	2	30.39	64	62	60			ocm	cum nim	0				
1873-11-02	10	-33.63	-78.82			a		https://s3.amazonaws.com/NARAprodstorage/lz/dc-metro/rg-024/581208/2020-03/581208-omaha-006/581208-omaha-006-043.JPG	https://s3.amazonaws.com/NARAprodstorage/lz/dc-metro/rg-024/581208/2020-03/581208-omaha-006/581208-omaha-006-043.JPG	 						248	264	2	30.39	64	62	60			ocm	cum nim	0				
1873-11-02	11	-33.63	-78.82			a		https://s3.amazonaws.com/NARAprodstorage/lz/dc-metro/rg-024/581208/2020-03/581208-omaha-006/581208-omaha-006-043.JPG	https://s3.amazonaws.com/NARAprodstorage/lz/dc-metro/rg-024/581208/2020-03/581208-omaha-006/581208-omaha-006-043.JPG	 						248	264	9	30.39	64	62	60			ocm	cum nim	0				
1873-11-02	12	-33.63	-78.82			a		https://s3.amazonaws.com/NARAprodstorage/lz/dc-metro/rg-024/581208/2020-03/581208-omaha-006/581208-omaha-006-043.JPG	https://s3.amazonaws.com/NARAprodstorage/lz/dc-metro/rg-024/581208/2020-03/581208-omaha-006/581208-omaha-006-043.JPG	Noon: Off Juan Fernandez Island.						248	264	9	30.39	64	62	60			ocm	cum nim	0				
1873-11-02	13	-33.63	-78.82			a		https://s3.amazonaws.com/NARAprodstorage/lz/dc-metro/rg-024/581208/2020-03/581208-omaha-006/581208-omaha-006-043.JPG	https://s3.amazonaws.com/NARAprodstorage/lz/dc-metro/rg-024/581208/2020-03/581208-omaha-006/581208-omaha-006-043.JPG	 									30.38	66	63	59	60		ocm	cum nim	0				
1873-11-02	14	-33.63	-78.82			a		https://s3.amazonaws.com/NARAprodstorage/lz/dc-metro/rg-024/581208/2020-03/581208-omaha-006/581208-omaha-006-043.JPG	https://s3.amazonaws.com/NARAprodstorage/lz/dc-metro/rg-024/581208/2020-03/581208-omaha-006/581208-omaha-006-043.JPG	1400: Got Underway									30.38	66	63	59	60		bm	cum nim	5				
1873-11-02	15	-33.62	-78.78	888		2.5		https://s3.amazonaws.com/NARAprodstorage/lz/dc-metro/rg-024/581208/2020-03/581208-omaha-006/581208-omaha-006-043.JPG	https://s3.amazonaws.com/NARAprodstorage/lz/dc-metro/rg-024/581208/2020-03/581208-omaha-006/581208-omaha-006-043.JPG	1515: Flagstaff on Fort Juan Baptiste brg SW1/2w dist 3 mi.									30.38	66	63	59	60		bm	cum nim	5				
1873-11-02	16	-33.57	-78.73	42.19		3.4		https://s3.amazonaws.com/NARAprodstorage/lz/dc-metro/rg-024/581208/2020-03/581208-omaha-006/581208-omaha-006-043.JPG	https://s3.amazonaws.com/NARAprodstorage/lz/dc-metro/rg-024/581208/2020-03/581208-omaha-006/581208-omaha-006-043.JPG	 					ne1/4n	169	185	19	30.38	66	63	59	60		ocm	cum nim	0				
1873-11-02	17	-33.5	-78.63	42.19		6.4		https://s3.amazonaws.com/NARAprodstorage/lz/dc-metro/rg-024/581208/2020-03/581208-omaha-006/581208-omaha-006-043.JPG	https://s3.amazonaws.com/NARAprodstorage/lz/dc-metro/rg-024/581208/2020-03/581208-omaha-006/581208-omaha-006-043.JPG	 					ne1/4n	146	162	19	30.4	66	64	60	60		oc	cum nim	0				
1873-11-02	18	-33.42	-78.52	42.19		7		https://s3.amazonaws.com/NARAprodstorage/lz/dc-metro/rg-024/581208/2020-03/581208-omaha-006/581208-omaha-006-043.JPG	https://s3.amazonaws.com/NARAprodstorage/lz/dc-metro/rg-024/581208/2020-03/581208-omaha-006/581208-omaha-006-043.JPG	 					ne1/4n	146	162	24	30.4	66	64	60	60		oc	cum nim	2				
1873-11-02	19	-33.34	-78.41	42.19		7		https://s3.amazonaws.com/NARAprodstorage/lz/dc-metro/rg-024/581208/2020-03/581208-omaha-006/581208-omaha-006-043.JPG	https://s3.amazonaws.com/NARAprodstorage/lz/dc-metro/rg-024/581208/2020-03/581208-omaha-006/581208-omaha-006-043.JPG	 					ne1/4n	135	151	24	30.4	66	64	60	59		bc	cum nim	1				
1873-11-02	20	-33.26	-78.28	45		8.2		https://s3.amazonaws.com/NARAprodstorage/lz/dc-metro/rg-024/581208/2020-03/581208-omaha-006/581208-omaha-006-043.JPG	https://s3.amazonaws.com/NARAprodstorage/lz/dc-metro/rg-024/581208/2020-03/581208-omaha-006/581208-omaha-006-043.JPG	 					ne	135	151	27	30.38	66	64	60	59		bc	cum nim	1				
1873-11-02	21	-33.17	-78.13	45		9		https://s3.amazonaws.com/NARAprodstorage/lz/dc-metro/rg-024/581208/2020-03/581208-omaha-006/581208-omaha-006-043.JPG	https://s3.amazonaws.com/NARAprodstorage/lz/dc-metro/rg-024/581208/2020-03/581208-omaha-006/581208-omaha-006-043.JPG	 					ne	158	174	27	30.4	67	62	58	59		bc	cum nim	2				
1873-11-02	22	-33.09	-78.02	45		7		https://s3.amazonaws.com/NARAprodstorage/lz/dc-metro/rg-024/581208/2020-03/581208-omaha-006/581208-omaha-006-043.JPG	https://s3.amazonaws.com/NARAprodstorage/lz/dc-metro/rg-024/581208/2020-03/581208-omaha-006/581208-omaha-006-043.JPG	 					ne	158	174	27	30.4	65	60	57	59		bc	cum nim	2				
1873-11-02	23	-33.03	-77.92	45		6.4		https://s3.amazonaws.com/NARAprodstorage/lz/dc-metro/rg-024/581208/2020-03/581208-omaha-006/581208-omaha-006-043.JPG	https://s3.amazonaws.com/NARAprodstorage/lz/dc-metro/rg-024/581208/2020-03/581208-omaha-006/581208-omaha-006-043.JPG	 					ne	158	174	18	30.4	64	59	56	59		bc	cum nim	2				
1873-11-02	24	-32.95	-77.8	45		7		https://s3.amazonaws.com/NARAprodstorage/lz/dc-metro/rg-024/581208/2020-03/581208-omaha-006/581208-omaha-006-043.JPG	https://s3.amazonaws.com/NARAprodstorage/lz/dc-metro/rg-024/581208/2020-03/581208-omaha-006/581208-omaha-006-043.JPG	 					ne	158	174	18	30.38	63	58	55	59		bc	cir cum	8				
1873-11-03	1	-32.87	-77.68	45		7.6		https://s3.amazonaws.com/NARAprodstorage/lz/dc-metro/rg-024/581208/2020-03/581208-omaha-006/581208-omaha-006-044.JPG	https://s3.amazonaws.com/NARAprodstorage/lz/dc-metro/rg-024/581208/2020-03/581208-omaha-006/581208-omaha-006-044.JPG	 					ne	135	151	19	30.35	62	58	56	59		bc	cir cum	8				
1873-11-03	2	-32.79	-77.55	45		8		https://s3.amazonaws.com/NARAprodstorage/lz/dc-metro/rg-024/581208/2020-03/581208-omaha-006/581208-omaha-006-044.JPG	https://s3.amazonaws.com/NARAprodstorage/lz/dc-metro/rg-024/581208/2020-03/581208-omaha-006/581208-omaha-006-044.JPG	 					ne	146	162	19	30.35	62	58	56	59		bc	cir cum	8				
1873-11-03	3	-32.71	-77.43	45		7.4		https://s3.amazonaws.com/NARAprodstorage/lz/dc-metro/rg-024/581208/2020-03/581208-omaha-006/581208-omaha-006-044.JPG	https://s3.amazonaws.com/NARAprodstorage/lz/dc-metro/rg-024/581208/2020-03/581208-omaha-006/581208-omaha-006-044.JPG	 					ne	146	162	19	30.35	62	58	55	59		bc	cir cum	8				
1873-11-03	4	-32.64	-77.31	45		7.4		https://s3.amazonaws.com/NARAprodstorage/lz/dc-metro/rg-024/581208/2020-03/581208-omaha-006/581208-omaha-006-044.JPG	https://s3.amazonaws.com/NARAprodstorage/lz/dc-metro/rg-024/581208/2020-03/581208-omaha-006/581208-omaha-006-044.JPG	 					ne	146	162	19	30.35	62	58	55	59		bc	cir cum	8				
1873-11-03	5	-32.56	-77.18	45		8		https://s3.amazonaws.com/NARAprodstorage/lz/dc-metro/rg-024/581208/2020-03/581208-omaha-006/581208-omaha-006-044.JPG	https://s3.amazonaws.com/NARAprodstorage/lz/dc-metro/rg-024/581208/2020-03/581208-omaha-006/581208-omaha-006-044.JPG	 					ne	146	162	24	30.3	63	58	55	59		bc	cir cum	7				
1873-11-03	6	-32.47	-77.05	45		8		https://s3.amazonaws.com/NARAprodstorage/lz/dc-metro/rg-024/581208/2020-03/581208-omaha-006/581208-omaha-006-044.JPG	https://s3.amazonaws.com/NARAprodstorage/lz/dc-metro/rg-024/581208/2020-03/581208-omaha-006/581208-omaha-006-044.JPG	 					ne	146	162	24	30.3	63	58	55	59		bc	cir cum	8				
1873-11-03	7	-32.39	-76.91	45		8.6		https://s3.amazonaws.com/NARAprodstorage/lz/dc-metro/rg-024/581208/2020-03/581208-omaha-006/581208-omaha-006-044.JPG	https://s3.amazonaws.com/NARAprodstorage/lz/dc-metro/rg-024/581208/2020-03/581208-omaha-006/581208-omaha-006-044.JPG	 					ne	146	162	24	30.33	64	60	56	59		bc	cir cum	9				
1873-11-03	8	-32.31	-76.79	45		7.6		https://s3.amazonaws.com/NARAprodstorage/lz/dc-metro/rg-024/581208/2020-03/581208-omaha-006/581208-omaha-006-044.JPG	https://s3.amazonaws.com/NARAprodstorage/lz/dc-metro/rg-024/581208/2020-03/581208-omaha-006/581208-omaha-006-044.JPG	 					ne	146	162	24	30.34	64	60	58	59		bc	cir cum	9				
1873-11-03	9	-32.22	-76.65	45		8.6		https://s3.amazonaws.com/NARAprodstorage/lz/dc-metro/rg-024/581208/2020-03/581208-omaha-006/581208-omaha-006-044.JPG	https://s3.amazonaws.com/NARAprodstorage/lz/dc-metro/rg-024/581208/2020-03/581208-omaha-006/581208-omaha-006-044.JPG	 					ne	146	162	24	30.34	64	60	58	59		bc	cir cum	6				
1873-11-03	10	-32.13	-76.51	45		9		https://s3.amazonaws.com/NARAprodstorage/lz/dc-metro/rg-024/581208/2020-03/581208-omaha-006/581208-omaha-006-044.JPG	https://s3.amazonaws.com/NARAprodstorage/lz/dc-metro/rg-024/581208/2020-03/581208-omaha-006/581208-omaha-006-044.JPG	 					ne	146	162	30	30.31	64	60	58	59		bc	cir cum	8				
1873-11-03	11	-32.04	-76.36	45		9		https://s3.amazonaws.com/NARAprodstorage/lz/dc-metro/rg-024/581208/2020-03/581208-omaha-006/581208-omaha-006-044.JPG	https://s3.amazonaws.com/NARAprodstorage/lz/dc-metro/rg-024/581208/2020-03/581208-omaha-006/581208-omaha-006-044.JPG	 					ne	146	162	30	30.31	64	60	58	59		bc	cir	9				
1873-11-03	12	-31.97	-76.25	45		7		https://s3.amazonaws.com/NARAprodstorage/lz/dc-metro/rg-024/581208/2020-03/581208-omaha-006/581208-omaha-006-044.JPG	https://s3.amazonaws.com/NARAprodstorage/lz/dc-metro/rg-024/581208/2020-03/581208-omaha-006/581208-omaha-006-044.JPG	 			31 58S	76 15W	ne	146	162	30	30.31	64	60	58	59		bc	cir	9				
1873-11-03	13	-31.87	-76.11	45		8.4		https://s3.amazonaws.com/NARAprodstorage/lz/dc-metro/rg-024/581208/2020-03/581208-omaha-006/581208-omaha-006-044.JPG	https://s3.amazonaws.com/NARAprodstorage/lz/dc-metro/rg-024/581208/2020-03/581208-omaha-006/581208-omaha-006-044.JPG	1300: cc NE1/4N					ne	146	162	30	30.3	64	60	59	59		bc	cirrus	9				
1873-11-03	14	-31.76	-75.96	42.19		9.4		https://s3.amazonaws.com/NARAprodstorage/lz/dc-metro/rg-024/581208/2020-03/581208-omaha-006/581208-omaha-006-044.JPG	https://s3.amazonaws.com/NARAprodstorage/lz/dc-metro/rg-024/581208/2020-03/581208-omaha-006/581208-omaha-006-044.JPG	 					ne1/4n	146	162	30	30.28	63	59	58	59		bc	cirrus	9				
1873-11-03	15	-31.65	-75.81	42.19		9.2		https://s3.amazonaws.com/NARAprodstorage/lz/dc-metro/rg-024/581208/2020-03/581208-omaha-006/581208-omaha-006-044.JPG	https://s3.amazonaws.com/NARAprodstorage/lz/dc-metro/rg-024/581208/2020-03/581208-omaha-006/581208-omaha-006-044.JPG	 					ne1/4n	146	162	30	30.28	63	59	58	59		b	none	10				
1873-11-03	16	-31.53	-75.65	42.19		9.4		https://s3.amazonaws.com/NARAprodstorage/lz/dc-metro/rg-024/581208/2020-03/581208-omaha-006/581208-omaha-006-044.JPG	https://s3.amazonaws.com/NARAprodstorage/lz/dc-metro/rg-024/581208/2020-03/581208-omaha-006/581208-omaha-006-044.JPG	 					ne1/4n	146	162	30	30.25	64	62	58	59		b	none	10				
1873-11-03	17	-31.42	-75.5	42.19		9.6		https://s3.amazonaws.com/NARAprodstorage/lz/dc-metro/rg-024/581208/2020-03/581208-omaha-006/581208-omaha-006-044.JPG	https://s3.amazonaws.com/NARAprodstorage/lz/dc-metro/rg-024/581208/2020-03/581208-omaha-006/581208-omaha-006-044.JPG	 					ne1/4n	146	162	30	30.25	64	62	58	59		bh	none	10				
1873-11-03	18	-31.3	-75.34	42.19		9.6		https://s3.amazonaws.com/NARAprodstorage/lz/dc-metro/rg-024/581208/2020-03/581208-omaha-006/581208-omaha-006-044.JPG	https://s3.amazonaws.com/NARAprodstorage/lz/dc-metro/rg-024/581208/2020-03/581208-omaha-006/581208-omaha-006-044.JPG	 					ne1/4n	146	162	30	30.25	64	62	58	59		bh	none	10				
1873-11-03	19	-31.18	-75.18	42.19		10		https://s3.amazonaws.com/NARAprodstorage/lz/dc-metro/rg-024/581208/2020-03/581208-omaha-006/581208-omaha-006-044.JPG	https://s3.amazonaws.com/NARAprodstorage/lz/dc-metro/rg-024/581208/2020-03/581208-omaha-006/581208-omaha-006-044.JPG	 					ne1/4n	146	162	30	30.23	64	60	58	59		bh	none	10				
1873-11-03	20	-31.07	-75.03	42.19		9.4		https://s3.amazonaws.com/NARAprodstorage/lz/dc-metro/rg-024/581208/2020-03/581208-omaha-006/581208-omaha-006-044.JPG	https://s3.amazonaws.com/NARAprodstorage/lz/dc-metro/rg-024/581208/2020-03/581208-omaha-006/581208-omaha-006-044.JPG	 					ne1/4n	146	162	30	30.23	65	60	58	59		bm	none	10				
1873-11-03	21	-30.96	-74.87	42.19		9.6		https://s3.amazonaws.com/NARAprodstorage/lz/dc-metro/rg-024/581208/2020-03/581208-omaha-006/581208-omaha-006-044.JPG	https://s3.amazonaws.com/NARAprodstorage/lz/dc-metro/rg-024/581208/2020-03/581208-omaha-006/581208-omaha-006-044.JPG	 					ne1/4n	158	174	30	30.23	65	60	58	58		bm	none	10				
1873-11-03	22	-30.84	-74.72	42.19		9.4		https://s3.amazonaws.com/NARAprodstorage/lz/dc-metro/rg-024/581208/2020-03/581208-omaha-006/581208-omaha-006-044.JPG	https://s3.amazonaws.com/NARAprodstorage/lz/dc-metro/rg-024/581208/2020-03/581208-omaha-006/581208-omaha-006-044.JPG	 					ne1/4n	158	174	30	30.23	65	60	58	58		bm	none	10				
1873-11-03	23	-30.74	-74.57	42.19		9		https://s3.amazonaws.com/NARAprodstorage/lz/dc-metro/rg-024/581208/2020-03/581208-omaha-006/581208-omaha-006-044.JPG	https://s3.amazonaws.com/NARAprodstorage/lz/dc-metro/rg-024/581208/2020-03/581208-omaha-006/581208-omaha-006-044.JPG	 					ne1/4n	158	174	21	30.23	65	60	58	58		bm	none	10				
1873-11-03	24	-30.62	-74.42	42.19		9.6		https://s3.amazonaws.com/NARAprodstorage/lz/dc-metro/rg-024/581208/2020-03/581208-omaha-006/581208-omaha-006-044.JPG	https://s3.amazonaws.com/NARAprodstorage/lz/dc-metro/rg-024/581208/2020-03/581208-omaha-006/581208-omaha-006-044.JPG	 					ne1/4n	158	174	27	30.23	65	60	58	58		bm	none	10				
1873-11-04	1	-30.51	-74.27	42.19		9.4		https://s3.amazonaws.com/NARAprodstorage/lz/dc-metro/rg-024/581208/2020-03/581208-omaha-006/581208-omaha-006-045.JPG	https://s3.amazonaws.com/NARAprodstorage/lz/dc-metro/rg-024/581208/2020-03/581208-omaha-006/581208-omaha-006-045.JPG	 					ne1/4n	202	218	30	30.18	63	60	58	57		b	none	10				
1873-11-04	2	-30.4	-74.11	42.19		9.4		https://s3.amazonaws.com/NARAprodstorage/lz/dc-metro/rg-024/581208/2020-03/581208-omaha-006/581208-omaha-006-045.JPG	https://s3.amazonaws.com/NARAprodstorage/lz/dc-metro/rg-024/581208/2020-03/581208-omaha-006/581208-omaha-006-045.JPG	 					ne1/4n	202	218	30	30.18	63	60	58	57		b	none	10				
1873-11-04	3	-30.28	-73.97	42.19		9.2		https://s3.amazonaws.com/NARAprodstorage/lz/dc-metro/rg-024/581208/2020-03/581208-omaha-006/581208-omaha-006-045.JPG	https://s3.amazonaws.com/NARAprodstorage/lz/dc-metro/rg-024/581208/2020-03/581208-omaha-006/581208-omaha-006-045.JPG	 					ne1/4n	202	218	30	30.13	63	60	58	57		b	none	10				
1873-11-04	4	-30.17	-73.81	42.19		10		https://s3.amazonaws.com/NARAprodstorage/lz/dc-metro/rg-024/581208/2020-03/581208-omaha-006/581208-omaha-006-045.JPG	https://s3.amazonaws.com/NARAprodstorage/lz/dc-metro/rg-024/581208/2020-03/581208-omaha-006/581208-omaha-006-045.JPG	 					ne1/4n	202	218	30	30.11	62	59	57	57		b	none	10				
1873-11-04	5	-30.05	-73.65	42.19		10		https://s3.amazonaws.com/NARAprodstorage/lz/dc-metro/rg-024/581208/2020-03/581208-omaha-006/581208-omaha-006-045.JPG	https://s3.amazonaws.com/NARAprodstorage/lz/dc-metro/rg-024/581208/2020-03/581208-omaha-006/581208-omaha-006-045.JPG	 					ne1/4n	202	218	30	30.11	62	59	58	57		b	none	10				
1873-11-04	6	-29.93	-73.49	42.19		9.6		https://s3.amazonaws.com/NARAprodstorage/lz/dc-metro/rg-024/581208/2020-03/581208-omaha-006/581208-omaha-006-045.JPG	https://s3.amazonaws.com/NARAprodstorage/lz/dc-metro/rg-024/581208/2020-03/581208-omaha-006/581208-omaha-006-045.JPG	 					ne1/4n	169	185	24	30.15	62	59	58	57		b	none	10				
1873-11-04	7	-29.82	-73.35	42.19		9		https://s3.amazonaws.com/NARAprodstorage/lz/dc-metro/rg-024/581208/2020-03/581208-omaha-006/581208-omaha-006-045.JPG	https://s3.amazonaws.com/NARAprodstorage/lz/dc-metro/rg-024/581208/2020-03/581208-omaha-006/581208-omaha-006-045.JPG	 					ne1/4n	169	185	24	30.22	63	61	59	57		b	none	10				
1873-11-04	8	-29.72	-73.22	42.19		8		https://s3.amazonaws.com/NARAprodstorage/lz/dc-metro/rg-024/581208/2020-03/581208-omaha-006/581208-omaha-006-045.JPG	https://s3.amazonaws.com/NARAprodstorage/lz/dc-metro/rg-024/581208/2020-03/581208-omaha-006/581208-omaha-006-045.JPG	 					ne1/4n	180	196	24	30.14	63	63	62	58		b	none	10				
1873-11-04	9	-29.62	-73.09	42.19		8		https://s3.amazonaws.com/NARAprodstorage/lz/dc-metro/rg-024/581208/2020-03/581208-omaha-006/581208-omaha-006-045.JPG	https://s3.amazonaws.com/NARAprodstorage/lz/dc-metro/rg-024/581208/2020-03/581208-omaha-006/581208-omaha-006-045.JPG	 					ne1/4n	169	185	21	30.14	63	63	62	58		b	none	10				
1873-11-04	10	-29.52	-72.96	42.19		8		https://s3.amazonaws.com/NARAprodstorage/lz/dc-metro/rg-024/581208/2020-03/581208-omaha-006/581208-omaha-006-045.JPG	https://s3.amazonaws.com/NARAprodstorage/lz/dc-metro/rg-024/581208/2020-03/581208-omaha-006/581208-omaha-006-045.JPG	 					ne1/4n	169	185	24	30.14	63	63	62	58		b	none	10				
1873-11-04	11	-29.42	-72.83	42.19		8.6		https://s3.amazonaws.com/NARAprodstorage/lz/dc-metro/rg-024/581208/2020-03/581208-omaha-006/581208-omaha-006-045.JPG	https://s3.amazonaws.com/NARAprodstorage/lz/dc-metro/rg-024/581208/2020-03/581208-omaha-006/581208-omaha-006-045.JPG	 					ne1/4n	169	185	24	30.14	63	63	62	58		b	none	10				
1873-11-04	12	-29.32	-72.7	42.19		8		https://s3.amazonaws.com/NARAprodstorage/lz/dc-metro/rg-024/581208/2020-03/581208-omaha-006/581208-omaha-006-045.JPG	https://s3.amazonaws.com/NARAprodstorage/lz/dc-metro/rg-024/581208/2020-03/581208-omaha-006/581208-omaha-006-045.JPG	1230: cc NNE1/2e.			29 19S	72 42W	ne1/4n	169	185	30	30.14	63	64	61	58		b	none	10				
1873-11-04	13	-29.2	-72.61	24		8.4		https://s3.amazonaws.com/NARAprodstorage/lz/dc-metro/rg-024/581208/2020-03/581208-omaha-006/581208-omaha-006-045.JPG	https://s3.amazonaws.com/NARAprodstorage/lz/dc-metro/rg-024/581208/2020-03/581208-omaha-006/581208-omaha-006-045.JPG	 					nne1/4N | nne1/2e	169	185	21	30.11	65	64	61	59		b	none	10				
1873-11-04	14	-29.1	-72.53	28.12		7.4		https://s3.amazonaws.com/NARAprodstorage/lz/dc-metro/rg-024/581208/2020-03/581208-omaha-006/581208-omaha-006-045.JPG	https://s3.amazonaws.com/NARAprodstorage/lz/dc-metro/rg-024/581208/2020-03/581208-omaha-006/581208-omaha-006-045.JPG	 					nne1/2e	180	196	19	30.11	65	64	61	59		b	none	10				
1873-11-04	15	-28.99	-72.45	28.12		7.6		https://s3.amazonaws.com/NARAprodstorage/lz/dc-metro/rg-024/581208/2020-03/581208-omaha-006/581208-omaha-006-045.JPG	https://s3.amazonaws.com/NARAprodstorage/lz/dc-metro/rg-024/581208/2020-03/581208-omaha-006/581208-omaha-006-045.JPG	 					nne1/2e	180	196	19	30.1	65	64	61	59		b	none	10				
1873-11-04	16	-28.88	-72.36	28.12		8		https://s3.amazonaws.com/NARAprodstorage/lz/dc-metro/rg-024/581208/2020-03/581208-omaha-006/581208-omaha-006-045.JPG	https://s3.amazonaws.com/NARAprodstorage/lz/dc-metro/rg-024/581208/2020-03/581208-omaha-006/581208-omaha-006-045.JPG	 					nne1/2e	180	196	19	30.1	65	64	61	59		b	none	10				
1873-11-04	17	-28.78	-72.27	28.12		8		https://s3.amazonaws.com/NARAprodstorage/lz/dc-metro/rg-024/581208/2020-03/581208-omaha-006/581208-omaha-006-045.JPG	https://s3.amazonaws.com/NARAprodstorage/lz/dc-metro/rg-024/581208/2020-03/581208-omaha-006/581208-omaha-006-045.JPG	 					nne1/2e	180	196	19	30.04	66	63	60	58		b	none	10				
1873-11-04	18	-28.67	-72.18	28.12		7.6		https://s3.amazonaws.com/NARAprodstorage/lz/dc-metro/rg-024/581208/2020-03/581208-omaha-006/581208-omaha-006-045.JPG	https://s3.amazonaws.com/NARAprodstorage/lz/dc-metro/rg-024/581208/2020-03/581208-omaha-006/581208-omaha-006-045.JPG	 					nne1/2e	180	196	24	30.03	67	63	60	58		b	none	10				
1873-11-04	19	-28.55	-72.08	28.12		9		https://s3.amazonaws.com/NARAprodstorage/lz/dc-metro/rg-024/581208/2020-03/581208-omaha-006/581208-omaha-006-045.JPG	https://s3.amazonaws.com/NARAprodstorage/lz/dc-metro/rg-024/581208/2020-03/581208-omaha-006/581208-omaha-006-045.JPG	 					nne1/2e	180	194	27	30.08	65	62	57	58		b	none	10				
1873-11-04	20	-28.43	-71.98	28.12		9.4		https://s3.amazonaws.com/NARAprodstorage/lz/dc-metro/rg-024/581208/2020-03/581208-omaha-006/581208-omaha-006-045.JPG	https://s3.amazonaws.com/NARAprodstorage/lz/dc-metro/rg-024/581208/2020-03/581208-omaha-006/581208-omaha-006-045.JPG	2030: cc NNE.					nne1/2e	180	194	27	30.08	65	62	57	58		b	none	10				
1873-11-04	21	-28.31	-71.89	25		8.4		https://s3.amazonaws.com/NARAprodstorage/lz/dc-metro/rg-024/581208/2020-03/581208-omaha-006/581208-omaha-006-045.JPG	https://s3.amazonaws.com/NARAprodstorage/lz/dc-metro/rg-024/581208/2020-03/581208-omaha-006/581208-omaha-006-045.JPG	 					nne1/2e | nne	180	194	30	30.06	66	61	58	56		b	none	10				
1873-11-04	22	-28.19	-71.81	22.5		8		https://s3.amazonaws.com/NARAprodstorage/lz/dc-metro/rg-024/581208/2020-03/581208-omaha-006/581208-omaha-006-045.JPG	https://s3.amazonaws.com/NARAprodstorage/lz/dc-metro/rg-024/581208/2020-03/581208-omaha-006/581208-omaha-006-045.JPG	 					nne	180	194	30	30.05	65	60	57	57		b	none	10				
1873-11-04	23	-28.08	-71.74	22.5		7.2		https://s3.amazonaws.com/NARAprodstorage/lz/dc-metro/rg-024/581208/2020-03/581208-omaha-006/581208-omaha-006-045.JPG	https://s3.amazonaws.com/NARAprodstorage/lz/dc-metro/rg-024/581208/2020-03/581208-omaha-006/581208-omaha-006-045.JPG	 					nne	180	194	24	30.05	65	60	57	57		b	none	10				
1873-11-04	24	-27.98	-71.68	22.5		7		https://s3.amazonaws.com/NARAprodstorage/lz/dc-metro/rg-024/581208/2020-03/581208-omaha-006/581208-omaha-006-045.JPG	https://s3.amazonaws.com/NARAprodstorage/lz/dc-metro/rg-024/581208/2020-03/581208-omaha-006/581208-omaha-006-045.JPG	 					nne	180	194	19	30.05	65	60	57	57		b	none	10				
1873-11-05	1	-27.88	-71.61	22.5		7		https://s3.amazonaws.com/NARAprodstorage/lz/dc-metro/rg-024/581208/2020-03/581208-omaha-006/581208-omaha-006-046.JPG	https://s3.amazonaws.com/NARAprodstorage/lz/dc-metro/rg-024/581208/2020-03/581208-omaha-006/581208-omaha-006-046.JPG	 					NNE	180	194	19	30.05	65	60	57	57		bc	cum	3				
1873-11-05	2	-27.77	-71.54	22.5		7.6		https://s3.amazonaws.com/NARAprodstorage/lz/dc-metro/rg-024/581208/2020-03/581208-omaha-006/581208-omaha-006-046.JPG	https://s3.amazonaws.com/NARAprodstorage/lz/dc-metro/rg-024/581208/2020-03/581208-omaha-006/581208-omaha-006-046.JPG	 					NNE	180	194	19	30.09	65	60	58	57		oc	cum nim	3				
1873-11-05	3	-27.67	-71.48	22.5		6.4		https://s3.amazonaws.com/NARAprodstorage/lz/dc-metro/rg-024/581208/2020-03/581208-omaha-006/581208-omaha-006-046.JPG	https://s3.amazonaws.com/NARAprodstorage/lz/dc-metro/rg-024/581208/2020-03/581208-omaha-006/581208-omaha-006-046.JPG	 					NNE	180	194	13	30.1	65	61	59	57		oc	cum nim	3				
1873-11-05	4	-27.58	-71.42	22.5		6		https://s3.amazonaws.com/NARAprodstorage/lz/dc-metro/rg-024/581208/2020-03/581208-omaha-006/581208-omaha-006-046.JPG	https://s3.amazonaws.com/NARAprodstorage/lz/dc-metro/rg-024/581208/2020-03/581208-omaha-006/581208-omaha-006-046.JPG	 					NNE	180	194	13	30.11	65	61	59	57		oc	cum nim	3				
1873-11-05	5	-27.51	-71.38	22.5		5		https://s3.amazonaws.com/NARAprodstorage/lz/dc-metro/rg-024/581208/2020-03/581208-omaha-006/581208-omaha-006-046.JPG	https://s3.amazonaws.com/NARAprodstorage/lz/dc-metro/rg-024/581208/2020-03/581208-omaha-006/581208-omaha-006-046.JPG	 					NNE	180	194	9	30.11	65	61	58	57		oc	nimb	3				
1873-11-05	6	-27.46	-71.36	22.5		3		https://s3.amazonaws.com/NARAprodstorage/lz/dc-metro/rg-024/581208/2020-03/581208-omaha-006/581208-omaha-006-046.JPG	https://s3.amazonaws.com/NARAprodstorage/lz/dc-metro/rg-024/581208/2020-03/581208-omaha-006/581208-omaha-006-046.JPG	 					NNE	180	194	3	30.1	65	62	58	57		oc	nimb	3				
1873-11-05	7	-27.43	-71.36	22.5		1		https://s3.amazonaws.com/NARAprodstorage/lz/dc-metro/rg-024/581208/2020-03/581208-omaha-006/581208-omaha-006-046.JPG	https://s3.amazonaws.com/NARAprodstorage/lz/dc-metro/rg-024/581208/2020-03/581208-omaha-006/581208-omaha-006-046.JPG	 					NNE	180	194	3	30.14	65	59	57	57		oc	nimb	3				
1873-11-05	8	-27.4	-71.35	22.5		2		https://s3.amazonaws.com/NARAprodstorage/lz/dc-metro/rg-024/581208/2020-03/581208-omaha-006/581208-omaha-006-046.JPG	https://s3.amazonaws.com/NARAprodstorage/lz/dc-metro/rg-024/581208/2020-03/581208-omaha-006/581208-omaha-006-046.JPG	8AM: cc ENE					NNE	888	888	3	30.18	65	59	57	57		oc	nimb	3				
1873-11-05	9	-27.38	-71.3	67.5		3.4		https://s3.amazonaws.com/NARAprodstorage/lz/dc-metro/rg-024/581208/2020-03/581208-omaha-006/581208-omaha-006-046.JPG	https://s3.amazonaws.com/NARAprodstorage/lz/dc-metro/rg-024/581208/2020-03/581208-omaha-006/581208-omaha-006-046.JPG	 					NNE | ENE	270	284	3	30.18	64	60	58	57		bc	nim cum	1				
1873-11-05	10	-27.36	-71.27	67.5		2.4		https://s3.amazonaws.com/NARAprodstorage/lz/dc-metro/rg-024/581208/2020-03/581208-omaha-006/581208-omaha-006-046.JPG	https://s3.amazonaws.com/NARAprodstorage/lz/dc-metro/rg-024/581208/2020-03/581208-omaha-006/581208-omaha-006-046.JPG	 					ENE	248	262	2	30.18	63	62	60	57		bc	nim cum	4				
1873-11-05	11	-27.35	-71.23	67.5		2.4		https://s3.amazonaws.com/NARAprodstorage/lz/dc-metro/rg-024/581208/2020-03/581208-omaha-006/581208-omaha-006-046.JPG	https://s3.amazonaws.com/NARAprodstorage/lz/dc-metro/rg-024/581208/2020-03/581208-omaha-006/581208-omaha-006-046.JPG	 					ENE	225	239	3	30.18	64	63	60	57		bc	cir cum nim	5				
1873-11-05	12	-27.33	-71.22	67.5		1.6		https://s3.amazonaws.com/NARAprodstorage/lz/dc-metro/rg-024/581208/2020-03/581208-omaha-006/581208-omaha-006-046.JPG	https://s3.amazonaws.com/NARAprodstorage/lz/dc-metro/rg-024/581208/2020-03/581208-omaha-006/581208-omaha-006-046.JPG	 			27 20S	71 13W	ENE	225	239	3	30.18	64	63	60	57		bc	cir cum nim	6				
1873-11-05	13	-27.3	-71.15	45		3.4		https://s3.amazonaws.com/NARAprodstorage/lz/dc-metro/rg-024/581208/2020-03/581208-omaha-006/581208-omaha-006-046.JPG	https://s3.amazonaws.com/NARAprodstorage/lz/dc-metro/rg-024/581208/2020-03/581208-omaha-006/581208-omaha-006-046.JPG	1330: cc NExN.					ne	202	216	5	30.18	65	64	60	57		bc	cir	7				
1873-11-05	14	-27.26	-71.09	41		3		https://s3.amazonaws.com/NARAprodstorage/lz/dc-metro/rg-024/581208/2020-03/581208-omaha-006/581208-omaha-006-046.JPG	https://s3.amazonaws.com/NARAprodstorage/lz/dc-metro/rg-024/581208/2020-03/581208-omaha-006/581208-omaha-006-046.JPG	1445: cc NNE.					Ne | nexn	202	216	5	30.18	65	64	60	57		bc	cir	7				
1873-11-05	15	-27.21	-71.04	30		3		https://s3.amazonaws.com/NARAprodstorage/lz/dc-metro/rg-024/581208/2020-03/581208-omaha-006/581208-omaha-006-046.JPG	https://s3.amazonaws.com/NARAprodstorage/lz/dc-metro/rg-024/581208/2020-03/581208-omaha-006/581208-omaha-006-046.JPG	1550: Caldera Light brg N50E.					nne	202	216	5	30.18	65	64	60	57		bc	cir	7				
1873-11-05	16	-27.12	-70.96	22.5		6.4		https://s3.amazonaws.com/NARAprodstorage/lz/dc-metro/rg-024/581208/2020-03/581208-omaha-006/581208-omaha-006-046.JPG	https://s3.amazonaws.com/NARAprodstorage/lz/dc-metro/rg-024/581208/2020-03/581208-omaha-006/581208-omaha-006-046.JPG	1600: cc NExN.					nne	202	216	5	30.18	65	64	60	57		bc	cir	7				
1873-11-05	17	-27.04	-70.86	33.75		6.4		https://s3.amazonaws.com/NARAprodstorage/lz/dc-metro/rg-024/581208/2020-03/581208-omaha-006/581208-omaha-006-046.JPG	https://s3.amazonaws.com/NARAprodstorage/lz/dc-metro/rg-024/581208/2020-03/581208-omaha-006/581208-omaha-006-046.JPG	1715: Anchored. Brgs: Signal Station SW1/4W. Point of rocks near mole SE.					v	202	216	8	30.18	65	64	60	57		bc	cir	7				
1873-11-05	18	-27.06	-70.83	888		2		https://s3.amazonaws.com/NARAprodstorage/lz/dc-metro/rg-024/581208/2020-03/581208-omaha-006/581208-omaha-006-046.JPG	https://s3.amazonaws.com/NARAprodstorage/lz/dc-metro/rg-024/581208/2020-03/581208-omaha-006/581208-omaha-006-046.JPG	 						191	205	8	30.16	65	61	59			bc	'	8				
1873-11-05	19	-27.06	-70.83			a		https://s3.amazonaws.com/NARAprodstorage/lz/dc-metro/rg-024/581208/2020-03/581208-omaha-006/581208-omaha-006-046.JPG	https://s3.amazonaws.com/NARAprodstorage/lz/dc-metro/rg-024/581208/2020-03/581208-omaha-006/581208-omaha-006-046.JPG	 						191	205	8	30.13	65	61	59			bc	cir cum	7				
1873-11-05	20	-27.06	-70.83			a		https://s3.amazonaws.com/NARAprodstorage/lz/dc-metro/rg-024/581208/2020-03/581208-omaha-006/581208-omaha-006-046.JPG	https://s3.amazonaws.com/NARAprodstorage/lz/dc-metro/rg-024/581208/2020-03/581208-omaha-006/581208-omaha-006-046.JPG	 						191	205	8	30.13	65	61	59			bc	cir cum	4				
1873-11-05	21	-27.06	-70.83			a		https://s3.amazonaws.com/NARAprodstorage/lz/dc-metro/rg-024/581208/2020-03/581208-omaha-006/581208-omaha-006-046.JPG	https://s3.amazonaws.com/NARAprodstorage/lz/dc-metro/rg-024/581208/2020-03/581208-omaha-006/581208-omaha-006-046.JPG	 						191	205	8	30.14	65	61	59			bc	cir nim	4				
1873-11-05	22	-27.06	-70.83			a		https://s3.amazonaws.com/NARAprodstorage/lz/dc-metro/rg-024/581208/2020-03/581208-omaha-006/581208-omaha-006-046.JPG	https://s3.amazonaws.com/NARAprodstorage/lz/dc-metro/rg-024/581208/2020-03/581208-omaha-006/581208-omaha-006-046.JPG	 						191	205	5	30.14	65	61	59			ocm	nimb	0				
1873-11-05	23	-27.06	-70.83			a		https://s3.amazonaws.com/NARAprodstorage/lz/dc-metro/rg-024/581208/2020-03/581208-omaha-006/581208-omaha-006-046.JPG	https://s3.amazonaws.com/NARAprodstorage/lz/dc-metro/rg-024/581208/2020-03/581208-omaha-006/581208-omaha-006-046.JPG	 						191	205	5	30.14	65	61	59			ocm	nimb	0				
1873-11-05	24	-27.06	-70.83			a		https://s3.amazonaws.com/NARAprodstorage/lz/dc-metro/rg-024/581208/2020-03/581208-omaha-006/581208-omaha-006-046.JPG	https://s3.amazonaws.com/NARAprodstorage/lz/dc-metro/rg-024/581208/2020-03/581208-omaha-006/581208-omaha-006-046.JPG	 						191	205	2	30.16	64	60	58			ocm	nimb	0				
1873-11-06	1	-27.06	-70.83			a		https://s3.amazonaws.com/NARAprodstorage/lz/dc-metro/rg-024/581208/2020-03/581208-omaha-006/581208-omaha-006-047.JPG	https://s3.amazonaws.com/NARAprodstorage/lz/dc-metro/rg-024/581208/2020-03/581208-omaha-006/581208-omaha-006-047.JPG	 						202	216	2	30.12	63	59	58			o	nimb	0				
1873-11-06	2	-27.06	-70.83			a		https://s3.amazonaws.com/NARAprodstorage/lz/dc-metro/rg-024/581208/2020-03/581208-omaha-006/581208-omaha-006-047.JPG	https://s3.amazonaws.com/NARAprodstorage/lz/dc-metro/rg-024/581208/2020-03/581208-omaha-006/581208-omaha-006-047.JPG	 						202	216	2	30.12	63	59	58			o	nimb	0				
1873-11-06	3	-27.06	-70.83			a		https://s3.amazonaws.com/NARAprodstorage/lz/dc-metro/rg-024/581208/2020-03/581208-omaha-006/581208-omaha-006-047.JPG	https://s3.amazonaws.com/NARAprodstorage/lz/dc-metro/rg-024/581208/2020-03/581208-omaha-006/581208-omaha-006-047.JPG	 						202	216	2	30.12	63	59	58			o	nimb	0				
1873-11-06	4	-27.06	-70.83			a		https://s3.amazonaws.com/NARAprodstorage/lz/dc-metro/rg-024/581208/2020-03/581208-omaha-006/581208-omaha-006-047.JPG	https://s3.amazonaws.com/NARAprodstorage/lz/dc-metro/rg-024/581208/2020-03/581208-omaha-006/581208-omaha-006-047.JPG	 						270	284	2	30.12	63	59	58			o	nimb	0				
1873-11-06	5	-27.06	-70.83			a		https://s3.amazonaws.com/NARAprodstorage/lz/dc-metro/rg-024/581208/2020-03/581208-omaha-006/581208-omaha-006-047.JPG	https://s3.amazonaws.com/NARAprodstorage/lz/dc-metro/rg-024/581208/2020-03/581208-omaha-006/581208-omaha-006-047.JPG	 						315	329	2	30.14	63	59	58			oc	nimb	0				
1873-11-06	6	-27.06	-70.83			a		https://s3.amazonaws.com/NARAprodstorage/lz/dc-metro/rg-024/581208/2020-03/581208-omaha-006/581208-omaha-006-047.JPG	https://s3.amazonaws.com/NARAprodstorage/lz/dc-metro/rg-024/581208/2020-03/581208-omaha-006/581208-omaha-006-047.JPG	 						315	329	2	30.14	63	59	58			oc	nimb	0				
1873-11-06	7	-27.06	-70.83			a		https://s3.amazonaws.com/NARAprodstorage/lz/dc-metro/rg-024/581208/2020-03/581208-omaha-006/581208-omaha-006-047.JPG	https://s3.amazonaws.com/NARAprodstorage/lz/dc-metro/rg-024/581208/2020-03/581208-omaha-006/581208-omaha-006-047.JPG	 						0	0	0	30.14	64	59	58			oc	nimb	0				
1873-11-06	8	-27.06	-70.83			a		https://s3.amazonaws.com/NARAprodstorage/lz/dc-metro/rg-024/581208/2020-03/581208-omaha-006/581208-omaha-006-047.JPG	https://s3.amazonaws.com/NARAprodstorage/lz/dc-metro/rg-024/581208/2020-03/581208-omaha-006/581208-omaha-006-047.JPG	 						0	0	0	30.16	64	59	58			oc	nimb	0				
1873-11-06	9	-27.06	-70.83			a		https://s3.amazonaws.com/NARAprodstorage/lz/dc-metro/rg-024/581208/2020-03/581208-omaha-006/581208-omaha-006-047.JPG	https://s3.amazonaws.com/NARAprodstorage/lz/dc-metro/rg-024/581208/2020-03/581208-omaha-006/581208-omaha-006-047.JPG	 						0	0	0	30.17	65	62	60			oc	cum nim	0				
1873-11-06	10	-27.06	-70.83			a		https://s3.amazonaws.com/NARAprodstorage/lz/dc-metro/rg-024/581208/2020-03/581208-omaha-006/581208-omaha-006-047.JPG	https://s3.amazonaws.com/NARAprodstorage/lz/dc-metro/rg-024/581208/2020-03/581208-omaha-006/581208-omaha-006-047.JPG	 						315	329	2	30.17	65	62	60			oc	cum nim	0				
1873-11-06	11	-27.06	-70.83			a		https://s3.amazonaws.com/NARAprodstorage/lz/dc-metro/rg-024/581208/2020-03/581208-omaha-006/581208-omaha-006-047.JPG	https://s3.amazonaws.com/NARAprodstorage/lz/dc-metro/rg-024/581208/2020-03/581208-omaha-006/581208-omaha-006-047.JPG	 						225	239	5	30.17	65	62	60			oc	cum nim	0				
1873-11-06	12	-27.06	-70.83			a		https://s3.amazonaws.com/NARAprodstorage/lz/dc-metro/rg-024/581208/2020-03/581208-omaha-006/581208-omaha-006-047.JPG	https://s3.amazonaws.com/NARAprodstorage/lz/dc-metro/rg-024/581208/2020-03/581208-omaha-006/581208-omaha-006-047.JPG	"Noon: Caldera, Chile."						225	239	5	30.17	65	62	60			oc	cum nim	0				
1873-11-06	13	-27.06	-70.83			a		https://s3.amazonaws.com/NARAprodstorage/lz/dc-metro/rg-024/581208/2020-03/581208-omaha-006/581208-omaha-006-047.JPG	https://s3.amazonaws.com/NARAprodstorage/lz/dc-metro/rg-024/581208/2020-03/581208-omaha-006/581208-omaha-006-047.JPG	 						225	239	2	30.16	65	62	60			bc	cir cum	6				
1873-11-06	14	-27.06	-70.83			a		https://s3.amazonaws.com/NARAprodstorage/lz/dc-metro/rg-024/581208/2020-03/581208-omaha-006/581208-omaha-006-047.JPG	https://s3.amazonaws.com/NARAprodstorage/lz/dc-metro/rg-024/581208/2020-03/581208-omaha-006/581208-omaha-006-047.JPG	 						225	239	2	30.14	66	63	60			bc	cir cum	6				
1873-11-06	15	-27.06	-70.83			a		https://s3.amazonaws.com/NARAprodstorage/lz/dc-metro/rg-024/581208/2020-03/581208-omaha-006/581208-omaha-006-047.JPG	https://s3.amazonaws.com/NARAprodstorage/lz/dc-metro/rg-024/581208/2020-03/581208-omaha-006/581208-omaha-006-047.JPG	 						225	239	2	30.12	66	63	60			bc	cir cum	7				
1873-11-06	16	-27.06	-70.83			a		https://s3.amazonaws.com/NARAprodstorage/lz/dc-metro/rg-024/581208/2020-03/581208-omaha-006/581208-omaha-006-047.JPG	https://s3.amazonaws.com/NARAprodstorage/lz/dc-metro/rg-024/581208/2020-03/581208-omaha-006/581208-omaha-006-047.JPG	 						225	239	5	30.1	67	64	60			bc	cir cum	8				
1873-11-06	17	-27.06	-70.83			a		https://s3.amazonaws.com/NARAprodstorage/lz/dc-metro/rg-024/581208/2020-03/581208-omaha-006/581208-omaha-006-047.JPG	https://s3.amazonaws.com/NARAprodstorage/lz/dc-metro/rg-024/581208/2020-03/581208-omaha-006/581208-omaha-006-047.JPG	 						225	239	5	30.1	67	64	60			oc	cum nm	8				
1873-11-06	18	-27.06	-70.83			a		https://s3.amazonaws.com/NARAprodstorage/lz/dc-metro/rg-024/581208/2020-03/581208-omaha-006/581208-omaha-006-047.JPG	https://s3.amazonaws.com/NARAprodstorage/lz/dc-metro/rg-024/581208/2020-03/581208-omaha-006/581208-omaha-006-047.JPG	 						225	239	5	30.1	67	64	60			oc	cum nm	8				
1873-11-06	19	-27.06	-70.83			a		https://s3.amazonaws.com/NARAprodstorage/lz/dc-metro/rg-024/581208/2020-03/581208-omaha-006/581208-omaha-006-047.JPG	https://s3.amazonaws.com/NARAprodstorage/lz/dc-metro/rg-024/581208/2020-03/581208-omaha-006/581208-omaha-006-047.JPG	 						225	239	5	30.1	68	60	58			oc	cum nm	8				
1873-11-06	20	-27.06	-70.83			a		https://s3.amazonaws.com/NARAprodstorage/lz/dc-metro/rg-024/581208/2020-03/581208-omaha-006/581208-omaha-006-047.JPG	https://s3.amazonaws.com/NARAprodstorage/lz/dc-metro/rg-024/581208/2020-03/581208-omaha-006/581208-omaha-006-047.JPG	 						225	239	5	30.1	68	60	58			oc	cum nm	8				
1873-11-06	21	-27.06	-70.83			a		https://s3.amazonaws.com/NARAprodstorage/lz/dc-metro/rg-024/581208/2020-03/581208-omaha-006/581208-omaha-006-047.JPG	https://s3.amazonaws.com/NARAprodstorage/lz/dc-metro/rg-024/581208/2020-03/581208-omaha-006/581208-omaha-006-047.JPG	 						135	149	5	30.1	67	59	57			oc	cum nm	8				
1873-11-06	22	-27.06	-70.83			a		https://s3.amazonaws.com/NARAprodstorage/lz/dc-metro/rg-024/581208/2020-03/581208-omaha-006/581208-omaha-006-047.JPG	https://s3.amazonaws.com/NARAprodstorage/lz/dc-metro/rg-024/581208/2020-03/581208-omaha-006/581208-omaha-006-047.JPG	 						135	149	5	30.1	67	59	57			oc	cum nm	8				
1873-11-06	23	-27.06	-70.83			a		https://s3.amazonaws.com/NARAprodstorage/lz/dc-metro/rg-024/581208/2020-03/581208-omaha-006/581208-omaha-006-047.JPG	https://s3.amazonaws.com/NARAprodstorage/lz/dc-metro/rg-024/581208/2020-03/581208-omaha-006/581208-omaha-006-047.JPG	 						135	149	5	30.1	67	59	57			oc	cum nm	8				
1873-11-06	24	-27.06	-70.83			a		https://s3.amazonaws.com/NARAprodstorage/lz/dc-metro/rg-024/581208/2020-03/581208-omaha-006/581208-omaha-006-047.JPG	https://s3.amazonaws.com/NARAprodstorage/lz/dc-metro/rg-024/581208/2020-03/581208-omaha-006/581208-omaha-006-047.JPG	 						135	149	5	30.1	67	59	57			oc	cum nm	8				
1873-11-07	1	-27.06	-70.83			a		https://s3.amazonaws.com/NARAprodstorage/lz/dc-metro/rg-024/581208/2020-03/581208-omaha-006/581208-omaha-006-048.JPG	https://s3.amazonaws.com/NARAprodstorage/lz/dc-metro/rg-024/581208/2020-03/581208-omaha-006/581208-omaha-006-048.JPG	 						0	0	0	30.1	66	60	58			ocm	niomb	0				
1873-11-07	2	-27.06	-70.83			a		https://s3.amazonaws.com/NARAprodstorage/lz/dc-metro/rg-024/581208/2020-03/581208-omaha-006/581208-omaha-006-048.JPG	https://s3.amazonaws.com/NARAprodstorage/lz/dc-metro/rg-024/581208/2020-03/581208-omaha-006/581208-omaha-006-048.JPG	 						0	0	0	30.1	65	60	58			ocm	niomb	0				
1873-11-07	3	-27.06	-70.83			a		https://s3.amazonaws.com/NARAprodstorage/lz/dc-metro/rg-024/581208/2020-03/581208-omaha-006/581208-omaha-006-048.JPG	https://s3.amazonaws.com/NARAprodstorage/lz/dc-metro/rg-024/581208/2020-03/581208-omaha-006/581208-omaha-006-048.JPG	 						0	0	0	30.1	65	60	58			ocm	niomb	0				
1873-11-07	4	-27.06	-70.83			a		https://s3.amazonaws.com/NARAprodstorage/lz/dc-metro/rg-024/581208/2020-03/581208-omaha-006/581208-omaha-006-048.JPG	https://s3.amazonaws.com/NARAprodstorage/lz/dc-metro/rg-024/581208/2020-03/581208-omaha-006/581208-omaha-006-048.JPG	 						0	0	0	30.1	64	60	58			ocm	niomb	0				
1873-11-07	5	-27.06	-70.83			a		https://s3.amazonaws.com/NARAprodstorage/lz/dc-metro/rg-024/581208/2020-03/581208-omaha-006/581208-omaha-006-048.JPG	https://s3.amazonaws.com/NARAprodstorage/lz/dc-metro/rg-024/581208/2020-03/581208-omaha-006/581208-omaha-006-048.JPG	 						0	0	0	30.1	64	59	58			ocm	niomb	0				
1873-11-07	6	-27.06	-70.83			a		https://s3.amazonaws.com/NARAprodstorage/lz/dc-metro/rg-024/581208/2020-03/581208-omaha-006/581208-omaha-006-048.JPG	https://s3.amazonaws.com/NARAprodstorage/lz/dc-metro/rg-024/581208/2020-03/581208-omaha-006/581208-omaha-006-048.JPG	 						0	0	0	30.1	64	59	58			ocm	niomb	0				
1873-11-07	7	-27.06	-70.83			a		https://s3.amazonaws.com/NARAprodstorage/lz/dc-metro/rg-024/581208/2020-03/581208-omaha-006/581208-omaha-006-048.JPG	https://s3.amazonaws.com/NARAprodstorage/lz/dc-metro/rg-024/581208/2020-03/581208-omaha-006/581208-omaha-006-048.JPG	 						315	329	2	30.1	64	59	58			ocm	niomb	0				
1873-11-07	8	-27.06	-70.83			a		https://s3.amazonaws.com/NARAprodstorage/lz/dc-metro/rg-024/581208/2020-03/581208-omaha-006/581208-omaha-006-048.JPG	https://s3.amazonaws.com/NARAprodstorage/lz/dc-metro/rg-024/581208/2020-03/581208-omaha-006/581208-omaha-006-048.JPG	 						315	329	2	30.11	64	59	57			ocm	niomb	0				
1873-11-07	9	-27.06	-70.83			a		https://s3.amazonaws.com/NARAprodstorage/lz/dc-metro/rg-024/581208/2020-03/581208-omaha-006/581208-omaha-006-048.JPG	https://s3.amazonaws.com/NARAprodstorage/lz/dc-metro/rg-024/581208/2020-03/581208-omaha-006/581208-omaha-006-048.JPG	 						0	0	0	30.11	64	60	59			oc	niomb	0				
1873-11-07	10	-27.06	-70.83			a		https://s3.amazonaws.com/NARAprodstorage/lz/dc-metro/rg-024/581208/2020-03/581208-omaha-006/581208-omaha-006-048.JPG	https://s3.amazonaws.com/NARAprodstorage/lz/dc-metro/rg-024/581208/2020-03/581208-omaha-006/581208-omaha-006-048.JPG	 						0	0	0	30.1	64	60	59			oc	niomb	0				
1873-11-07	11	-27.06	-70.83			a		https://s3.amazonaws.com/NARAprodstorage/lz/dc-metro/rg-024/581208/2020-03/581208-omaha-006/581208-omaha-006-048.JPG	https://s3.amazonaws.com/NARAprodstorage/lz/dc-metro/rg-024/581208/2020-03/581208-omaha-006/581208-omaha-006-048.JPG	 						225	239	2	30.1	64	62	59			oc	niomb	0				
1873-11-07	12	-27.06	-70.83			a		https://s3.amazonaws.com/NARAprodstorage/lz/dc-metro/rg-024/581208/2020-03/581208-omaha-006/581208-omaha-006-048.JPG	https://s3.amazonaws.com/NARAprodstorage/lz/dc-metro/rg-024/581208/2020-03/581208-omaha-006/581208-omaha-006-048.JPG	"Noon: Caldera, Chile."						225	239	5	30.1	64	62	59			oc	niomb	0				
1873-11-07	13	-27.06	-70.83			a		https://s3.amazonaws.com/NARAprodstorage/lz/dc-metro/rg-024/581208/2020-03/581208-omaha-006/581208-omaha-006-048.JPG	https://s3.amazonaws.com/NARAprodstorage/lz/dc-metro/rg-024/581208/2020-03/581208-omaha-006/581208-omaha-006-048.JPG	 						225	239	5	30.1	64	62	59			bc	cum nim	2				
1873-11-07	14	-27.06	-70.83			a		https://s3.amazonaws.com/NARAprodstorage/lz/dc-metro/rg-024/581208/2020-03/581208-omaha-006/581208-omaha-006-048.JPG	https://s3.amazonaws.com/NARAprodstorage/lz/dc-metro/rg-024/581208/2020-03/581208-omaha-006/581208-omaha-006-048.JPG	 						225	239	8	30.1	64	62	59			bc	cum nim	4				
1873-11-07	15	-27.06	-70.83			a		https://s3.amazonaws.com/NARAprodstorage/lz/dc-metro/rg-024/581208/2020-03/581208-omaha-006/581208-omaha-006-048.JPG	https://s3.amazonaws.com/NARAprodstorage/lz/dc-metro/rg-024/581208/2020-03/581208-omaha-006/581208-omaha-006-048.JPG	 						225	239	8	30.1	64	62	59			bc	cum nim	4				
1873-11-07	16	-27.06	-70.83			a		https://s3.amazonaws.com/NARAprodstorage/lz/dc-metro/rg-024/581208/2020-03/581208-omaha-006/581208-omaha-006-048.JPG	https://s3.amazonaws.com/NARAprodstorage/lz/dc-metro/rg-024/581208/2020-03/581208-omaha-006/581208-omaha-006-048.JPG	 						225	239	8	30.1	64	62	59			oc	cum nim	0				
1873-11-07	17	-27.06	-70.83			a		https://s3.amazonaws.com/NARAprodstorage/lz/dc-metro/rg-024/581208/2020-03/581208-omaha-006/581208-omaha-006-048.JPG	https://s3.amazonaws.com/NARAprodstorage/lz/dc-metro/rg-024/581208/2020-03/581208-omaha-006/581208-omaha-006-048.JPG	 						180	194	8	30.1	63	61	59			oc	nimb	0				
1873-11-07	18	-27.06	-70.83			a		https://s3.amazonaws.com/NARAprodstorage/lz/dc-metro/rg-024/581208/2020-03/581208-omaha-006/581208-omaha-006-048.JPG	https://s3.amazonaws.com/NARAprodstorage/lz/dc-metro/rg-024/581208/2020-03/581208-omaha-006/581208-omaha-006-048.JPG	 						180	194	8	30.1	63	60	58			oc	nimb	0				
1873-11-07	19	-27.06	-70.83			a		https://s3.amazonaws.com/NARAprodstorage/lz/dc-metro/rg-024/581208/2020-03/581208-omaha-006/581208-omaha-006-048.JPG	https://s3.amazonaws.com/NARAprodstorage/lz/dc-metro/rg-024/581208/2020-03/581208-omaha-006/581208-omaha-006-048.JPG	 						180	194	8	30.1	63	60	58			oc	nimb	0				
1873-11-07	20	-27.06	-70.83			a		https://s3.amazonaws.com/NARAprodstorage/lz/dc-metro/rg-024/581208/2020-03/581208-omaha-006/581208-omaha-006-048.JPG	https://s3.amazonaws.com/NARAprodstorage/lz/dc-metro/rg-024/581208/2020-03/581208-omaha-006/581208-omaha-006-048.JPG	 						180	194	8	30.1	65	59	56			oc	nimb	0				
1873-11-07	21	-27.06	-70.83			a		https://s3.amazonaws.com/NARAprodstorage/lz/dc-metro/rg-024/581208/2020-03/581208-omaha-006/581208-omaha-006-048.JPG	https://s3.amazonaws.com/NARAprodstorage/lz/dc-metro/rg-024/581208/2020-03/581208-omaha-006/581208-omaha-006-048.JPG	 						225	239	8	30.1	64	59	58			oc	nimb	0				
1873-11-07	22	-27.06	-70.83			a		https://s3.amazonaws.com/NARAprodstorage/lz/dc-metro/rg-024/581208/2020-03/581208-omaha-006/581208-omaha-006-048.JPG	https://s3.amazonaws.com/NARAprodstorage/lz/dc-metro/rg-024/581208/2020-03/581208-omaha-006/581208-omaha-006-048.JPG	 						225	239	8	30.1	64	59	58			oc	nimb	0				
1873-11-07	23	-27.06	-70.83			a		https://s3.amazonaws.com/NARAprodstorage/lz/dc-metro/rg-024/581208/2020-03/581208-omaha-006/581208-omaha-006-048.JPG	https://s3.amazonaws.com/NARAprodstorage/lz/dc-metro/rg-024/581208/2020-03/581208-omaha-006/581208-omaha-006-048.JPG	 						225	239	5	30.1	64	59	58			oc	nimb	0				
1873-11-07	24	-27.06	-70.83			a		https://s3.amazonaws.com/NARAprodstorage/lz/dc-metro/rg-024/581208/2020-03/581208-omaha-006/581208-omaha-006-048.JPG	https://s3.amazonaws.com/NARAprodstorage/lz/dc-metro/rg-024/581208/2020-03/581208-omaha-006/581208-omaha-006-048.JPG	 						225	239	5	30.1	64	59	58			oc	nimb	0				
1873-11-08	1	-27.06	-70.83			a		https://s3.amazonaws.com/NARAprodstorage/lz/dc-metro/rg-024/581208/2020-03/581208-omaha-006/581208-omaha-006-049.JPG	https://s3.amazonaws.com/NARAprodstorage/lz/dc-metro/rg-024/581208/2020-03/581208-omaha-006/581208-omaha-006-049.JPG	 						45	59	2	30.13	64	59	58			oc	cum nim	0				
1873-11-08	2	-27.06	-70.83			a		https://s3.amazonaws.com/NARAprodstorage/lz/dc-metro/rg-024/581208/2020-03/581208-omaha-006/581208-omaha-006-049.JPG	https://s3.amazonaws.com/NARAprodstorage/lz/dc-metro/rg-024/581208/2020-03/581208-omaha-006/581208-omaha-006-049.JPG	 						45	59	2	30.13	64	59	58			oc	cum nim	0				
1873-11-08	3	-27.06	-70.83			a		https://s3.amazonaws.com/NARAprodstorage/lz/dc-metro/rg-024/581208/2020-03/581208-omaha-006/581208-omaha-006-049.JPG	https://s3.amazonaws.com/NARAprodstorage/lz/dc-metro/rg-024/581208/2020-03/581208-omaha-006/581208-omaha-006-049.JPG	 						45	59	2	30.13	64	59	58			oc	cum nim	0				
1873-11-08	4	-27.06	-70.83			a		https://s3.amazonaws.com/NARAprodstorage/lz/dc-metro/rg-024/581208/2020-03/581208-omaha-006/581208-omaha-006-049.JPG	https://s3.amazonaws.com/NARAprodstorage/lz/dc-metro/rg-024/581208/2020-03/581208-omaha-006/581208-omaha-006-049.JPG	 						45	59	2	30.13	64	59	58			oc	cum nim	0				
1873-11-08	5	-27.06	-70.83			a		https://s3.amazonaws.com/NARAprodstorage/lz/dc-metro/rg-024/581208/2020-03/581208-omaha-006/581208-omaha-006-049.JPG	https://s3.amazonaws.com/NARAprodstorage/lz/dc-metro/rg-024/581208/2020-03/581208-omaha-006/581208-omaha-006-049.JPG	 						315	329	2	30.15	63	59	58			oc	cum nim	0				
1873-11-08	6	-27.06	-70.83			a		https://s3.amazonaws.com/NARAprodstorage/lz/dc-metro/rg-024/581208/2020-03/581208-omaha-006/581208-omaha-006-049.JPG	https://s3.amazonaws.com/NARAprodstorage/lz/dc-metro/rg-024/581208/2020-03/581208-omaha-006/581208-omaha-006-049.JPG	 						315	329	5	30.15	63	59	58			oc	cum nim	0				
1873-11-08	7	-27.06	-70.83			a		https://s3.amazonaws.com/NARAprodstorage/lz/dc-metro/rg-024/581208/2020-03/581208-omaha-006/581208-omaha-006-049.JPG	https://s3.amazonaws.com/NARAprodstorage/lz/dc-metro/rg-024/581208/2020-03/581208-omaha-006/581208-omaha-006-049.JPG	 						315	329	5	30.15	63	59	58			oc	cum nim	0				
1873-11-08	8	-27.06	-70.83			a		https://s3.amazonaws.com/NARAprodstorage/lz/dc-metro/rg-024/581208/2020-03/581208-omaha-006/581208-omaha-006-049.JPG	https://s3.amazonaws.com/NARAprodstorage/lz/dc-metro/rg-024/581208/2020-03/581208-omaha-006/581208-omaha-006-049.JPG	 						315	329	5	30.17	63	59	58			oc	cum nim	0				
1873-11-08	9	-27.06	-70.83			a		https://s3.amazonaws.com/NARAprodstorage/lz/dc-metro/rg-024/581208/2020-03/581208-omaha-006/581208-omaha-006-049.JPG	https://s3.amazonaws.com/NARAprodstorage/lz/dc-metro/rg-024/581208/2020-03/581208-omaha-006/581208-omaha-006-049.JPG	 						270	284	2	30.17	63	59	58			oc	cum nim	0				
1873-11-08	10	-27.06	-70.83			a		https://s3.amazonaws.com/NARAprodstorage/lz/dc-metro/rg-024/581208/2020-03/581208-omaha-006/581208-omaha-006-049.JPG	https://s3.amazonaws.com/NARAprodstorage/lz/dc-metro/rg-024/581208/2020-03/581208-omaha-006/581208-omaha-006-049.JPG	 						270	284	2	30.17	63	59	58			oc	cum nim	0				
1873-11-08	11	-27.06	-70.83			a		https://s3.amazonaws.com/NARAprodstorage/lz/dc-metro/rg-024/581208/2020-03/581208-omaha-006/581208-omaha-006-049.JPG	https://s3.amazonaws.com/NARAprodstorage/lz/dc-metro/rg-024/581208/2020-03/581208-omaha-006/581208-omaha-006-049.JPG	 						225	239	2	30.17	63	61	59			oc	cum nim	0				
1873-11-08	12	-27.06	-70.83			a		https://s3.amazonaws.com/NARAprodstorage/lz/dc-metro/rg-024/581208/2020-03/581208-omaha-006/581208-omaha-006-049.JPG	https://s3.amazonaws.com/NARAprodstorage/lz/dc-metro/rg-024/581208/2020-03/581208-omaha-006/581208-omaha-006-049.JPG	"Noon: Caldera, Chile."						225	239	2	30.19	64	61	59			oc	cum nim	0				
1873-11-08	13	-27.06	-70.83			a		https://s3.amazonaws.com/NARAprodstorage/lz/dc-metro/rg-024/581208/2020-03/581208-omaha-006/581208-omaha-006-049.JPG	https://s3.amazonaws.com/NARAprodstorage/lz/dc-metro/rg-024/581208/2020-03/581208-omaha-006/581208-omaha-006-049.JPG	 						225	239	2	30.18	65	61	59			oc	nimb	0				
1873-11-08	14	-27.06	-70.83			a		https://s3.amazonaws.com/NARAprodstorage/lz/dc-metro/rg-024/581208/2020-03/581208-omaha-006/581208-omaha-006-049.JPG	https://s3.amazonaws.com/NARAprodstorage/lz/dc-metro/rg-024/581208/2020-03/581208-omaha-006/581208-omaha-006-049.JPG	 						225	239	2	30.18	65	61	59			oc	nimb	0				
1873-11-08	15	-27.06	-70.83			a		https://s3.amazonaws.com/NARAprodstorage/lz/dc-metro/rg-024/581208/2020-03/581208-omaha-006/581208-omaha-006-049.JPG	https://s3.amazonaws.com/NARAprodstorage/lz/dc-metro/rg-024/581208/2020-03/581208-omaha-006/581208-omaha-006-049.JPG	 						225	239	2	30.16	66	61	59			oc	nimb	0				
1873-11-08	16	-27.06	-70.83			a		https://s3.amazonaws.com/NARAprodstorage/lz/dc-metro/rg-024/581208/2020-03/581208-omaha-006/581208-omaha-006-049.JPG	https://s3.amazonaws.com/NARAprodstorage/lz/dc-metro/rg-024/581208/2020-03/581208-omaha-006/581208-omaha-006-049.JPG	 						225	239	2	30.12	66	61	59			oc	nimb	0				
1873-11-08	17	-27.06	-70.83			a		https://s3.amazonaws.com/NARAprodstorage/lz/dc-metro/rg-024/581208/2020-03/581208-omaha-006/581208-omaha-006-049.JPG	https://s3.amazonaws.com/NARAprodstorage/lz/dc-metro/rg-024/581208/2020-03/581208-omaha-006/581208-omaha-006-049.JPG	 						225	239	5	30.13	67	61	58			oc	cum nim	0				
1873-11-08	18	-27.06	-70.83			a		https://s3.amazonaws.com/NARAprodstorage/lz/dc-metro/rg-024/581208/2020-03/581208-omaha-006/581208-omaha-006-049.JPG	https://s3.amazonaws.com/NARAprodstorage/lz/dc-metro/rg-024/581208/2020-03/581208-omaha-006/581208-omaha-006-049.JPG	 						225	239	5	30.13	67	61	58			oc	cum nim	0				
1873-11-08	19	-27.06	-70.83			a		https://s3.amazonaws.com/NARAprodstorage/lz/dc-metro/rg-024/581208/2020-03/581208-omaha-006/581208-omaha-006-049.JPG	https://s3.amazonaws.com/NARAprodstorage/lz/dc-metro/rg-024/581208/2020-03/581208-omaha-006/581208-omaha-006-049.JPG	 						225	239	5	30.11	66	61	58			oc	cum nim	0				
1873-11-08	20	-27.06	-70.83			a		https://s3.amazonaws.com/NARAprodstorage/lz/dc-metro/rg-024/581208/2020-03/581208-omaha-006/581208-omaha-006-049.JPG	https://s3.amazonaws.com/NARAprodstorage/lz/dc-metro/rg-024/581208/2020-03/581208-omaha-006/581208-omaha-006-049.JPG	 						0	0	0	30.1	65	60	58			oc	cum nim	0				
1873-11-08	21	-27.06	-70.83			a		https://s3.amazonaws.com/NARAprodstorage/lz/dc-metro/rg-024/581208/2020-03/581208-omaha-006/581208-omaha-006-049.JPG	https://s3.amazonaws.com/NARAprodstorage/lz/dc-metro/rg-024/581208/2020-03/581208-omaha-006/581208-omaha-006-049.JPG	 						0	0	0	30.1	65	60	58			oc	cum nim	0				
1873-11-08	22	-27.06	-70.83			a		https://s3.amazonaws.com/NARAprodstorage/lz/dc-metro/rg-024/581208/2020-03/581208-omaha-006/581208-omaha-006-049.JPG	https://s3.amazonaws.com/NARAprodstorage/lz/dc-metro/rg-024/581208/2020-03/581208-omaha-006/581208-omaha-006-049.JPG	 						0	0	0	30.1	65	60	58			oc	cum nim	0				
1873-11-08	23	-27.06	-70.83			a		https://s3.amazonaws.com/NARAprodstorage/lz/dc-metro/rg-024/581208/2020-03/581208-omaha-006/581208-omaha-006-049.JPG	https://s3.amazonaws.com/NARAprodstorage/lz/dc-metro/rg-024/581208/2020-03/581208-omaha-006/581208-omaha-006-049.JPG	 						0	0	0	30.1	65	60	58			oc	cum nim	0				
1873-11-08	24	-27.06	-70.83			a		https://s3.amazonaws.com/NARAprodstorage/lz/dc-metro/rg-024/581208/2020-03/581208-omaha-006/581208-omaha-006-049.JPG	https://s3.amazonaws.com/NARAprodstorage/lz/dc-metro/rg-024/581208/2020-03/581208-omaha-006/581208-omaha-006-049.JPG	 						0	0	0	30.12	65	60	59			oc	cum nim	0				
1873-11-09	1	-27.06	-70.83			a		https://s3.amazonaws.com/NARAprodstorage/lz/dc-metro/rg-024/581208/2020-03/581208-omaha-006/581208-omaha-006-050.JPG	https://s3.amazonaws.com/NARAprodstorage/lz/dc-metro/rg-024/581208/2020-03/581208-omaha-006/581208-omaha-006-050.JPG	 						0	0	0	30.18	64	60	58			oc	cum nim	0				
1873-11-09	2	-27.06	-70.83			a		https://s3.amazonaws.com/NARAprodstorage/lz/dc-metro/rg-024/581208/2020-03/581208-omaha-006/581208-omaha-006-050.JPG	https://s3.amazonaws.com/NARAprodstorage/lz/dc-metro/rg-024/581208/2020-03/581208-omaha-006/581208-omaha-006-050.JPG	 						0	0	0	30.18	64	60	58			oc	cum nim	0				
1873-11-09	3	-27.06	-70.83			a		https://s3.amazonaws.com/NARAprodstorage/lz/dc-metro/rg-024/581208/2020-03/581208-omaha-006/581208-omaha-006-050.JPG	https://s3.amazonaws.com/NARAprodstorage/lz/dc-metro/rg-024/581208/2020-03/581208-omaha-006/581208-omaha-006-050.JPG	 						0	0	0	30.18	64	60	58			oc	cum nim	0				
1873-11-09	4	-27.06	-70.83			a		https://s3.amazonaws.com/NARAprodstorage/lz/dc-metro/rg-024/581208/2020-03/581208-omaha-006/581208-omaha-006-050.JPG	https://s3.amazonaws.com/NARAprodstorage/lz/dc-metro/rg-024/581208/2020-03/581208-omaha-006/581208-omaha-006-050.JPG	 						0	0	0	30.18	64	60	58			oc	cum nim	0				
1873-11-09	5	-27.06	-70.83			a		https://s3.amazonaws.com/NARAprodstorage/lz/dc-metro/rg-024/581208/2020-03/581208-omaha-006/581208-omaha-006-050.JPG	https://s3.amazonaws.com/NARAprodstorage/lz/dc-metro/rg-024/581208/2020-03/581208-omaha-006/581208-omaha-006-050.JPG	 						0	0	0	30.17	65	59	57			oc	cum nim	0				
1873-11-09	6	-27.06	-70.83			a		https://s3.amazonaws.com/NARAprodstorage/lz/dc-metro/rg-024/581208/2020-03/581208-omaha-006/581208-omaha-006-050.JPG	https://s3.amazonaws.com/NARAprodstorage/lz/dc-metro/rg-024/581208/2020-03/581208-omaha-006/581208-omaha-006-050.JPG	 						0	0	0	30.17	65	59	57			oc	cum nim	0				
1873-11-09	7	-27.06	-70.83			a		https://s3.amazonaws.com/NARAprodstorage/lz/dc-metro/rg-024/581208/2020-03/581208-omaha-006/581208-omaha-006-050.JPG	https://s3.amazonaws.com/NARAprodstorage/lz/dc-metro/rg-024/581208/2020-03/581208-omaha-006/581208-omaha-006-050.JPG	 						225	239	2	30.17	65	59	57			oc	cum nim	0				
1873-11-09	8	-27.06	-70.83			a		https://s3.amazonaws.com/NARAprodstorage/lz/dc-metro/rg-024/581208/2020-03/581208-omaha-006/581208-omaha-006-050.JPG	https://s3.amazonaws.com/NARAprodstorage/lz/dc-metro/rg-024/581208/2020-03/581208-omaha-006/581208-omaha-006-050.JPG	 						225	239	2	30.17	65	59	57			oc	cum nim	0				
1873-11-09	9	-27.06	-70.83			a		https://s3.amazonaws.com/NARAprodstorage/lz/dc-metro/rg-024/581208/2020-03/581208-omaha-006/581208-omaha-006-050.JPG	https://s3.amazonaws.com/NARAprodstorage/lz/dc-metro/rg-024/581208/2020-03/581208-omaha-006/581208-omaha-006-050.JPG	 						270	284	2	30.15	65	60	58			oc	cum nim	0				
1873-11-09	10	-27.06	-70.83			a		https://s3.amazonaws.com/NARAprodstorage/lz/dc-metro/rg-024/581208/2020-03/581208-omaha-006/581208-omaha-006-050.JPG	https://s3.amazonaws.com/NARAprodstorage/lz/dc-metro/rg-024/581208/2020-03/581208-omaha-006/581208-omaha-006-050.JPG	 						270	284	2	30.15	65	60	58			oc	cum nim	0				
1873-11-09	11	-27.06	-70.83			a		https://s3.amazonaws.com/NARAprodstorage/lz/dc-metro/rg-024/581208/2020-03/581208-omaha-006/581208-omaha-006-050.JPG	https://s3.amazonaws.com/NARAprodstorage/lz/dc-metro/rg-024/581208/2020-03/581208-omaha-006/581208-omaha-006-050.JPG	 						270	284	2	30.13	65	60	58			bc	cum	4				
1873-11-09	12	-27.06	-70.83			a		https://s3.amazonaws.com/NARAprodstorage/lz/dc-metro/rg-024/581208/2020-03/581208-omaha-006/581208-omaha-006-050.JPG	https://s3.amazonaws.com/NARAprodstorage/lz/dc-metro/rg-024/581208/2020-03/581208-omaha-006/581208-omaha-006-050.JPG	"Noon: Caldera, Chile."						270	284	2	30.13	66	63	60			bc	cum	6				
1873-11-09	13	-27.06	-70.83			a		https://s3.amazonaws.com/NARAprodstorage/lz/dc-metro/rg-024/581208/2020-03/581208-omaha-006/581208-omaha-006-050.JPG	https://s3.amazonaws.com/NARAprodstorage/lz/dc-metro/rg-024/581208/2020-03/581208-omaha-006/581208-omaha-006-050.JPG	 						259	273	2	30.1	67	67	61			bc	cum	5				
1873-11-09	14	-27.06	-70.83			a		https://s3.amazonaws.com/NARAprodstorage/lz/dc-metro/rg-024/581208/2020-03/581208-omaha-006/581208-omaha-006-050.JPG	https://s3.amazonaws.com/NARAprodstorage/lz/dc-metro/rg-024/581208/2020-03/581208-omaha-006/581208-omaha-006-050.JPG	 						259	273	5	30.1	67	67	61			bc	cum	5				
1873-11-09	15	-27.06	-70.83			a		https://s3.amazonaws.com/NARAprodstorage/lz/dc-metro/rg-024/581208/2020-03/581208-omaha-006/581208-omaha-006-050.JPG	https://s3.amazonaws.com/NARAprodstorage/lz/dc-metro/rg-024/581208/2020-03/581208-omaha-006/581208-omaha-006-050.JPG	 						225	239	5	30.1	67	67	61			bc	cum	5				
1873-11-09	16	-27.06	-70.83			a		https://s3.amazonaws.com/NARAprodstorage/lz/dc-metro/rg-024/581208/2020-03/581208-omaha-006/581208-omaha-006-050.JPG	https://s3.amazonaws.com/NARAprodstorage/lz/dc-metro/rg-024/581208/2020-03/581208-omaha-006/581208-omaha-006-050.JPG	 						225	239	5	30.06	67	67	61			bc	cum	6				
1873-11-09	17	-27.06	-70.83			a		https://s3.amazonaws.com/NARAprodstorage/lz/dc-metro/rg-024/581208/2020-03/581208-omaha-006/581208-omaha-006-050.JPG	https://s3.amazonaws.com/NARAprodstorage/lz/dc-metro/rg-024/581208/2020-03/581208-omaha-006/581208-omaha-006-050.JPG	 						225	239	5	30.06	65	62	59			oc	nim cum	0				
1873-11-09	18	-27.06	-70.83			a		https://s3.amazonaws.com/NARAprodstorage/lz/dc-metro/rg-024/581208/2020-03/581208-omaha-006/581208-omaha-006-050.JPG	https://s3.amazonaws.com/NARAprodstorage/lz/dc-metro/rg-024/581208/2020-03/581208-omaha-006/581208-omaha-006-050.JPG	 						225	239	5	30.08	65	62	58			oc	nim cum	0				
1873-11-09	19	-27.06	-70.83			a		https://s3.amazonaws.com/NARAprodstorage/lz/dc-metro/rg-024/581208/2020-03/581208-omaha-006/581208-omaha-006-050.JPG	https://s3.amazonaws.com/NARAprodstorage/lz/dc-metro/rg-024/581208/2020-03/581208-omaha-006/581208-omaha-006-050.JPG	 						225	239	5	30.07	65	62	58			oc	nim cum	0				
1873-11-09	20	-27.06	-70.83			a		https://s3.amazonaws.com/NARAprodstorage/lz/dc-metro/rg-024/581208/2020-03/581208-omaha-006/581208-omaha-006-050.JPG	https://s3.amazonaws.com/NARAprodstorage/lz/dc-metro/rg-024/581208/2020-03/581208-omaha-006/581208-omaha-006-050.JPG	 						225	239	5	30.07	65	62	58			oc	nim cum	0				
1873-11-09	21	-27.06	-70.83			a		https://s3.amazonaws.com/NARAprodstorage/lz/dc-metro/rg-024/581208/2020-03/581208-omaha-006/581208-omaha-006-050.JPG	https://s3.amazonaws.com/NARAprodstorage/lz/dc-metro/rg-024/581208/2020-03/581208-omaha-006/581208-omaha-006-050.JPG	 						225	239	2	30.07	65	61	60			oc	nim cum	0				
1873-11-09	22	-27.06	-70.83			a		https://s3.amazonaws.com/NARAprodstorage/lz/dc-metro/rg-024/581208/2020-03/581208-omaha-006/581208-omaha-006-050.JPG	https://s3.amazonaws.com/NARAprodstorage/lz/dc-metro/rg-024/581208/2020-03/581208-omaha-006/581208-omaha-006-050.JPG	 						0	0	0	30.07	65	61	60			oc	nim cum	0				
1873-11-09	23	-27.06	-70.83			a		https://s3.amazonaws.com/NARAprodstorage/lz/dc-metro/rg-024/581208/2020-03/581208-omaha-006/581208-omaha-006-050.JPG	https://s3.amazonaws.com/NARAprodstorage/lz/dc-metro/rg-024/581208/2020-03/581208-omaha-006/581208-omaha-006-050.JPG	 						0	0	0	30.07	64	61	60			oc	nim cum	0				
1873-11-09	24	-27.06	-70.83			a		https://s3.amazonaws.com/NARAprodstorage/lz/dc-metro/rg-024/581208/2020-03/581208-omaha-006/581208-omaha-006-050.JPG	https://s3.amazonaws.com/NARAprodstorage/lz/dc-metro/rg-024/581208/2020-03/581208-omaha-006/581208-omaha-006-050.JPG	 						0	0	0	30.06	64	61	60			ocm	nim cum	0				
1873-11-10	1	-27.06	-70.83			a		https://s3.amazonaws.com/NARAprodstorage/lz/dc-metro/rg-024/581208/2020-03/581208-omaha-006/581208-omaha-006-051.JPG	https://s3.amazonaws.com/NARAprodstorage/lz/dc-metro/rg-024/581208/2020-03/581208-omaha-006/581208-omaha-006-051.JPG	 						0	0	0	30.08	65	61	60			ocm	nimb	0				
1873-11-10	2	-27.06	-70.83			a		https://s3.amazonaws.com/NARAprodstorage/lz/dc-metro/rg-024/581208/2020-03/581208-omaha-006/581208-omaha-006-051.JPG	https://s3.amazonaws.com/NARAprodstorage/lz/dc-metro/rg-024/581208/2020-03/581208-omaha-006/581208-omaha-006-051.JPG	 						0	0	0	30.08	65	61	60			ocm	nimb	0				
1873-11-10	3	-27.06	-70.83			a		https://s3.amazonaws.com/NARAprodstorage/lz/dc-metro/rg-024/581208/2020-03/581208-omaha-006/581208-omaha-006-051.JPG	https://s3.amazonaws.com/NARAprodstorage/lz/dc-metro/rg-024/581208/2020-03/581208-omaha-006/581208-omaha-006-051.JPG	 						0	0	0	30.08	65	61	60			ocm	nimb	0				
1873-11-10	4	-27.06	-70.83			a		https://s3.amazonaws.com/NARAprodstorage/lz/dc-metro/rg-024/581208/2020-03/581208-omaha-006/581208-omaha-006-051.JPG	https://s3.amazonaws.com/NARAprodstorage/lz/dc-metro/rg-024/581208/2020-03/581208-omaha-006/581208-omaha-006-051.JPG	 						0	0	0	30.08	65	61	60			ocm	nimb	0				
1873-11-10	5	-27.06	-70.83			a		https://s3.amazonaws.com/NARAprodstorage/lz/dc-metro/rg-024/581208/2020-03/581208-omaha-006/581208-omaha-006-051.JPG	https://s3.amazonaws.com/NARAprodstorage/lz/dc-metro/rg-024/581208/2020-03/581208-omaha-006/581208-omaha-006-051.JPG	 						0	0	0	30.08	65	60	59			oc	nimb	0				
1873-11-10	6	-27.06	-70.83			a		https://s3.amazonaws.com/NARAprodstorage/lz/dc-metro/rg-024/581208/2020-03/581208-omaha-006/581208-omaha-006-051.JPG	https://s3.amazonaws.com/NARAprodstorage/lz/dc-metro/rg-024/581208/2020-03/581208-omaha-006/581208-omaha-006-051.JPG	 						315	329	2	30.08	65	60	59			oc	nimb	0				
1873-11-10	7	-27.06	-70.83			a		https://s3.amazonaws.com/NARAprodstorage/lz/dc-metro/rg-024/581208/2020-03/581208-omaha-006/581208-omaha-006-051.JPG	https://s3.amazonaws.com/NARAprodstorage/lz/dc-metro/rg-024/581208/2020-03/581208-omaha-006/581208-omaha-006-051.JPG	 						0	0	0	30.08	65	60	59			oc	nimb	0				
1873-11-10	8	-27.06	-70.83			a		https://s3.amazonaws.com/NARAprodstorage/lz/dc-metro/rg-024/581208/2020-03/581208-omaha-006/581208-omaha-006-051.JPG	https://s3.amazonaws.com/NARAprodstorage/lz/dc-metro/rg-024/581208/2020-03/581208-omaha-006/581208-omaha-006-051.JPG	 						0	0	0	30.08	65	62	59			oc	nimb	0				
1873-11-10	9	-27.06	-70.83			a		https://s3.amazonaws.com/NARAprodstorage/lz/dc-metro/rg-024/581208/2020-03/581208-omaha-006/581208-omaha-006-051.JPG	https://s3.amazonaws.com/NARAprodstorage/lz/dc-metro/rg-024/581208/2020-03/581208-omaha-006/581208-omaha-006-051.JPG	 						225	239	2	30.1	67	65	62			bc	nim cum	2				
1873-11-10	10	-27.06	-70.83			a		https://s3.amazonaws.com/NARAprodstorage/lz/dc-metro/rg-024/581208/2020-03/581208-omaha-006/581208-omaha-006-051.JPG	https://s3.amazonaws.com/NARAprodstorage/lz/dc-metro/rg-024/581208/2020-03/581208-omaha-006/581208-omaha-006-051.JPG	 						225	239	5	30.12	67	65	62			bc	nim cum	4				
1873-11-10	11	-27.06	-70.83			a		https://s3.amazonaws.com/NARAprodstorage/lz/dc-metro/rg-024/581208/2020-03/581208-omaha-006/581208-omaha-006-051.JPG	https://s3.amazonaws.com/NARAprodstorage/lz/dc-metro/rg-024/581208/2020-03/581208-omaha-006/581208-omaha-006-051.JPG	 						225	239	5	30.13	67	65	62			bc	nim cum	6				
1873-11-10	12	-27.06	-70.83			a		https://s3.amazonaws.com/NARAprodstorage/lz/dc-metro/rg-024/581208/2020-03/581208-omaha-006/581208-omaha-006-051.JPG	https://s3.amazonaws.com/NARAprodstorage/lz/dc-metro/rg-024/581208/2020-03/581208-omaha-006/581208-omaha-006-051.JPG	"Noon: Caldera, Chile."						225	239	5	30.13	67	65	62			bc	nim cum	7				
1873-11-10	13	-27.06	-70.83			a		https://s3.amazonaws.com/NARAprodstorage/lz/dc-metro/rg-024/581208/2020-03/581208-omaha-006/581208-omaha-006-051.JPG	https://s3.amazonaws.com/NARAprodstorage/lz/dc-metro/rg-024/581208/2020-03/581208-omaha-006/581208-omaha-006-051.JPG	1325: Got Underway					v	259	273	5	30.1	67	65	62	63		bc	cir cum	7				
1873-11-10	14	-26.98	-70.86	326.25		3.4		https://s3.amazonaws.com/NARAprodstorage/lz/dc-metro/rg-024/581208/2020-03/581208-omaha-006/581208-omaha-006-051.JPG	https://s3.amazonaws.com/NARAprodstorage/lz/dc-metro/rg-024/581208/2020-03/581208-omaha-006/581208-omaha-006-051.JPG	"1400: Lighthouse brg SxE3/4E, dist 4 mi."					nwxn	259	273	8	30.08	67	66	62	63		bc	cir cum	7				
1873-11-10	15	-26.89	-70.91	326.25		6		https://s3.amazonaws.com/NARAprodstorage/lz/dc-metro/rg-024/581208/2020-03/581208-omaha-006/581208-omaha-006-051.JPG	https://s3.amazonaws.com/NARAprodstorage/lz/dc-metro/rg-024/581208/2020-03/581208-omaha-006/581208-omaha-006-051.JPG	1500: cc NNW.					nwxn	248	262	5	30.1	67	66	62	63		bc	cir cum	8				
1873-11-10	16	-26.83	-70.93	337.5		4		https://s3.amazonaws.com/NARAprodstorage/lz/dc-metro/rg-024/581208/2020-03/581208-omaha-006/581208-omaha-006-051.JPG	https://s3.amazonaws.com/NARAprodstorage/lz/dc-metro/rg-024/581208/2020-03/581208-omaha-006/581208-omaha-006-051.JPG	 					nnw	248	262	5	30.08	68	65	61	61		bc	cum nim	2				
1873-11-10	17	-26.77	-70.95	337.5		4.2		https://s3.amazonaws.com/NARAprodstorage/lz/dc-metro/rg-024/581208/2020-03/581208-omaha-006/581208-omaha-006-051.JPG	https://s3.amazonaws.com/NARAprodstorage/lz/dc-metro/rg-024/581208/2020-03/581208-omaha-006/581208-omaha-006-051.JPG	 					nnw	236	250	5	30.08	68	65	61	61		oc	cum nim	0				
1873-11-10	18	-26.7	-70.97	337.5		4.2		https://s3.amazonaws.com/NARAprodstorage/lz/dc-metro/rg-024/581208/2020-03/581208-omaha-006/581208-omaha-006-051.JPG	https://s3.amazonaws.com/NARAprodstorage/lz/dc-metro/rg-024/581208/2020-03/581208-omaha-006/581208-omaha-006-051.JPG	 					nnw	236	250	5	30.08	68	65	61	61		oc	cum nim	0				
1873-11-10	19	-26.63	-70.99	337.5		4.6		https://s3.amazonaws.com/NARAprodstorage/lz/dc-metro/rg-024/581208/2020-03/581208-omaha-006/581208-omaha-006-051.JPG	https://s3.amazonaws.com/NARAprodstorage/lz/dc-metro/rg-024/581208/2020-03/581208-omaha-006/581208-omaha-006-051.JPG	 					nnw	236	250	8	30.1	67	62	60	61		oc	cum nim	0				
1873-11-10	20	-26.57	-71.01	337.5		4.4		https://s3.amazonaws.com/NARAprodstorage/lz/dc-metro/rg-024/581208/2020-03/581208-omaha-006/581208-omaha-006-051.JPG	https://s3.amazonaws.com/NARAprodstorage/lz/dc-metro/rg-024/581208/2020-03/581208-omaha-006/581208-omaha-006-051.JPG	2000: cc NxW.					nnw	202	216	5	30.12	67	62	60	61		oc	cum nim	0				
1873-11-10	21	-26.5	-71.01	348.75		4.4		https://s3.amazonaws.com/NARAprodstorage/lz/dc-metro/rg-024/581208/2020-03/581208-omaha-006/581208-omaha-006-051.JPG	https://s3.amazonaws.com/NARAprodstorage/lz/dc-metro/rg-024/581208/2020-03/581208-omaha-006/581208-omaha-006-051.JPG	 					nxw	202	216	5	30.14	67	62	60	61		oc	cir nim	0				
1873-11-10	22	-26.43	-71.02	348.75		4.4		https://s3.amazonaws.com/NARAprodstorage/lz/dc-metro/rg-024/581208/2020-03/581208-omaha-006/581208-omaha-006-051.JPG	https://s3.amazonaws.com/NARAprodstorage/lz/dc-metro/rg-024/581208/2020-03/581208-omaha-006/581208-omaha-006-051.JPG	 					nxw	202	216	5	30.16	67	62	60	61		oc	cir cum nim	0				
1873-11-10	23	-26.36	-71.02	348.75		4.4		https://s3.amazonaws.com/NARAprodstorage/lz/dc-metro/rg-024/581208/2020-03/581208-omaha-006/581208-omaha-006-051.JPG	https://s3.amazonaws.com/NARAprodstorage/lz/dc-metro/rg-024/581208/2020-03/581208-omaha-006/581208-omaha-006-051.JPG	 					nxw	259	273	8	30.16	67	62	60	61		oc	cir cum nim	0				
1873-11-10	24	-26.3	-71.03	348.75		4		https://s3.amazonaws.com/NARAprodstorage/lz/dc-metro/rg-024/581208/2020-03/581208-omaha-006/581208-omaha-006-051.JPG	https://s3.amazonaws.com/NARAprodstorage/lz/dc-metro/rg-024/581208/2020-03/581208-omaha-006/581208-omaha-006-051.JPG	 					nxw	259	273	5	30.16	67	62	60	61		oc	cir cum nim	0				
1873-11-11	1	-26.25	-71.03	348.75		3.4		https://s3.amazonaws.com/NARAprodstorage/lz/dc-metro/rg-024/581208/2020-03/581208-omaha-006/581208-omaha-006-052.JPG	https://s3.amazonaws.com/NARAprodstorage/lz/dc-metro/rg-024/581208/2020-03/581208-omaha-006/581208-omaha-006-052.JPG	 					nxw	270	284	5	30.12	66	60	58	62		ocm	nimb	0				
1873-11-11	2	-26.21	-71.04	348.75		3		https://s3.amazonaws.com/NARAprodstorage/lz/dc-metro/rg-024/581208/2020-03/581208-omaha-006/581208-omaha-006-052.JPG	https://s3.amazonaws.com/NARAprodstorage/lz/dc-metro/rg-024/581208/2020-03/581208-omaha-006/581208-omaha-006-052.JPG	 					nxw	270	284	5	30.12	66	60	58	62		ocm	nimb	0				
1873-11-11	3	-26.16	-71.04	348.75		3		https://s3.amazonaws.com/NARAprodstorage/lz/dc-metro/rg-024/581208/2020-03/581208-omaha-006/581208-omaha-006-052.JPG	https://s3.amazonaws.com/NARAprodstorage/lz/dc-metro/rg-024/581208/2020-03/581208-omaha-006/581208-omaha-006-052.JPG	 					nxw	270	284	3	30.12	65	59	57	61		ocm	nimb	0				
1873-11-11	4	-26.12	-71.05	348.75		2.6		https://s3.amazonaws.com/NARAprodstorage/lz/dc-metro/rg-024/581208/2020-03/581208-omaha-006/581208-omaha-006-052.JPG	https://s3.amazonaws.com/NARAprodstorage/lz/dc-metro/rg-024/581208/2020-03/581208-omaha-006/581208-omaha-006-052.JPG	 					nxw	270	284	2	30.12	65	59	57	61		ocm	nimb	0				
1873-11-11	5	-26.09	-71.05	348.75		2.2		https://s3.amazonaws.com/NARAprodstorage/lz/dc-metro/rg-024/581208/2020-03/581208-omaha-006/581208-omaha-006-052.JPG	https://s3.amazonaws.com/NARAprodstorage/lz/dc-metro/rg-024/581208/2020-03/581208-omaha-006/581208-omaha-006-052.JPG	 					nxw	202	216	3	30.14	65	60	59	62		oc	nimb	0				
1873-11-11	6	-26.05	-71.06	348.75		2.6		https://s3.amazonaws.com/NARAprodstorage/lz/dc-metro/rg-024/581208/2020-03/581208-omaha-006/581208-omaha-006-052.JPG	https://s3.amazonaws.com/NARAprodstorage/lz/dc-metro/rg-024/581208/2020-03/581208-omaha-006/581208-omaha-006-052.JPG	 					nxw	180	194	5	30.16	65	60	59	62		oc	nimb	0				
1873-11-11	7	-26.02	-71.06	348.75		2.4		https://s3.amazonaws.com/NARAprodstorage/lz/dc-metro/rg-024/581208/2020-03/581208-omaha-006/581208-omaha-006-052.JPG	https://s3.amazonaws.com/NARAprodstorage/lz/dc-metro/rg-024/581208/2020-03/581208-omaha-006/581208-omaha-006-052.JPG	 					nxw	180	194	5	30.18	65	60	59	62		oc	nimb	0				
1873-11-11	8	-25.97	-71.07	348.75		3.2		https://s3.amazonaws.com/NARAprodstorage/lz/dc-metro/rg-024/581208/2020-03/581208-omaha-006/581208-omaha-006-052.JPG	https://s3.amazonaws.com/NARAprodstorage/lz/dc-metro/rg-024/581208/2020-03/581208-omaha-006/581208-omaha-006-052.JPG	 					nxw	202	216	5	30.19	65	60	59	62		oc	nimb	0				
1873-11-11	9	-25.9	-71.07	348.75		4.4		https://s3.amazonaws.com/NARAprodstorage/lz/dc-metro/rg-024/581208/2020-03/581208-omaha-006/581208-omaha-006-052.JPG	https://s3.amazonaws.com/NARAprodstorage/lz/dc-metro/rg-024/581208/2020-03/581208-omaha-006/581208-omaha-006-052.JPG	0930: Brgs: Sugar Loaf Is SE; Pt San Pedro NE3/4N.					nxw	202	216	8	30.19	66	62	61	60		oc	nimb	0				
1873-11-11	10	-25.82	-71.08	348.75		5.6		https://s3.amazonaws.com/NARAprodstorage/lz/dc-metro/rg-024/581208/2020-03/581208-omaha-006/581208-omaha-006-052.JPG	https://s3.amazonaws.com/NARAprodstorage/lz/dc-metro/rg-024/581208/2020-03/581208-omaha-006/581208-omaha-006-052.JPG	 					nxw	225	239	13	30.19	66	62	61	60		oc	nimb	0				
1873-11-11	11	-25.74	-71.08	348.75		5.2		https://s3.amazonaws.com/NARAprodstorage/lz/dc-metro/rg-024/581208/2020-03/581208-omaha-006/581208-omaha-006-052.JPG	https://s3.amazonaws.com/NARAprodstorage/lz/dc-metro/rg-024/581208/2020-03/581208-omaha-006/581208-omaha-006-052.JPG	 					nxw	225	239	8	30.19	66	62	61	60		bc	cir nim	3				
1873-11-11	12	-25.67	-71.08	348.75		4.4		https://s3.amazonaws.com/NARAprodstorage/lz/dc-metro/rg-024/581208/2020-03/581208-omaha-006/581208-omaha-006-052.JPG	https://s3.amazonaws.com/NARAprodstorage/lz/dc-metro/rg-024/581208/2020-03/581208-omaha-006/581208-omaha-006-052.JPG	 			25 40S	71 5W	nxw	225	239	8	30.19	66	62	61	60		bc	cir nim	3				
1873-11-11	13	-25.71	-71.11	191.25		4.4		https://s3.amazonaws.com/NARAprodstorage/lz/dc-metro/rg-024/581208/2020-03/581208-omaha-006/581208-omaha-006-052.JPG	https://s3.amazonaws.com/NARAprodstorage/lz/dc-metro/rg-024/581208/2020-03/581208-omaha-006/581208-omaha-006-052.JPG	 					sxw	202	216	5	30.19	66	62	61	60		bc	cir cum	2				
1873-11-11	14	-25.75	-71.15	191.25		4.4		https://s3.amazonaws.com/NARAprodstorage/lz/dc-metro/rg-024/581208/2020-03/581208-omaha-006/581208-omaha-006-052.JPG	https://s3.amazonaws.com/NARAprodstorage/lz/dc-metro/rg-024/581208/2020-03/581208-omaha-006/581208-omaha-006-052.JPG	 					sxw	225	239	5	30.17	66	62	61	60		bc	cir cum	7				
1873-11-11	15	-25.8	-71.18	191.25		4.6		https://s3.amazonaws.com/NARAprodstorage/lz/dc-metro/rg-024/581208/2020-03/581208-omaha-006/581208-omaha-006-052.JPG	https://s3.amazonaws.com/NARAprodstorage/lz/dc-metro/rg-024/581208/2020-03/581208-omaha-006/581208-omaha-006-052.JPG	 					sxw	225	239	8	30.17	66	62	61	60		bc	cir cum	9				
1873-11-11	16	-25.84	-71.21	191.25		4.4		https://s3.amazonaws.com/NARAprodstorage/lz/dc-metro/rg-024/581208/2020-03/581208-omaha-006/581208-omaha-006-052.JPG	https://s3.amazonaws.com/NARAprodstorage/lz/dc-metro/rg-024/581208/2020-03/581208-omaha-006/581208-omaha-006-052.JPG	1600: cc N1/2W.					sxw	225	239	8	30.17	67	62	61	60		bc	cir cum	9				
1873-11-11	17	-25.75	-71.2	354.38		4		https://s3.amazonaws.com/NARAprodstorage/lz/dc-metro/rg-024/581208/2020-03/581208-omaha-006/581208-omaha-006-052.JPG	https://s3.amazonaws.com/NARAprodstorage/lz/dc-metro/rg-024/581208/2020-03/581208-omaha-006/581208-omaha-006-052.JPG	 					n1/2w	225	239	5	30.14	68	64	62	60		b	none	10				
1873-11-11	18	-25.66	-71.18	354.38		4.2		https://s3.amazonaws.com/NARAprodstorage/lz/dc-metro/rg-024/581208/2020-03/581208-omaha-006/581208-omaha-006-052.JPG	https://s3.amazonaws.com/NARAprodstorage/lz/dc-metro/rg-024/581208/2020-03/581208-omaha-006/581208-omaha-006-052.JPG	 					n1/2w	225	239	5	30.18	68	66	63	62		b	none	10				
1873-11-11	19	-25.59	-71.17	354.38		3		https://s3.amazonaws.com/NARAprodstorage/lz/dc-metro/rg-024/581208/2020-03/581208-omaha-006/581208-omaha-006-052.JPG	https://s3.amazonaws.com/NARAprodstorage/lz/dc-metro/rg-024/581208/2020-03/581208-omaha-006/581208-omaha-006-052.JPG	 					n1/2w	225	239	3	30.2	69	66	63	62		b	none	10				
1873-11-11	20	-25.51	-71.17	354.38		3		https://s3.amazonaws.com/NARAprodstorage/lz/dc-metro/rg-024/581208/2020-03/581208-omaha-006/581208-omaha-006-052.JPG	https://s3.amazonaws.com/NARAprodstorage/lz/dc-metro/rg-024/581208/2020-03/581208-omaha-006/581208-omaha-006-052.JPG	 					n1/2w	225	239	5	30.2	70	66	63	62		b	none	10				
1873-11-11	21	-25.43	-71.16	348.75		3.6		https://s3.amazonaws.com/NARAprodstorage/lz/dc-metro/rg-024/581208/2020-03/581208-omaha-006/581208-omaha-006-052.JPG	https://s3.amazonaws.com/NARAprodstorage/lz/dc-metro/rg-024/581208/2020-03/581208-omaha-006/581208-omaha-006-052.JPG	 					nxw	225	239	5	30.22	69	63	60	63		b	none	10				
1873-11-11	22	-25.35	-71.16	348.75		3.4		https://s3.amazonaws.com/NARAprodstorage/lz/dc-metro/rg-024/581208/2020-03/581208-omaha-006/581208-omaha-006-052.JPG	https://s3.amazonaws.com/NARAprodstorage/lz/dc-metro/rg-024/581208/2020-03/581208-omaha-006/581208-omaha-006-052.JPG	 					nxw	202	216	2	30.23	69	62	61	63		bc	nim	9				
1873-11-11	23	-25.28	-71.15	348.75		2.4		https://s3.amazonaws.com/NARAprodstorage/lz/dc-metro/rg-024/581208/2020-03/581208-omaha-006/581208-omaha-006-052.JPG	https://s3.amazonaws.com/NARAprodstorage/lz/dc-metro/rg-024/581208/2020-03/581208-omaha-006/581208-omaha-006-052.JPG	 					nxw	202	216	2	30.23	68	63	61	63		bcm	nim	9				
1873-11-11	24	-25.23	-71.15	348.75		2		https://s3.amazonaws.com/NARAprodstorage/lz/dc-metro/rg-024/581208/2020-03/581208-omaha-006/581208-omaha-006-052.JPG	https://s3.amazonaws.com/NARAprodstorage/lz/dc-metro/rg-024/581208/2020-03/581208-omaha-006/581208-omaha-006-052.JPG	 					nxw	202	216	2	30.23	68	63	61	63		bcm	nim	9				
1873-11-12	1	-25.19	-71.15	348.75		1		https://s3.amazonaws.com/NARAprodstorage/lz/dc-metro/rg-024/581208/2020-03/581208-omaha-006/581208-omaha-006-053.JPG	https://s3.amazonaws.com/NARAprodstorage/lz/dc-metro/rg-024/581208/2020-03/581208-omaha-006/581208-omaha-006-053.JPG	 					nxw	202	216	1	30.23	68	63	61	63		bc	cir cum	7				
1873-11-12	2	-25.15	-71.14	348.75		1		https://s3.amazonaws.com/NARAprodstorage/lz/dc-metro/rg-024/581208/2020-03/581208-omaha-006/581208-omaha-006-053.JPG	https://s3.amazonaws.com/NARAprodstorage/lz/dc-metro/rg-024/581208/2020-03/581208-omaha-006/581208-omaha-006-053.JPG	 					nxw	202	216	1	30.23	68	63	61	63		bc	cir cum	7				
1873-11-12	3	-25.11	-71.14	348.75		1		https://s3.amazonaws.com/NARAprodstorage/lz/dc-metro/rg-024/581208/2020-03/581208-omaha-006/581208-omaha-006-053.JPG	https://s3.amazonaws.com/NARAprodstorage/lz/dc-metro/rg-024/581208/2020-03/581208-omaha-006/581208-omaha-006-053.JPG	 					nxw	202	216	1	30.23	68	63	60	63		bc	cir cum nim	7				
1873-11-12	4	-25.05	-71.14	348.75		2		https://s3.amazonaws.com/NARAprodstorage/lz/dc-metro/rg-024/581208/2020-03/581208-omaha-006/581208-omaha-006-053.JPG	https://s3.amazonaws.com/NARAprodstorage/lz/dc-metro/rg-024/581208/2020-03/581208-omaha-006/581208-omaha-006-053.JPG	 					nxw	158	172	2	30.23	68	63	60	63		oc	cir cum nim	0				
1873-11-12	5	-24.97	-71.13	348.75		3		https://s3.amazonaws.com/NARAprodstorage/lz/dc-metro/rg-024/581208/2020-03/581208-omaha-006/581208-omaha-006-053.JPG	https://s3.amazonaws.com/NARAprodstorage/lz/dc-metro/rg-024/581208/2020-03/581208-omaha-006/581208-omaha-006-053.JPG	 					nxw	158	172	5	30.23	68	63	60	63		bc	cir cum nim	9				
1873-11-12	6	-24.89	-71.13	348.75		3.6		https://s3.amazonaws.com/NARAprodstorage/lz/dc-metro/rg-024/581208/2020-03/581208-omaha-006/581208-omaha-006-053.JPG	https://s3.amazonaws.com/NARAprodstorage/lz/dc-metro/rg-024/581208/2020-03/581208-omaha-006/581208-omaha-006-053.JPG	 					nxw	158	172	5	30.23	68	63	60	63		bc	cir cum nim	8				
1873-11-12	7	-24.81	-71.12	348.75		3.6		https://s3.amazonaws.com/NARAprodstorage/lz/dc-metro/rg-024/581208/2020-03/581208-omaha-006/581208-omaha-006-053.JPG	https://s3.amazonaws.com/NARAprodstorage/lz/dc-metro/rg-024/581208/2020-03/581208-omaha-006/581208-omaha-006-053.JPG	 					nxw	169	183	5	30.25	66	65	62	63		bc	cir cum nim	8				
1873-11-12	8	-24.72	-71.12	348.75		4		https://s3.amazonaws.com/NARAprodstorage/lz/dc-metro/rg-024/581208/2020-03/581208-omaha-006/581208-omaha-006-053.JPG	https://s3.amazonaws.com/NARAprodstorage/lz/dc-metro/rg-024/581208/2020-03/581208-omaha-006/581208-omaha-006-053.JPG	 					nxw	169	183	5	30.25	66	67	63	63		bc	cir cum nim	5				
1873-11-12	9	-24.64	-71.11	348.75		3.4		https://s3.amazonaws.com/NARAprodstorage/lz/dc-metro/rg-024/581208/2020-03/581208-omaha-006/581208-omaha-006-053.JPG	https://s3.amazonaws.com/NARAprodstorage/lz/dc-metro/rg-024/581208/2020-03/581208-omaha-006/581208-omaha-006-053.JPG	 					nxw	169	183	5	30.25	66	67	64	63		bc	cir cum nim	3				
1873-11-12	10	-24.56	-71.11	348.75		3		https://s3.amazonaws.com/NARAprodstorage/lz/dc-metro/rg-024/581208/2020-03/581208-omaha-006/581208-omaha-006-053.JPG	https://s3.amazonaws.com/NARAprodstorage/lz/dc-metro/rg-024/581208/2020-03/581208-omaha-006/581208-omaha-006-053.JPG	 					nxw	163	177	5	30.25	66	67	64	63		bc	cum none	9				
1873-11-12	11	-24.48	-71.1	348.75		3.4		https://s3.amazonaws.com/NARAprodstorage/lz/dc-metro/rg-024/581208/2020-03/581208-omaha-006/581208-omaha-006-053.JPG	https://s3.amazonaws.com/NARAprodstorage/lz/dc-metro/rg-024/581208/2020-03/581208-omaha-006/581208-omaha-006-053.JPG	 					nxw	163	177	5	30.25	69	69	66	64		b	cum none	10				
1873-11-12	12	-24.4	-71.1	348.75		3.4		https://s3.amazonaws.com/NARAprodstorage/lz/dc-metro/rg-024/581208/2020-03/581208-omaha-006/581208-omaha-006-053.JPG	https://s3.amazonaws.com/NARAprodstorage/lz/dc-metro/rg-024/581208/2020-03/581208-omaha-006/581208-omaha-006-053.JPG	Noon: Jara Head brg NE3/4N.			24 24S	71 6W	nxw	163	177	5	30.25	70	70	66	64		b	cum none	10				
1873-11-12	13	-24.34	-71.11	348.75		3.4		https://s3.amazonaws.com/NARAprodstorage/lz/dc-metro/rg-024/581208/2020-03/581208-omaha-006/581208-omaha-006-053.JPG	https://s3.amazonaws.com/NARAprodstorage/lz/dc-metro/rg-024/581208/2020-03/581208-omaha-006/581208-omaha-006-053.JPG	 					nxw	169	183	8	30.25	70	71	66	64		b	none	10				
1873-11-12	14	-24.26	-71.12	348.75		4		https://s3.amazonaws.com/NARAprodstorage/lz/dc-metro/rg-024/581208/2020-03/581208-omaha-006/581208-omaha-006-053.JPG	https://s3.amazonaws.com/NARAprodstorage/lz/dc-metro/rg-024/581208/2020-03/581208-omaha-006/581208-omaha-006-053.JPG	 					nxw	169	183	8	30.25	70	69	65	64		b	none	10				
1873-11-12	15	-24.18	-71.12	348.75		4.6		https://s3.amazonaws.com/NARAprodstorage/lz/dc-metro/rg-024/581208/2020-03/581208-omaha-006/581208-omaha-006-053.JPG	https://s3.amazonaws.com/NARAprodstorage/lz/dc-metro/rg-024/581208/2020-03/581208-omaha-006/581208-omaha-006-053.JPG	 					nxw	169	183	8	30.25	70	69	65	64		b	none	10				
1873-11-12	16	-24.1	-71.13	348.75		4.4		https://s3.amazonaws.com/NARAprodstorage/lz/dc-metro/rg-024/581208/2020-03/581208-omaha-006/581208-omaha-006-053.JPG	https://s3.amazonaws.com/NARAprodstorage/lz/dc-metro/rg-024/581208/2020-03/581208-omaha-006/581208-omaha-006-053.JPG	 					nxw	169	183	8	30.25	70	69	65	64		b	none	10				
1873-11-12	17	-24.01	-71.14	348.75		4.6		https://s3.amazonaws.com/NARAprodstorage/lz/dc-metro/rg-024/581208/2020-03/581208-omaha-006/581208-omaha-006-053.JPG	https://s3.amazonaws.com/NARAprodstorage/lz/dc-metro/rg-024/581208/2020-03/581208-omaha-006/581208-omaha-006-053.JPG	 					nxw	158	172	8	30.22	70	68	65	64		b	none	10				
1873-11-12	18	-23.92	-71.15	348.75		5.4		https://s3.amazonaws.com/NARAprodstorage/lz/dc-metro/rg-024/581208/2020-03/581208-omaha-006/581208-omaha-006-053.JPG	https://s3.amazonaws.com/NARAprodstorage/lz/dc-metro/rg-024/581208/2020-03/581208-omaha-006/581208-omaha-006-053.JPG	 					nxw	158	172	8	30.22	70	68	65	64		b	none	10				
1873-11-12	19	-23.83	-71.15	348.75		4.6		https://s3.amazonaws.com/NARAprodstorage/lz/dc-metro/rg-024/581208/2020-03/581208-omaha-006/581208-omaha-006-053.JPG	https://s3.amazonaws.com/NARAprodstorage/lz/dc-metro/rg-024/581208/2020-03/581208-omaha-006/581208-omaha-006-053.JPG	 					nxw	158	172	5	30.26	70	68	65	64		bc	cir cum	9				
1873-11-12	20	-23.77	-71.16	348.75		3.4		https://s3.amazonaws.com/NARAprodstorage/lz/dc-metro/rg-024/581208/2020-03/581208-omaha-006/581208-omaha-006-053.JPG	https://s3.amazonaws.com/NARAprodstorage/lz/dc-metro/rg-024/581208/2020-03/581208-omaha-006/581208-omaha-006-053.JPG	 					nxw	158	172	5	30.26	70	68	65	64		bc	cir cum	8				
1873-11-12	21	-23.7	-71.17	348.75		3.6		https://s3.amazonaws.com/NARAprodstorage/lz/dc-metro/rg-024/581208/2020-03/581208-omaha-006/581208-omaha-006-053.JPG	https://s3.amazonaws.com/NARAprodstorage/lz/dc-metro/rg-024/581208/2020-03/581208-omaha-006/581208-omaha-006-053.JPG	 					nxw	158	172	8	30.3	70	69	64	64		bc	cir cum	8				
1873-11-12	22	-23.63	-71.18	348.75		4		https://s3.amazonaws.com/NARAprodstorage/lz/dc-metro/rg-024/581208/2020-03/581208-omaha-006/581208-omaha-006-053.JPG	https://s3.amazonaws.com/NARAprodstorage/lz/dc-metro/rg-024/581208/2020-03/581208-omaha-006/581208-omaha-006-053.JPG	 					nxw	169	183	8	30.3	71	67	63	64		bc	cir cum	8				
1873-11-12	23	-23.56	-71.18	348.75		4		https://s3.amazonaws.com/NARAprodstorage/lz/dc-metro/rg-024/581208/2020-03/581208-omaha-006/581208-omaha-006-053.JPG	https://s3.amazonaws.com/NARAprodstorage/lz/dc-metro/rg-024/581208/2020-03/581208-omaha-006/581208-omaha-006-053.JPG	2300: cc N3/4W.					nxw	180	192	8	30.3	71	67	63	64		bc	cir cum	8				
1873-11-12	24	-23.49	-71.19	348.75		3.6		https://s3.amazonaws.com/NARAprodstorage/lz/dc-metro/rg-024/581208/2020-03/581208-omaha-006/581208-omaha-006-053.JPG	https://s3.amazonaws.com/NARAprodstorage/lz/dc-metro/rg-024/581208/2020-03/581208-omaha-006/581208-omaha-006-053.JPG	 					nxw	191	203	8	30.3	69	67	63	64		bc	cir cum	8				
1873-11-13	1	-23.44	-71.2	351.56		2.6		https://s3.amazonaws.com/NARAprodstorage/lz/dc-metro/rg-024/581208/2020-03/581208-omaha-006/581208-omaha-006-054.JPG	https://s3.amazonaws.com/NARAprodstorage/lz/dc-metro/rg-024/581208/2020-03/581208-omaha-006/581208-omaha-006-054.JPG	 					n3/4w	202	214	5	30.3	68	66	64	64		n	none	10				
1873-11-13	2	-23.39	-71.2	351.56		2.4		https://s3.amazonaws.com/NARAprodstorage/lz/dc-metro/rg-024/581208/2020-03/581208-omaha-006/581208-omaha-006-054.JPG	https://s3.amazonaws.com/NARAprodstorage/lz/dc-metro/rg-024/581208/2020-03/581208-omaha-006/581208-omaha-006-054.JPG	 					n3/4w	202	214	5	30.28	67	65	62	64		bc	cum nim	9				
1873-11-13	3	-23.34	-71.21	351.56		2.4		https://s3.amazonaws.com/NARAprodstorage/lz/dc-metro/rg-024/581208/2020-03/581208-omaha-006/581208-omaha-006-054.JPG	https://s3.amazonaws.com/NARAprodstorage/lz/dc-metro/rg-024/581208/2020-03/581208-omaha-006/581208-omaha-006-054.JPG	 					n3/4w	202	214	5	30.28	67	65	62	64		bc	cum nim	7				
1873-11-13	4	-23.3	-71.22	351.56		2.4		https://s3.amazonaws.com/NARAprodstorage/lz/dc-metro/rg-024/581208/2020-03/581208-omaha-006/581208-omaha-006-054.JPG	https://s3.amazonaws.com/NARAprodstorage/lz/dc-metro/rg-024/581208/2020-03/581208-omaha-006/581208-omaha-006-054.JPG	 					n3/4w	191	203	5	30.26	67	64	62	64		bc	cum nim	7				
1873-11-13	5	-23.25	-71.22	351.56		2.4		https://s3.amazonaws.com/NARAprodstorage/lz/dc-metro/rg-024/581208/2020-03/581208-omaha-006/581208-omaha-006-054.JPG	https://s3.amazonaws.com/NARAprodstorage/lz/dc-metro/rg-024/581208/2020-03/581208-omaha-006/581208-omaha-006-054.JPG	 					n3/4w	180	192	2	30.26	67	64	62	64		bc	cum nim	7				
1873-11-13	6	-23.2	-71.23	351.56		2.6		https://s3.amazonaws.com/NARAprodstorage/lz/dc-metro/rg-024/581208/2020-03/581208-omaha-006/581208-omaha-006-054.JPG	https://s3.amazonaws.com/NARAprodstorage/lz/dc-metro/rg-024/581208/2020-03/581208-omaha-006/581208-omaha-006-054.JPG	 					n3/4w	169	181	2	30.28	68	65	62	64		bc	cum nim	7				
1873-11-13	7	-23.14	-71.23	351.56		3.4		https://s3.amazonaws.com/NARAprodstorage/lz/dc-metro/rg-024/581208/2020-03/581208-omaha-006/581208-omaha-006-054.JPG	https://s3.amazonaws.com/NARAprodstorage/lz/dc-metro/rg-024/581208/2020-03/581208-omaha-006/581208-omaha-006-054.JPG	 					n3/4w	135	147	5	30.28	68	65	62	64		bc	cum nim	8				
1873-11-13	8	-23.07	-71.24	351.56		3.4		https://s3.amazonaws.com/NARAprodstorage/lz/dc-metro/rg-024/581208/2020-03/581208-omaha-006/581208-omaha-006-054.JPG	https://s3.amazonaws.com/NARAprodstorage/lz/dc-metro/rg-024/581208/2020-03/581208-omaha-006/581208-omaha-006-054.JPG	 					n3/4w	135	147	5	30.28	68	67	64	64		bc	cum nim	6				
1873-11-13	9	-23.01	-71.23	5.62		3.2		https://s3.amazonaws.com/NARAprodstorage/lz/dc-metro/rg-024/581208/2020-03/581208-omaha-006/581208-omaha-006-054.JPG	https://s3.amazonaws.com/NARAprodstorage/lz/dc-metro/rg-024/581208/2020-03/581208-omaha-006/581208-omaha-006-054.JPG	 					n1/2e	112	124	5	30.28	68	67	64	64		bc	cir cum str	6				
1873-11-13	10	-22.96	-71.22	5.62		3		https://s3.amazonaws.com/NARAprodstorage/lz/dc-metro/rg-024/581208/2020-03/581208-omaha-006/581208-omaha-006-054.JPG	https://s3.amazonaws.com/NARAprodstorage/lz/dc-metro/rg-024/581208/2020-03/581208-omaha-006/581208-omaha-006-054.JPG	1030: cc N1/4W.					n1/2e	112	124	5	30.28	70	69	65	65		bc	cir cum str	9				
1873-11-13	11	-22.91	-71.22	1		2.8		https://s3.amazonaws.com/NARAprodstorage/lz/dc-metro/rg-024/581208/2020-03/581208-omaha-006/581208-omaha-006-054.JPG	https://s3.amazonaws.com/NARAprodstorage/lz/dc-metro/rg-024/581208/2020-03/581208-omaha-006/581208-omaha-006-054.JPG	 					n1/4w	169	181	5	30.26	70	71	66	66		bc	cir cum str	9				
1873-11-13	12	-22.85	-71.22	357.19		3		https://s3.amazonaws.com/NARAprodstorage/lz/dc-metro/rg-024/581208/2020-03/581208-omaha-006/581208-omaha-006-054.JPG	https://s3.amazonaws.com/NARAprodstorage/lz/dc-metro/rg-024/581208/2020-03/581208-omaha-006/581208-omaha-006-054.JPG	Noon: cc N.			22 51S	71 13W	n1/4w	180	192	5	30.26	70	71	66	66		bc	cir cum	9				
1873-11-13	13	-22.79	-71.21	360		3.4		https://s3.amazonaws.com/NARAprodstorage/lz/dc-metro/rg-024/581208/2020-03/581208-omaha-006/581208-omaha-006-054.JPG	https://s3.amazonaws.com/NARAprodstorage/lz/dc-metro/rg-024/581208/2020-03/581208-omaha-006/581208-omaha-006-054.JPG	 					n	180	192	5	30.28	71	72	67	66		bc	cim	9				
1873-11-13	14	-22.72	-71.21	360		3.6		https://s3.amazonaws.com/NARAprodstorage/lz/dc-metro/rg-024/581208/2020-03/581208-omaha-006/581208-omaha-006-054.JPG	https://s3.amazonaws.com/NARAprodstorage/lz/dc-metro/rg-024/581208/2020-03/581208-omaha-006/581208-omaha-006-054.JPG	 					n	180	192	5	30.28	71	72	68	67		bc	cim	9				
1873-11-13	15	-22.64	-71.2	360		4.2		https://s3.amazonaws.com/NARAprodstorage/lz/dc-metro/rg-024/581208/2020-03/581208-omaha-006/581208-omaha-006-054.JPG	https://s3.amazonaws.com/NARAprodstorage/lz/dc-metro/rg-024/581208/2020-03/581208-omaha-006/581208-omaha-006-054.JPG	 					n	180	192	8	30.26	70	71	68	67		bc	cim	9				
1873-11-13	16	-22.56	-71.19	360		4.4		https://s3.amazonaws.com/NARAprodstorage/lz/dc-metro/rg-024/581208/2020-03/581208-omaha-006/581208-omaha-006-054.JPG	https://s3.amazonaws.com/NARAprodstorage/lz/dc-metro/rg-024/581208/2020-03/581208-omaha-006/581208-omaha-006-054.JPG	 					n	180	192	8	30.24	70	71	68	67		bc	cim	9				
1873-11-13	17	-22.46	-71.18	360		5.4		https://s3.amazonaws.com/NARAprodstorage/lz/dc-metro/rg-024/581208/2020-03/581208-omaha-006/581208-omaha-006-054.JPG	https://s3.amazonaws.com/NARAprodstorage/lz/dc-metro/rg-024/581208/2020-03/581208-omaha-006/581208-omaha-006-054.JPG	 					n	191	203	8	30.24	70	71	68	67		bc	cim	9				
1873-11-13	18	-22.35	-71.16	360		6		https://s3.amazonaws.com/NARAprodstorage/lz/dc-metro/rg-024/581208/2020-03/581208-omaha-006/581208-omaha-006-054.JPG	https://s3.amazonaws.com/NARAprodstorage/lz/dc-metro/rg-024/581208/2020-03/581208-omaha-006/581208-omaha-006-054.JPG	 					n	191	203	8	30.24	70	71	68	67		bc	cim	9				
1873-11-13	19	-22.26	-71.15	360		5		https://s3.amazonaws.com/NARAprodstorage/lz/dc-metro/rg-024/581208/2020-03/581208-omaha-006/581208-omaha-006-054.JPG	https://s3.amazonaws.com/NARAprodstorage/lz/dc-metro/rg-024/581208/2020-03/581208-omaha-006/581208-omaha-006-054.JPG	 					n	180	192	8	30.3	73	68	65	68		bc	cim	9				
1873-11-13	20	-22.18	-71.14	360		4.4		https://s3.amazonaws.com/NARAprodstorage/lz/dc-metro/rg-024/581208/2020-03/581208-omaha-006/581208-omaha-006-054.JPG	https://s3.amazonaws.com/NARAprodstorage/lz/dc-metro/rg-024/581208/2020-03/581208-omaha-006/581208-omaha-006-054.JPG	 					n	180	192	8	30.31	72	67	65	68		bc	cim	9				
1873-11-13	21	-22.1	-71.13	360		4		https://s3.amazonaws.com/NARAprodstorage/lz/dc-metro/rg-024/581208/2020-03/581208-omaha-006/581208-omaha-006-054.JPG	https://s3.amazonaws.com/NARAprodstorage/lz/dc-metro/rg-024/581208/2020-03/581208-omaha-006/581208-omaha-006-054.JPG	 					n	180	192	13	30.32	72	67	65	66		bc	cir cum nim	7				
1873-11-13	22	-22.03	-71.13	360		3.6		https://s3.amazonaws.com/NARAprodstorage/lz/dc-metro/rg-024/581208/2020-03/581208-omaha-006/581208-omaha-006-054.JPG	https://s3.amazonaws.com/NARAprodstorage/lz/dc-metro/rg-024/581208/2020-03/581208-omaha-006/581208-omaha-006-054.JPG	 					n	180	192	5	30.32	72	67	65	66		bc	cir cum nim	6				
1873-11-13	23	-21.96	-71.12	360		4		https://s3.amazonaws.com/NARAprodstorage/lz/dc-metro/rg-024/581208/2020-03/581208-omaha-006/581208-omaha-006-054.JPG	https://s3.amazonaws.com/NARAprodstorage/lz/dc-metro/rg-024/581208/2020-03/581208-omaha-006/581208-omaha-006-054.JPG	 					n	180	192	5	30.32	72	67	65	66		oc	cir cum nim	0				
1873-11-13	24	-21.89	-71.12	360		3.6		https://s3.amazonaws.com/NARAprodstorage/lz/dc-metro/rg-024/581208/2020-03/581208-omaha-006/581208-omaha-006-054.JPG	https://s3.amazonaws.com/NARAprodstorage/lz/dc-metro/rg-024/581208/2020-03/581208-omaha-006/581208-omaha-006-054.JPG	 					n	180	192	5	30.32	72	67	65	66		oc	cir cum nim	0				
1873-11-14	1	-21.83	-71.11	360		3.2		https://s3.amazonaws.com/NARAprodstorage/lz/dc-metro/rg-024/581208/2020-03/581208-omaha-006/581208-omaha-006-055.JPG	https://s3.amazonaws.com/NARAprodstorage/lz/dc-metro/rg-024/581208/2020-03/581208-omaha-006/581208-omaha-006-055.JPG	 					n	225	237	2	30.29	70	66	63	66		bc	cum nimn	2				
1873-11-14	2	-21.78	-71.11	360		2.4		https://s3.amazonaws.com/NARAprodstorage/lz/dc-metro/rg-024/581208/2020-03/581208-omaha-006/581208-omaha-006-055.JPG	https://s3.amazonaws.com/NARAprodstorage/lz/dc-metro/rg-024/581208/2020-03/581208-omaha-006/581208-omaha-006-055.JPG	 					n	225	237	2	30.29	70	66	63	66		bc	cum nimn	2				
1873-11-14	3	-21.72	-71.11	360		3		https://s3.amazonaws.com/NARAprodstorage/lz/dc-metro/rg-024/581208/2020-03/581208-omaha-006/581208-omaha-006-055.JPG	https://s3.amazonaws.com/NARAprodstorage/lz/dc-metro/rg-024/581208/2020-03/581208-omaha-006/581208-omaha-006-055.JPG	 					n	225	237	2	30.24	64	66	62	66		oc	cum nimn	0				
1873-11-14	4	-21.67	-71.1	360		2.6		https://s3.amazonaws.com/NARAprodstorage/lz/dc-metro/rg-024/581208/2020-03/581208-omaha-006/581208-omaha-006-055.JPG	https://s3.amazonaws.com/NARAprodstorage/lz/dc-metro/rg-024/581208/2020-03/581208-omaha-006/581208-omaha-006-055.JPG	 					n	225	237	2	30.24	64	66	62	66		oc	cum nimn	0				
1873-11-14	5	-21.62	-71.1	360		2.4		https://s3.amazonaws.com/NARAprodstorage/lz/dc-metro/rg-024/581208/2020-03/581208-omaha-006/581208-omaha-006-055.JPG	https://s3.amazonaws.com/NARAprodstorage/lz/dc-metro/rg-024/581208/2020-03/581208-omaha-006/581208-omaha-006-055.JPG	 					n	202	214	3	30.24	64	66	62	66		oc	cum nimn	3				
1873-11-14	6	-21.57	-71.1	360		2.4		https://s3.amazonaws.com/NARAprodstorage/lz/dc-metro/rg-024/581208/2020-03/581208-omaha-006/581208-omaha-006-055.JPG	https://s3.amazonaws.com/NARAprodstorage/lz/dc-metro/rg-024/581208/2020-03/581208-omaha-006/581208-omaha-006-055.JPG	 					n	180	192	3	30.28	70	67	63	66		bc	cum nimn	3				
1873-11-14	7	-21.51	-71.1	360		3		https://s3.amazonaws.com/NARAprodstorage/lz/dc-metro/rg-024/581208/2020-03/581208-omaha-006/581208-omaha-006-055.JPG	https://s3.amazonaws.com/NARAprodstorage/lz/dc-metro/rg-024/581208/2020-03/581208-omaha-006/581208-omaha-006-055.JPG	 					n	180	192	3	30.29	70	67	63	66		bc	cum nimn	4				
1873-11-14	8	-21.45	-71.09	360		3.4		https://s3.amazonaws.com/NARAprodstorage/lz/dc-metro/rg-024/581208/2020-03/581208-omaha-006/581208-omaha-006-055.JPG	https://s3.amazonaws.com/NARAprodstorage/lz/dc-metro/rg-024/581208/2020-03/581208-omaha-006/581208-omaha-006-055.JPG	 					n	191	203	3	30.29	70	67	63	66		bc	cum nimn	4				
1873-11-14	9	-21.38	-71.09	360		3.4		https://s3.amazonaws.com/NARAprodstorage/lz/dc-metro/rg-024/581208/2020-03/581208-omaha-006/581208-omaha-006-055.JPG	https://s3.amazonaws.com/NARAprodstorage/lz/dc-metro/rg-024/581208/2020-03/581208-omaha-006/581208-omaha-006-055.JPG	 					n	191	203	3	30.29	70	67	65	66		bc	cum nimn	4				
1873-11-14	10	-21.31	-71.08	360		4		https://s3.amazonaws.com/NARAprodstorage/lz/dc-metro/rg-024/581208/2020-03/581208-omaha-006/581208-omaha-006-055.JPG	https://s3.amazonaws.com/NARAprodstorage/lz/dc-metro/rg-024/581208/2020-03/581208-omaha-006/581208-omaha-006-055.JPG	 					n	191	203	3	30.29	70	67	65	66		bc	cum nimn	4				
1873-11-14	11	-21.25	-71.08	360		3		https://s3.amazonaws.com/NARAprodstorage/lz/dc-metro/rg-024/581208/2020-03/581208-omaha-006/581208-omaha-006-055.JPG	https://s3.amazonaws.com/NARAprodstorage/lz/dc-metro/rg-024/581208/2020-03/581208-omaha-006/581208-omaha-006-055.JPG	 					n	191	203	3	30.29	70	67	65	66		bc	cum nimn	6				
1873-11-14	12	-21.17	-71.07	360		4.4		https://s3.amazonaws.com/NARAprodstorage/lz/dc-metro/rg-024/581208/2020-03/581208-omaha-006/581208-omaha-006-055.JPG	https://s3.amazonaws.com/NARAprodstorage/lz/dc-metro/rg-024/581208/2020-03/581208-omaha-006/581208-omaha-006-055.JPG	Noon: cc N1/4E.			21 10S	71 4W	n	191	203	3	30.29	72	70	69	66		bc	cum nimn	7				
1873-11-14	13	-21.09	-71.05	2.81		4.4		https://s3.amazonaws.com/NARAprodstorage/lz/dc-metro/rg-024/581208/2020-03/581208-omaha-006/581208-omaha-006-055.JPG	https://s3.amazonaws.com/NARAprodstorage/lz/dc-metro/rg-024/581208/2020-03/581208-omaha-006/581208-omaha-006-055.JPG	 					n1/4e	191	203	8	30.24	72	70	64	66		bc	cum	2				
1873-11-14	14	-21.03	-71.04	2.81		4		https://s3.amazonaws.com/NARAprodstorage/lz/dc-metro/rg-024/581208/2020-03/581208-omaha-006/581208-omaha-006-055.JPG	https://s3.amazonaws.com/NARAprodstorage/lz/dc-metro/rg-024/581208/2020-03/581208-omaha-006/581208-omaha-006-055.JPG	 					n1/4e	191	203	5	30.24	72	70	64	66		oc	cum	0				
1873-11-14	15	-20.96	-71.03	2.81		4		https://s3.amazonaws.com/NARAprodstorage/lz/dc-metro/rg-024/581208/2020-03/581208-omaha-006/581208-omaha-006-055.JPG	https://s3.amazonaws.com/NARAprodstorage/lz/dc-metro/rg-024/581208/2020-03/581208-omaha-006/581208-omaha-006-055.JPG	 					n1/4e	191	203	5	30.21	72	69	64	66		oc	cum	0				
1873-11-14	16	-20.89	-71.02	2.81		4		https://s3.amazonaws.com/NARAprodstorage/lz/dc-metro/rg-024/581208/2020-03/581208-omaha-006/581208-omaha-006-055.JPG	https://s3.amazonaws.com/NARAprodstorage/lz/dc-metro/rg-024/581208/2020-03/581208-omaha-006/581208-omaha-006-055.JPG	 					n1/4e	191	203	5	30.21	72	69	64	66		oc	cum	0				
1873-11-14	17	-20.84	-71.01	2.81		3.4		https://s3.amazonaws.com/NARAprodstorage/lz/dc-metro/rg-024/581208/2020-03/581208-omaha-006/581208-omaha-006-055.JPG	https://s3.amazonaws.com/NARAprodstorage/lz/dc-metro/rg-024/581208/2020-03/581208-omaha-006/581208-omaha-006-055.JPG	 					n1/4e	191	203	5	30.22	69	69	65	66		oc	cum	0				
1873-11-14	18	-20.77	-71	2.81		3.6		https://s3.amazonaws.com/NARAprodstorage/lz/dc-metro/rg-024/581208/2020-03/581208-omaha-006/581208-omaha-006-055.JPG	https://s3.amazonaws.com/NARAprodstorage/lz/dc-metro/rg-024/581208/2020-03/581208-omaha-006/581208-omaha-006-055.JPG	 					n1/4e	191	203	5	30.22	69	69	65	66		oc	cum	0				
1873-11-14	19	-20.73	-71	2.81		2.4		https://s3.amazonaws.com/NARAprodstorage/lz/dc-metro/rg-024/581208/2020-03/581208-omaha-006/581208-omaha-006-055.JPG	https://s3.amazonaws.com/NARAprodstorage/lz/dc-metro/rg-024/581208/2020-03/581208-omaha-006/581208-omaha-006-055.JPG	 					n1/4e	191	203	5	30.24	70	68	64	65		oc	cum nim	0				
1873-11-14	20	-20.69	-71	2.81		2.4		https://s3.amazonaws.com/NARAprodstorage/lz/dc-metro/rg-024/581208/2020-03/581208-omaha-006/581208-omaha-006-055.JPG	https://s3.amazonaws.com/NARAprodstorage/lz/dc-metro/rg-024/581208/2020-03/581208-omaha-006/581208-omaha-006-055.JPG	 					n1/4e	191	203	3	30.26	70	68	64	65		oc	cum nim	0				
1873-11-14	21	-20.67	-71	2.81		1.4		https://s3.amazonaws.com/NARAprodstorage/lz/dc-metro/rg-024/581208/2020-03/581208-omaha-006/581208-omaha-006-055.JPG	https://s3.amazonaws.com/NARAprodstorage/lz/dc-metro/rg-024/581208/2020-03/581208-omaha-006/581208-omaha-006-055.JPG	 					n1/4e	191	203	2	30.3	71	68	64	65		ocf	nimb	0				
1873-11-14	22	-20.63	-70.99	2.81		2		https://s3.amazonaws.com/NARAprodstorage/lz/dc-metro/rg-024/581208/2020-03/581208-omaha-006/581208-omaha-006-055.JPG	https://s3.amazonaws.com/NARAprodstorage/lz/dc-metro/rg-024/581208/2020-03/581208-omaha-006/581208-omaha-006-055.JPG	 					n1/4e	112	124	2	30.3	72	70	65	68		ocf	nimb	0				
1873-11-14	23	-20.61	-70.99	5.62		1.4		https://s3.amazonaws.com/NARAprodstorage/lz/dc-metro/rg-024/581208/2020-03/581208-omaha-006/581208-omaha-006-055.JPG	https://s3.amazonaws.com/NARAprodstorage/lz/dc-metro/rg-024/581208/2020-03/581208-omaha-006/581208-omaha-006-055.JPG	 					n1/2e	90	102	1	30.3	72	69	65	68		ocf	nimb	0				
1873-11-14	24	-20.58	-70.99	5.62		1.4		https://s3.amazonaws.com/NARAprodstorage/lz/dc-metro/rg-024/581208/2020-03/581208-omaha-006/581208-omaha-006-055.JPG	https://s3.amazonaws.com/NARAprodstorage/lz/dc-metro/rg-024/581208/2020-03/581208-omaha-006/581208-omaha-006-055.JPG	 					n1/2e	90	102	1	30.28	71	69	66	68		ocf	nimb	0				
1873-11-15	1	-20.57	-71	360		0.4		https://s3.amazonaws.com/NARAprodstorage/lz/dc-metro/rg-024/581208/2020-03/581208-omaha-006/581208-omaha-006-056.JPG	https://s3.amazonaws.com/NARAprodstorage/lz/dc-metro/rg-024/581208/2020-03/581208-omaha-006/581208-omaha-006-056.JPG	 					n	888	888	1	30.24	72	68	65	68		ocm	cum nim	0				
1873-11-15	2	-20.56	-71	5.62		1		https://s3.amazonaws.com/NARAprodstorage/lz/dc-metro/rg-024/581208/2020-03/581208-omaha-006/581208-omaha-006-056.JPG	https://s3.amazonaws.com/NARAprodstorage/lz/dc-metro/rg-024/581208/2020-03/581208-omaha-006/581208-omaha-006-056.JPG	 					n1/2e	888	888	1	30.24	72	67	65	68		ocm	cum nim	0				
1873-11-15	3	-20.54	-71	5.62		0.6		https://s3.amazonaws.com/NARAprodstorage/lz/dc-metro/rg-024/581208/2020-03/581208-omaha-006/581208-omaha-006-056.JPG	https://s3.amazonaws.com/NARAprodstorage/lz/dc-metro/rg-024/581208/2020-03/581208-omaha-006/581208-omaha-006-056.JPG	 					n1/2e	888	888	1	30.23	72	67	65	68		ocr	cum nim	0				
1873-11-15	4	-20.54	-71	5.62		0.4		https://s3.amazonaws.com/NARAprodstorage/lz/dc-metro/rg-024/581208/2020-03/581208-omaha-006/581208-omaha-006-056.JPG	https://s3.amazonaws.com/NARAprodstorage/lz/dc-metro/rg-024/581208/2020-03/581208-omaha-006/581208-omaha-006-056.JPG	 					n1/2e	888	888	1	30.23	72	67	65	68		ocm	cum nim	0				
1873-11-15	5	-20.5	-71	5.62		2		https://s3.amazonaws.com/NARAprodstorage/lz/dc-metro/rg-024/581208/2020-03/581208-omaha-006/581208-omaha-006-056.JPG	https://s3.amazonaws.com/NARAprodstorage/lz/dc-metro/rg-024/581208/2020-03/581208-omaha-006/581208-omaha-006-056.JPG	 					n1/2e	158	170	2	30.23	72	67	65	68		oc	cum nim	0				
1873-11-15	6	-20.48	-71	5.62		1.4		https://s3.amazonaws.com/NARAprodstorage/lz/dc-metro/rg-024/581208/2020-03/581208-omaha-006/581208-omaha-006-056.JPG	https://s3.amazonaws.com/NARAprodstorage/lz/dc-metro/rg-024/581208/2020-03/581208-omaha-006/581208-omaha-006-056.JPG	 					n1/2e	158	170	2	30.23	72	67	65	68		oc	cum nim	0				
1873-11-15	7	-20.43	-70.99	5.62		3		https://s3.amazonaws.com/NARAprodstorage/lz/dc-metro/rg-024/581208/2020-03/581208-omaha-006/581208-omaha-006-056.JPG	https://s3.amazonaws.com/NARAprodstorage/lz/dc-metro/rg-024/581208/2020-03/581208-omaha-006/581208-omaha-006-056.JPG	 					n1/2e	158	170	5	30.23	72	67	65	68		oc	cum nim	0				
1873-11-15	8	-20.37	-70.98	5.62		3.6		https://s3.amazonaws.com/NARAprodstorage/lz/dc-metro/rg-024/581208/2020-03/581208-omaha-006/581208-omaha-006-056.JPG	https://s3.amazonaws.com/NARAprodstorage/lz/dc-metro/rg-024/581208/2020-03/581208-omaha-006/581208-omaha-006-056.JPG	 					n1/2e	169	181	5	30.24	71	69	65	68		oc	cum nim	0				
1873-11-15	9	-20.32	-70.97	5.62		3		https://s3.amazonaws.com/NARAprodstorage/lz/dc-metro/rg-024/581208/2020-03/581208-omaha-006/581208-omaha-006-056.JPG	https://s3.amazonaws.com/NARAprodstorage/lz/dc-metro/rg-024/581208/2020-03/581208-omaha-006/581208-omaha-006-056.JPG	 					n1/2e	169	181	5	30.24	71	69	65	68		oc	cum nim	0				
1873-11-15	10	-20.26	-70.95	5.62		3.6		https://s3.amazonaws.com/NARAprodstorage/lz/dc-metro/rg-024/581208/2020-03/581208-omaha-006/581208-omaha-006-056.JPG	https://s3.amazonaws.com/NARAprodstorage/lz/dc-metro/rg-024/581208/2020-03/581208-omaha-006/581208-omaha-006-056.JPG	 					n1/2e	169	181	5	30.24	71	68	65	68		oc	cum nim	0				
1873-11-15	11	-20.2	-70.94	5.62		3.4		https://s3.amazonaws.com/NARAprodstorage/lz/dc-metro/rg-024/581208/2020-03/581208-omaha-006/581208-omaha-006-056.JPG	https://s3.amazonaws.com/NARAprodstorage/lz/dc-metro/rg-024/581208/2020-03/581208-omaha-006/581208-omaha-006-056.JPG	 					n1/2e	169	181	5	30.24	72	68	65	68		oc	cum nim	0				
1873-11-15	12	-20.15	-70.93	5.62		3		https://s3.amazonaws.com/NARAprodstorage/lz/dc-metro/rg-024/581208/2020-03/581208-omaha-006/581208-omaha-006-056.JPG	https://s3.amazonaws.com/NARAprodstorage/lz/dc-metro/rg-024/581208/2020-03/581208-omaha-006/581208-omaha-006-056.JPG	 			20 9S	70 56W	n1/2e	169	181	5	30.24	72	68	65	68		oc	cum nim	0				
1873-11-15	13	-20.09	-70.92	5.62		3		https://s3.amazonaws.com/NARAprodstorage/lz/dc-metro/rg-024/581208/2020-03/581208-omaha-006/581208-omaha-006-056.JPG	https://s3.amazonaws.com/NARAprodstorage/lz/dc-metro/rg-024/581208/2020-03/581208-omaha-006/581208-omaha-006-056.JPG	 					n1/2e	180	192	5	30.25	72	69	65	68		oc	cum nim	0				
1873-11-15	14	-20.03	-70.91	5.62		3.4		https://s3.amazonaws.com/NARAprodstorage/lz/dc-metro/rg-024/581208/2020-03/581208-omaha-006/581208-omaha-006-056.JPG	https://s3.amazonaws.com/NARAprodstorage/lz/dc-metro/rg-024/581208/2020-03/581208-omaha-006/581208-omaha-006-056.JPG	 					n1/2e	158	170	5	30.25	72	69	65	68		oc	cum nim	0				
1873-11-15	15	-19.99	-70.9	5.62		2.2		https://s3.amazonaws.com/NARAprodstorage/lz/dc-metro/rg-024/581208/2020-03/581208-omaha-006/581208-omaha-006-056.JPG	https://s3.amazonaws.com/NARAprodstorage/lz/dc-metro/rg-024/581208/2020-03/581208-omaha-006/581208-omaha-006-056.JPG	 					n1/2e	169	181	1	30.25	72	69	65	68		oc	cum nim	0				
1873-11-15	16	-19.96	-70.89	5.62		1.4		https://s3.amazonaws.com/NARAprodstorage/lz/dc-metro/rg-024/581208/2020-03/581208-omaha-006/581208-omaha-006-056.JPG	https://s3.amazonaws.com/NARAprodstorage/lz/dc-metro/rg-024/581208/2020-03/581208-omaha-006/581208-omaha-006-056.JPG	 					n1/2e	169	181	1	30.25	72	69	65	68		oc	cum nim	0				
1873-11-15	17	-19.93	-70.89	5.62		1		https://s3.amazonaws.com/NARAprodstorage/lz/dc-metro/rg-024/581208/2020-03/581208-omaha-006/581208-omaha-006-056.JPG	https://s3.amazonaws.com/NARAprodstorage/lz/dc-metro/rg-024/581208/2020-03/581208-omaha-006/581208-omaha-006-056.JPG	 					n1/2e	888	888	1	30.25	72	69	65	68		oc	cum nim	0				
1873-11-15	18	-19.92	-70.89	5.62		0.4		https://s3.amazonaws.com/NARAprodstorage/lz/dc-metro/rg-024/581208/2020-03/581208-omaha-006/581208-omaha-006-056.JPG	https://s3.amazonaws.com/NARAprodstorage/lz/dc-metro/rg-024/581208/2020-03/581208-omaha-006/581208-omaha-006-056.JPG	 					n1/2e	90	102	1	30.25	72	69	65	68		oc	cum nim	0				
1873-11-15	19	-19.9	-70.9	348.75		0.4		https://s3.amazonaws.com/NARAprodstorage/lz/dc-metro/rg-024/581208/2020-03/581208-omaha-006/581208-omaha-006-056.JPG	https://s3.amazonaws.com/NARAprodstorage/lz/dc-metro/rg-024/581208/2020-03/581208-omaha-006/581208-omaha-006-056.JPG	 					nxw	888	888	1	30.29	72	68	65	67		oc	cum nim	0				
1873-11-15	20	-19.88	-70.91	326.25		1.4		https://s3.amazonaws.com/NARAprodstorage/lz/dc-metro/rg-024/581208/2020-03/581208-omaha-006/581208-omaha-006-056.JPG	https://s3.amazonaws.com/NARAprodstorage/lz/dc-metro/rg-024/581208/2020-03/581208-omaha-006/581208-omaha-006-056.JPG	 					nwxn	45	57	2	30.29	72	68	65	67		oc	cum nim	0				
1873-11-15	21	-19.84	-70.91	354.38		1.6		https://s3.amazonaws.com/NARAprodstorage/lz/dc-metro/rg-024/581208/2020-03/581208-omaha-006/581208-omaha-006-056.JPG	https://s3.amazonaws.com/NARAprodstorage/lz/dc-metro/rg-024/581208/2020-03/581208-omaha-006/581208-omaha-006-056.JPG	 					n1/2w	68	80	2	30.33	71	67	65	67		ocf	cum nim	0				
1873-11-15	22	-19.81	-70.9	5.62		1.4		https://s3.amazonaws.com/NARAprodstorage/lz/dc-metro/rg-024/581208/2020-03/581208-omaha-006/581208-omaha-006-056.JPG	https://s3.amazonaws.com/NARAprodstorage/lz/dc-metro/rg-024/581208/2020-03/581208-omaha-006/581208-omaha-006-056.JPG	 					n1/2e	79	91	2	30.33	71	67	65	67		ocf	cum nim	0				
1873-11-15	23	-19.79	-70.9	5.62		1		https://s3.amazonaws.com/NARAprodstorage/lz/dc-metro/rg-024/581208/2020-03/581208-omaha-006/581208-omaha-006-056.JPG	https://s3.amazonaws.com/NARAprodstorage/lz/dc-metro/rg-024/581208/2020-03/581208-omaha-006/581208-omaha-006-056.JPG	 					n1/2e	79	91	1	30.33	71	67	65	67		ocf	cum nim	0				
1873-11-15	24	-19.77	-70.9	5.62		0.4		https://s3.amazonaws.com/NARAprodstorage/lz/dc-metro/rg-024/581208/2020-03/581208-omaha-006/581208-omaha-006-056.JPG	https://s3.amazonaws.com/NARAprodstorage/lz/dc-metro/rg-024/581208/2020-03/581208-omaha-006/581208-omaha-006-056.JPG	 					n1/2e	79	91	1	30.33	70	67	65	67		ocfr	cum nim	0				
1873-11-16	1	-19.73	-70.89	5.62		2		https://s3.amazonaws.com/NARAprodstorage/lz/dc-metro/rg-024/581208/2020-03/581208-omaha-006/581208-omaha-006-057.JPG	https://s3.amazonaws.com/NARAprodstorage/lz/dc-metro/rg-024/581208/2020-03/581208-omaha-006/581208-omaha-006-057.JPG	 					n1/2e	79	91	2	30.33	70	67	64	67		oc	cir cum	0				
1873-11-16	2	-19.68	-70.88	5.62		3		https://s3.amazonaws.com/NARAprodstorage/lz/dc-metro/rg-024/581208/2020-03/581208-omaha-006/581208-omaha-006-057.JPG	https://s3.amazonaws.com/NARAprodstorage/lz/dc-metro/rg-024/581208/2020-03/581208-omaha-006/581208-omaha-006-057.JPG	 					n1/2e	79	91	5	30.26	70	66	63	67		oc	cir cum	0				
1873-11-16	3	-19.63	-70.87	5.62		2.4		https://s3.amazonaws.com/NARAprodstorage/lz/dc-metro/rg-024/581208/2020-03/581208-omaha-006/581208-omaha-006-057.JPG	https://s3.amazonaws.com/NARAprodstorage/lz/dc-metro/rg-024/581208/2020-03/581208-omaha-006/581208-omaha-006-057.JPG	 					n1/2e	79	91	5	30.26	70	66	63	67		oc	cir cum	0				
1873-11-16	4	-19.59	-70.87	5.62		2		https://s3.amazonaws.com/NARAprodstorage/lz/dc-metro/rg-024/581208/2020-03/581208-omaha-006/581208-omaha-006-057.JPG	https://s3.amazonaws.com/NARAprodstorage/lz/dc-metro/rg-024/581208/2020-03/581208-omaha-006/581208-omaha-006-057.JPG	 					n1/2e	79	91	5	30.26	70	65	63	67		oc	cir cum	0				
1873-11-16	5	-19.55	-70.86	5.62		2		https://s3.amazonaws.com/NARAprodstorage/lz/dc-metro/rg-024/581208/2020-03/581208-omaha-006/581208-omaha-006-057.JPG	https://s3.amazonaws.com/NARAprodstorage/lz/dc-metro/rg-024/581208/2020-03/581208-omaha-006/581208-omaha-006-057.JPG	 					n1/2e	79	91	2	30.26	70	65	63	67		oc	cir cum	0				
1873-11-16	6	-19.52	-70.85	5.62		1.4		https://s3.amazonaws.com/NARAprodstorage/lz/dc-metro/rg-024/581208/2020-03/581208-omaha-006/581208-omaha-006-057.JPG	https://s3.amazonaws.com/NARAprodstorage/lz/dc-metro/rg-024/581208/2020-03/581208-omaha-006/581208-omaha-006-057.JPG	 					n1/2e	79	91	2	30.28	71	66	64	67		oc	cir cum	0				
1873-11-16	7	-19.49	-70.85	5.62		1.2		https://s3.amazonaws.com/NARAprodstorage/lz/dc-metro/rg-024/581208/2020-03/581208-omaha-006/581208-omaha-006-057.JPG	https://s3.amazonaws.com/NARAprodstorage/lz/dc-metro/rg-024/581208/2020-03/581208-omaha-006/581208-omaha-006-057.JPG	 					n1/2e	79	91	2	30.28	71	66	64	67		oc	cir cum	0				
1873-11-16	8	-19.46	-70.85	5.62		1.4		https://s3.amazonaws.com/NARAprodstorage/lz/dc-metro/rg-024/581208/2020-03/581208-omaha-006/581208-omaha-006-057.JPG	https://s3.amazonaws.com/NARAprodstorage/lz/dc-metro/rg-024/581208/2020-03/581208-omaha-006/581208-omaha-006-057.JPG	 					n1/2e	79	91	2	30.28	71	67	64	67		oc	cir cum	0				
1873-11-16	9	-19.42	-70.84	5.62		2		https://s3.amazonaws.com/NARAprodstorage/lz/dc-metro/rg-024/581208/2020-03/581208-omaha-006/581208-omaha-006-057.JPG	https://s3.amazonaws.com/NARAprodstorage/lz/dc-metro/rg-024/581208/2020-03/581208-omaha-006/581208-omaha-006-057.JPG	 					n1/2e	79	91	2	30.3	71	67	64	67		oc	cir cum	0				
1873-11-16	10	-19.38	-70.83	5.62		2		https://s3.amazonaws.com/NARAprodstorage/lz/dc-metro/rg-024/581208/2020-03/581208-omaha-006/581208-omaha-006-057.JPG	https://s3.amazonaws.com/NARAprodstorage/lz/dc-metro/rg-024/581208/2020-03/581208-omaha-006/581208-omaha-006-057.JPG	 					n1/2e	90	102	2	30.3	71	69	64	67		oc	cir cum	0				
1873-11-16	11	-19.34	-70.82	5.62		2		https://s3.amazonaws.com/NARAprodstorage/lz/dc-metro/rg-024/581208/2020-03/581208-omaha-006/581208-omaha-006-057.JPG	https://s3.amazonaws.com/NARAprodstorage/lz/dc-metro/rg-024/581208/2020-03/581208-omaha-006/581208-omaha-006-057.JPG	 					n1/2e	90	102	2	30.3	71	70	65	67		oc	cir cum	0				
1873-11-16	12	-19.3	-70.82	5.62		2		https://s3.amazonaws.com/NARAprodstorage/lz/dc-metro/rg-024/581208/2020-03/581208-omaha-006/581208-omaha-006-057.JPG	https://s3.amazonaws.com/NARAprodstorage/lz/dc-metro/rg-024/581208/2020-03/581208-omaha-006/581208-omaha-006-057.JPG	 			19 18S	70 49W	n1/2e	90	102	2	30.3	71	70	65	67		oc	cir cum	0				
1873-11-16	13	-19.26	-70.81	5.62		2		https://s3.amazonaws.com/NARAprodstorage/lz/dc-metro/rg-024/581208/2020-03/581208-omaha-006/581208-omaha-006-057.JPG	https://s3.amazonaws.com/NARAprodstorage/lz/dc-metro/rg-024/581208/2020-03/581208-omaha-006/581208-omaha-006-057.JPG	 					n1/2e	90	102	3	30.27	72	70	65	67		bc	cum nim	2				
1873-11-16	14	-19.23	-70.81	5.62		1.2		https://s3.amazonaws.com/NARAprodstorage/lz/dc-metro/rg-024/581208/2020-03/581208-omaha-006/581208-omaha-006-057.JPG	https://s3.amazonaws.com/NARAprodstorage/lz/dc-metro/rg-024/581208/2020-03/581208-omaha-006/581208-omaha-006-057.JPG	 					n1/2e	90	102	3	30.27	72	71	65	67		bc	cum nim	2				
1873-11-16	15	-19.2	-70.8	5.62		1.6		https://s3.amazonaws.com/NARAprodstorage/lz/dc-metro/rg-024/581208/2020-03/581208-omaha-006/581208-omaha-006-057.JPG	https://s3.amazonaws.com/NARAprodstorage/lz/dc-metro/rg-024/581208/2020-03/581208-omaha-006/581208-omaha-006-057.JPG	 					n1/2e	180	192	3	30.25	72	72	66	67		bc	cum nim	4				
1873-11-16	16	-19.16	-70.8	5.62		1.6		https://s3.amazonaws.com/NARAprodstorage/lz/dc-metro/rg-024/581208/2020-03/581208-omaha-006/581208-omaha-006-057.JPG	https://s3.amazonaws.com/NARAprodstorage/lz/dc-metro/rg-024/581208/2020-03/581208-omaha-006/581208-omaha-006-057.JPG	 					n1/2e	180	192	3	30.25	72	72	66	67		bc	cum nim	6				
1873-11-16	17	-19.12	-70.79	5.62		2		https://s3.amazonaws.com/NARAprodstorage/lz/dc-metro/rg-024/581208/2020-03/581208-omaha-006/581208-omaha-006-057.JPG	https://s3.amazonaws.com/NARAprodstorage/lz/dc-metro/rg-024/581208/2020-03/581208-omaha-006/581208-omaha-006-057.JPG	 					n1/2e	180	192	2	30.25	72	72	66	67		bc	cum nim	6				
1873-11-16	18	-19.08	-70.79	5.62		2		https://s3.amazonaws.com/NARAprodstorage/lz/dc-metro/rg-024/581208/2020-03/581208-omaha-006/581208-omaha-006-057.JPG	https://s3.amazonaws.com/NARAprodstorage/lz/dc-metro/rg-024/581208/2020-03/581208-omaha-006/581208-omaha-006-057.JPG	 					n1/2e	180	192	2	30.25	72	72	66	67		bc	cum nim	6				
1873-11-16	19	-19.06	-70.79	11.25		2		https://s3.amazonaws.com/NARAprodstorage/lz/dc-metro/rg-024/581208/2020-03/581208-omaha-006/581208-omaha-006-057.JPG	https://s3.amazonaws.com/NARAprodstorage/lz/dc-metro/rg-024/581208/2020-03/581208-omaha-006/581208-omaha-006-057.JPG	 					nxe	180	192	2	30.3	71	70	67	69		bc	cum nim	5				
1873-11-16	20	-19.01	-70.77	11.25		2.6		https://s3.amazonaws.com/NARAprodstorage/lz/dc-metro/rg-024/581208/2020-03/581208-omaha-006/581208-omaha-006-057.JPG	https://s3.amazonaws.com/NARAprodstorage/lz/dc-metro/rg-024/581208/2020-03/581208-omaha-006/581208-omaha-006-057.JPG	 					nxe	180	192	2	30.3	71	70	67	69		bc	cum nim	5				
1873-11-16	21	-18.96	-70.76	11.25		2.4		https://s3.amazonaws.com/NARAprodstorage/lz/dc-metro/rg-024/581208/2020-03/581208-omaha-006/581208-omaha-006-057.JPG	https://s3.amazonaws.com/NARAprodstorage/lz/dc-metro/rg-024/581208/2020-03/581208-omaha-006/581208-omaha-006-057.JPG	 					nxe	135	147	2	30.34	71	70	65	68		bc	cum nim	3				
1873-11-16	22	-18.91	-70.74	11.25		3		https://s3.amazonaws.com/NARAprodstorage/lz/dc-metro/rg-024/581208/2020-03/581208-omaha-006/581208-omaha-006-057.JPG	https://s3.amazonaws.com/NARAprodstorage/lz/dc-metro/rg-024/581208/2020-03/581208-omaha-006/581208-omaha-006-057.JPG	 					nxe	135	147	8	30.34	71	69	64	68		bc	cum nim	2				
1873-11-16	23	-18.84	-70.73	11.25		3.4		https://s3.amazonaws.com/NARAprodstorage/lz/dc-metro/rg-024/581208/2020-03/581208-omaha-006/581208-omaha-006-057.JPG	https://s3.amazonaws.com/NARAprodstorage/lz/dc-metro/rg-024/581208/2020-03/581208-omaha-006/581208-omaha-006-057.JPG	 					nxe	135	147	8	30.34	71	69	64	68		oc	cum nim	0				
1873-11-16	24	-18.79	-70.71	11.25		3		https://s3.amazonaws.com/NARAprodstorage/lz/dc-metro/rg-024/581208/2020-03/581208-omaha-006/581208-omaha-006-057.JPG	https://s3.amazonaws.com/NARAprodstorage/lz/dc-metro/rg-024/581208/2020-03/581208-omaha-006/581208-omaha-006-057.JPG	 					nxe	135	147	8	30.34	71	69	64	68		oc	cum nim	0				
1873-11-17	1	-18.73	-70.69	11.25		3		https://s3.amazonaws.com/NARAprodstorage/lz/dc-metro/rg-024/581208/2020-03/581208-omaha-006/581208-omaha-006-058.JPG	https://s3.amazonaws.com/NARAprodstorage/lz/dc-metro/rg-024/581208/2020-03/581208-omaha-006/581208-omaha-006-058.JPG	 					nxe	112	124	8	30.34	71	70	65	67		oc	nimbus	0				
1873-11-17	2	-18.68	-70.68	11.25		2.6		https://s3.amazonaws.com/NARAprodstorage/lz/dc-metro/rg-024/581208/2020-03/581208-omaha-006/581208-omaha-006-058.JPG	https://s3.amazonaws.com/NARAprodstorage/lz/dc-metro/rg-024/581208/2020-03/581208-omaha-006/581208-omaha-006-058.JPG	 					nxe	112	124	6	30.3	70	68	64	67		oc	nimbus	0				
1873-11-17	3	-18.63	-70.66	11.25		3.2		https://s3.amazonaws.com/NARAprodstorage/lz/dc-metro/rg-024/581208/2020-03/581208-omaha-006/581208-omaha-006-058.JPG	https://s3.amazonaws.com/NARAprodstorage/lz/dc-metro/rg-024/581208/2020-03/581208-omaha-006/581208-omaha-006-058.JPG	 					nxe	112	124	6	30.3	70	68	64	66		oc	nimbus	0				
1873-11-17	4	-18.57	-70.65	11.25		3		https://s3.amazonaws.com/NARAprodstorage/lz/dc-metro/rg-024/581208/2020-03/581208-omaha-006/581208-omaha-006-058.JPG	https://s3.amazonaws.com/NARAprodstorage/lz/dc-metro/rg-024/581208/2020-03/581208-omaha-006/581208-omaha-006-058.JPG	 					nxe	112	124	5	30.28	70	67	64	66		oc	nim cum	0				
1873-11-17	5	-18.55	-70.64	11.25		1		https://s3.amazonaws.com/NARAprodstorage/lz/dc-metro/rg-024/581208/2020-03/581208-omaha-006/581208-omaha-006-058.JPG	https://s3.amazonaws.com/NARAprodstorage/lz/dc-metro/rg-024/581208/2020-03/581208-omaha-006/581208-omaha-006-058.JPG	 					nxe	112	124	5	30.3	70	67	65	66		bcv	cum str	4				
1873-11-17	6	-18.53	-70.64	45		0.6		https://s3.amazonaws.com/NARAprodstorage/lz/dc-metro/rg-024/581208/2020-03/581208-omaha-006/581208-omaha-006-058.JPG	https://s3.amazonaws.com/NARAprodstorage/lz/dc-metro/rg-024/581208/2020-03/581208-omaha-006/581208-omaha-006-058.JPG	 					ne	135	146	3	30.32	70	67	65	66		bcv	cum str	6				
1873-11-17	7	-18.51	-70.62	45		1.4		https://s3.amazonaws.com/NARAprodstorage/lz/dc-metro/rg-024/581208/2020-03/581208-omaha-006/581208-omaha-006-058.JPG	https://s3.amazonaws.com/NARAprodstorage/lz/dc-metro/rg-024/581208/2020-03/581208-omaha-006/581208-omaha-006-058.JPG	 					ne	135	146	2	30.34	70	67	65	66		bcv	cum str	6				
1873-11-17	8	-18.49	-70.55	73.12		4.6		https://s3.amazonaws.com/NARAprodstorage/lz/dc-metro/rg-024/581208/2020-03/581208-omaha-006/581208-omaha-006-058.JPG	https://s3.amazonaws.com/NARAprodstorage/lz/dc-metro/rg-024/581208/2020-03/581208-omaha-006/581208-omaha-006-058.JPG	 					ene1/2e	135	146	2	30.34	70	67	65	66		bcv	cum str	8				
1873-11-17	9	-18.47	-70.41	73.12		8		https://s3.amazonaws.com/NARAprodstorage/lz/dc-metro/rg-024/581208/2020-03/581208-omaha-006/581208-omaha-006-058.JPG	https://s3.amazonaws.com/NARAprodstorage/lz/dc-metro/rg-024/581208/2020-03/581208-omaha-006/581208-omaha-006-058.JPG	"0945: Anchored. Brgs: West end Alcaran Is brg SSW, Maro Hill S1/4e."					ene1/2e	0	0	0	30.34	70	67	65	66		bcv	cum str	8				
1873-11-17	10	-18.46	-70.32	888		5		https://s3.amazonaws.com/NARAprodstorage/lz/dc-metro/rg-024/581208/2020-03/581208-omaha-006/581208-omaha-006-058.JPG	https://s3.amazonaws.com/NARAprodstorage/lz/dc-metro/rg-024/581208/2020-03/581208-omaha-006/581208-omaha-006-058.JPG	 						202	214	2	30.34	71	71	65	66		bcv	cum str	8				
1873-11-17	11	-18.46	-70.32			a		https://s3.amazonaws.com/NARAprodstorage/lz/dc-metro/rg-024/581208/2020-03/581208-omaha-006/581208-omaha-006-058.JPG	https://s3.amazonaws.com/NARAprodstorage/lz/dc-metro/rg-024/581208/2020-03/581208-omaha-006/581208-omaha-006-058.JPG	 						202	214	8	30.34	71	71	65	66		bcv	cum str	8				
1873-11-17	12	-18.46	-70.32			a		https://s3.amazonaws.com/NARAprodstorage/lz/dc-metro/rg-024/581208/2020-03/581208-omaha-006/581208-omaha-006-058.JPG	https://s3.amazonaws.com/NARAprodstorage/lz/dc-metro/rg-024/581208/2020-03/581208-omaha-006/581208-omaha-006-058.JPG	"Noon: Arica, Chile."						202	214	8	30.36	72	72	65	66		bcv	cum str	9				
1873-11-17	13	-18.46	-70.32			a		https://s3.amazonaws.com/NARAprodstorage/lz/dc-metro/rg-024/581208/2020-03/581208-omaha-006/581208-omaha-006-058.JPG	https://s3.amazonaws.com/NARAprodstorage/lz/dc-metro/rg-024/581208/2020-03/581208-omaha-006/581208-omaha-006-058.JPG	 						225	236	13	30.26	72	72	65			bc	cir cum	8				
1873-11-17	14	-18.46	-70.32			a		https://s3.amazonaws.com/NARAprodstorage/lz/dc-metro/rg-024/581208/2020-03/581208-omaha-006/581208-omaha-006-058.JPG	https://s3.amazonaws.com/NARAprodstorage/lz/dc-metro/rg-024/581208/2020-03/581208-omaha-006/581208-omaha-006-058.JPG	 						225	236	13	30.26	72	72	65			bc	cir cum	8				
1873-11-17	15	-18.46	-70.32			a		https://s3.amazonaws.com/NARAprodstorage/lz/dc-metro/rg-024/581208/2020-03/581208-omaha-006/581208-omaha-006-058.JPG	https://s3.amazonaws.com/NARAprodstorage/lz/dc-metro/rg-024/581208/2020-03/581208-omaha-006/581208-omaha-006-058.JPG	 						225	236	13	30.26	72	70	65			bc	cir cum	8				
1873-11-17	16	-18.46	-70.32			a		https://s3.amazonaws.com/NARAprodstorage/lz/dc-metro/rg-024/581208/2020-03/581208-omaha-006/581208-omaha-006-058.JPG	https://s3.amazonaws.com/NARAprodstorage/lz/dc-metro/rg-024/581208/2020-03/581208-omaha-006/581208-omaha-006-058.JPG	 						225	236	13	30.26	72	70	65			bc	cir cum	8				
1873-11-17	17	-18.46	-70.32			a		https://s3.amazonaws.com/NARAprodstorage/lz/dc-metro/rg-024/581208/2020-03/581208-omaha-006/581208-omaha-006-058.JPG	https://s3.amazonaws.com/NARAprodstorage/lz/dc-metro/rg-024/581208/2020-03/581208-omaha-006/581208-omaha-006-058.JPG	 						202	214	10	30.27	71	67	63			bc	cir cum	9				
1873-11-17	18	-18.46	-70.32			a		https://s3.amazonaws.com/NARAprodstorage/lz/dc-metro/rg-024/581208/2020-03/581208-omaha-006/581208-omaha-006-058.JPG	https://s3.amazonaws.com/NARAprodstorage/lz/dc-metro/rg-024/581208/2020-03/581208-omaha-006/581208-omaha-006-058.JPG	 						202	214	8	30.27	71	67	63			bc	cir cum	9				
1873-11-17	19	-18.46	-70.32			a		https://s3.amazonaws.com/NARAprodstorage/lz/dc-metro/rg-024/581208/2020-03/581208-omaha-006/581208-omaha-006-058.JPG	https://s3.amazonaws.com/NARAprodstorage/lz/dc-metro/rg-024/581208/2020-03/581208-omaha-006/581208-omaha-006-058.JPG	 						180	191	5	30.35	71	66	63			bc	cir cum	9				
1873-11-17	20	-18.46	-70.32			a		https://s3.amazonaws.com/NARAprodstorage/lz/dc-metro/rg-024/581208/2020-03/581208-omaha-006/581208-omaha-006-058.JPG	https://s3.amazonaws.com/NARAprodstorage/lz/dc-metro/rg-024/581208/2020-03/581208-omaha-006/581208-omaha-006-058.JPG	 						135	146	5	30.4	70	65	63			b	none	10				
1873-11-17	21	-18.46	-70.32			a		https://s3.amazonaws.com/NARAprodstorage/lz/dc-metro/rg-024/581208/2020-03/581208-omaha-006/581208-omaha-006-058.JPG	https://s3.amazonaws.com/NARAprodstorage/lz/dc-metro/rg-024/581208/2020-03/581208-omaha-006/581208-omaha-006-058.JPG	 						0	0	0	30.34	70	65	63			b	none	10				
1873-11-17	22	-18.46	-70.32			a		https://s3.amazonaws.com/NARAprodstorage/lz/dc-metro/rg-024/581208/2020-03/581208-omaha-006/581208-omaha-006-058.JPG	https://s3.amazonaws.com/NARAprodstorage/lz/dc-metro/rg-024/581208/2020-03/581208-omaha-006/581208-omaha-006-058.JPG	 						315	326	2	30.34	70	65	63			b	none	10				
1873-11-17	23	-18.46	-70.32			a		https://s3.amazonaws.com/NARAprodstorage/lz/dc-metro/rg-024/581208/2020-03/581208-omaha-006/581208-omaha-006-058.JPG	https://s3.amazonaws.com/NARAprodstorage/lz/dc-metro/rg-024/581208/2020-03/581208-omaha-006/581208-omaha-006-058.JPG	 						315	326	2	30.34	70	65	63			b	none	10				
1873-11-17	24	-18.46	-70.32			a		https://s3.amazonaws.com/NARAprodstorage/lz/dc-metro/rg-024/581208/2020-03/581208-omaha-006/581208-omaha-006-058.JPG	https://s3.amazonaws.com/NARAprodstorage/lz/dc-metro/rg-024/581208/2020-03/581208-omaha-006/581208-omaha-006-058.JPG	 						315	326	2	30.34	70	64	62			b	none	10				
1873-11-18	1	-18.46	-70.32			a		https://s3.amazonaws.com/NARAprodstorage/lz/dc-metro/rg-024/581208/2020-03/581208-omaha-006/581208-omaha-006-059.JPG	https://s3.amazonaws.com/NARAprodstorage/lz/dc-metro/rg-024/581208/2020-03/581208-omaha-006/581208-omaha-006-059.JPG	 						225	236	2	30.3	70	65	60			bc	cum	8				
1873-11-18	2	-18.46	-70.32			a		https://s3.amazonaws.com/NARAprodstorage/lz/dc-metro/rg-024/581208/2020-03/581208-omaha-006/581208-omaha-006-059.JPG	https://s3.amazonaws.com/NARAprodstorage/lz/dc-metro/rg-024/581208/2020-03/581208-omaha-006/581208-omaha-006-059.JPG	 						225	236	2	30.3	70	65	60			bc	cum	8				
1873-11-18	3	-18.46	-70.32			a		https://s3.amazonaws.com/NARAprodstorage/lz/dc-metro/rg-024/581208/2020-03/581208-omaha-006/581208-omaha-006-059.JPG	https://s3.amazonaws.com/NARAprodstorage/lz/dc-metro/rg-024/581208/2020-03/581208-omaha-006/581208-omaha-006-059.JPG	 						0	0	0	30.3	70	65	60			bc	cum	8				
1873-11-18	4	-18.46	-70.32			a		https://s3.amazonaws.com/NARAprodstorage/lz/dc-metro/rg-024/581208/2020-03/581208-omaha-006/581208-omaha-006-059.JPG	https://s3.amazonaws.com/NARAprodstorage/lz/dc-metro/rg-024/581208/2020-03/581208-omaha-006/581208-omaha-006-059.JPG	 						0	0	0	30.3	70	65	60			bc	cum	8				
1873-11-18	5	-18.46	-70.32			a		https://s3.amazonaws.com/NARAprodstorage/lz/dc-metro/rg-024/581208/2020-03/581208-omaha-006/581208-omaha-006-059.JPG	https://s3.amazonaws.com/NARAprodstorage/lz/dc-metro/rg-024/581208/2020-03/581208-omaha-006/581208-omaha-006-059.JPG	 						0	0	0	30.33	72	64	61			bc	cum	8				
1873-11-18	6	-18.46	-70.32			a		https://s3.amazonaws.com/NARAprodstorage/lz/dc-metro/rg-024/581208/2020-03/581208-omaha-006/581208-omaha-006-059.JPG	https://s3.amazonaws.com/NARAprodstorage/lz/dc-metro/rg-024/581208/2020-03/581208-omaha-006/581208-omaha-006-059.JPG	 						0	0	0	30.33	72	64	61			bc	cum nimb	8				
1873-11-18	7	-18.46	-70.32			a		https://s3.amazonaws.com/NARAprodstorage/lz/dc-metro/rg-024/581208/2020-03/581208-omaha-006/581208-omaha-006-059.JPG	https://s3.amazonaws.com/NARAprodstorage/lz/dc-metro/rg-024/581208/2020-03/581208-omaha-006/581208-omaha-006-059.JPG	 						0	0	0	30.33	72	64	61			bc	cum nimb	8				
1873-11-18	8	-18.46	-70.32			a		https://s3.amazonaws.com/NARAprodstorage/lz/dc-metro/rg-024/581208/2020-03/581208-omaha-006/581208-omaha-006-059.JPG	https://s3.amazonaws.com/NARAprodstorage/lz/dc-metro/rg-024/581208/2020-03/581208-omaha-006/581208-omaha-006-059.JPG	 						0	0	0	30.33	72	64	61			bc	cum nimb	8				
1873-11-18	9	-18.46	-70.32			a		https://s3.amazonaws.com/NARAprodstorage/lz/dc-metro/rg-024/581208/2020-03/581208-omaha-006/581208-omaha-006-059.JPG	https://s3.amazonaws.com/NARAprodstorage/lz/dc-metro/rg-024/581208/2020-03/581208-omaha-006/581208-omaha-006-059.JPG	 						0	0	0	30.33	72	64	61			bc	cum	8				
1873-11-18	10	-18.46	-70.32			a		https://s3.amazonaws.com/NARAprodstorage/lz/dc-metro/rg-024/581208/2020-03/581208-omaha-006/581208-omaha-006-059.JPG	https://s3.amazonaws.com/NARAprodstorage/lz/dc-metro/rg-024/581208/2020-03/581208-omaha-006/581208-omaha-006-059.JPG	 						180	191	2	30.32	72	66	62			bc	cum	8				
1873-11-18	11	-18.46	-70.32			a		https://s3.amazonaws.com/NARAprodstorage/lz/dc-metro/rg-024/581208/2020-03/581208-omaha-006/581208-omaha-006-059.JPG	https://s3.amazonaws.com/NARAprodstorage/lz/dc-metro/rg-024/581208/2020-03/581208-omaha-006/581208-omaha-006-059.JPG	 						225	236	5	30.32	72	66	62			bc	cum	8				
1873-11-18	12	-18.46	-70.32			a		https://s3.amazonaws.com/NARAprodstorage/lz/dc-metro/rg-024/581208/2020-03/581208-omaha-006/581208-omaha-006-059.JPG	https://s3.amazonaws.com/NARAprodstorage/lz/dc-metro/rg-024/581208/2020-03/581208-omaha-006/581208-omaha-006-059.JPG	"Noon: Arica, Chile."						225	236	8	30.3	72	68	64			bc	cum	8				
1873-11-18	13	-18.46	-70.32			a		https://s3.amazonaws.com/NARAprodstorage/lz/dc-metro/rg-024/581208/2020-03/581208-omaha-006/581208-omaha-006-059.JPG	https://s3.amazonaws.com/NARAprodstorage/lz/dc-metro/rg-024/581208/2020-03/581208-omaha-006/581208-omaha-006-059.JPG	 						225	236	8	30.3	71	68	64			bc	cum	8				
1873-11-18	14	-18.46	-70.32			a		https://s3.amazonaws.com/NARAprodstorage/lz/dc-metro/rg-024/581208/2020-03/581208-omaha-006/581208-omaha-006-059.JPG	https://s3.amazonaws.com/NARAprodstorage/lz/dc-metro/rg-024/581208/2020-03/581208-omaha-006/581208-omaha-006-059.JPG	 						225	236	8	30.3	71	67	64			bc	cum	8				
1873-11-18	15	-18.46	-70.32			a		https://s3.amazonaws.com/NARAprodstorage/lz/dc-metro/rg-024/581208/2020-03/581208-omaha-006/581208-omaha-006-059.JPG	https://s3.amazonaws.com/NARAprodstorage/lz/dc-metro/rg-024/581208/2020-03/581208-omaha-006/581208-omaha-006-059.JPG	 						225	236	8	30.28	71	67	64			bc	cum	8				
1873-11-18	16	-18.46	-70.32			a		https://s3.amazonaws.com/NARAprodstorage/lz/dc-metro/rg-024/581208/2020-03/581208-omaha-006/581208-omaha-006-059.JPG	https://s3.amazonaws.com/NARAprodstorage/lz/dc-metro/rg-024/581208/2020-03/581208-omaha-006/581208-omaha-006-059.JPG	 						225	236	8	30.28	71	66	64			bc	cum	8				
1873-11-18	17	-18.46	-70.32			a		https://s3.amazonaws.com/NARAprodstorage/lz/dc-metro/rg-024/581208/2020-03/581208-omaha-006/581208-omaha-006-059.JPG	https://s3.amazonaws.com/NARAprodstorage/lz/dc-metro/rg-024/581208/2020-03/581208-omaha-006/581208-omaha-006-059.JPG	 						225	236	13	30.27	70	65	63			bc	cum str	7				
1873-11-18	18	-18.46	-70.32			a		https://s3.amazonaws.com/NARAprodstorage/lz/dc-metro/rg-024/581208/2020-03/581208-omaha-006/581208-omaha-006-059.JPG	https://s3.amazonaws.com/NARAprodstorage/lz/dc-metro/rg-024/581208/2020-03/581208-omaha-006/581208-omaha-006-059.JPG	 						225	236	13	30.27	70	65	63			bc	cum str	5				
1873-11-18	19	-18.46	-70.32			a		https://s3.amazonaws.com/NARAprodstorage/lz/dc-metro/rg-024/581208/2020-03/581208-omaha-006/581208-omaha-006-059.JPG	https://s3.amazonaws.com/NARAprodstorage/lz/dc-metro/rg-024/581208/2020-03/581208-omaha-006/581208-omaha-006-059.JPG	 						225	236	13	30.28	68	65	63			bc	nim cum	5				
1873-11-18	20	-18.46	-70.32			a		https://s3.amazonaws.com/NARAprodstorage/lz/dc-metro/rg-024/581208/2020-03/581208-omaha-006/581208-omaha-006-059.JPG	https://s3.amazonaws.com/NARAprodstorage/lz/dc-metro/rg-024/581208/2020-03/581208-omaha-006/581208-omaha-006-059.JPG	 						225	236	13	30.3	67	65	63			bc	nim cum	5				
1873-11-18	21	-18.46	-70.32			a		https://s3.amazonaws.com/NARAprodstorage/lz/dc-metro/rg-024/581208/2020-03/581208-omaha-006/581208-omaha-006-059.JPG	https://s3.amazonaws.com/NARAprodstorage/lz/dc-metro/rg-024/581208/2020-03/581208-omaha-006/581208-omaha-006-059.JPG	 						225	236	13	30.3	67	65	63			bc	nim cum	8				
1873-11-18	22	-18.46	-70.32			a		https://s3.amazonaws.com/NARAprodstorage/lz/dc-metro/rg-024/581208/2020-03/581208-omaha-006/581208-omaha-006-059.JPG	https://s3.amazonaws.com/NARAprodstorage/lz/dc-metro/rg-024/581208/2020-03/581208-omaha-006/581208-omaha-006-059.JPG	 						225	236	13	30.32	67	65	63			bc	nim cum	8				
1873-11-18	23	-18.46	-70.32			a		https://s3.amazonaws.com/NARAprodstorage/lz/dc-metro/rg-024/581208/2020-03/581208-omaha-006/581208-omaha-006-059.JPG	https://s3.amazonaws.com/NARAprodstorage/lz/dc-metro/rg-024/581208/2020-03/581208-omaha-006/581208-omaha-006-059.JPG	 						225	236	13	30.32	65	65	63			bc	nim cum	8				
1873-11-18	24	-18.46	-70.32			a		https://s3.amazonaws.com/NARAprodstorage/lz/dc-metro/rg-024/581208/2020-03/581208-omaha-006/581208-omaha-006-059.JPG	https://s3.amazonaws.com/NARAprodstorage/lz/dc-metro/rg-024/581208/2020-03/581208-omaha-006/581208-omaha-006-059.JPG	 						225	236	13	30.34	65	65	63			bc	nim cum	8				
1873-11-19	1	-18.46	-70.32			a		https://s3.amazonaws.com/NARAprodstorage/lz/dc-metro/rg-024/581208/2020-03/581208-omaha-006/581208-omaha-006-060.JPG	https://s3.amazonaws.com/NARAprodstorage/lz/dc-metro/rg-024/581208/2020-03/581208-omaha-006/581208-omaha-006-060.JPG	 						0	0	0	30.24	67	64	62			oc	cum nimb	0				
1873-11-19	2	-18.46	-70.32			a		https://s3.amazonaws.com/NARAprodstorage/lz/dc-metro/rg-024/581208/2020-03/581208-omaha-006/581208-omaha-006-060.JPG	https://s3.amazonaws.com/NARAprodstorage/lz/dc-metro/rg-024/581208/2020-03/581208-omaha-006/581208-omaha-006-060.JPG	 						0	0	0	30.24	67	64	62			oc	cum nimb	0				
1873-11-19	3	-18.46	-70.32			a		https://s3.amazonaws.com/NARAprodstorage/lz/dc-metro/rg-024/581208/2020-03/581208-omaha-006/581208-omaha-006-060.JPG	https://s3.amazonaws.com/NARAprodstorage/lz/dc-metro/rg-024/581208/2020-03/581208-omaha-006/581208-omaha-006-060.JPG	 						0	0	0	30.24	67	64	62			oc	cum nimb	0				
1873-11-19	4	-18.46	-70.32			a		https://s3.amazonaws.com/NARAprodstorage/lz/dc-metro/rg-024/581208/2020-03/581208-omaha-006/581208-omaha-006-060.JPG	https://s3.amazonaws.com/NARAprodstorage/lz/dc-metro/rg-024/581208/2020-03/581208-omaha-006/581208-omaha-006-060.JPG	 						0	0	0	30.24	67	64	62			oc	cum nimb	0				
1873-11-19	5	-18.46	-70.32			a		https://s3.amazonaws.com/NARAprodstorage/lz/dc-metro/rg-024/581208/2020-03/581208-omaha-006/581208-omaha-006-060.JPG	https://s3.amazonaws.com/NARAprodstorage/lz/dc-metro/rg-024/581208/2020-03/581208-omaha-006/581208-omaha-006-060.JPG	 						225	236	2	30.26	67	64	62			oc	cum nimb	0				
1873-11-19	6	-18.46	-70.32			a		https://s3.amazonaws.com/NARAprodstorage/lz/dc-metro/rg-024/581208/2020-03/581208-omaha-006/581208-omaha-006-060.JPG	https://s3.amazonaws.com/NARAprodstorage/lz/dc-metro/rg-024/581208/2020-03/581208-omaha-006/581208-omaha-006-060.JPG	 						225	236	2	30.3	67	64	63			bc	nim cum	3				
1873-11-19	7	-18.46	-70.32			a		https://s3.amazonaws.com/NARAprodstorage/lz/dc-metro/rg-024/581208/2020-03/581208-omaha-006/581208-omaha-006-060.JPG	https://s3.amazonaws.com/NARAprodstorage/lz/dc-metro/rg-024/581208/2020-03/581208-omaha-006/581208-omaha-006-060.JPG	 						225	236	2	30.3	67	65	63			bc	cir cum	5				
1873-11-19	8	-18.46	-70.32			a		https://s3.amazonaws.com/NARAprodstorage/lz/dc-metro/rg-024/581208/2020-03/581208-omaha-006/581208-omaha-006-060.JPG	https://s3.amazonaws.com/NARAprodstorage/lz/dc-metro/rg-024/581208/2020-03/581208-omaha-006/581208-omaha-006-060.JPG	 						225	236	2	30.32	67	65	63			bc	cir cum	8				
1873-11-19	9	-18.46	-70.32			a		https://s3.amazonaws.com/NARAprodstorage/lz/dc-metro/rg-024/581208/2020-03/581208-omaha-006/581208-omaha-006-060.JPG	https://s3.amazonaws.com/NARAprodstorage/lz/dc-metro/rg-024/581208/2020-03/581208-omaha-006/581208-omaha-006-060.JPG	 						214	225	2	30.32	67	65	63			bc	cir cum	8				
1873-11-19	10	-18.46	-70.32			a		https://s3.amazonaws.com/NARAprodstorage/lz/dc-metro/rg-024/581208/2020-03/581208-omaha-006/581208-omaha-006-060.JPG	https://s3.amazonaws.com/NARAprodstorage/lz/dc-metro/rg-024/581208/2020-03/581208-omaha-006/581208-omaha-006-060.JPG	 						214	225	2	30.32	68	68	65			bc	cir cum	8				
1873-11-19	11	-18.46	-70.32			a		https://s3.amazonaws.com/NARAprodstorage/lz/dc-metro/rg-024/581208/2020-03/581208-omaha-006/581208-omaha-006-060.JPG	https://s3.amazonaws.com/NARAprodstorage/lz/dc-metro/rg-024/581208/2020-03/581208-omaha-006/581208-omaha-006-060.JPG	 						214	225	5	30.32	70	70	65			bc	cir cum	8				
1873-11-19	12	-18.46	-70.32			a		https://s3.amazonaws.com/NARAprodstorage/lz/dc-metro/rg-024/581208/2020-03/581208-omaha-006/581208-omaha-006-060.JPG	https://s3.amazonaws.com/NARAprodstorage/lz/dc-metro/rg-024/581208/2020-03/581208-omaha-006/581208-omaha-006-060.JPG	"Noon: Arica, Chile."						214	225	8	30.3	70	70	65			bc	cir cum	8				
1873-11-19	13	-18.46	-70.32			a		https://s3.amazonaws.com/NARAprodstorage/lz/dc-metro/rg-024/581208/2020-03/581208-omaha-006/581208-omaha-006-060.JPG	https://s3.amazonaws.com/NARAprodstorage/lz/dc-metro/rg-024/581208/2020-03/581208-omaha-006/581208-omaha-006-060.JPG	 						45	56	8	30.26	70	69				bc	cir cum	6				
1873-11-19	14	-18.46	-70.32			a		https://s3.amazonaws.com/NARAprodstorage/lz/dc-metro/rg-024/581208/2020-03/581208-omaha-006/581208-omaha-006-060.JPG	https://s3.amazonaws.com/NARAprodstorage/lz/dc-metro/rg-024/581208/2020-03/581208-omaha-006/581208-omaha-006-060.JPG	 						45	56	8	30.26	70	69				bc	cir cum	6				
1873-11-19	15	-18.46	-70.32			a		https://s3.amazonaws.com/NARAprodstorage/lz/dc-metro/rg-024/581208/2020-03/581208-omaha-006/581208-omaha-006-060.JPG	https://s3.amazonaws.com/NARAprodstorage/lz/dc-metro/rg-024/581208/2020-03/581208-omaha-006/581208-omaha-006-060.JPG	 						45	56	8	30.24	70	69				bc	cir cum	6				
1873-11-19	16	-18.46	-70.32			a		https://s3.amazonaws.com/NARAprodstorage/lz/dc-metro/rg-024/581208/2020-03/581208-omaha-006/581208-omaha-006-060.JPG	https://s3.amazonaws.com/NARAprodstorage/lz/dc-metro/rg-024/581208/2020-03/581208-omaha-006/581208-omaha-006-060.JPG	 						45	56	8	30.22	70	68				bc	cir cum	6				
1873-11-19	17	-18.46	-70.32			a		https://s3.amazonaws.com/NARAprodstorage/lz/dc-metro/rg-024/581208/2020-03/581208-omaha-006/581208-omaha-006-060.JPG	https://s3.amazonaws.com/NARAprodstorage/lz/dc-metro/rg-024/581208/2020-03/581208-omaha-006/581208-omaha-006-060.JPG	 						45	56	8	30.22	70	68				bc	cir cum	4				
1873-11-19	18	-18.46	-70.32			a		https://s3.amazonaws.com/NARAprodstorage/lz/dc-metro/rg-024/581208/2020-03/581208-omaha-006/581208-omaha-006-060.JPG	https://s3.amazonaws.com/NARAprodstorage/lz/dc-metro/rg-024/581208/2020-03/581208-omaha-006/581208-omaha-006-060.JPG	 						45	56	8	30.24	70	66	62			bc	cir cum	5				
1873-11-19	19	-18.46	-70.32			a		https://s3.amazonaws.com/NARAprodstorage/lz/dc-metro/rg-024/581208/2020-03/581208-omaha-006/581208-omaha-006-060.JPG	https://s3.amazonaws.com/NARAprodstorage/lz/dc-metro/rg-024/581208/2020-03/581208-omaha-006/581208-omaha-006-060.JPG	 						45	56	8	30.24	70	66	62			bc	cir cum	3				
1873-11-19	20	-18.46	-70.32			a		https://s3.amazonaws.com/NARAprodstorage/lz/dc-metro/rg-024/581208/2020-03/581208-omaha-006/581208-omaha-006-060.JPG	https://s3.amazonaws.com/NARAprodstorage/lz/dc-metro/rg-024/581208/2020-03/581208-omaha-006/581208-omaha-006-060.JPG	 						45	56	5	30.28	69	65	63			bc	cir cum	3				
1873-11-19	21	-18.46	-70.32			a		https://s3.amazonaws.com/NARAprodstorage/lz/dc-metro/rg-024/581208/2020-03/581208-omaha-006/581208-omaha-006-060.JPG	https://s3.amazonaws.com/NARAprodstorage/lz/dc-metro/rg-024/581208/2020-03/581208-omaha-006/581208-omaha-006-060.JPG	 						0	0	0	30.31	69	65	63			bc	cir cum	5				
1873-11-19	22	-18.46	-70.32			a		https://s3.amazonaws.com/NARAprodstorage/lz/dc-metro/rg-024/581208/2020-03/581208-omaha-006/581208-omaha-006-060.JPG	https://s3.amazonaws.com/NARAprodstorage/lz/dc-metro/rg-024/581208/2020-03/581208-omaha-006/581208-omaha-006-060.JPG	 						0	0	0	30.31	69	65	63			bc	cir cum	7				
1873-11-19	23	-18.46	-70.32			a		https://s3.amazonaws.com/NARAprodstorage/lz/dc-metro/rg-024/581208/2020-03/581208-omaha-006/581208-omaha-006-060.JPG	https://s3.amazonaws.com/NARAprodstorage/lz/dc-metro/rg-024/581208/2020-03/581208-omaha-006/581208-omaha-006-060.JPG	 						0	0	0	30.31	69	65	63			bc	cir cum	8				
1873-11-19	24	-18.46	-70.32			a		https://s3.amazonaws.com/NARAprodstorage/lz/dc-metro/rg-024/581208/2020-03/581208-omaha-006/581208-omaha-006-060.JPG	https://s3.amazonaws.com/NARAprodstorage/lz/dc-metro/rg-024/581208/2020-03/581208-omaha-006/581208-omaha-006-060.JPG	 						0	0	0	30.32	69	65	63			bc	cir cum	8				
1873-11-20	1	-18.46	-70.32			a		https://s3.amazonaws.com/NARAprodstorage/lz/dc-metro/rg-024/581208/2020-03/581208-omaha-006/581208-omaha-006-061.JPG	https://s3.amazonaws.com/NARAprodstorage/lz/dc-metro/rg-024/581208/2020-03/581208-omaha-006/581208-omaha-006-062.JPG	 						0	0	0	30.3	70	64	64			bc	cum	9				
1873-11-20	2	-18.46	-70.32			a		https://s3.amazonaws.com/NARAprodstorage/lz/dc-metro/rg-024/581208/2020-03/581208-omaha-006/581208-omaha-006-061.JPG	https://s3.amazonaws.com/NARAprodstorage/lz/dc-metro/rg-024/581208/2020-03/581208-omaha-006/581208-omaha-006-061.JPG	 						0	0	0	30.3	70	64	64			bc	cum	9				
1873-11-20	3	-18.46	-70.32			a		https://s3.amazonaws.com/NARAprodstorage/lz/dc-metro/rg-024/581208/2020-03/581208-omaha-006/581208-omaha-006-061.JPG	https://s3.amazonaws.com/NARAprodstorage/lz/dc-metro/rg-024/581208/2020-03/581208-omaha-006/581208-omaha-006-061.JPG	 						0	0	0	30.3	70	64	64			bc	cum	9				
1873-11-20	4	-18.46	-70.32			a		https://s3.amazonaws.com/NARAprodstorage/lz/dc-metro/rg-024/581208/2020-03/581208-omaha-006/581208-omaha-006-061.JPG	https://s3.amazonaws.com/NARAprodstorage/lz/dc-metro/rg-024/581208/2020-03/581208-omaha-006/581208-omaha-006-061.JPG	 						0	0	0	30.3	70	64	64			bc	cum	9				
1873-11-20	5	-18.46	-70.32			a		https://s3.amazonaws.com/NARAprodstorage/lz/dc-metro/rg-024/581208/2020-03/581208-omaha-006/581208-omaha-006-061.JPG	https://s3.amazonaws.com/NARAprodstorage/lz/dc-metro/rg-024/581208/2020-03/581208-omaha-006/581208-omaha-006-061.JPG	 						45	56	2	30.29	70	65	62			bc	cir cum	8				
1873-11-20	6	-18.46	-70.32			a		https://s3.amazonaws.com/NARAprodstorage/lz/dc-metro/rg-024/581208/2020-03/581208-omaha-006/581208-omaha-006-061.JPG	https://s3.amazonaws.com/NARAprodstorage/lz/dc-metro/rg-024/581208/2020-03/581208-omaha-006/581208-omaha-006-061.JPG	 						45	56	2	30.29	70	65	62			bc	cir cum	8				
1873-11-20	7	-18.46	-70.32			a		https://s3.amazonaws.com/NARAprodstorage/lz/dc-metro/rg-024/581208/2020-03/581208-omaha-006/581208-omaha-006-061.JPG	https://s3.amazonaws.com/NARAprodstorage/lz/dc-metro/rg-024/581208/2020-03/581208-omaha-006/581208-omaha-006-061.JPG	0700: Got Underway						45	56	2	30.29	70	65	62			bc	cir cum	9				
1873-11-20	8	-18.44	-70.41	888		4.4		https://s3.amazonaws.com/NARAprodstorage/lz/dc-metro/rg-024/581208/2020-03/581208-omaha-006/581208-omaha-006-061.JPG	https://s3.amazonaws.com/NARAprodstorage/lz/dc-metro/rg-024/581208/2020-03/581208-omaha-006/581208-omaha-006-061.JPG	"8AM: Arica Head brg E1/2N, dist 4 mi."					v	0	0	0	30.29	70	65	62			bc	cir cum	9				
1873-11-20	9	-18.44	-70.53	258.75		6.2		https://s3.amazonaws.com/NARAprodstorage/lz/dc-metro/rg-024/581208/2020-03/581208-omaha-006/581208-omaha-006-061.JPG	https://s3.amazonaws.com/NARAprodstorage/lz/dc-metro/rg-024/581208/2020-03/581208-omaha-006/581208-omaha-006-061.JPG	0915: Lowered target.					wxs	0	0	0	30.29	69	66	63			bc	cir cum	9				
1873-11-20	10	-18.44	-70.54			0		https://s3.amazonaws.com/NARAprodstorage/lz/dc-metro/rg-024/581208/2020-03/581208-omaha-006/581208-omaha-006-061.JPG	https://s3.amazonaws.com/NARAprodstorage/lz/dc-metro/rg-024/581208/2020-03/581208-omaha-006/581208-omaha-006-061.JPG	 					v	0	0	0	30.26	69	67	64			bc	cir cum	9				
1873-11-20	11	-18.43	-70.55			0		https://s3.amazonaws.com/NARAprodstorage/lz/dc-metro/rg-024/581208/2020-03/581208-omaha-006/581208-omaha-006-061.JPG	https://s3.amazonaws.com/NARAprodstorage/lz/dc-metro/rg-024/581208/2020-03/581208-omaha-006/581208-omaha-006-061.JPG	1100: Picked up target.					v	225	236	5	30.26	70	68	64			bc	cir cum	9				
1873-11-20	12	-18.43	-70.56			0		https://s3.amazonaws.com/NARAprodstorage/lz/dc-metro/rg-024/581208/2020-03/581208-omaha-006/581208-omaha-006-061.JPG	https://s3.amazonaws.com/NARAprodstorage/lz/dc-metro/rg-024/581208/2020-03/581208-omaha-006/581208-omaha-006-061.JPG	 					v	315	326	13	30.24	70	70	65	68		bc	cir cum	9				
1873-11-20	13	-18.41	-70.65	270		5		https://s3.amazonaws.com/NARAprodstorage/lz/dc-metro/rg-024/581208/2020-03/581208-omaha-006/581208-omaha-006-061.JPG	https://s3.amazonaws.com/NARAprodstorage/lz/dc-metro/rg-024/581208/2020-03/581208-omaha-006/581208-omaha-006-061.JPG	 					w	180	191	8	30.24	71	70	65	68		b	none	10				
1873-11-20	14	-18.39	-70.75	270		5.2		https://s3.amazonaws.com/NARAprodstorage/lz/dc-metro/rg-024/581208/2020-03/581208-omaha-006/581208-omaha-006-061.JPG	https://s3.amazonaws.com/NARAprodstorage/lz/dc-metro/rg-024/581208/2020-03/581208-omaha-006/581208-omaha-006-061.JPG	 					w	180	191	8	30.24	71	70	65	68		bc	cir cum	5				
1873-11-20	15	-18.38	-70.85	270		5		https://s3.amazonaws.com/NARAprodstorage/lz/dc-metro/rg-024/581208/2020-03/581208-omaha-006/581208-omaha-006-061.JPG	https://s3.amazonaws.com/NARAprodstorage/lz/dc-metro/rg-024/581208/2020-03/581208-omaha-006/581208-omaha-006-061.JPG	 					w	180	191	8	30.24	71	70	65	68		bc	cir cum	3				
1873-11-20	16	-18.36	-70.94	270		4.4		https://s3.amazonaws.com/NARAprodstorage/lz/dc-metro/rg-024/581208/2020-03/581208-omaha-006/581208-omaha-006-061.JPG	https://s3.amazonaws.com/NARAprodstorage/lz/dc-metro/rg-024/581208/2020-03/581208-omaha-006/581208-omaha-006-061.JPG	1600: cc WxN.					w	180	191	5	30.24	71	70	65	68		bc	cir cum	0				
1873-11-20	17	-18.34	-71	281.25		3		https://s3.amazonaws.com/NARAprodstorage/lz/dc-metro/rg-024/581208/2020-03/581208-omaha-006/581208-omaha-006-061.JPG	https://s3.amazonaws.com/NARAprodstorage/lz/dc-metro/rg-024/581208/2020-03/581208-omaha-006/581208-omaha-006-061.JPG	 					wxn	180	191	3	30.2	71	70	65	68		oc	cir cum	0				
1873-11-20	18	-18.32	-71.04	281.25		2		https://s3.amazonaws.com/NARAprodstorage/lz/dc-metro/rg-024/581208/2020-03/581208-omaha-006/581208-omaha-006-061.JPG	https://s3.amazonaws.com/NARAprodstorage/lz/dc-metro/rg-024/581208/2020-03/581208-omaha-006/581208-omaha-006-061.JPG	 					wxn	169	180	1	30.22	71	70	65	68		oc	cir cum	0				
1873-11-20	19	-18.31	-71.08	281.25		2		https://s3.amazonaws.com/NARAprodstorage/lz/dc-metro/rg-024/581208/2020-03/581208-omaha-006/581208-omaha-006-061.JPG	https://s3.amazonaws.com/NARAprodstorage/lz/dc-metro/rg-024/581208/2020-03/581208-omaha-006/581208-omaha-006-061.JPG	 					wxn	90	101	1	30.24	71	69	66	67		oc	cir cum nimb	0				
1873-11-20	20	-18.29	-71.13	281.25		2		https://s3.amazonaws.com/NARAprodstorage/lz/dc-metro/rg-024/581208/2020-03/581208-omaha-006/581208-omaha-006-061.JPG	https://s3.amazonaws.com/NARAprodstorage/lz/dc-metro/rg-024/581208/2020-03/581208-omaha-006/581208-omaha-006-061.JPG	 					wxn	79	90	1	30.29	71	69	66	67		bc	cir cum nimb	2				
1873-11-20	21	-18.28	-71.18	281.25		2.4		https://s3.amazonaws.com/NARAprodstorage/lz/dc-metro/rg-024/581208/2020-03/581208-omaha-006/581208-omaha-006-061.JPG	https://s3.amazonaws.com/NARAprodstorage/lz/dc-metro/rg-024/581208/2020-03/581208-omaha-006/581208-omaha-006-061.JPG	 					wxn	68	78	2	30.29	70	68	66	67		bc	nim cum	0				
1873-11-20	22	-18.26	-71.22	281.25		2.2		https://s3.amazonaws.com/NARAprodstorage/lz/dc-metro/rg-024/581208/2020-03/581208-omaha-006/581208-omaha-006-061.JPG	https://s3.amazonaws.com/NARAprodstorage/lz/dc-metro/rg-024/581208/2020-03/581208-omaha-006/581208-omaha-006-061.JPG	 					wxn	45	56	2	30.29	70	68	66	67		bc	nim cum	0				
1873-11-20	23	-18.24	-71.27	281.25		2.2		https://s3.amazonaws.com/NARAprodstorage/lz/dc-metro/rg-024/581208/2020-03/581208-omaha-006/581208-omaha-006-061.JPG	https://s3.amazonaws.com/NARAprodstorage/lz/dc-metro/rg-024/581208/2020-03/581208-omaha-006/581208-omaha-006-061.JPG	 					wxn	90	101	2	30.29	70	69	67	67		ocm	nim cum	0				
1873-11-20	24	-18.23	-71.31	281.25		2.2		https://s3.amazonaws.com/NARAprodstorage/lz/dc-metro/rg-024/581208/2020-03/581208-omaha-006/581208-omaha-006-061.JPG	https://s3.amazonaws.com/NARAprodstorage/lz/dc-metro/rg-024/581208/2020-03/581208-omaha-006/581208-omaha-006-061.JPG	 					wxn	45	56	2	30.29	70	69	67	67		ocm	nim cum	0				
1873-11-21	1	-18.2	-71.37	281.25		3		https://s3.amazonaws.com/NARAprodstorage/lz/dc-metro/rg-024/581208/2020-03/581208-omaha-006/581208-omaha-006-063.JPG	https://s3.amazonaws.com/NARAprodstorage/lz/dc-metro/rg-024/581208/2020-03/581208-omaha-006/581208-omaha-006-063.JPG	 					wxn	56	67	5	30.3	70	67	66	67		oc	nim	0				
1873-11-21	2	-18.18	-71.44	281.25		3.2		https://s3.amazonaws.com/NARAprodstorage/lz/dc-metro/rg-024/581208/2020-03/581208-omaha-006/581208-omaha-006-063.JPG	https://s3.amazonaws.com/NARAprodstorage/lz/dc-metro/rg-024/581208/2020-03/581208-omaha-006/581208-omaha-006-063.JPG	 					wxn	56	67	5	30.26	69	67	66	67		oc	nim	0				
1873-11-21	3	-18.16	-71.49	281.25		2.6		https://s3.amazonaws.com/NARAprodstorage/lz/dc-metro/rg-024/581208/2020-03/581208-omaha-006/581208-omaha-006-063.JPG	https://s3.amazonaws.com/NARAprodstorage/lz/dc-metro/rg-024/581208/2020-03/581208-omaha-006/581208-omaha-006-063.JPG	 					wxn	56	67	5	30.26	69	67	66	67		oc	cir cum	0				
1873-11-21	4	-18.14	-71.55	281.25		3.2		https://s3.amazonaws.com/NARAprodstorage/lz/dc-metro/rg-024/581208/2020-03/581208-omaha-006/581208-omaha-006-063.JPG	https://s3.amazonaws.com/NARAprodstorage/lz/dc-metro/rg-024/581208/2020-03/581208-omaha-006/581208-omaha-006-063.JPG	 					wxn	56	67	5	30.26	69	67	66	67		oc	cir cum	0				
1873-11-21	5	-18.12	-71.6	281.25		2.6		https://s3.amazonaws.com/NARAprodstorage/lz/dc-metro/rg-024/581208/2020-03/581208-omaha-006/581208-omaha-006-063.JPG	https://s3.amazonaws.com/NARAprodstorage/lz/dc-metro/rg-024/581208/2020-03/581208-omaha-006/581208-omaha-006-063.JPG	 					wxn	68	78	2	30.26	69	67	66	67		oc	cir cum	0				
1873-11-21	6	-18.11	-71.64	281.25		1.4		https://s3.amazonaws.com/NARAprodstorage/lz/dc-metro/rg-024/581208/2020-03/581208-omaha-006/581208-omaha-006-063.JPG	https://s3.amazonaws.com/NARAprodstorage/lz/dc-metro/rg-024/581208/2020-03/581208-omaha-006/581208-omaha-006-063.JPG	 					wxn	68	78	2	30.26	69	67	66	67		oc	cir cum	6				
1873-11-21	7	-18.1	-71.67	281.25		1.4		https://s3.amazonaws.com/NARAprodstorage/lz/dc-metro/rg-024/581208/2020-03/581208-omaha-006/581208-omaha-006-063.JPG	https://s3.amazonaws.com/NARAprodstorage/lz/dc-metro/rg-024/581208/2020-03/581208-omaha-006/581208-omaha-006-063.JPG	 					wxn	68	78	2	30.26	69	67	66	67		oc	cir cum	6				
1873-11-21	8	-18.09	-71.71	281.25		1.6		https://s3.amazonaws.com/NARAprodstorage/lz/dc-metro/rg-024/581208/2020-03/581208-omaha-006/581208-omaha-006-063.JPG	https://s3.amazonaws.com/NARAprodstorage/lz/dc-metro/rg-024/581208/2020-03/581208-omaha-006/581208-omaha-006-063.JPG	 					wxn	68	78	2	30.28	70	68	66	67		bc	cir cum	8				
1873-11-21	9	-18.08	-71.74	281.25		1.4		https://s3.amazonaws.com/NARAprodstorage/lz/dc-metro/rg-024/581208/2020-03/581208-omaha-006/581208-omaha-006-063.JPG	https://s3.amazonaws.com/NARAprodstorage/lz/dc-metro/rg-024/581208/2020-03/581208-omaha-006/581208-omaha-006-063.JPG	 					wxn	68	78	2	30.28	70	69	66	67		bc	cir cum	3				
1873-11-21	10	-18.07	-71.76	281.25		0.4		https://s3.amazonaws.com/NARAprodstorage/lz/dc-metro/rg-024/581208/2020-03/581208-omaha-006/581208-omaha-006-063.JPG	https://s3.amazonaws.com/NARAprodstorage/lz/dc-metro/rg-024/581208/2020-03/581208-omaha-006/581208-omaha-006-063.JPG	 					wxn	101	112	1	30.28	70	70	67	68		bc	cir cum	1				
1873-11-21	11	-18.06	-71.78	281.25		1		https://s3.amazonaws.com/NARAprodstorage/lz/dc-metro/rg-024/581208/2020-03/581208-omaha-006/581208-omaha-006-063.JPG	https://s3.amazonaws.com/NARAprodstorage/lz/dc-metro/rg-024/581208/2020-03/581208-omaha-006/581208-omaha-006-063.JPG	 					wxn	135	146	1	30.28	70	70	67	68		bc	cir cum	2				
1873-11-21	12	-18.05	-71.82	281.25		1.4		https://s3.amazonaws.com/NARAprodstorage/lz/dc-metro/rg-024/581208/2020-03/581208-omaha-006/581208-omaha-006-063.JPG	https://s3.amazonaws.com/NARAprodstorage/lz/dc-metro/rg-024/581208/2020-03/581208-omaha-006/581208-omaha-006-063.JPG	 			18 3S	71 49W	wxn	197	208	3	30.28	70	70	67	68		oc	cir cum	0				
1873-11-21	13	-18.02	-71.88	284.06		3.6		https://s3.amazonaws.com/NARAprodstorage/lz/dc-metro/rg-024/581208/2020-03/581208-omaha-006/581208-omaha-006-063.JPG	https://s3.amazonaws.com/NARAprodstorage/lz/dc-metro/rg-024/581208/2020-03/581208-omaha-006/581208-omaha-006-063.JPG	1300: cc NNW.					wnw3/4w	197	208	5	30.23	70	69	65	68		oc	nim cum	0				
1873-11-21	14	-17.98	-71.93	292.5		3.6		https://s3.amazonaws.com/NARAprodstorage/lz/dc-metro/rg-024/581208/2020-03/581208-omaha-006/581208-omaha-006-063.JPG	https://s3.amazonaws.com/NARAprodstorage/lz/dc-metro/rg-024/581208/2020-03/581208-omaha-006/581208-omaha-006-063.JPG	 					wnw	197	208	5	30.23	71	69	65	68		bc	nim cum	1				
1873-11-21	15	-17.94	-71.99	292.5		4		https://s3.amazonaws.com/NARAprodstorage/lz/dc-metro/rg-024/581208/2020-03/581208-omaha-006/581208-omaha-006-063.JPG	https://s3.amazonaws.com/NARAprodstorage/lz/dc-metro/rg-024/581208/2020-03/581208-omaha-006/581208-omaha-006-063.JPG	 					wnw	197	208	5	30.23	71	70	66	68		bc	nim cum	2				
1873-11-21	16	-17.91	-72.05	292.5		3.4		https://s3.amazonaws.com/NARAprodstorage/lz/dc-metro/rg-024/581208/2020-03/581208-omaha-006/581208-omaha-006-063.JPG	https://s3.amazonaws.com/NARAprodstorage/lz/dc-metro/rg-024/581208/2020-03/581208-omaha-006/581208-omaha-006-063.JPG	 					wnw	197	208	5	30.23	71	70	66	68		bc	nim cum	2				
1873-11-21	17	-17.87	-72.1	292.5		3.2		https://s3.amazonaws.com/NARAprodstorage/lz/dc-metro/rg-024/581208/2020-03/581208-omaha-006/581208-omaha-006-063.JPG	https://s3.amazonaws.com/NARAprodstorage/lz/dc-metro/rg-024/581208/2020-03/581208-omaha-006/581208-omaha-006-063.JPG	 					wnw	197	208	5	30.23	71	70	66	68		bc	cir cum	5				
1873-11-21	18	-17.84	-72.14	292.5		3		https://s3.amazonaws.com/NARAprodstorage/lz/dc-metro/rg-024/581208/2020-03/581208-omaha-006/581208-omaha-006-063.JPG	https://s3.amazonaws.com/NARAprodstorage/lz/dc-metro/rg-024/581208/2020-03/581208-omaha-006/581208-omaha-006-063.JPG	 					wnw	197	208	5	30.23	71	70	66	68		oc	nim cum					
1873-11-21	19	-17.81	-72.19	292.5		3		https://s3.amazonaws.com/NARAprodstorage/lz/dc-metro/rg-024/581208/2020-03/581208-omaha-006/581208-omaha-006-063.JPG	https://s3.amazonaws.com/NARAprodstorage/lz/dc-metro/rg-024/581208/2020-03/581208-omaha-006/581208-omaha-006-063.JPG	 					wnw	197	208	5	30.27	71	69	65	68		oc	nim cum	0				
1873-11-21	20	-17.78	-72.23	292.5		2.6		https://s3.amazonaws.com/NARAprodstorage/lz/dc-metro/rg-024/581208/2020-03/581208-omaha-006/581208-omaha-006-063.JPG	https://s3.amazonaws.com/NARAprodstorage/lz/dc-metro/rg-024/581208/2020-03/581208-omaha-006/581208-omaha-006-063.JPG	 					wnw	197	208	3	30.28	70	69	64	68		oc	nim cum	0				
1873-11-21	21	-17.76	-72.27	292.5		2.4		https://s3.amazonaws.com/NARAprodstorage/lz/dc-metro/rg-024/581208/2020-03/581208-omaha-006/581208-omaha-006-063.JPG	https://s3.amazonaws.com/NARAprodstorage/lz/dc-metro/rg-024/581208/2020-03/581208-omaha-006/581208-omaha-006-063.JPG	 					wnw	197	208	3	30.29	71	69	64	67		bc	nim cum	1				
1873-11-21	22	-17.73	-72.31	292.5		2.4		https://s3.amazonaws.com/NARAprodstorage/lz/dc-metro/rg-024/581208/2020-03/581208-omaha-006/581208-omaha-006-063.JPG	https://s3.amazonaws.com/NARAprodstorage/lz/dc-metro/rg-024/581208/2020-03/581208-omaha-006/581208-omaha-006-063.JPG	 					wnw	197	208	1	30.29	70	69	64	67		bc	nim cum	5				
1873-11-21	23	-17.71	-72.34	292.5		2.2		https://s3.amazonaws.com/NARAprodstorage/lz/dc-metro/rg-024/581208/2020-03/581208-omaha-006/581208-omaha-006-063.JPG	https://s3.amazonaws.com/NARAprodstorage/lz/dc-metro/rg-024/581208/2020-03/581208-omaha-006/581208-omaha-006-063.JPG	 					wnw	197	208	1	30.29	70	69	64	67		bc	nim cum	5				
1873-11-21	24	-17.68	-72.37	292.5		2		https://s3.amazonaws.com/NARAprodstorage/lz/dc-metro/rg-024/581208/2020-03/581208-omaha-006/581208-omaha-006-063.JPG	https://s3.amazonaws.com/NARAprodstorage/lz/dc-metro/rg-024/581208/2020-03/581208-omaha-006/581208-omaha-006-063.JPG	 					wnw	197	208	1	30.26	70	69	64	66		bc	nim cum	3				
1873-11-22	1	-17.67	-72.4	292.5		1.4		https://s3.amazonaws.com/NARAprodstorage/lz/dc-metro/rg-024/581208/2020-03/581208-omaha-006/581208-omaha-006-064.JPG	https://s3.amazonaws.com/NARAprodstorage/lz/dc-metro/rg-024/581208/2020-03/581208-omaha-006/581208-omaha-006-064.JPG	 					wnw	888	888	2	30.22	70	69	64	67		oc	nim cum	0				
1873-11-22	2	-17.66	-72.41	292.5		0.6		https://s3.amazonaws.com/NARAprodstorage/lz/dc-metro/rg-024/581208/2020-03/581208-omaha-006/581208-omaha-006-064.JPG	https://s3.amazonaws.com/NARAprodstorage/lz/dc-metro/rg-024/581208/2020-03/581208-omaha-006/581208-omaha-006-064.JPG	 					wnw	112	124	2	30.22	70	69	64	67		oc	nim cum	0				
1873-11-22	3	-17.65	-72.42	292.5		0.4		https://s3.amazonaws.com/NARAprodstorage/lz/dc-metro/rg-024/581208/2020-03/581208-omaha-006/581208-omaha-006-064.JPG	https://s3.amazonaws.com/NARAprodstorage/lz/dc-metro/rg-024/581208/2020-03/581208-omaha-006/581208-omaha-006-064.JPG	 					wnw	112	124	1	30.2	70	69	64	67		oc	nim cum	0				
1873-11-22	4	-17.64	-72.43	292.5		0.4		https://s3.amazonaws.com/NARAprodstorage/lz/dc-metro/rg-024/581208/2020-03/581208-omaha-006/581208-omaha-006-064.JPG	https://s3.amazonaws.com/NARAprodstorage/lz/dc-metro/rg-024/581208/2020-03/581208-omaha-006/581208-omaha-006-064.JPG	 					wnw	112	124	1	30.2	70	68	64	67		oc	nim cum	0				
1873-11-22	5	-17.63	-72.45	292.5		1.4		https://s3.amazonaws.com/NARAprodstorage/lz/dc-metro/rg-024/581208/2020-03/581208-omaha-006/581208-omaha-006-064.JPG	https://s3.amazonaws.com/NARAprodstorage/lz/dc-metro/rg-024/581208/2020-03/581208-omaha-006/581208-omaha-006-064.JPG	 					wnw	112	124	2	30.24	70	68	64	67		oc	nim cum	0				
1873-11-22	6	-17.61	-72.48	292.5		1.6		https://s3.amazonaws.com/NARAprodstorage/lz/dc-metro/rg-024/581208/2020-03/581208-omaha-006/581208-omaha-006-064.JPG	https://s3.amazonaws.com/NARAprodstorage/lz/dc-metro/rg-024/581208/2020-03/581208-omaha-006/581208-omaha-006-064.JPG	 					wnw	112	124	2	30.26	71	68	64	67		oc	nim cum	0				
1873-11-22	7	-17.58	-72.52	292.5		2.4		https://s3.amazonaws.com/NARAprodstorage/lz/dc-metro/rg-024/581208/2020-03/581208-omaha-006/581208-omaha-006-064.JPG	https://s3.amazonaws.com/NARAprodstorage/lz/dc-metro/rg-024/581208/2020-03/581208-omaha-006/581208-omaha-006-064.JPG	 					wnw	146	157	5	30.26	71	68	64	67		oc	nim cum	0				
1873-11-22	8	-17.55	-72.56	292.5		3		https://s3.amazonaws.com/NARAprodstorage/lz/dc-metro/rg-024/581208/2020-03/581208-omaha-006/581208-omaha-006-064.JPG	https://s3.amazonaws.com/NARAprodstorage/lz/dc-metro/rg-024/581208/2020-03/581208-omaha-006/581208-omaha-006-064.JPG	 					wnw	225	236	5	30.28	71	68	65	67		oc	nim cum	0				
1873-11-22	9	-17.52	-72.6	292.5		2.4		https://s3.amazonaws.com/NARAprodstorage/lz/dc-metro/rg-024/581208/2020-03/581208-omaha-006/581208-omaha-006-064.JPG	https://s3.amazonaws.com/NARAprodstorage/lz/dc-metro/rg-024/581208/2020-03/581208-omaha-006/581208-omaha-006-064.JPG	 					wnw	225	236	5	30.28	69	69	65	67		oc	nim cum	0				
1873-11-22	10	-17.49	-72.65	292.5		3		https://s3.amazonaws.com/NARAprodstorage/lz/dc-metro/rg-024/581208/2020-03/581208-omaha-006/581208-omaha-006-064.JPG	https://s3.amazonaws.com/NARAprodstorage/lz/dc-metro/rg-024/581208/2020-03/581208-omaha-006/581208-omaha-006-064.JPG	 					wnw	202	214	5	30.28	69	66	66	68		bc	cum nim	3				
1873-11-22	11	-17.45	-72.71	292.5		4		https://s3.amazonaws.com/NARAprodstorage/lz/dc-metro/rg-024/581208/2020-03/581208-omaha-006/581208-omaha-006-064.JPG	https://s3.amazonaws.com/NARAprodstorage/lz/dc-metro/rg-024/581208/2020-03/581208-omaha-006/581208-omaha-006-064.JPG	 					wnw	202	214	8	30.28	69	66	66	68		bc	cum nim	3				
1873-11-22	12	-17.4	-72.78	292.5		5		https://s3.amazonaws.com/NARAprodstorage/lz/dc-metro/rg-024/581208/2020-03/581208-omaha-006/581208-omaha-006-064.JPG	https://s3.amazonaws.com/NARAprodstorage/lz/dc-metro/rg-024/581208/2020-03/581208-omaha-006/581208-omaha-006-064.JPG	 			17 24S	72 47W	wnw	202	214	8	30.28	69	66	66	68		bc	cum nim	3				
1873-11-22	13	-17.36	-72.85	292.5		4.6		https://s3.amazonaws.com/NARAprodstorage/lz/dc-metro/rg-024/581208/2020-03/581208-omaha-006/581208-omaha-006-064.JPG	https://s3.amazonaws.com/NARAprodstorage/lz/dc-metro/rg-024/581208/2020-03/581208-omaha-006/581208-omaha-006-064.JPG	 					wnw	180	191	8	30.25	73	67	67	68		bc	cir cum	4				
1873-11-22	14	-17.32	-72.93	286.88		4.6		https://s3.amazonaws.com/NARAprodstorage/lz/dc-metro/rg-024/581208/2020-03/581208-omaha-006/581208-omaha-006-064.JPG	https://s3.amazonaws.com/NARAprodstorage/lz/dc-metro/rg-024/581208/2020-03/581208-omaha-006/581208-omaha-006-064.JPG	 					wnw1/2w	180	191	8	30.25	73	73	67	68		bc	cir cum	5				
1873-11-22	15	-17.28	-73.01	286.88		5		https://s3.amazonaws.com/NARAprodstorage/lz/dc-metro/rg-024/581208/2020-03/581208-omaha-006/581208-omaha-006-064.JPG	https://s3.amazonaws.com/NARAprodstorage/lz/dc-metro/rg-024/581208/2020-03/581208-omaha-006/581208-omaha-006-064.JPG	 					wnw1/2w	180	191	8	30.21	73	73	67	68		bc	cir cum	9				
1873-11-22	16	-17.24	-73.09	286.88		5		https://s3.amazonaws.com/NARAprodstorage/lz/dc-metro/rg-024/581208/2020-03/581208-omaha-006/581208-omaha-006-064.JPG	https://s3.amazonaws.com/NARAprodstorage/lz/dc-metro/rg-024/581208/2020-03/581208-omaha-006/581208-omaha-006-064.JPG	 					wnw1/2w	180	191	8	30.21	73	73	67	68		bc	cir cum	9				
1873-11-22	17	-17.2	-73.16	286.88		4.4		https://s3.amazonaws.com/NARAprodstorage/lz/dc-metro/rg-024/581208/2020-03/581208-omaha-006/581208-omaha-006-064.JPG	https://s3.amazonaws.com/NARAprodstorage/lz/dc-metro/rg-024/581208/2020-03/581208-omaha-006/581208-omaha-006-064.JPG	 					wnw1/2w	180	191	8	30.2	73	72	66	68		bc	cir cum	6				
1873-11-22	18	-17.17	-73.23	286.88		4		https://s3.amazonaws.com/NARAprodstorage/lz/dc-metro/rg-024/581208/2020-03/581208-omaha-006/581208-omaha-006-064.JPG	https://s3.amazonaws.com/NARAprodstorage/lz/dc-metro/rg-024/581208/2020-03/581208-omaha-006/581208-omaha-006-064.JPG	 					wnw1/2w	180	191	8	30.2	73	71	66	68		bc	cir cum	7				
1873-11-22	19	-17.14	-73.28	286.88		3.6		https://s3.amazonaws.com/NARAprodstorage/lz/dc-metro/rg-024/581208/2020-03/581208-omaha-006/581208-omaha-006-064.JPG	https://s3.amazonaws.com/NARAprodstorage/lz/dc-metro/rg-024/581208/2020-03/581208-omaha-006/581208-omaha-006-064.JPG	 					wnw1/2w	180	191	8	30.22	73	70	65	68		bc	nimb cum	6				
1873-11-22	20	-17.11	-73.34	286.88		3.6		https://s3.amazonaws.com/NARAprodstorage/lz/dc-metro/rg-024/581208/2020-03/581208-omaha-006/581208-omaha-006-064.JPG	https://s3.amazonaws.com/NARAprodstorage/lz/dc-metro/rg-024/581208/2020-03/581208-omaha-006/581208-omaha-006-064.JPG	 					wnw1/2w	180	191	8	30.24	73	70	65	68		bc	nimb cum	7				
1873-11-22	21	-17.08	-73.41	286.88		4		https://s3.amazonaws.com/NARAprodstorage/lz/dc-metro/rg-024/581208/2020-03/581208-omaha-006/581208-omaha-006-064.JPG	https://s3.amazonaws.com/NARAprodstorage/lz/dc-metro/rg-024/581208/2020-03/581208-omaha-006/581208-omaha-006-064.JPG	 					wnw1/2w	169	180	8	30.26	72	70	65	68		bc	cir cum	7				
1873-11-22	22	-17.05	-73.47	286.88		4		https://s3.amazonaws.com/NARAprodstorage/lz/dc-metro/rg-024/581208/2020-03/581208-omaha-006/581208-omaha-006-064.JPG	https://s3.amazonaws.com/NARAprodstorage/lz/dc-metro/rg-024/581208/2020-03/581208-omaha-006/581208-omaha-006-064.JPG	 					wnw1/2w	169	180	8	30.26	72	69	66	67		bc	cir cum	7				
1873-11-22	23	-17.01	-73.54	286.88		4.4		https://s3.amazonaws.com/NARAprodstorage/lz/dc-metro/rg-024/581208/2020-03/581208-omaha-006/581208-omaha-006-064.JPG	https://s3.amazonaws.com/NARAprodstorage/lz/dc-metro/rg-024/581208/2020-03/581208-omaha-006/581208-omaha-006-064.JPG	 					wnw1/2w	169	180	8	30.26	70	69	66	67		bcm	nim cum	6				
1873-11-22	24	-16.97	-73.62	286.88		5		https://s3.amazonaws.com/NARAprodstorage/lz/dc-metro/rg-024/581208/2020-03/581208-omaha-006/581208-omaha-006-064.JPG	https://s3.amazonaws.com/NARAprodstorage/lz/dc-metro/rg-024/581208/2020-03/581208-omaha-006/581208-omaha-006-064.JPG	 					wnw1/2w	169	180	13	30.26	70	69	66	67		bcm	nim cum	6				
1873-11-23	1	-16.93	-73.71	286.88		5.6		https://s3.amazonaws.com/NARAprodstorage/lz/dc-metro/rg-024/581208/2020-03/581208-omaha-006/581208-omaha-006-065.JPG	https://s3.amazonaws.com/NARAprodstorage/lz/dc-metro/rg-024/581208/2020-03/581208-omaha-006/581208-omaha-006-065.JPG	 					wnw1/2w	169	180	13	30.22	72	68	66	66		bc	cum nimb	7				
1873-11-23	2	-16.88	-73.81	286.88		6		https://s3.amazonaws.com/NARAprodstorage/lz/dc-metro/rg-024/581208/2020-03/581208-omaha-006/581208-omaha-006-065.JPG	https://s3.amazonaws.com/NARAprodstorage/lz/dc-metro/rg-024/581208/2020-03/581208-omaha-006/581208-omaha-006-065.JPG	 					wnw1/2w	169	180	13	30.22	72	68	66	65		bc	cum nimb	3				
1873-11-23	3	-16.84	-73.9	286.88		5.6		https://s3.amazonaws.com/NARAprodstorage/lz/dc-metro/rg-024/581208/2020-03/581208-omaha-006/581208-omaha-006-065.JPG	https://s3.amazonaws.com/NARAprodstorage/lz/dc-metro/rg-024/581208/2020-03/581208-omaha-006/581208-omaha-006-065.JPG	 					wnw1/2w	169	180	13	30.18	71	67	66	65		bc	cum nimb	3				
1873-11-23	4	-16.79	-73.99	286.88		5.6		https://s3.amazonaws.com/NARAprodstorage/lz/dc-metro/rg-024/581208/2020-03/581208-omaha-006/581208-omaha-006-065.JPG	https://s3.amazonaws.com/NARAprodstorage/lz/dc-metro/rg-024/581208/2020-03/581208-omaha-006/581208-omaha-006-065.JPG	 					wnw1/2w	169	180	13	30.18	71	67	66	65		bc	cum nimb	2				
1873-11-23	5	-16.75	-74.07	286.88		5.4		https://s3.amazonaws.com/NARAprodstorage/lz/dc-metro/rg-024/581208/2020-03/581208-omaha-006/581208-omaha-006-065.JPG	https://s3.amazonaws.com/NARAprodstorage/lz/dc-metro/rg-024/581208/2020-03/581208-omaha-006/581208-omaha-006-065.JPG	 					wnw1/2w	146	157	13	30.19	71	67	66	65		bc	cum nimb	3				
1873-11-23	6	-16.7	-74.16	286.88		5.4		https://s3.amazonaws.com/NARAprodstorage/lz/dc-metro/rg-024/581208/2020-03/581208-omaha-006/581208-omaha-006-065.JPG	https://s3.amazonaws.com/NARAprodstorage/lz/dc-metro/rg-024/581208/2020-03/581208-omaha-006/581208-omaha-006-065.JPG	 					wnw1/2w	135	146	13	30.21	71	67	66	65		bc	cum nimb	3				
1873-11-23	7	-16.66	-74.25	286.88		5.4		https://s3.amazonaws.com/NARAprodstorage/lz/dc-metro/rg-024/581208/2020-03/581208-omaha-006/581208-omaha-006-065.JPG	https://s3.amazonaws.com/NARAprodstorage/lz/dc-metro/rg-024/581208/2020-03/581208-omaha-006/581208-omaha-006-065.JPG	 					wnw1/2w	135	146	13	30.22	70	68	65	65		bc	cum nimb	3				
1873-11-23	8	-16.62	-74.34	286.88		5.6		https://s3.amazonaws.com/NARAprodstorage/lz/dc-metro/rg-024/581208/2020-03/581208-omaha-006/581208-omaha-006-065.JPG	https://s3.amazonaws.com/NARAprodstorage/lz/dc-metro/rg-024/581208/2020-03/581208-omaha-006/581208-omaha-006-065.JPG	 					wnw1/2w	135	146	13	30.22	70	68	65	65		bc	cum nimb	5				
1873-11-23	9	-16.57	-74.43	286.88		6		https://s3.amazonaws.com/NARAprodstorage/lz/dc-metro/rg-024/581208/2020-03/581208-omaha-006/581208-omaha-006-065.JPG	https://s3.amazonaws.com/NARAprodstorage/lz/dc-metro/rg-024/581208/2020-03/581208-omaha-006/581208-omaha-006-065.JPG	 					wnw1/2w	135	146	13	30.22	70	70	65	66		bc	cum nimb	5				
1873-11-23	10	-16.53	-74.52	286.88		5.4		https://s3.amazonaws.com/NARAprodstorage/lz/dc-metro/rg-024/581208/2020-03/581208-omaha-006/581208-omaha-006-065.JPG	https://s3.amazonaws.com/NARAprodstorage/lz/dc-metro/rg-024/581208/2020-03/581208-omaha-006/581208-omaha-006-065.JPG	 					wnw1/2w	135	146	13	30.22	70	70	67	66		bc	cir cum	5				
1873-11-23	11	-16.48	-74.61	286.88		6		https://s3.amazonaws.com/NARAprodstorage/lz/dc-metro/rg-024/581208/2020-03/581208-omaha-006/581208-omaha-006-065.JPG	https://s3.amazonaws.com/NARAprodstorage/lz/dc-metro/rg-024/581208/2020-03/581208-omaha-006/581208-omaha-006-065.JPG	 					wnw1/2w	135	146	13	30.2	71	70	68	66		bc	cir cum	2				
1873-11-23	12	-16.43	-74.7	286.88		5.4		https://s3.amazonaws.com/NARAprodstorage/lz/dc-metro/rg-024/581208/2020-03/581208-omaha-006/581208-omaha-006-065.JPG	https://s3.amazonaws.com/NARAprodstorage/lz/dc-metro/rg-024/581208/2020-03/581208-omaha-006/581208-omaha-006-065.JPG	 			16 26S	74 42W	wnw1/2w	135	146	13	30.2	71	70	68	66		bc	cir cum	2				
1873-11-23	13	-16.39	-74.78	286.88		5.2		https://s3.amazonaws.com/NARAprodstorage/lz/dc-metro/rg-024/581208/2020-03/581208-omaha-006/581208-omaha-006-065.JPG	https://s3.amazonaws.com/NARAprodstorage/lz/dc-metro/rg-024/581208/2020-03/581208-omaha-006/581208-omaha-006-065.JPG	 					wnw1/2w	158	168	13	30.19	72	70	68	66		bc	cir cum	4				
1873-11-23	14	-16.35	-74.86	286.88		5.4		https://s3.amazonaws.com/NARAprodstorage/lz/dc-metro/rg-024/581208/2020-03/581208-omaha-006/581208-omaha-006-065.JPG	https://s3.amazonaws.com/NARAprodstorage/lz/dc-metro/rg-024/581208/2020-03/581208-omaha-006/581208-omaha-006-065.JPG	 					wnw1/2w	158	168	13	30.19	72	70	68	66		bc	cir cum	4				
1873-11-23	15	-16.31	-74.94	286.88		5		https://s3.amazonaws.com/NARAprodstorage/lz/dc-metro/rg-024/581208/2020-03/581208-omaha-006/581208-omaha-006-065.JPG	https://s3.amazonaws.com/NARAprodstorage/lz/dc-metro/rg-024/581208/2020-03/581208-omaha-006/581208-omaha-006-065.JPG	 					wnw1/2w	158	168	13	30.19	72	70	68	66		bcm	cir cum	4				
1873-11-23	16	-16.27	-75.03	286.88		6		https://s3.amazonaws.com/NARAprodstorage/lz/dc-metro/rg-024/581208/2020-03/581208-omaha-006/581208-omaha-006-065.JPG	https://s3.amazonaws.com/NARAprodstorage/lz/dc-metro/rg-024/581208/2020-03/581208-omaha-006/581208-omaha-006-065.JPG	1600: cc WNW.					wnw1/2w	158	168	13	30.19	72	70	68	66		bcm	cir cum	4				
1873-11-23	17	-16.22	-75.11	292.5		5.6		https://s3.amazonaws.com/NARAprodstorage/lz/dc-metro/rg-024/581208/2020-03/581208-omaha-006/581208-omaha-006-065.JPG	https://s3.amazonaws.com/NARAprodstorage/lz/dc-metro/rg-024/581208/2020-03/581208-omaha-006/581208-omaha-006-065.JPG	 					wnw	158	168	13	30.16	72	70	68	66		bc	cir cum	4				
1873-11-23	18	-16.17	-75.18	292.5		5		https://s3.amazonaws.com/NARAprodstorage/lz/dc-metro/rg-024/581208/2020-03/581208-omaha-006/581208-omaha-006-065.JPG	https://s3.amazonaws.com/NARAprodstorage/lz/dc-metro/rg-024/581208/2020-03/581208-omaha-006/581208-omaha-006-065.JPG	 					wnw	158	168	13	30.16	72	70	68	66		bc	cir cum	5				
1873-11-23	19	-16.13	-75.24	292.5		4.6		https://s3.amazonaws.com/NARAprodstorage/lz/dc-metro/rg-024/581208/2020-03/581208-omaha-006/581208-omaha-006-065.JPG	https://s3.amazonaws.com/NARAprodstorage/lz/dc-metro/rg-024/581208/2020-03/581208-omaha-006/581208-omaha-006-065.JPG	 					wnw	158	168	13	30.18	72	69	67	66		bc	cir cum	5				
1873-11-23	20	-16.08	-75.32	292.5		5		https://s3.amazonaws.com/NARAprodstorage/lz/dc-metro/rg-024/581208/2020-03/581208-omaha-006/581208-omaha-006-065.JPG	https://s3.amazonaws.com/NARAprodstorage/lz/dc-metro/rg-024/581208/2020-03/581208-omaha-006/581208-omaha-006-065.JPG	 					wnw	158	168	13	30.18	72	69	67	66		bc	cir	6				
1873-11-23	21	-16.04	-75.39	292.5		5		https://s3.amazonaws.com/NARAprodstorage/lz/dc-metro/rg-024/581208/2020-03/581208-omaha-006/581208-omaha-006-065.JPG	https://s3.amazonaws.com/NARAprodstorage/lz/dc-metro/rg-024/581208/2020-03/581208-omaha-006/581208-omaha-006-065.JPG	 					wnw	180	191	13	30.2	72	69	66	66		bc	cir	8				
1873-11-23	22	-15.98	-75.47	292.5		6		https://s3.amazonaws.com/NARAprodstorage/lz/dc-metro/rg-024/581208/2020-03/581208-omaha-006/581208-omaha-006-065.JPG	https://s3.amazonaws.com/NARAprodstorage/lz/dc-metro/rg-024/581208/2020-03/581208-omaha-006/581208-omaha-006-065.JPG	 					wnw	202	214	19	30.21	72	67	66	66		bc	cir	7				
1873-11-23	23	-15.92	-75.57	292.5		7		https://s3.amazonaws.com/NARAprodstorage/lz/dc-metro/rg-024/581208/2020-03/581208-omaha-006/581208-omaha-006-065.JPG	https://s3.amazonaws.com/NARAprodstorage/lz/dc-metro/rg-024/581208/2020-03/581208-omaha-006/581208-omaha-006-065.JPG	 					wnw	180	191	19	30.21	71	67	65	66		b	none	10				
1873-11-23	24	-15.86	-75.67	292.5		6.6		https://s3.amazonaws.com/NARAprodstorage/lz/dc-metro/rg-024/581208/2020-03/581208-omaha-006/581208-omaha-006-065.JPG	https://s3.amazonaws.com/NARAprodstorage/lz/dc-metro/rg-024/581208/2020-03/581208-omaha-006/581208-omaha-006-065.JPG	 					wnw	180	191	19	30.21	71	67	65	66		b	none	10				
1873-11-24	1	-15.8	-75.76	292.5		6.4		https://s3.amazonaws.com/NARAprodstorage/lz/dc-metro/rg-024/581208/2020-03/581208-omaha-006/581208-omaha-006-066.JPG	https://s3.amazonaws.com/NARAprodstorage/lz/dc-metro/rg-024/581208/2020-03/581208-omaha-006/581208-omaha-006-066.JPG	 					wnw	112	124	13	30.18	70	67	65	65		bc	nim cum	8				
1873-11-24	2	-15.73	-75.86	292.5		7		https://s3.amazonaws.com/NARAprodstorage/lz/dc-metro/rg-024/581208/2020-03/581208-omaha-006/581208-omaha-006-066.JPG	https://s3.amazonaws.com/NARAprodstorage/lz/dc-metro/rg-024/581208/2020-03/581208-omaha-006/581208-omaha-006-066.JPG	 					wnw	112	124	13	30.18	70	66	64	65		bc	nim cum	9				
1873-11-24	3	-15.67	-75.95	292.5		6.4		https://s3.amazonaws.com/NARAprodstorage/lz/dc-metro/rg-024/581208/2020-03/581208-omaha-006/581208-omaha-006-066.JPG	https://s3.amazonaws.com/NARAprodstorage/lz/dc-metro/rg-024/581208/2020-03/581208-omaha-006/581208-omaha-006-066.JPG	 					wnw	112	124	13	30.15	69	66	64	65		bc	nim cum	6				
1873-11-24	4	-15.62	-76.04	292.5		6.2		https://s3.amazonaws.com/NARAprodstorage/lz/dc-metro/rg-024/581208/2020-03/581208-omaha-006/581208-omaha-006-066.JPG	https://s3.amazonaws.com/NARAprodstorage/lz/dc-metro/rg-024/581208/2020-03/581208-omaha-006/581208-omaha-006-066.JPG	0400: cc nwxw.					wnw	112	124	13	30.15	69	66	64	65		bc	nim cum	5				
1873-11-24	5	-15.55	-76.1	303.75		5.6		https://s3.amazonaws.com/NARAprodstorage/lz/dc-metro/rg-024/581208/2020-03/581208-omaha-006/581208-omaha-006-066.JPG	https://s3.amazonaws.com/NARAprodstorage/lz/dc-metro/rg-024/581208/2020-03/581208-omaha-006/581208-omaha-006-066.JPG	 					nwxw	158	168	8	30.15	69	66	64	65		bc	nim cum	0				
1873-11-24	6	-15.49	-76.17	303.75		5.4		https://s3.amazonaws.com/NARAprodstorage/lz/dc-metro/rg-024/581208/2020-03/581208-omaha-006/581208-omaha-006-066.JPG	https://s3.amazonaws.com/NARAprodstorage/lz/dc-metro/rg-024/581208/2020-03/581208-omaha-006/581208-omaha-006-066.JPG	 					nwxw	158	168	8	30.15	69	66	64	65		bc	nim cum	2				
1873-11-24	7	-15.44	-76.22	303.75		4.4		https://s3.amazonaws.com/NARAprodstorage/lz/dc-metro/rg-024/581208/2020-03/581208-omaha-006/581208-omaha-006-066.JPG	https://s3.amazonaws.com/NARAprodstorage/lz/dc-metro/rg-024/581208/2020-03/581208-omaha-006/581208-omaha-006-066.JPG	 					nwxw	158	168	8	30.2	70	68	65	65		bc	nim cum	2				
1873-11-24	8	-15.38	-76.28	303.75		5		https://s3.amazonaws.com/NARAprodstorage/lz/dc-metro/rg-024/581208/2020-03/581208-omaha-006/581208-omaha-006-066.JPG	https://s3.amazonaws.com/NARAprodstorage/lz/dc-metro/rg-024/581208/2020-03/581208-omaha-006/581208-omaha-006-066.JPG	 					nwxw	158	168	8	30.2	70	68	65	65		bc	cir cum	4				
1873-11-24	9	-15.32	-76.35	303.75		5.2		https://s3.amazonaws.com/NARAprodstorage/lz/dc-metro/rg-024/581208/2020-03/581208-omaha-006/581208-omaha-006-066.JPG	https://s3.amazonaws.com/NARAprodstorage/lz/dc-metro/rg-024/581208/2020-03/581208-omaha-006/581208-omaha-006-066.JPG	0900: cc NW.					nwxw	158	168	13	30.2	70	68	65	65		bc	cir cum	2				
1873-11-24	10	-15.25	-76.39	315		5		https://s3.amazonaws.com/NARAprodstorage/lz/dc-metro/rg-024/581208/2020-03/581208-omaha-006/581208-omaha-006-066.JPG	https://s3.amazonaws.com/NARAprodstorage/lz/dc-metro/rg-024/581208/2020-03/581208-omaha-006/581208-omaha-006-066.JPG	 					nw	158	168	13	30.22	70	68	67	66		bc	cir cum	5				
1873-11-24	11	-15.18	-76.44	315		5		https://s3.amazonaws.com/NARAprodstorage/lz/dc-metro/rg-024/581208/2020-03/581208-omaha-006/581208-omaha-006-066.JPG	https://s3.amazonaws.com/NARAprodstorage/lz/dc-metro/rg-024/581208/2020-03/581208-omaha-006/581208-omaha-006-066.JPG	 					nw	158	168	13	30.22	70	68	67	66		bc	cir cum	4				
1873-11-24	12	-15.12	-76.48	315		4.6		https://s3.amazonaws.com/NARAprodstorage/lz/dc-metro/rg-024/581208/2020-03/581208-omaha-006/581208-omaha-006-066.JPG	https://s3.amazonaws.com/NARAprodstorage/lz/dc-metro/rg-024/581208/2020-03/581208-omaha-006/581208-omaha-006-066.JPG	 			15 7S	76 29W	nw	158	168	13	30.22	72	70	68	66		bc	cir cum	5				
1873-11-24	13	-15.05	-76.53	315		4.2		https://s3.amazonaws.com/NARAprodstorage/lz/dc-metro/rg-024/581208/2020-03/581208-omaha-006/581208-omaha-006-066.JPG	https://s3.amazonaws.com/NARAprodstorage/lz/dc-metro/rg-024/581208/2020-03/581208-omaha-006/581208-omaha-006-066.JPG	1300: cc NWxN.					nw	158	168	8	30.23	72	71	67	67		bc	cum nim	2				
1873-11-24	14	-14.97	-76.57	326.25		4.4		https://s3.amazonaws.com/NARAprodstorage/lz/dc-metro/rg-024/581208/2020-03/581208-omaha-006/581208-omaha-006-066.JPG	https://s3.amazonaws.com/NARAprodstorage/lz/dc-metro/rg-024/581208/2020-03/581208-omaha-006/581208-omaha-006-066.JPG	 					nwxn	146	157	8	30.2	73	72	67	67		bc	cum nim	2				
1873-11-24	15	-14.89	-76.61	326.25		5		https://s3.amazonaws.com/NARAprodstorage/lz/dc-metro/rg-024/581208/2020-03/581208-omaha-006/581208-omaha-006-066.JPG	https://s3.amazonaws.com/NARAprodstorage/lz/dc-metro/rg-024/581208/2020-03/581208-omaha-006/581208-omaha-006-066.JPG	 					nwxn	146	157	8	30.2	73	72	67	67		bc	cum nim	2				
1873-11-24	16	-14.8	-76.65	326.25		4.6		https://s3.amazonaws.com/NARAprodstorage/lz/dc-metro/rg-024/581208/2020-03/581208-omaha-006/581208-omaha-006-066.JPG	https://s3.amazonaws.com/NARAprodstorage/lz/dc-metro/rg-024/581208/2020-03/581208-omaha-006/581208-omaha-006-066.JPG	 					nwxn	146	157	8	30.2	73	72	67	68		bc	cir cum nimb	4				
1873-11-24	17	-14.73	-76.68	326.25		4.2		https://s3.amazonaws.com/NARAprodstorage/lz/dc-metro/rg-024/581208/2020-03/581208-omaha-006/581208-omaha-006-066.JPG	https://s3.amazonaws.com/NARAprodstorage/lz/dc-metro/rg-024/581208/2020-03/581208-omaha-006/581208-omaha-006-066.JPG	 					nwxn	146	157	8	30.2	73	72	67	68		bc	cir cum nimb	4				
1873-11-24	18	-14.66	-76.72	326.25		4		https://s3.amazonaws.com/NARAprodstorage/lz/dc-metro/rg-024/581208/2020-03/581208-omaha-006/581208-omaha-006-066.JPG	https://s3.amazonaws.com/NARAprodstorage/lz/dc-metro/rg-024/581208/2020-03/581208-omaha-006/581208-omaha-006-066.JPG	 					nwxn	146	157	8	30.2	73	72	67	68		bc	cir cum nimb	4				
1873-11-24	19	-14.59	-76.75	326.25		3.6		https://s3.amazonaws.com/NARAprodstorage/lz/dc-metro/rg-024/581208/2020-03/581208-omaha-006/581208-omaha-006-066.JPG	https://s3.amazonaws.com/NARAprodstorage/lz/dc-metro/rg-024/581208/2020-03/581208-omaha-006/581208-omaha-006-066.JPG	 					nwxn	146	157	8	30.22	71	69	66	66		bc	cir cum	4				
1873-11-24	20	-14.52	-76.78	326.25		4		https://s3.amazonaws.com/NARAprodstorage/lz/dc-metro/rg-024/581208/2020-03/581208-omaha-006/581208-omaha-006-066.JPG	https://s3.amazonaws.com/NARAprodstorage/lz/dc-metro/rg-024/581208/2020-03/581208-omaha-006/581208-omaha-006-066.JPG	 					nwxn	146	157	8	30.22	72	68	66	65		bc	cir cum	4				
1873-11-24	21	-14.46	-76.81	326.25		3.4		https://s3.amazonaws.com/NARAprodstorage/lz/dc-metro/rg-024/581208/2020-03/581208-omaha-006/581208-omaha-006-066.JPG	https://s3.amazonaws.com/NARAprodstorage/lz/dc-metro/rg-024/581208/2020-03/581208-omaha-006/581208-omaha-006-066.JPG	 					nwxn	146	157	8	30.25	72	68	66	65		bc	cir cum	4				
1873-11-24	22	-14.4	-76.84	326.25		3		https://s3.amazonaws.com/NARAprodstorage/lz/dc-metro/rg-024/581208/2020-03/581208-omaha-006/581208-omaha-006-066.JPG	https://s3.amazonaws.com/NARAprodstorage/lz/dc-metro/rg-024/581208/2020-03/581208-omaha-006/581208-omaha-006-066.JPG	 					nwxn	146	157	8	30.28	72	68	66	65		bc	cir cum	4				
1873-11-24	23	-14.35	-76.87	326.25		3.2		https://s3.amazonaws.com/NARAprodstorage/lz/dc-metro/rg-024/581208/2020-03/581208-omaha-006/581208-omaha-006-066.JPG	https://s3.amazonaws.com/NARAprodstorage/lz/dc-metro/rg-024/581208/2020-03/581208-omaha-006/581208-omaha-006-066.JPG	 					nwxn	146	157	8	30.28	72	66	65	64		bc	cir cum	6				
1873-11-24	24	-14.28	-76.9	326.25		3.4		https://s3.amazonaws.com/NARAprodstorage/lz/dc-metro/rg-024/581208/2020-03/581208-omaha-006/581208-omaha-006-066.JPG	https://s3.amazonaws.com/NARAprodstorage/lz/dc-metro/rg-024/581208/2020-03/581208-omaha-006/581208-omaha-006-066.JPG	 					nwxn	158	168	8	30.28	72	66	65	64		bc	cir cum	6				
1873-11-25	1	-14.22	-76.93	326.25		3.4		https://s3.amazonaws.com/NARAprodstorage/lz/dc-metro/rg-024/581208/2020-03/581208-omaha-006/581208-omaha-006-067.JPG	https://s3.amazonaws.com/NARAprodstorage/lz/dc-metro/rg-024/581208/2020-03/581208-omaha-006/581208-omaha-006-067.JPG						nwxn	191	202	3	30.23	71	67	65	64		oc	cum niom	1				
1873-11-25	2	-14.16	-76.96	326.25		3.4		https://s3.amazonaws.com/NARAprodstorage/lz/dc-metro/rg-024/581208/2020-03/581208-omaha-006/581208-omaha-006-067.JPG	https://s3.amazonaws.com/NARAprodstorage/lz/dc-metro/rg-024/581208/2020-03/581208-omaha-006/581208-omaha-006-067.JPG	 					nwxn	191	202	3	30.23	71	67	65	64		bc	cum niom	0				
1873-11-25	3	-14.09	-76.99	326.25		4		https://s3.amazonaws.com/NARAprodstorage/lz/dc-metro/rg-024/581208/2020-03/581208-omaha-006/581208-omaha-006-067.JPG	https://s3.amazonaws.com/NARAprodstorage/lz/dc-metro/rg-024/581208/2020-03/581208-omaha-006/581208-omaha-006-067.JPG	 					nwxn	191	202	5	30.2	70	66	65	64		bc	cum niom	3				
1873-11-25	4	-14.03	-77.02	326.25		3		https://s3.amazonaws.com/NARAprodstorage/lz/dc-metro/rg-024/581208/2020-03/581208-omaha-006/581208-omaha-006-067.JPG	https://s3.amazonaws.com/NARAprodstorage/lz/dc-metro/rg-024/581208/2020-03/581208-omaha-006/581208-omaha-006-067.JPG	 					nwxn	191	202	3	30.2	70	66	65	64		oc	cum niom	0				
1873-11-25	5	-13.96	-77.06	326.25		4		https://s3.amazonaws.com/NARAprodstorage/lz/dc-metro/rg-024/581208/2020-03/581208-omaha-006/581208-omaha-006-067.JPG	https://s3.amazonaws.com/NARAprodstorage/lz/dc-metro/rg-024/581208/2020-03/581208-omaha-006/581208-omaha-006-067.JPG	 					nwxn	191	202	8	30.2	70	66	65	64		oc	cum niom	0				
1873-11-25	6	-13.89	-77.09	326.25		4		https://s3.amazonaws.com/NARAprodstorage/lz/dc-metro/rg-024/581208/2020-03/581208-omaha-006/581208-omaha-006-067.JPG	https://s3.amazonaws.com/NARAprodstorage/lz/dc-metro/rg-024/581208/2020-03/581208-omaha-006/581208-omaha-006-067.JPG	 					nwxn	191	202	8	30.24	70	66	65	65		oc	cum niom	0				
1873-11-25	7	-13.82	-77.12	326.25		4		https://s3.amazonaws.com/NARAprodstorage/lz/dc-metro/rg-024/581208/2020-03/581208-omaha-006/581208-omaha-006-067.JPG	https://s3.amazonaws.com/NARAprodstorage/lz/dc-metro/rg-024/581208/2020-03/581208-omaha-006/581208-omaha-006-067.JPG	 					nwxn	191	202	8	30.24	70	68	65	65		oc	cum niom	0				
1873-11-25	8	-13.75	-77.16	326.25		4		https://s3.amazonaws.com/NARAprodstorage/lz/dc-metro/rg-024/581208/2020-03/581208-omaha-006/581208-omaha-006-067.JPG	https://s3.amazonaws.com/NARAprodstorage/lz/dc-metro/rg-024/581208/2020-03/581208-omaha-006/581208-omaha-006-067.JPG	0810: cc NNW. 0825 cc NxW.					nwxn	191	202	8	30.27	71	68	65	65		oc	cum niom	0				
1873-11-25	9	-13.65	-77.18	342		5.1		https://s3.amazonaws.com/NARAprodstorage/lz/dc-metro/rg-024/581208/2020-03/581208-omaha-006/581208-omaha-006-067.JPG	https://s3.amazonaws.com/NARAprodstorage/lz/dc-metro/rg-024/581208/2020-03/581208-omaha-006/581208-omaha-006-067.JPG	 					nnw|nxw	158	168	8	30.29	71	68	66	65		bc	cir cum	4				
1873-11-25	10	-13.56	-77.18	348.75		4.6		https://s3.amazonaws.com/NARAprodstorage/lz/dc-metro/rg-024/581208/2020-03/581208-omaha-006/581208-omaha-006-067.JPG	https://s3.amazonaws.com/NARAprodstorage/lz/dc-metro/rg-024/581208/2020-03/581208-omaha-006/581208-omaha-006-067.JPG	 					nxw	158	168	8	30.29	71	68	66	65		bc	cir cum	4				
1873-11-25	11	-13.49	-77.19	348.75		3.6		https://s3.amazonaws.com/NARAprodstorage/lz/dc-metro/rg-024/581208/2020-03/581208-omaha-006/581208-omaha-006-067.JPG	https://s3.amazonaws.com/NARAprodstorage/lz/dc-metro/rg-024/581208/2020-03/581208-omaha-006/581208-omaha-006-067.JPG	 					nxw	158	168	8	30.29	71	68	66	65		bc	cir cum	8				
1873-11-25	12	-13.42	-77.2	348.75		4		https://s3.amazonaws.com/NARAprodstorage/lz/dc-metro/rg-024/581208/2020-03/581208-omaha-006/581208-omaha-006-067.JPG	https://s3.amazonaws.com/NARAprodstorage/lz/dc-metro/rg-024/581208/2020-03/581208-omaha-006/581208-omaha-006-067.JPG	 			13 25S	77 12W	nxw	169	180	8	30.29	71	68	66	65		bc	cir cum	8				
1873-11-25	13	-13.34	-77.21	348.75		4		https://s3.amazonaws.com/NARAprodstorage/lz/dc-metro/rg-024/581208/2020-03/581208-omaha-006/581208-omaha-006-067.JPG	https://s3.amazonaws.com/NARAprodstorage/lz/dc-metro/rg-024/581208/2020-03/581208-omaha-006/581208-omaha-006-067.JPG	 					nxw	169	180	8	30.23	72	71	69	65		bc	cir cum	8				
1873-11-25	14	-13.26	-77.22	348.75		4		https://s3.amazonaws.com/NARAprodstorage/lz/dc-metro/rg-024/581208/2020-03/581208-omaha-006/581208-omaha-006-067.JPG	https://s3.amazonaws.com/NARAprodstorage/lz/dc-metro/rg-024/581208/2020-03/581208-omaha-006/581208-omaha-006-067.JPG	 					nxw	169	180	8	30.23	72	71	69	65		bc	cir cum	8				
1873-11-25	15	-13.18	-77.24	348.75		3.6		https://s3.amazonaws.com/NARAprodstorage/lz/dc-metro/rg-024/581208/2020-03/581208-omaha-006/581208-omaha-006-067.JPG	https://s3.amazonaws.com/NARAprodstorage/lz/dc-metro/rg-024/581208/2020-03/581208-omaha-006/581208-omaha-006-067.JPG	1500: cc N1/2W.					nxw	169	180	8	30.21	72	71	69	65		bc	cir cum	8				
1873-11-25	16	-13.11	-77.25	348.75		3.6		https://s3.amazonaws.com/NARAprodstorage/lz/dc-metro/rg-024/581208/2020-03/581208-omaha-006/581208-omaha-006-067.JPG	https://s3.amazonaws.com/NARAprodstorage/lz/dc-metro/rg-024/581208/2020-03/581208-omaha-006/581208-omaha-006-067.JPG	 					nxw	169	180	8	30.21	72	71	69	65		bc	cir cum	7				
1873-11-25	17	-13.03	-77.26	348.75		4.2		https://s3.amazonaws.com/NARAprodstorage/lz/dc-metro/rg-024/581208/2020-03/581208-omaha-006/581208-omaha-006-067.JPG	https://s3.amazonaws.com/NARAprodstorage/lz/dc-metro/rg-024/581208/2020-03/581208-omaha-006/581208-omaha-006-067.JPG	 					nxw	169	180	8	30.2	73	70	68	65		bc	cir cum	7				
1873-11-25	18	-12.94	-77.27	348.75		4.6		https://s3.amazonaws.com/NARAprodstorage/lz/dc-metro/rg-024/581208/2020-03/581208-omaha-006/581208-omaha-006-067.JPG	https://s3.amazonaws.com/NARAprodstorage/lz/dc-metro/rg-024/581208/2020-03/581208-omaha-006/581208-omaha-006-067.JPG	 					nxw	169	180	8	30.2	73	70	68	65		bc	cir cum	6				
1873-11-25	19	-12.84	-77.28	348.75		5		https://s3.amazonaws.com/NARAprodstorage/lz/dc-metro/rg-024/581208/2020-03/581208-omaha-006/581208-omaha-006-067.JPG	https://s3.amazonaws.com/NARAprodstorage/lz/dc-metro/rg-024/581208/2020-03/581208-omaha-006/581208-omaha-006-067.JPG	 					nxw	169	180	8	30.2	73	70	68	65		bc	cir cum nimb	8				
1873-11-25	20	-12.75	-77.3	348.75		4.4		https://s3.amazonaws.com/NARAprodstorage/lz/dc-metro/rg-024/581208/2020-03/581208-omaha-006/581208-omaha-006-067.JPG	https://s3.amazonaws.com/NARAprodstorage/lz/dc-metro/rg-024/581208/2020-03/581208-omaha-006/581208-omaha-006-067.JPG	2020: cc NxW.					nxw	169	180	8	30.2	73	70	68	65		bc	cir cum nimb	8				
1873-11-25	21	-12.67	-77.31	351		4.2		https://s3.amazonaws.com/NARAprodstorage/lz/dc-metro/rg-024/581208/2020-03/581208-omaha-006/581208-omaha-006-067.JPG	https://s3.amazonaws.com/NARAprodstorage/lz/dc-metro/rg-024/581208/2020-03/581208-omaha-006/581208-omaha-006-067.JPG	 					n1/2w|nxw	169	180	13	30.22	72	69	67	66		bc	cir cum	8				
1873-11-25	22	-12.58	-77.32	348.75		4.4		https://s3.amazonaws.com/NARAprodstorage/lz/dc-metro/rg-024/581208/2020-03/581208-omaha-006/581208-omaha-006-067.JPG	https://s3.amazonaws.com/NARAprodstorage/lz/dc-metro/rg-024/581208/2020-03/581208-omaha-006/581208-omaha-006-067.JPG	 					nxw	169	180	13	30.23	71	68	67	65		bc	cir cum	7				
1873-11-25	23	-12.48	-77.33	348.75		5		https://s3.amazonaws.com/NARAprodstorage/lz/dc-metro/rg-024/581208/2020-03/581208-omaha-006/581208-omaha-006-067.JPG	https://s3.amazonaws.com/NARAprodstorage/lz/dc-metro/rg-024/581208/2020-03/581208-omaha-006/581208-omaha-006-067.JPG	 					nxw	169	180	13	30.23	73	69	67	63		bc	cir cum	8				
1873-11-25	24	-12.39	-77.34	348.75		5		https://s3.amazonaws.com/NARAprodstorage/lz/dc-metro/rg-024/581208/2020-03/581208-omaha-006/581208-omaha-006-067.JPG	https://s3.amazonaws.com/NARAprodstorage/lz/dc-metro/rg-024/581208/2020-03/581208-omaha-006/581208-omaha-006-067.JPG	 					nxw	169	180	13	30.2	71	68	66	63		bc	cir cum	8				
1873-11-26	1	-12.3	-77.35	348.75		4.6		https://s3.amazonaws.com/NARAprodstorage/lz/dc-metro/rg-024/581208/2020-03/581208-omaha-006/581208-omaha-006-068.JPG	https://s3.amazonaws.com/NARAprodstorage/lz/dc-metro/rg-024/581208/2020-03/581208-omaha-006/581208-omaha-006-068.JPG	 					nxw	158	168	13	30.2	71	68	66	66		bc	cir cum nimb	4				
1873-11-26	2	-12.21	-77.37	348.75		4.2		https://s3.amazonaws.com/NARAprodstorage/lz/dc-metro/rg-024/581208/2020-03/581208-omaha-006/581208-omaha-006-068.JPG	https://s3.amazonaws.com/NARAprodstorage/lz/dc-metro/rg-024/581208/2020-03/581208-omaha-006/581208-omaha-006-068.JPG	 					nxw	158	168	13	30.15	71	68	66	66		bc	cir cum nimb	1				
1873-11-26	3	-12.14	-77.38	348.75		3.4		https://s3.amazonaws.com/NARAprodstorage/lz/dc-metro/rg-024/581208/2020-03/581208-omaha-006/581208-omaha-006-068.JPG	https://s3.amazonaws.com/NARAprodstorage/lz/dc-metro/rg-024/581208/2020-03/581208-omaha-006/581208-omaha-006-068.JPG	 					nxw	135	146	13	30.15	71	68	66	66		oc	cum nimb	0				
1873-11-26	4	-12.13	-77.39	247.5		0.4		https://s3.amazonaws.com/NARAprodstorage/lz/dc-metro/rg-024/581208/2020-03/581208-omaha-006/581208-omaha-006-068.JPG	https://s3.amazonaws.com/NARAprodstorage/lz/dc-metro/rg-024/581208/2020-03/581208-omaha-006/581208-omaha-006-068.JPG	 					wsw	124	135	13	30.15	71	68	66	66		oc	cum nimb	0				
1873-11-26	5	-12.11	-77.41	326.25		0.6		https://s3.amazonaws.com/NARAprodstorage/lz/dc-metro/rg-024/581208/2020-03/581208-omaha-006/581208-omaha-006-068.JPG	https://s3.amazonaws.com/NARAprodstorage/lz/dc-metro/rg-024/581208/2020-03/581208-omaha-006/581208-omaha-006-068.JPG	 					nwxn	146	157	13	30.18	71	66	65	66		oc	cum nimb	0				
1873-11-26	6	-12.09	-77.42	326.25		0.6		https://s3.amazonaws.com/NARAprodstorage/lz/dc-metro/rg-024/581208/2020-03/581208-omaha-006/581208-omaha-006-068.JPG	https://s3.amazonaws.com/NARAprodstorage/lz/dc-metro/rg-024/581208/2020-03/581208-omaha-006/581208-omaha-006-068.JPG	 					nwxn	146	157	13	30.2	71	66	65	66		oc	cum nimb	0				
1873-11-26	7	-12.06	-77.44	326.25		0.6		https://s3.amazonaws.com/NARAprodstorage/lz/dc-metro/rg-024/581208/2020-03/581208-omaha-006/581208-omaha-006-068.JPG	https://s3.amazonaws.com/NARAprodstorage/lz/dc-metro/rg-024/581208/2020-03/581208-omaha-006/581208-omaha-006-068.JPG	0700: Stood to N+E.					nwxn	146	157	13	30.2	71	66	65	66		bcm	cum nimb	0				
1873-11-26	8	-12.03	-77.36	67.5		5.4		https://s3.amazonaws.com/NARAprodstorage/lz/dc-metro/rg-024/581208/2020-03/581208-omaha-006/581208-omaha-006-068.JPG	https://s3.amazonaws.com/NARAprodstorage/lz/dc-metro/rg-024/581208/2020-03/581208-omaha-006/581208-omaha-006-068.JPG	 					ene	146	157	13	30.2	71	66	65	66		bcm	cum nimb	0				
1873-11-26	9	-12.04	-77.26	90		6.4		https://s3.amazonaws.com/NARAprodstorage/lz/dc-metro/rg-024/581208/2020-03/581208-omaha-006/581208-omaha-006-068.JPG	https://s3.amazonaws.com/NARAprodstorage/lz/dc-metro/rg-024/581208/2020-03/581208-omaha-006/581208-omaha-006-068.JPG	 					e	146	157	13	30.2	71	66	65	66		bcm	cum nimb	0				
1873-11-26	10	-12.06	-77.17	101.25		6.4		https://s3.amazonaws.com/NARAprodstorage/lz/dc-metro/rg-024/581208/2020-03/581208-omaha-006/581208-omaha-006-068.JPG	https://s3.amazonaws.com/NARAprodstorage/lz/dc-metro/rg-024/581208/2020-03/581208-omaha-006/581208-omaha-006-068.JPG	1030: Anchored. Anchored. Brgs: San Lorenzo Id: SW3/4W; E end San Lorenzo Id: SxW; E end   Id S1/4E.					exs	146	157	13	30.2	71	66	65	66		bcm	cum nimb	0			1024: USS Onward.	
1873-11-26	11	-12.06	-77.17			a		https://s3.amazonaws.com/NARAprodstorage/lz/dc-metro/rg-024/581208/2020-03/581208-omaha-006/581208-omaha-006-068.JPG	https://s3.amazonaws.com/NARAprodstorage/lz/dc-metro/rg-024/581208/2020-03/581208-omaha-006/581208-omaha-006-068.JPG	 						180	191	8	30.2	71	66	65	66		oc	cum nimb	6				
1873-11-26	12	-12.06	-77.17			a		https://s3.amazonaws.com/NARAprodstorage/lz/dc-metro/rg-024/581208/2020-03/581208-omaha-006/581208-omaha-006-068.JPG	https://s3.amazonaws.com/NARAprodstorage/lz/dc-metro/rg-024/581208/2020-03/581208-omaha-006/581208-omaha-006-068.JPG	"Noon: Callao, Peru."						180	191	5	30.24	71	66	65	66		oc	cum nimb	6				
1873-11-26	13	-12.06	-77.17			a		https://s3.amazonaws.com/NARAprodstorage/lz/dc-metro/rg-024/581208/2020-03/581208-omaha-006/581208-omaha-006-068.JPG	https://s3.amazonaws.com/NARAprodstorage/lz/dc-metro/rg-024/581208/2020-03/581208-omaha-006/581208-omaha-006-068.JPG	 						135	146	8	30.23	71	68	66			ocf	nimb	0				
1873-11-26	14	-12.06	-77.17			a		https://s3.amazonaws.com/NARAprodstorage/lz/dc-metro/rg-024/581208/2020-03/581208-omaha-006/581208-omaha-006-068.JPG	https://s3.amazonaws.com/NARAprodstorage/lz/dc-metro/rg-024/581208/2020-03/581208-omaha-006/581208-omaha-006-068.JPG	 						135	146	8	30.23	71	68	66			ocf	nimb	0				
1873-11-26	15	-12.06	-77.17			a		https://s3.amazonaws.com/NARAprodstorage/lz/dc-metro/rg-024/581208/2020-03/581208-omaha-006/581208-omaha-006-068.JPG	https://s3.amazonaws.com/NARAprodstorage/lz/dc-metro/rg-024/581208/2020-03/581208-omaha-006/581208-omaha-006-068.JPG	 						135	146	8	30.23	71	68	66			ocf	nimb	0				
1873-11-26	16	-12.06	-77.17			a		https://s3.amazonaws.com/NARAprodstorage/lz/dc-metro/rg-024/581208/2020-03/581208-omaha-006/581208-omaha-006-068.JPG	https://s3.amazonaws.com/NARAprodstorage/lz/dc-metro/rg-024/581208/2020-03/581208-omaha-006/581208-omaha-006-068.JPG	 						135	146	8	30.23	71	67	65			ocf	nimb	0				
1873-11-26	17	-12.06	-77.17			a		https://s3.amazonaws.com/NARAprodstorage/lz/dc-metro/rg-024/581208/2020-03/581208-omaha-006/581208-omaha-006-068.JPG	https://s3.amazonaws.com/NARAprodstorage/lz/dc-metro/rg-024/581208/2020-03/581208-omaha-006/581208-omaha-006-068.JPG	 						158	168	13	30.23	70	67	65			oc	nimb	0				
1873-11-26	18	-12.06	-77.17			a		https://s3.amazonaws.com/NARAprodstorage/lz/dc-metro/rg-024/581208/2020-03/581208-omaha-006/581208-omaha-006-068.JPG	https://s3.amazonaws.com/NARAprodstorage/lz/dc-metro/rg-024/581208/2020-03/581208-omaha-006/581208-omaha-006-068.JPG	 						158	168	13	30.15	70	67	65			bc	cum nimb	3				
1873-11-26	19	-12.06	-77.17			a		https://s3.amazonaws.com/NARAprodstorage/lz/dc-metro/rg-024/581208/2020-03/581208-omaha-006/581208-omaha-006-068.JPG	https://s3.amazonaws.com/NARAprodstorage/lz/dc-metro/rg-024/581208/2020-03/581208-omaha-006/581208-omaha-006-068.JPG	 						158	168	13	30.15	70	65	65			bc	cum nimb	4				
1873-11-26	20	-12.06	-77.17			a		https://s3.amazonaws.com/NARAprodstorage/lz/dc-metro/rg-024/581208/2020-03/581208-omaha-006/581208-omaha-006-068.JPG	https://s3.amazonaws.com/NARAprodstorage/lz/dc-metro/rg-024/581208/2020-03/581208-omaha-006/581208-omaha-006-068.JPG	 						146	157	13	30.12	70	65	65			bc	cum nimb	4				
1873-11-26	21	-12.06	-77.17			a		https://s3.amazonaws.com/NARAprodstorage/lz/dc-metro/rg-024/581208/2020-03/581208-omaha-006/581208-omaha-006-068.JPG	https://s3.amazonaws.com/NARAprodstorage/lz/dc-metro/rg-024/581208/2020-03/581208-omaha-006/581208-omaha-006-068.JPG	 						146	157	13	30.12	70	65	65			bc	cum nimb	4				
1873-11-26	22	-12.06	-77.17			a		https://s3.amazonaws.com/NARAprodstorage/lz/dc-metro/rg-024/581208/2020-03/581208-omaha-006/581208-omaha-006-068.JPG	https://s3.amazonaws.com/NARAprodstorage/lz/dc-metro/rg-024/581208/2020-03/581208-omaha-006/581208-omaha-006-068.JPG	 						146	157	13	30.12	70	65	65			bc	cum nimb	4				
1873-11-26	23	-12.06	-77.17			a		https://s3.amazonaws.com/NARAprodstorage/lz/dc-metro/rg-024/581208/2020-03/581208-omaha-006/581208-omaha-006-068.JPG	https://s3.amazonaws.com/NARAprodstorage/lz/dc-metro/rg-024/581208/2020-03/581208-omaha-006/581208-omaha-006-068.JPG	 						146	157	13	30.12	70	65	65			bc	cum nimb	4				
1873-11-26	24	-12.06	-77.17			a		https://s3.amazonaws.com/NARAprodstorage/lz/dc-metro/rg-024/581208/2020-03/581208-omaha-006/581208-omaha-006-068.JPG	https://s3.amazonaws.com/NARAprodstorage/lz/dc-metro/rg-024/581208/2020-03/581208-omaha-006/581208-omaha-006-068.JPG	 						146	157	13	30.12	70	65	65			bc	cum nimb	4				
1873-11-27	1	-12.06	-77.17			a		https://s3.amazonaws.com/NARAprodstorage/lz/dc-metro/rg-024/581208/2020-03/581208-omaha-006/581208-omaha-006-069.JPG	https://s3.amazonaws.com/NARAprodstorage/lz/dc-metro/rg-024/581208/2020-03/581208-omaha-006/581208-omaha-006-069.JPG	 						135	146	5	30.1	68	64	63			oc	cum nim	0				
1873-11-27	2	-12.06	-77.17			a		https://s3.amazonaws.com/NARAprodstorage/lz/dc-metro/rg-024/581208/2020-03/581208-omaha-006/581208-omaha-006-069.JPG	https://s3.amazonaws.com/NARAprodstorage/lz/dc-metro/rg-024/581208/2020-03/581208-omaha-006/581208-omaha-006-069.JPG	 						135	146	8	30.1	68	64	63			oc	cum nim	0				
1873-11-27	3	-12.06	-77.17			a		https://s3.amazonaws.com/NARAprodstorage/lz/dc-metro/rg-024/581208/2020-03/581208-omaha-006/581208-omaha-006-069.JPG	https://s3.amazonaws.com/NARAprodstorage/lz/dc-metro/rg-024/581208/2020-03/581208-omaha-006/581208-omaha-006-069.JPG	 						135	146	5	30.1	68	64	63			oc	cum nim	0				
1873-11-27	4	-12.06	-77.17			a		https://s3.amazonaws.com/NARAprodstorage/lz/dc-metro/rg-024/581208/2020-03/581208-omaha-006/581208-omaha-006-069.JPG	https://s3.amazonaws.com/NARAprodstorage/lz/dc-metro/rg-024/581208/2020-03/581208-omaha-006/581208-omaha-006-069.JPG	 						135	146	5	30.1	68	64	63			oc	cum nim	0				
1873-11-27	5	-12.06	-77.17			a		https://s3.amazonaws.com/NARAprodstorage/lz/dc-metro/rg-024/581208/2020-03/581208-omaha-006/581208-omaha-006-069.JPG	https://s3.amazonaws.com/NARAprodstorage/lz/dc-metro/rg-024/581208/2020-03/581208-omaha-006/581208-omaha-006-069.JPG	 						158	168	5	30.1	68	64	63			oc	cum nim	0				
1873-11-27	6	-12.06	-77.17			a		https://s3.amazonaws.com/NARAprodstorage/lz/dc-metro/rg-024/581208/2020-03/581208-omaha-006/581208-omaha-006-069.JPG	https://s3.amazonaws.com/NARAprodstorage/lz/dc-metro/rg-024/581208/2020-03/581208-omaha-006/581208-omaha-006-069.JPG	 						158	168	5	30.1	68	64	63			oc	cum nim	0				
1873-11-27	7	-12.06	-77.17			a		https://s3.amazonaws.com/NARAprodstorage/lz/dc-metro/rg-024/581208/2020-03/581208-omaha-006/581208-omaha-006-069.JPG	https://s3.amazonaws.com/NARAprodstorage/lz/dc-metro/rg-024/581208/2020-03/581208-omaha-006/581208-omaha-006-069.JPG	 						158	168	5	30.1	68	64	63			oc	cum nim	0				
1873-11-27	8	-12.06	-77.17			a		https://s3.amazonaws.com/NARAprodstorage/lz/dc-metro/rg-024/581208/2020-03/581208-omaha-006/581208-omaha-006-069.JPG	https://s3.amazonaws.com/NARAprodstorage/lz/dc-metro/rg-024/581208/2020-03/581208-omaha-006/581208-omaha-006-069.JPG	 						158	168	5	30.12	68	65	64			oc	cum nim	0				
1873-11-27	9	-12.06	-77.17			a		https://s3.amazonaws.com/NARAprodstorage/lz/dc-metro/rg-024/581208/2020-03/581208-omaha-006/581208-omaha-006-069.JPG	https://s3.amazonaws.com/NARAprodstorage/lz/dc-metro/rg-024/581208/2020-03/581208-omaha-006/581208-omaha-006-069.JPG	 						0	0	0	30.12	69	67	66			ocf	nimb	0				
1873-11-27	10	-12.06	-77.17			a		https://s3.amazonaws.com/NARAprodstorage/lz/dc-metro/rg-024/581208/2020-03/581208-omaha-006/581208-omaha-006-069.JPG	https://s3.amazonaws.com/NARAprodstorage/lz/dc-metro/rg-024/581208/2020-03/581208-omaha-006/581208-omaha-006-069.JPG	 						0	0	0	30.16	69	67	66			ocf	nimb	0				
1873-11-27	11	-12.06	-77.17			a		https://s3.amazonaws.com/NARAprodstorage/lz/dc-metro/rg-024/581208/2020-03/581208-omaha-006/581208-omaha-006-069.JPG	https://s3.amazonaws.com/NARAprodstorage/lz/dc-metro/rg-024/581208/2020-03/581208-omaha-006/581208-omaha-006-069.JPG	 						0	0	0	30.16	70	67	66			ocf	nimb	0				
1873-11-27	12	-12.06	-77.17			a		https://s3.amazonaws.com/NARAprodstorage/lz/dc-metro/rg-024/581208/2020-03/581208-omaha-006/581208-omaha-006-069.JPG	https://s3.amazonaws.com/NARAprodstorage/lz/dc-metro/rg-024/581208/2020-03/581208-omaha-006/581208-omaha-006-069.JPG	"Noon: Callao, Peru."						0	0	0	30.12	70	69	67			ocf	nimb	0				
1873-11-27	13	-12.06	-77.17			a		https://s3.amazonaws.com/NARAprodstorage/lz/dc-metro/rg-024/581208/2020-03/581208-omaha-006/581208-omaha-006-069.JPG	https://s3.amazonaws.com/NARAprodstorage/lz/dc-metro/rg-024/581208/2020-03/581208-omaha-006/581208-omaha-006-069.JPG	 						135	146	5	30.1	69	66	65			oc	cum nimb	0				
1873-11-27	14	-12.06	-77.17			a		https://s3.amazonaws.com/NARAprodstorage/lz/dc-metro/rg-024/581208/2020-03/581208-omaha-006/581208-omaha-006-069.JPG	https://s3.amazonaws.com/NARAprodstorage/lz/dc-metro/rg-024/581208/2020-03/581208-omaha-006/581208-omaha-006-069.JPG	 						135	146	8	30.08	69	66	65			oc	cum nimb	0				
1873-11-27	15	-12.06	-77.17			a		https://s3.amazonaws.com/NARAprodstorage/lz/dc-metro/rg-024/581208/2020-03/581208-omaha-006/581208-omaha-006-069.JPG	https://s3.amazonaws.com/NARAprodstorage/lz/dc-metro/rg-024/581208/2020-03/581208-omaha-006/581208-omaha-006-069.JPG	 						135	146	8	30.08	69	66	65			oc	cum nimb	0				
1873-11-27	16	-12.06	-77.17			a		https://s3.amazonaws.com/NARAprodstorage/lz/dc-metro/rg-024/581208/2020-03/581208-omaha-006/581208-omaha-006-069.JPG	https://s3.amazonaws.com/NARAprodstorage/lz/dc-metro/rg-024/581208/2020-03/581208-omaha-006/581208-omaha-006-069.JPG	 						135	146	8	30.08	69	66	65			oc	cum nimb	0				
1873-11-27	17	-12.06	-77.17			a		https://s3.amazonaws.com/NARAprodstorage/lz/dc-metro/rg-024/581208/2020-03/581208-omaha-006/581208-omaha-006-069.JPG	https://s3.amazonaws.com/NARAprodstorage/lz/dc-metro/rg-024/581208/2020-03/581208-omaha-006/581208-omaha-006-069.JPG	 						135	146	8	30.08	68	66	65			ocf	nimb	0				
1873-11-27	18	-12.06	-77.17			a		https://s3.amazonaws.com/NARAprodstorage/lz/dc-metro/rg-024/581208/2020-03/581208-omaha-006/581208-omaha-006-069.JPG	https://s3.amazonaws.com/NARAprodstorage/lz/dc-metro/rg-024/581208/2020-03/581208-omaha-006/581208-omaha-006-069.JPG	 						135	146	8	30.08	68	66	65			ocf	nimb	0				
1873-11-27	19	-12.06	-77.17			a		https://s3.amazonaws.com/NARAprodstorage/lz/dc-metro/rg-024/581208/2020-03/581208-omaha-006/581208-omaha-006-069.JPG	https://s3.amazonaws.com/NARAprodstorage/lz/dc-metro/rg-024/581208/2020-03/581208-omaha-006/581208-omaha-006-069.JPG	 						135	146	8	30.08	68	66	65			ocf	nimb	0				
1873-11-27	20	-12.06	-77.17			a		https://s3.amazonaws.com/NARAprodstorage/lz/dc-metro/rg-024/581208/2020-03/581208-omaha-006/581208-omaha-006-069.JPG	https://s3.amazonaws.com/NARAprodstorage/lz/dc-metro/rg-024/581208/2020-03/581208-omaha-006/581208-omaha-006-069.JPG	 						135	146	8	30.08	68	66	65			ocf	nimb	0				
1873-11-27	21	-12.06	-77.17			a		https://s3.amazonaws.com/NARAprodstorage/lz/dc-metro/rg-024/581208/2020-03/581208-omaha-006/581208-omaha-006-069.JPG	https://s3.amazonaws.com/NARAprodstorage/lz/dc-metro/rg-024/581208/2020-03/581208-omaha-006/581208-omaha-006-069.JPG	 						135	146	8	30.14	68	64	63			oc	cum nimb	0				
1873-11-27	22	-12.06	-77.17			a		https://s3.amazonaws.com/NARAprodstorage/lz/dc-metro/rg-024/581208/2020-03/581208-omaha-006/581208-omaha-006-069.JPG	https://s3.amazonaws.com/NARAprodstorage/lz/dc-metro/rg-024/581208/2020-03/581208-omaha-006/581208-omaha-006-069.JPG	 						135	146	8	30.14	68	64	63			oc	cum nimb	0				
1873-11-27	23	-12.06	-77.17			a		https://s3.amazonaws.com/NARAprodstorage/lz/dc-metro/rg-024/581208/2020-03/581208-omaha-006/581208-omaha-006-069.JPG	https://s3.amazonaws.com/NARAprodstorage/lz/dc-metro/rg-024/581208/2020-03/581208-omaha-006/581208-omaha-006-069.JPG	 						135	146	8	30.14	68	64	63			oc	cum nimb	0				
1873-11-27	24	-12.06	-77.17			a		https://s3.amazonaws.com/NARAprodstorage/lz/dc-metro/rg-024/581208/2020-03/581208-omaha-006/581208-omaha-006-069.JPG	https://s3.amazonaws.com/NARAprodstorage/lz/dc-metro/rg-024/581208/2020-03/581208-omaha-006/581208-omaha-006-069.JPG	 						135	146	8	30.14	68	64	63			oc	cum nimb	0				
1873-11-28	1	-12.06	-77.17			a		https://s3.amazonaws.com/NARAprodstorage/lz/dc-metro/rg-024/581208/2020-03/581208-omaha-006/581208-omaha-006-070.JPG	https://s3.amazonaws.com/NARAprodstorage/lz/dc-metro/rg-024/581208/2020-03/581208-omaha-006/581208-omaha-006-070.JPG	 						0	0	0	30.14	68	64	63			oc	nim cum	0				
1873-11-28	2	-12.06	-77.17			a		https://s3.amazonaws.com/NARAprodstorage/lz/dc-metro/rg-024/581208/2020-03/581208-omaha-006/581208-omaha-006-070.JPG	https://s3.amazonaws.com/NARAprodstorage/lz/dc-metro/rg-024/581208/2020-03/581208-omaha-006/581208-omaha-006-070.JPG	 						0	0	0	30.14	68	64	63			oc	nim cum	0				
1873-11-28	3	-12.06	-77.17			a		https://s3.amazonaws.com/NARAprodstorage/lz/dc-metro/rg-024/581208/2020-03/581208-omaha-006/581208-omaha-006-070.JPG	https://s3.amazonaws.com/NARAprodstorage/lz/dc-metro/rg-024/581208/2020-03/581208-omaha-006/581208-omaha-006-070.JPG	 						0	0	0	30.14	68	64	63			oc	nim cum	0				
1873-11-28	4	-12.06	-77.17			a		https://s3.amazonaws.com/NARAprodstorage/lz/dc-metro/rg-024/581208/2020-03/581208-omaha-006/581208-omaha-006-070.JPG	https://s3.amazonaws.com/NARAprodstorage/lz/dc-metro/rg-024/581208/2020-03/581208-omaha-006/581208-omaha-006-070.JPG	 						0	0	0	30.15	69	65	64			oc	nim cum	0				
1873-11-28	5	-12.06	-77.17			a		https://s3.amazonaws.com/NARAprodstorage/lz/dc-metro/rg-024/581208/2020-03/581208-omaha-006/581208-omaha-006-070.JPG	https://s3.amazonaws.com/NARAprodstorage/lz/dc-metro/rg-024/581208/2020-03/581208-omaha-006/581208-omaha-006-070.JPG	 						0	0	0	30.15	68	65	64			oc	nim cum	0				
1873-11-28	6	-12.06	-77.17			a		https://s3.amazonaws.com/NARAprodstorage/lz/dc-metro/rg-024/581208/2020-03/581208-omaha-006/581208-omaha-006-070.JPG	https://s3.amazonaws.com/NARAprodstorage/lz/dc-metro/rg-024/581208/2020-03/581208-omaha-006/581208-omaha-006-070.JPG	 						0	0	0	30.15	68	64	64			oc	nim cum	0				
1873-11-28	7	-12.06	-77.17			a		https://s3.amazonaws.com/NARAprodstorage/lz/dc-metro/rg-024/581208/2020-03/581208-omaha-006/581208-omaha-006-070.JPG	https://s3.amazonaws.com/NARAprodstorage/lz/dc-metro/rg-024/581208/2020-03/581208-omaha-006/581208-omaha-006-070.JPG	 						0	0	0	30.15	68	64	64			oc	nim cum	0				
1873-11-28	8	-12.06	-77.17			a		https://s3.amazonaws.com/NARAprodstorage/lz/dc-metro/rg-024/581208/2020-03/581208-omaha-006/581208-omaha-006-070.JPG	https://s3.amazonaws.com/NARAprodstorage/lz/dc-metro/rg-024/581208/2020-03/581208-omaha-006/581208-omaha-006-070.JPG	 						0	0	0	30.16	68	64	64			oc	nim cum	0				
1873-11-28	9	-12.06	-77.17			a		https://s3.amazonaws.com/NARAprodstorage/lz/dc-metro/rg-024/581208/2020-03/581208-omaha-006/581208-omaha-006-070.JPG	https://s3.amazonaws.com/NARAprodstorage/lz/dc-metro/rg-024/581208/2020-03/581208-omaha-006/581208-omaha-006-070.JPG	 						315	326	5	30.18	70	66	65			bc	cum nim	4				
1873-11-28	10	-12.06	-77.17			a		https://s3.amazonaws.com/NARAprodstorage/lz/dc-metro/rg-024/581208/2020-03/581208-omaha-006/581208-omaha-006-070.JPG	https://s3.amazonaws.com/NARAprodstorage/lz/dc-metro/rg-024/581208/2020-03/581208-omaha-006/581208-omaha-006-070.JPG	 						315	326	5	30.18	70	66	65			bc	cum nim	4				
1873-11-28	11	-12.06	-77.17			a		https://s3.amazonaws.com/NARAprodstorage/lz/dc-metro/rg-024/581208/2020-03/581208-omaha-006/581208-omaha-006-070.JPG	https://s3.amazonaws.com/NARAprodstorage/lz/dc-metro/rg-024/581208/2020-03/581208-omaha-006/581208-omaha-006-070.JPG	 						315	326	5	30.18	70	66	65			bc	cum nim	3				
1873-11-28	12	-12.06	-77.17			a		https://s3.amazonaws.com/NARAprodstorage/lz/dc-metro/rg-024/581208/2020-03/581208-omaha-006/581208-omaha-006-070.JPG	https://s3.amazonaws.com/NARAprodstorage/lz/dc-metro/rg-024/581208/2020-03/581208-omaha-006/581208-omaha-006-070.JPG	"Noon: Callao, Peru."						315	326	5	30.18	70	66	65			bc	cum nim	4				Noon: Condemned and sent on board the USS Onward the following articles in Navigators Dept viz: ... 3 thermometers ..
1873-11-28	13	-12.06	-77.17			a		https://s3.amazonaws.com/NARAprodstorage/lz/dc-metro/rg-024/581208/2020-03/581208-omaha-006/581208-omaha-006-070.JPG	https://s3.amazonaws.com/NARAprodstorage/lz/dc-metro/rg-024/581208/2020-03/581208-omaha-006/581208-omaha-006-070.JPG	 						315	326	5	30.18	70	66	65			bc	cum nim	4				
1873-11-28	14	-12.06	-77.17			a		https://s3.amazonaws.com/NARAprodstorage/lz/dc-metro/rg-024/581208/2020-03/581208-omaha-006/581208-omaha-006-070.JPG	https://s3.amazonaws.com/NARAprodstorage/lz/dc-metro/rg-024/581208/2020-03/581208-omaha-006/581208-omaha-006-070.JPG	 						315	326	5	30.18	70	66	65			bc	cum nim	6				
1873-11-28	15	-12.06	-77.17			a		https://s3.amazonaws.com/NARAprodstorage/lz/dc-metro/rg-024/581208/2020-03/581208-omaha-006/581208-omaha-006-070.JPG	https://s3.amazonaws.com/NARAprodstorage/lz/dc-metro/rg-024/581208/2020-03/581208-omaha-006/581208-omaha-006-070.JPG	 						315	326	5	30.16	70	66	65			bc	cum nim	6				
1873-11-28	16	-12.06	-77.17			a		https://s3.amazonaws.com/NARAprodstorage/lz/dc-metro/rg-024/581208/2020-03/581208-omaha-006/581208-omaha-006-070.JPG	https://s3.amazonaws.com/NARAprodstorage/lz/dc-metro/rg-024/581208/2020-03/581208-omaha-006/581208-omaha-006-070.JPG	 						315	326	2	30.16	70	66	65			oc	nimb	0				
1873-11-28	17	-12.06	-77.17			a		https://s3.amazonaws.com/NARAprodstorage/lz/dc-metro/rg-024/581208/2020-03/581208-omaha-006/581208-omaha-006-070.JPG	https://s3.amazonaws.com/NARAprodstorage/lz/dc-metro/rg-024/581208/2020-03/581208-omaha-006/581208-omaha-006-070.JPG	 						135	146	5	30.12	69	65	64			bc	cum nimb	4				
1873-11-28	18	-12.06	-77.17			a		https://s3.amazonaws.com/NARAprodstorage/lz/dc-metro/rg-024/581208/2020-03/581208-omaha-006/581208-omaha-006-070.JPG	https://s3.amazonaws.com/NARAprodstorage/lz/dc-metro/rg-024/581208/2020-03/581208-omaha-006/581208-omaha-006-070.JPG	 						135	146	5	30.12	69	65	64			bc	cum nimb	3				
1873-11-28	19	-12.06	-77.17			a		https://s3.amazonaws.com/NARAprodstorage/lz/dc-metro/rg-024/581208/2020-03/581208-omaha-006/581208-omaha-006-070.JPG	https://s3.amazonaws.com/NARAprodstorage/lz/dc-metro/rg-024/581208/2020-03/581208-omaha-006/581208-omaha-006-070.JPG	 						135	146	5	30.12	69	65	64			bc	cum nimb	5				
1873-11-28	20	-12.06	-77.17			a		https://s3.amazonaws.com/NARAprodstorage/lz/dc-metro/rg-024/581208/2020-03/581208-omaha-006/581208-omaha-006-070.JPG	https://s3.amazonaws.com/NARAprodstorage/lz/dc-metro/rg-024/581208/2020-03/581208-omaha-006/581208-omaha-006-070.JPG	 						135	146	5	30.12	69	65	64			bc	cum nimb	5				
1873-11-28	21	-12.06	-77.17			a		https://s3.amazonaws.com/NARAprodstorage/lz/dc-metro/rg-024/581208/2020-03/581208-omaha-006/581208-omaha-006-070.JPG	https://s3.amazonaws.com/NARAprodstorage/lz/dc-metro/rg-024/581208/2020-03/581208-omaha-006/581208-omaha-006-070.JPG	 						135	146	5	30.12	69	65	64			bc	cum nimb	3				
1873-11-28	22	-12.06	-77.17			a		https://s3.amazonaws.com/NARAprodstorage/lz/dc-metro/rg-024/581208/2020-03/581208-omaha-006/581208-omaha-006-070.JPG	https://s3.amazonaws.com/NARAprodstorage/lz/dc-metro/rg-024/581208/2020-03/581208-omaha-006/581208-omaha-006-070.JPG	 						0	0	0	30.12	69	65	63			bc	cum nimb	0				
1873-11-28	23	-12.06	-77.17			a		https://s3.amazonaws.com/NARAprodstorage/lz/dc-metro/rg-024/581208/2020-03/581208-omaha-006/581208-omaha-006-070.JPG	https://s3.amazonaws.com/NARAprodstorage/lz/dc-metro/rg-024/581208/2020-03/581208-omaha-006/581208-omaha-006-070.JPG	 						0	0	0	30.12	69	67	63			bc	cum nimb	0				
1873-11-28	24	-12.06	-77.17			a		https://s3.amazonaws.com/NARAprodstorage/lz/dc-metro/rg-024/581208/2020-03/581208-omaha-006/581208-omaha-006-070.JPG	https://s3.amazonaws.com/NARAprodstorage/lz/dc-metro/rg-024/581208/2020-03/581208-omaha-006/581208-omaha-006-070.JPG	 						0	0	0	30.12	69	67	63			bc	cum nimb	0				
1873-11-29	1	-12.06	-77.17			a		https://s3.amazonaws.com/NARAprodstorage/lz/dc-metro/rg-024/581208/2020-03/581208-omaha-006/581208-omaha-006-071.JPG	https://s3.amazonaws.com/NARAprodstorage/lz/dc-metro/rg-024/581208/2020-03/581208-omaha-006/581208-omaha-006-071.JPG	 						0	0	0	30.15	68	65	65			oc	niom	0				
1873-11-29	2	-12.06	-77.17			a		https://s3.amazonaws.com/NARAprodstorage/lz/dc-metro/rg-024/581208/2020-03/581208-omaha-006/581208-omaha-006-071.JPG	https://s3.amazonaws.com/NARAprodstorage/lz/dc-metro/rg-024/581208/2020-03/581208-omaha-006/581208-omaha-006-071.JPG	 						0	0	0	30.15	68	65	65			oc	niom	0				
1873-11-29	3	-12.06	-77.17			a		https://s3.amazonaws.com/NARAprodstorage/lz/dc-metro/rg-024/581208/2020-03/581208-omaha-006/581208-omaha-006-071.JPG	https://s3.amazonaws.com/NARAprodstorage/lz/dc-metro/rg-024/581208/2020-03/581208-omaha-006/581208-omaha-006-071.JPG	 						0	0	0	30.15	68	65	65			oc	niom	0				
1873-11-29	4	-12.06	-77.17			a		https://s3.amazonaws.com/NARAprodstorage/lz/dc-metro/rg-024/581208/2020-03/581208-omaha-006/581208-omaha-006-071.JPG	https://s3.amazonaws.com/NARAprodstorage/lz/dc-metro/rg-024/581208/2020-03/581208-omaha-006/581208-omaha-006-071.JPG	 						0	0	0	30.15	68	65	65			oc	niom	0				
1873-11-29	5	-12.06	-77.17			a		https://s3.amazonaws.com/NARAprodstorage/lz/dc-metro/rg-024/581208/2020-03/581208-omaha-006/581208-omaha-006-071.JPG	https://s3.amazonaws.com/NARAprodstorage/lz/dc-metro/rg-024/581208/2020-03/581208-omaha-006/581208-omaha-006-071.JPG	 						0	0	0	30.18	68	64	64			ocm	cum nim	0				
1873-11-29	6	-12.06	-77.17			a		https://s3.amazonaws.com/NARAprodstorage/lz/dc-metro/rg-024/581208/2020-03/581208-omaha-006/581208-omaha-006-071.JPG	https://s3.amazonaws.com/NARAprodstorage/lz/dc-metro/rg-024/581208/2020-03/581208-omaha-006/581208-omaha-006-071.JPG	 						0	0	0	30.18	68	64	64			ocm	cum nim	0				
1873-11-29	7	-12.06	-77.17			a		https://s3.amazonaws.com/NARAprodstorage/lz/dc-metro/rg-024/581208/2020-03/581208-omaha-006/581208-omaha-006-071.JPG	https://s3.amazonaws.com/NARAprodstorage/lz/dc-metro/rg-024/581208/2020-03/581208-omaha-006/581208-omaha-006-071.JPG	 						0	0	0	30.18	68	64	64			ocm	cum nim	0				
1873-11-29	8	-12.06	-77.17			a		https://s3.amazonaws.com/NARAprodstorage/lz/dc-metro/rg-024/581208/2020-03/581208-omaha-006/581208-omaha-006-071.JPG	https://s3.amazonaws.com/NARAprodstorage/lz/dc-metro/rg-024/581208/2020-03/581208-omaha-006/581208-omaha-006-071.JPG	 						0	0	0	30.18	68	64	64			ocm	cum nim	0				
1873-11-29	9	-12.06	-77.17			a		https://s3.amazonaws.com/NARAprodstorage/lz/dc-metro/rg-024/581208/2020-03/581208-omaha-006/581208-omaha-006-071.JPG	https://s3.amazonaws.com/NARAprodstorage/lz/dc-metro/rg-024/581208/2020-03/581208-omaha-006/581208-omaha-006-071.JPG	 						0	0	0	30.18	68	64	64			ocm	cum nim	0				
1873-11-29	10	-12.06	-77.17			a		https://s3.amazonaws.com/NARAprodstorage/lz/dc-metro/rg-024/581208/2020-03/581208-omaha-006/581208-omaha-006-071.JPG	https://s3.amazonaws.com/NARAprodstorage/lz/dc-metro/rg-024/581208/2020-03/581208-omaha-006/581208-omaha-006-071.JPG	 						270	281	2	30.18	68	65	64			bc	cum nim	0				
1873-11-29	11	-12.06	-77.17			a		https://s3.amazonaws.com/NARAprodstorage/lz/dc-metro/rg-024/581208/2020-03/581208-omaha-006/581208-omaha-006-071.JPG	https://s3.amazonaws.com/NARAprodstorage/lz/dc-metro/rg-024/581208/2020-03/581208-omaha-006/581208-omaha-006-071.JPG	 						270	281	5	30.18	69	67	64			bc	cum nim	2				
1873-11-29	12	-12.06	-77.17			a		https://s3.amazonaws.com/NARAprodstorage/lz/dc-metro/rg-024/581208/2020-03/581208-omaha-006/581208-omaha-006-071.JPG	https://s3.amazonaws.com/NARAprodstorage/lz/dc-metro/rg-024/581208/2020-03/581208-omaha-006/581208-omaha-006-071.JPG	"Noon: Callao, Peru."						270	281	5	30.18	69	68	64			bc	cir cum	8				
1873-11-29	13	-12.06	-77.17			a		https://s3.amazonaws.com/NARAprodstorage/lz/dc-metro/rg-024/581208/2020-03/581208-omaha-006/581208-omaha-006-071.JPG	https://s3.amazonaws.com/NARAprodstorage/lz/dc-metro/rg-024/581208/2020-03/581208-omaha-006/581208-omaha-006-071.JPG	 						888	888	5	30.12	70	65	64			bc	nim	5				
1873-11-29	14	-12.06	-77.17			a		https://s3.amazonaws.com/NARAprodstorage/lz/dc-metro/rg-024/581208/2020-03/581208-omaha-006/581208-omaha-006-071.JPG	https://s3.amazonaws.com/NARAprodstorage/lz/dc-metro/rg-024/581208/2020-03/581208-omaha-006/581208-omaha-006-071.JPG	 						180	191	5	30.12	70	65	64			bc	nim	5				
1873-11-29	15	-12.06	-77.17			a		https://s3.amazonaws.com/NARAprodstorage/lz/dc-metro/rg-024/581208/2020-03/581208-omaha-006/581208-omaha-006-071.JPG	https://s3.amazonaws.com/NARAprodstorage/lz/dc-metro/rg-024/581208/2020-03/581208-omaha-006/581208-omaha-006-071.JPG	 						180	191	5	30.12	70	65	64			oc	nim	0				
1873-11-29	16	-12.06	-77.17			a		https://s3.amazonaws.com/NARAprodstorage/lz/dc-metro/rg-024/581208/2020-03/581208-omaha-006/581208-omaha-006-071.JPG	https://s3.amazonaws.com/NARAprodstorage/lz/dc-metro/rg-024/581208/2020-03/581208-omaha-006/581208-omaha-006-071.JPG	 						180	191	5	30.08	70	65	64			oc	nim	0				
1873-11-29	17	-12.06	-77.17			a		https://s3.amazonaws.com/NARAprodstorage/lz/dc-metro/rg-024/581208/2020-03/581208-omaha-006/581208-omaha-006-071.JPG	https://s3.amazonaws.com/NARAprodstorage/lz/dc-metro/rg-024/581208/2020-03/581208-omaha-006/581208-omaha-006-071.JPG	 						135	146	5	30.08	70	66	64			oc	nim cum	0				
1873-11-29	18	-12.06	-77.17			a		https://s3.amazonaws.com/NARAprodstorage/lz/dc-metro/rg-024/581208/2020-03/581208-omaha-006/581208-omaha-006-071.JPG	https://s3.amazonaws.com/NARAprodstorage/lz/dc-metro/rg-024/581208/2020-03/581208-omaha-006/581208-omaha-006-071.JPG	 						135	146	5	30.08	69	66	64			oc	nim cum	0				
1873-11-29	19	-12.06	-77.17			a		https://s3.amazonaws.com/NARAprodstorage/lz/dc-metro/rg-024/581208/2020-03/581208-omaha-006/581208-omaha-006-071.JPG	https://s3.amazonaws.com/NARAprodstorage/lz/dc-metro/rg-024/581208/2020-03/581208-omaha-006/581208-omaha-006-071.JPG	 						135	146	5	30.1	68	66	64			oc	nim cum	0				
1873-11-29	20	-12.06	-77.17			a		https://s3.amazonaws.com/NARAprodstorage/lz/dc-metro/rg-024/581208/2020-03/581208-omaha-006/581208-omaha-006-071.JPG	https://s3.amazonaws.com/NARAprodstorage/lz/dc-metro/rg-024/581208/2020-03/581208-omaha-006/581208-omaha-006-071.JPG	 						135	146	5	30.1	67	66	64			oc	nim cum	0				
1873-11-29	21	-12.06	-77.17			a		https://s3.amazonaws.com/NARAprodstorage/lz/dc-metro/rg-024/581208/2020-03/581208-omaha-006/581208-omaha-006-071.JPG	https://s3.amazonaws.com/NARAprodstorage/lz/dc-metro/rg-024/581208/2020-03/581208-omaha-006/581208-omaha-006-071.JPG	 						135	146	5	30.1	67	66	64			oc	nim cum	0				
1873-11-29	22	-12.06	-77.17			a		https://s3.amazonaws.com/NARAprodstorage/lz/dc-metro/rg-024/581208/2020-03/581208-omaha-006/581208-omaha-006-071.JPG	https://s3.amazonaws.com/NARAprodstorage/lz/dc-metro/rg-024/581208/2020-03/581208-omaha-006/581208-omaha-006-071.JPG	 						135	146	2	30.1	67	66	64			oc	nim cum	0				
1873-11-29	23	-12.06	-77.17			a		https://s3.amazonaws.com/NARAprodstorage/lz/dc-metro/rg-024/581208/2020-03/581208-omaha-006/581208-omaha-006-071.JPG	https://s3.amazonaws.com/NARAprodstorage/lz/dc-metro/rg-024/581208/2020-03/581208-omaha-006/581208-omaha-006-071.JPG	 						135	146	2	30.1	67	64	63			oc	nim cum	0				
1873-11-29	24	-12.06	-77.17			a		https://s3.amazonaws.com/NARAprodstorage/lz/dc-metro/rg-024/581208/2020-03/581208-omaha-006/581208-omaha-006-071.JPG	https://s3.amazonaws.com/NARAprodstorage/lz/dc-metro/rg-024/581208/2020-03/581208-omaha-006/581208-omaha-006-071.JPG	 						135	146	2	30.1	68	64	63			oc	nim cum	0				
1873-11-30	1	-12.06	-77.17			a		https://s3.amazonaws.com/NARAprodstorage/lz/dc-metro/rg-024/581208/2020-03/581208-omaha-006/581208-omaha-006-072.JPG	https://s3.amazonaws.com/NARAprodstorage/lz/dc-metro/rg-024/581208/2020-03/581208-omaha-006/581208-omaha-006-072.JPG	 						0	0	0	30.1	68	62	62			ocm	nim cum	0				
1873-11-30	2	-12.06	-77.17			a		https://s3.amazonaws.com/NARAprodstorage/lz/dc-metro/rg-024/581208/2020-03/581208-omaha-006/581208-omaha-006-072.JPG	https://s3.amazonaws.com/NARAprodstorage/lz/dc-metro/rg-024/581208/2020-03/581208-omaha-006/581208-omaha-006-072.JPG	 						0	0	0	30.1	68	62	62			ocm	nim cum	0				
1873-11-30	3	-12.06	-77.17			a		https://s3.amazonaws.com/NARAprodstorage/lz/dc-metro/rg-024/581208/2020-03/581208-omaha-006/581208-omaha-006-072.JPG	https://s3.amazonaws.com/NARAprodstorage/lz/dc-metro/rg-024/581208/2020-03/581208-omaha-006/581208-omaha-006-072.JPG	 						0	0	0	30.1	68	62	62			ocm	nim cum	0				
1873-11-30	4	-12.06	-77.17			a		https://s3.amazonaws.com/NARAprodstorage/lz/dc-metro/rg-024/581208/2020-03/581208-omaha-006/581208-omaha-006-072.JPG	https://s3.amazonaws.com/NARAprodstorage/lz/dc-metro/rg-024/581208/2020-03/581208-omaha-006/581208-omaha-006-072.JPG	 						0	0	0	30.1	68	62	62			ocm	nim cum	0				
1873-11-30	5	-12.06	-77.17			a		https://s3.amazonaws.com/NARAprodstorage/lz/dc-metro/rg-024/581208/2020-03/581208-omaha-006/581208-omaha-006-072.JPG	https://s3.amazonaws.com/NARAprodstorage/lz/dc-metro/rg-024/581208/2020-03/581208-omaha-006/581208-omaha-006-072.JPG	 						0	0	0	30.12	68	63	63			ocm	nim cum	0				
1873-11-30	6	-12.06	-77.17			a		https://s3.amazonaws.com/NARAprodstorage/lz/dc-metro/rg-024/581208/2020-03/581208-omaha-006/581208-omaha-006-072.JPG	https://s3.amazonaws.com/NARAprodstorage/lz/dc-metro/rg-024/581208/2020-03/581208-omaha-006/581208-omaha-006-072.JPG	 						0	0	0	30.12	68	63	63			ocm	nim cum	0				
1873-11-30	7	-12.06	-77.17			a		https://s3.amazonaws.com/NARAprodstorage/lz/dc-metro/rg-024/581208/2020-03/581208-omaha-006/581208-omaha-006-072.JPG	https://s3.amazonaws.com/NARAprodstorage/lz/dc-metro/rg-024/581208/2020-03/581208-omaha-006/581208-omaha-006-072.JPG	 						0	0	0	30.15	68	63	63			ocm	nim cum	0				
1873-11-30	8	-12.06	-77.17			a		https://s3.amazonaws.com/NARAprodstorage/lz/dc-metro/rg-024/581208/2020-03/581208-omaha-006/581208-omaha-006-072.JPG	https://s3.amazonaws.com/NARAprodstorage/lz/dc-metro/rg-024/581208/2020-03/581208-omaha-006/581208-omaha-006-072.JPG	 						0	0	0	30.15	67	63	63			ocm	nim cum	0				
1873-11-30	9	-12.06	-77.17			a		https://s3.amazonaws.com/NARAprodstorage/lz/dc-metro/rg-024/581208/2020-03/581208-omaha-006/581208-omaha-006-072.JPG	https://s3.amazonaws.com/NARAprodstorage/lz/dc-metro/rg-024/581208/2020-03/581208-omaha-006/581208-omaha-006-072.JPG	 						888	888	2	30.15	67	63	63			bc	nim cum	1				
1873-11-30	10	-12.06	-77.17			a		https://s3.amazonaws.com/NARAprodstorage/lz/dc-metro/rg-024/581208/2020-03/581208-omaha-006/581208-omaha-006-072.JPG	https://s3.amazonaws.com/NARAprodstorage/lz/dc-metro/rg-024/581208/2020-03/581208-omaha-006/581208-omaha-006-072.JPG	 						180	191	5	30.15	67	63	63			bc	nim cum	3				
1873-11-30	11	-12.06	-77.17			a		https://s3.amazonaws.com/NARAprodstorage/lz/dc-metro/rg-024/581208/2020-03/581208-omaha-006/581208-omaha-006-072.JPG	https://s3.amazonaws.com/NARAprodstorage/lz/dc-metro/rg-024/581208/2020-03/581208-omaha-006/581208-omaha-006-072.JPG	 						180	191	5	30.15	68	69	66			bc	nim cum	4				
1873-11-30	12	-12.06	-77.17			a		https://s3.amazonaws.com/NARAprodstorage/lz/dc-metro/rg-024/581208/2020-03/581208-omaha-006/581208-omaha-006-072.JPG	https://s3.amazonaws.com/NARAprodstorage/lz/dc-metro/rg-024/581208/2020-03/581208-omaha-006/581208-omaha-006-072.JPG	"Noon: Callao, Peru."						90	101	8	30.14	69	69	66			bc	nim cum	8				
1873-11-30	13	-12.06	-77.17			a		https://s3.amazonaws.com/NARAprodstorage/lz/dc-metro/rg-024/581208/2020-03/581208-omaha-006/581208-omaha-006-072.JPG	https://s3.amazonaws.com/NARAprodstorage/lz/dc-metro/rg-024/581208/2020-03/581208-omaha-006/581208-omaha-006-072.JPG	 						180	191	5	30.12	70	69	66			bc	cum nimb	6				
1873-11-30	14	-12.06	-77.17			a		https://s3.amazonaws.com/NARAprodstorage/lz/dc-metro/rg-024/581208/2020-03/581208-omaha-006/581208-omaha-006-072.JPG	https://s3.amazonaws.com/NARAprodstorage/lz/dc-metro/rg-024/581208/2020-03/581208-omaha-006/581208-omaha-006-072.JPG	 						180	191	5	30.12	70	69	66			bc	cum nimb	4				
1873-11-30	15	-12.06	-77.17			a		https://s3.amazonaws.com/NARAprodstorage/lz/dc-metro/rg-024/581208/2020-03/581208-omaha-006/581208-omaha-006-072.JPG	https://s3.amazonaws.com/NARAprodstorage/lz/dc-metro/rg-024/581208/2020-03/581208-omaha-006/581208-omaha-006-072.JPG	 						180	191	5	30.12	70	69	66			bc	cum nimb	5				
1873-11-30	16	-12.06	-77.17			a		https://s3.amazonaws.com/NARAprodstorage/lz/dc-metro/rg-024/581208/2020-03/581208-omaha-006/581208-omaha-006-072.JPG	https://s3.amazonaws.com/NARAprodstorage/lz/dc-metro/rg-024/581208/2020-03/581208-omaha-006/581208-omaha-006-072.JPG	 						180	191	5	30.12	70	69	66			bc	cum nimb	5				
1873-11-30	17	-12.06	-77.17			a		https://s3.amazonaws.com/NARAprodstorage/lz/dc-metro/rg-024/581208/2020-03/581208-omaha-006/581208-omaha-006-072.JPG	https://s3.amazonaws.com/NARAprodstorage/lz/dc-metro/rg-024/581208/2020-03/581208-omaha-006/581208-omaha-006-072.JPG	 						180	191	5	30.14	70	69	66			bc	cum nimb	4				
1873-11-30	18	-12.06	-77.17			a		https://s3.amazonaws.com/NARAprodstorage/lz/dc-metro/rg-024/581208/2020-03/581208-omaha-006/581208-omaha-006-072.JPG	https://s3.amazonaws.com/NARAprodstorage/lz/dc-metro/rg-024/581208/2020-03/581208-omaha-006/581208-omaha-006-072.JPG	 						180	191	8	30.14	70	68	66			bc	cum nimb	4				
1873-11-30	19	-12.06	-77.17			a		https://s3.amazonaws.com/NARAprodstorage/lz/dc-metro/rg-024/581208/2020-03/581208-omaha-006/581208-omaha-006-072.JPG	https://s3.amazonaws.com/NARAprodstorage/lz/dc-metro/rg-024/581208/2020-03/581208-omaha-006/581208-omaha-006-072.JPG	 						180	191	8	30.14	69	66	64			om	nimb	0				
1873-11-30	20	-12.06	-77.17			a		https://s3.amazonaws.com/NARAprodstorage/lz/dc-metro/rg-024/581208/2020-03/581208-omaha-006/581208-omaha-006-072.JPG	https://s3.amazonaws.com/NARAprodstorage/lz/dc-metro/rg-024/581208/2020-03/581208-omaha-006/581208-omaha-006-072.JPG	 						180	191	8	30.12	69	64	64			om	nimb	0				
1873-11-30	21	-12.06	-77.17			a		https://s3.amazonaws.com/NARAprodstorage/lz/dc-metro/rg-024/581208/2020-03/581208-omaha-006/581208-omaha-006-072.JPG	https://s3.amazonaws.com/NARAprodstorage/lz/dc-metro/rg-024/581208/2020-03/581208-omaha-006/581208-omaha-006-072.JPG	 						180	191	8	30.12	69	64	64			ocf	nimb	0				
1873-11-30	22	-12.06	-77.17			a		https://s3.amazonaws.com/NARAprodstorage/lz/dc-metro/rg-024/581208/2020-03/581208-omaha-006/581208-omaha-006-072.JPG	https://s3.amazonaws.com/NARAprodstorage/lz/dc-metro/rg-024/581208/2020-03/581208-omaha-006/581208-omaha-006-072.JPG	 						180	191	8	30.12	68	62	62			ocf	nimb	0				
1873-11-30	23	-12.06	-77.17			a		https://s3.amazonaws.com/NARAprodstorage/lz/dc-metro/rg-024/581208/2020-03/581208-omaha-006/581208-omaha-006-072.JPG	https://s3.amazonaws.com/NARAprodstorage/lz/dc-metro/rg-024/581208/2020-03/581208-omaha-006/581208-omaha-006-072.JPG	 						180	191	8	30.14	68	62	62			ocf	nimb	0				
1873-11-30	24	-12.06	-77.17			a		https://s3.amazonaws.com/NARAprodstorage/lz/dc-metro/rg-024/581208/2020-03/581208-omaha-006/581208-omaha-006-072.JPG	https://s3.amazonaws.com/NARAprodstorage/lz/dc-metro/rg-024/581208/2020-03/581208-omaha-006/581208-omaha-006-072.JPG	 						180	191	8	30.14	68	62	62			ocf	nimb	0				
1873-12-01	1	-12.06	-77.17			a		https://s3.amazonaws.com/NARAprodstorage/lz/dc-metro/rg-024/581208/2020-03/581208-omaha-006/581208-omaha-006-073.JPG	https://s3.amazonaws.com/NARAprodstorage/lz/dc-metro/rg-024/581208/2020-03/581208-omaha-006/581208-omaha-006-073.JPG	 						135	146	2	30.1	65	63	63			ocf	nimb	0				
1873-12-01	2	-12.06	-77.17			a		https://s3.amazonaws.com/NARAprodstorage/lz/dc-metro/rg-024/581208/2020-03/581208-omaha-006/581208-omaha-006-073.JPG	https://s3.amazonaws.com/NARAprodstorage/lz/dc-metro/rg-024/581208/2020-03/581208-omaha-006/581208-omaha-006-073.JPG	 						135	146	2	30.1	65	63	63			ocf	nimb	0				
1873-12-01	3	-12.06	-77.17			a		https://s3.amazonaws.com/NARAprodstorage/lz/dc-metro/rg-024/581208/2020-03/581208-omaha-006/581208-omaha-006-073.JPG	https://s3.amazonaws.com/NARAprodstorage/lz/dc-metro/rg-024/581208/2020-03/581208-omaha-006/581208-omaha-006-073.JPG	 						135	146	2	30.1	65	63	63			ocf	nimb	0				
1873-12-01	4	-12.06	-77.17			a		https://s3.amazonaws.com/NARAprodstorage/lz/dc-metro/rg-024/581208/2020-03/581208-omaha-006/581208-omaha-006-073.JPG	https://s3.amazonaws.com/NARAprodstorage/lz/dc-metro/rg-024/581208/2020-03/581208-omaha-006/581208-omaha-006-073.JPG	 						135	146	2	30.1	65	63	63			ocf	nimb	0				
1873-12-01	5	-12.06	-77.17			a		https://s3.amazonaws.com/NARAprodstorage/lz/dc-metro/rg-024/581208/2020-03/581208-omaha-006/581208-omaha-006-073.JPG	https://s3.amazonaws.com/NARAprodstorage/lz/dc-metro/rg-024/581208/2020-03/581208-omaha-006/581208-omaha-006-073.JPG	 						0	0	0	30.1	69	63	63			ocf	nimb	0				
1873-12-01	6	-12.06	-77.17			a		https://s3.amazonaws.com/NARAprodstorage/lz/dc-metro/rg-024/581208/2020-03/581208-omaha-006/581208-omaha-006-073.JPG	https://s3.amazonaws.com/NARAprodstorage/lz/dc-metro/rg-024/581208/2020-03/581208-omaha-006/581208-omaha-006-073.JPG	 						0	0	0	30.1	69	63	63			ocf	nimb	0				
1873-12-01	7	-12.06	-77.17			a		https://s3.amazonaws.com/NARAprodstorage/lz/dc-metro/rg-024/581208/2020-03/581208-omaha-006/581208-omaha-006-073.JPG	https://s3.amazonaws.com/NARAprodstorage/lz/dc-metro/rg-024/581208/2020-03/581208-omaha-006/581208-omaha-006-073.JPG	 						0	0	0	30.1	69	64	64			ocf	nimb	0				
1873-12-01	8	-12.06	-77.17			a		https://s3.amazonaws.com/NARAprodstorage/lz/dc-metro/rg-024/581208/2020-03/581208-omaha-006/581208-omaha-006-073.JPG	https://s3.amazonaws.com/NARAprodstorage/lz/dc-metro/rg-024/581208/2020-03/581208-omaha-006/581208-omaha-006-073.JPG	 						0	0	0	30.12	69	65	64			0	nimb	0				
1873-12-01	9	-12.06	-77.17			a		https://s3.amazonaws.com/NARAprodstorage/lz/dc-metro/rg-024/581208/2020-03/581208-omaha-006/581208-omaha-006-073.JPG	https://s3.amazonaws.com/NARAprodstorage/lz/dc-metro/rg-024/581208/2020-03/581208-omaha-006/581208-omaha-006-073.JPG	 						0	0	0	30.12	69	65	64			0	nimb	0				
1873-12-01	10	-12.06	-77.17			a		https://s3.amazonaws.com/NARAprodstorage/lz/dc-metro/rg-024/581208/2020-03/581208-omaha-006/581208-omaha-006-073.JPG	https://s3.amazonaws.com/NARAprodstorage/lz/dc-metro/rg-024/581208/2020-03/581208-omaha-006/581208-omaha-006-073.JPG	 						0	0	0	30.12	69	65	64			0	nimb	0				
1873-12-01	11	-12.06	-77.17			a		https://s3.amazonaws.com/NARAprodstorage/lz/dc-metro/rg-024/581208/2020-03/581208-omaha-006/581208-omaha-006-073.JPG	https://s3.amazonaws.com/NARAprodstorage/lz/dc-metro/rg-024/581208/2020-03/581208-omaha-006/581208-omaha-006-073.JPG	 						0	0	0	30.12	69	65	64			0	nimb	0				
1873-12-01	12	-12.06	-77.17			a		https://s3.amazonaws.com/NARAprodstorage/lz/dc-metro/rg-024/581208/2020-03/581208-omaha-006/581208-omaha-006-073.JPG	https://s3.amazonaws.com/NARAprodstorage/lz/dc-metro/rg-024/581208/2020-03/581208-omaha-006/581208-omaha-006-073.JPG	"Noon: Callao, Peru."						0	0	0	30.12	69	65	64			0	nimb	0				
1873-12-01	13	-12.06	-77.17			a		https://s3.amazonaws.com/NARAprodstorage/lz/dc-metro/rg-024/581208/2020-03/581208-omaha-006/581208-omaha-006-073.JPG	https://s3.amazonaws.com/NARAprodstorage/lz/dc-metro/rg-024/581208/2020-03/581208-omaha-006/581208-omaha-006-073.JPG	 						135	146	5	30.1	67	63	63			oc	cum nimb	0				
1873-12-01	14	-12.06	-77.17			a		https://s3.amazonaws.com/NARAprodstorage/lz/dc-metro/rg-024/581208/2020-03/581208-omaha-006/581208-omaha-006-073.JPG	https://s3.amazonaws.com/NARAprodstorage/lz/dc-metro/rg-024/581208/2020-03/581208-omaha-006/581208-omaha-006-073.JPG	 						135	146	5	30.1	67	63	63			oc	nimb	0				
1873-12-01	15	-12.06	-77.17			a		https://s3.amazonaws.com/NARAprodstorage/lz/dc-metro/rg-024/581208/2020-03/581208-omaha-006/581208-omaha-006-073.JPG	https://s3.amazonaws.com/NARAprodstorage/lz/dc-metro/rg-024/581208/2020-03/581208-omaha-006/581208-omaha-006-073.JPG	 						135	146	5	30.1	67	63	63			oc	nimb	0				
1873-12-01	16	-12.06	-77.17			a		https://s3.amazonaws.com/NARAprodstorage/lz/dc-metro/rg-024/581208/2020-03/581208-omaha-006/581208-omaha-006-073.JPG	https://s3.amazonaws.com/NARAprodstorage/lz/dc-metro/rg-024/581208/2020-03/581208-omaha-006/581208-omaha-006-073.JPG	 						135	146	5	30.1	67	63	63			oc	nimb	0				
1873-12-01	17	-12.06	-77.17			a		https://s3.amazonaws.com/NARAprodstorage/lz/dc-metro/rg-024/581208/2020-03/581208-omaha-006/581208-omaha-006-073.JPG	https://s3.amazonaws.com/NARAprodstorage/lz/dc-metro/rg-024/581208/2020-03/581208-omaha-006/581208-omaha-006-073.JPG	 						135	146	2	30.1	67	63	63			ocf	nimb	0				
1873-12-01	18	-12.06	-77.17			a		https://s3.amazonaws.com/NARAprodstorage/lz/dc-metro/rg-024/581208/2020-03/581208-omaha-006/581208-omaha-006-073.JPG	https://s3.amazonaws.com/NARAprodstorage/lz/dc-metro/rg-024/581208/2020-03/581208-omaha-006/581208-omaha-006-073.JPG	 						135	146	2	30.1	67	63	63			ocf	nimb	0				
1873-12-01	19	-12.06	-77.17			a		https://s3.amazonaws.com/NARAprodstorage/lz/dc-metro/rg-024/581208/2020-03/581208-omaha-006/581208-omaha-006-073.JPG	https://s3.amazonaws.com/NARAprodstorage/lz/dc-metro/rg-024/581208/2020-03/581208-omaha-006/581208-omaha-006-073.JPG	 						135	146	2	30.1	67	63	63			ocf	nimb	0				
1873-12-01	20	-12.06	-77.17			a		https://s3.amazonaws.com/NARAprodstorage/lz/dc-metro/rg-024/581208/2020-03/581208-omaha-006/581208-omaha-006-073.JPG	https://s3.amazonaws.com/NARAprodstorage/lz/dc-metro/rg-024/581208/2020-03/581208-omaha-006/581208-omaha-006-073.JPG	 						135	146	2	30.1	67	62	62			ocf	nimb	0				
1873-12-01	21	-12.06	-77.17			a		https://s3.amazonaws.com/NARAprodstorage/lz/dc-metro/rg-024/581208/2020-03/581208-omaha-006/581208-omaha-006-073.JPG	https://s3.amazonaws.com/NARAprodstorage/lz/dc-metro/rg-024/581208/2020-03/581208-omaha-006/581208-omaha-006-073.JPG	 						135	146	5	30.14	67	63	63			bc	cir cum	8				
1873-12-01	22	-12.06	-77.17			a		https://s3.amazonaws.com/NARAprodstorage/lz/dc-metro/rg-024/581208/2020-03/581208-omaha-006/581208-omaha-006-073.JPG	https://s3.amazonaws.com/NARAprodstorage/lz/dc-metro/rg-024/581208/2020-03/581208-omaha-006/581208-omaha-006-073.JPG	 						135	146	5	30.14	67	63	63			bc	cir cum	8				
1873-12-01	23	-12.06	-77.17			a		https://s3.amazonaws.com/NARAprodstorage/lz/dc-metro/rg-024/581208/2020-03/581208-omaha-006/581208-omaha-006-073.JPG	https://s3.amazonaws.com/NARAprodstorage/lz/dc-metro/rg-024/581208/2020-03/581208-omaha-006/581208-omaha-006-073.JPG	 						135	146	5	30.14	67	63	63			oc	cum nimb	0				
1873-12-01	24	-12.06	-77.17			a		https://s3.amazonaws.com/NARAprodstorage/lz/dc-metro/rg-024/581208/2020-03/581208-omaha-006/581208-omaha-006-073.JPG	https://s3.amazonaws.com/NARAprodstorage/lz/dc-metro/rg-024/581208/2020-03/581208-omaha-006/581208-omaha-006-073.JPG	 						135	146	5	30.14	67	63	63			oc	cum nimb	0				
1873-12-02	1	-12.06	-77.17			a		https://s3.amazonaws.com/NARAprodstorage/lz/dc-metro/rg-024/581208/2020-03/581208-omaha-006/581208-omaha-006-074.JPG	https://s3.amazonaws.com/NARAprodstorage/lz/dc-metro/rg-024/581208/2020-03/581208-omaha-006/581208-omaha-006-074.JPG	 						135	146	8	30.14	66	62	62			ocf	nimb	0				
1873-12-02	2	-12.06	-77.17			a		https://s3.amazonaws.com/NARAprodstorage/lz/dc-metro/rg-024/581208/2020-03/581208-omaha-006/581208-omaha-006-074.JPG	https://s3.amazonaws.com/NARAprodstorage/lz/dc-metro/rg-024/581208/2020-03/581208-omaha-006/581208-omaha-006-074.JPG	 						135	146	8	30.14	66	62	62			ocf	nimb	0				
1873-12-02	3	-12.06	-77.17			a		https://s3.amazonaws.com/NARAprodstorage/lz/dc-metro/rg-024/581208/2020-03/581208-omaha-006/581208-omaha-006-074.JPG	https://s3.amazonaws.com/NARAprodstorage/lz/dc-metro/rg-024/581208/2020-03/581208-omaha-006/581208-omaha-006-074.JPG	 						135	146	8	30.14	66	62	62			ocf	nimb	0				
1873-12-02	4	-12.06	-77.17			a		https://s3.amazonaws.com/NARAprodstorage/lz/dc-metro/rg-024/581208/2020-03/581208-omaha-006/581208-omaha-006-074.JPG	https://s3.amazonaws.com/NARAprodstorage/lz/dc-metro/rg-024/581208/2020-03/581208-omaha-006/581208-omaha-006-074.JPG	 						135	146	5	30.14	66	62	62			ocf	nimb	0				
1873-12-02	5	-12.06	-77.17			a		https://s3.amazonaws.com/NARAprodstorage/lz/dc-metro/rg-024/581208/2020-03/581208-omaha-006/581208-omaha-006-074.JPG	https://s3.amazonaws.com/NARAprodstorage/lz/dc-metro/rg-024/581208/2020-03/581208-omaha-006/581208-omaha-006-074.JPG	 						135	146	2	30.15	67	63	63			bcm	nim cum	0				
1873-12-02	6	-12.06	-77.17			a		https://s3.amazonaws.com/NARAprodstorage/lz/dc-metro/rg-024/581208/2020-03/581208-omaha-006/581208-omaha-006-074.JPG	https://s3.amazonaws.com/NARAprodstorage/lz/dc-metro/rg-024/581208/2020-03/581208-omaha-006/581208-omaha-006-074.JPG	 						135	146	2	30.15	67	63	63			bcm	nim cum	0				
1873-12-02	7	-12.06	-77.17			a		https://s3.amazonaws.com/NARAprodstorage/lz/dc-metro/rg-024/581208/2020-03/581208-omaha-006/581208-omaha-006-074.JPG	https://s3.amazonaws.com/NARAprodstorage/lz/dc-metro/rg-024/581208/2020-03/581208-omaha-006/581208-omaha-006-074.JPG	 						135	146	2	30.15	67	64	64			bcm	nim cum	0				
1873-12-02	8	-12.06	-77.17			a		https://s3.amazonaws.com/NARAprodstorage/lz/dc-metro/rg-024/581208/2020-03/581208-omaha-006/581208-omaha-006-074.JPG	https://s3.amazonaws.com/NARAprodstorage/lz/dc-metro/rg-024/581208/2020-03/581208-omaha-006/581208-omaha-006-074.JPG	 						135	146	2	30.15	67	64	64			bc	nim cum	1				
1873-12-02	9	-12.06	-77.17			a		https://s3.amazonaws.com/NARAprodstorage/lz/dc-metro/rg-024/581208/2020-03/581208-omaha-006/581208-omaha-006-074.JPG	https://s3.amazonaws.com/NARAprodstorage/lz/dc-metro/rg-024/581208/2020-03/581208-omaha-006/581208-omaha-006-074.JPG	 						135	146	5	30.17	67	65	64			bc	nim cum	3				
1873-12-02	10	-12.06	-77.17			a		https://s3.amazonaws.com/NARAprodstorage/lz/dc-metro/rg-024/581208/2020-03/581208-omaha-006/581208-omaha-006-074.JPG	https://s3.amazonaws.com/NARAprodstorage/lz/dc-metro/rg-024/581208/2020-03/581208-omaha-006/581208-omaha-006-074.JPG	 						135	146	5	30.17	67	65	64			bc	nim cum	3				
1873-12-02	11	-12.06	-77.17			a		https://s3.amazonaws.com/NARAprodstorage/lz/dc-metro/rg-024/581208/2020-03/581208-omaha-006/581208-omaha-006-074.JPG	https://s3.amazonaws.com/NARAprodstorage/lz/dc-metro/rg-024/581208/2020-03/581208-omaha-006/581208-omaha-006-074.JPG	 						135	146	5	30.17	67	65	64			bc	nim cum	3				
1873-12-02	12	-12.06	-77.17			a		https://s3.amazonaws.com/NARAprodstorage/lz/dc-metro/rg-024/581208/2020-03/581208-omaha-006/581208-omaha-006-074.JPG	https://s3.amazonaws.com/NARAprodstorage/lz/dc-metro/rg-024/581208/2020-03/581208-omaha-006/581208-omaha-006-074.JPG	"Noon: Callao, Peru."						135	146	5	30.17	67	65	64			bc	nim cum	3				
1873-12-02	13	-12.06	-77.17			a		https://s3.amazonaws.com/NARAprodstorage/lz/dc-metro/rg-024/581208/2020-03/581208-omaha-006/581208-omaha-006-074.JPG	https://s3.amazonaws.com/NARAprodstorage/lz/dc-metro/rg-024/581208/2020-03/581208-omaha-006/581208-omaha-006-074.JPG	 						135	146	5	30.17	67	65	64			bc	cum nim	3				
1873-12-02	14	-12.06	-77.17			a		https://s3.amazonaws.com/NARAprodstorage/lz/dc-metro/rg-024/581208/2020-03/581208-omaha-006/581208-omaha-006-074.JPG	https://s3.amazonaws.com/NARAprodstorage/lz/dc-metro/rg-024/581208/2020-03/581208-omaha-006/581208-omaha-006-074.JPG	 						135	146	5	30.15	67	66	64			bc	cum nim	4				
1873-12-02	15	-12.06	-77.17			a		https://s3.amazonaws.com/NARAprodstorage/lz/dc-metro/rg-024/581208/2020-03/581208-omaha-006/581208-omaha-006-074.JPG	https://s3.amazonaws.com/NARAprodstorage/lz/dc-metro/rg-024/581208/2020-03/581208-omaha-006/581208-omaha-006-074.JPG	 						135	146	5	30.15	67	66	64			bc	cum nim	4				
1873-12-02	16	-12.06	-77.17			a		https://s3.amazonaws.com/NARAprodstorage/lz/dc-metro/rg-024/581208/2020-03/581208-omaha-006/581208-omaha-006-074.JPG	https://s3.amazonaws.com/NARAprodstorage/lz/dc-metro/rg-024/581208/2020-03/581208-omaha-006/581208-omaha-006-074.JPG	 						135	146	8	30.14	68	67	65			bc	cum nim	2				
1873-12-02	17	-12.06	-77.17			a		https://s3.amazonaws.com/NARAprodstorage/lz/dc-metro/rg-024/581208/2020-03/581208-omaha-006/581208-omaha-006-074.JPG	https://s3.amazonaws.com/NARAprodstorage/lz/dc-metro/rg-024/581208/2020-03/581208-omaha-006/581208-omaha-006-074.JPG	 						135	146	5	30.16	65	65	64			oc	cum nim	0				
1873-12-02	18	-12.06	-77.17			a		https://s3.amazonaws.com/NARAprodstorage/lz/dc-metro/rg-024/581208/2020-03/581208-omaha-006/581208-omaha-006-074.JPG	https://s3.amazonaws.com/NARAprodstorage/lz/dc-metro/rg-024/581208/2020-03/581208-omaha-006/581208-omaha-006-074.JPG	 						135	146	5	30.16	65	65	64			oc	cum nim	0				
1873-12-02	19	-12.06	-77.17			a		https://s3.amazonaws.com/NARAprodstorage/lz/dc-metro/rg-024/581208/2020-03/581208-omaha-006/581208-omaha-006-074.JPG	https://s3.amazonaws.com/NARAprodstorage/lz/dc-metro/rg-024/581208/2020-03/581208-omaha-006/581208-omaha-006-074.JPG	 						135	146	5	30.16	65	65	64			oc	cum nim	0				
1873-12-02	20	-12.06	-77.17			a		https://s3.amazonaws.com/NARAprodstorage/lz/dc-metro/rg-024/581208/2020-03/581208-omaha-006/581208-omaha-006-074.JPG	https://s3.amazonaws.com/NARAprodstorage/lz/dc-metro/rg-024/581208/2020-03/581208-omaha-006/581208-omaha-006-074.JPG	 						135	146	5	30.16	65	65	64			oc	cum nim	0				
1873-12-02	21	-12.06	-77.17			a		https://s3.amazonaws.com/NARAprodstorage/lz/dc-metro/rg-024/581208/2020-03/581208-omaha-006/581208-omaha-006-074.JPG	https://s3.amazonaws.com/NARAprodstorage/lz/dc-metro/rg-024/581208/2020-03/581208-omaha-006/581208-omaha-006-074.JPG	 						135	146	5	30.16	65	65	64			oc	cum nim	0				
1873-12-02	22	-12.06	-77.17			a		https://s3.amazonaws.com/NARAprodstorage/lz/dc-metro/rg-024/581208/2020-03/581208-omaha-006/581208-omaha-006-074.JPG	https://s3.amazonaws.com/NARAprodstorage/lz/dc-metro/rg-024/581208/2020-03/581208-omaha-006/581208-omaha-006-074.JPG	 						135	146	5	30.16	65	64	64			oc	cum nim	0				
1873-12-02	23	-12.06	-77.17			a		https://s3.amazonaws.com/NARAprodstorage/lz/dc-metro/rg-024/581208/2020-03/581208-omaha-006/581208-omaha-006-074.JPG	https://s3.amazonaws.com/NARAprodstorage/lz/dc-metro/rg-024/581208/2020-03/581208-omaha-006/581208-omaha-006-074.JPG	 						135	146	5	30.18	65	64	63			oc	cum nim	0				
1873-12-02	24	-12.06	-77.17			a		https://s3.amazonaws.com/NARAprodstorage/lz/dc-metro/rg-024/581208/2020-03/581208-omaha-006/581208-omaha-006-074.JPG	https://s3.amazonaws.com/NARAprodstorage/lz/dc-metro/rg-024/581208/2020-03/581208-omaha-006/581208-omaha-006-074.JPG	 						135	146	5	30.18	65	64	63			oc	cum nim	0				
1873-12-03	1	-12.06	-77.17			a		https://s3.amazonaws.com/NARAprodstorage/lz/dc-metro/rg-024/581208/2020-03/581208-omaha-006/581208-omaha-006-075.JPG	https://s3.amazonaws.com/NARAprodstorage/lz/dc-metro/rg-024/581208/2020-03/581208-omaha-006/581208-omaha-006-075.JPG	 						180	191	2	30.18	67	64	64			oc	nimb	0				
1873-12-03	2	-12.06	-77.17			a		https://s3.amazonaws.com/NARAprodstorage/lz/dc-metro/rg-024/581208/2020-03/581208-omaha-006/581208-omaha-006-075.JPG	https://s3.amazonaws.com/NARAprodstorage/lz/dc-metro/rg-024/581208/2020-03/581208-omaha-006/581208-omaha-006-075.JPG	 						180	191	5	30.18	67	64	64			oc	nimb	0				
1873-12-03	3	-12.06	-77.17			a		https://s3.amazonaws.com/NARAprodstorage/lz/dc-metro/rg-024/581208/2020-03/581208-omaha-006/581208-omaha-006-075.JPG	https://s3.amazonaws.com/NARAprodstorage/lz/dc-metro/rg-024/581208/2020-03/581208-omaha-006/581208-omaha-006-075.JPG	 						180	191	5	30.18	67	64	64			oc	nimb	0				
1873-12-03	4	-12.06	-77.17			a		https://s3.amazonaws.com/NARAprodstorage/lz/dc-metro/rg-024/581208/2020-03/581208-omaha-006/581208-omaha-006-075.JPG	https://s3.amazonaws.com/NARAprodstorage/lz/dc-metro/rg-024/581208/2020-03/581208-omaha-006/581208-omaha-006-075.JPG	 						180	191	2	30.18	67	64	64			oc	nimb	0				
1873-12-03	5	-12.06	-77.17			a		https://s3.amazonaws.com/NARAprodstorage/lz/dc-metro/rg-024/581208/2020-03/581208-omaha-006/581208-omaha-006-075.JPG	https://s3.amazonaws.com/NARAprodstorage/lz/dc-metro/rg-024/581208/2020-03/581208-omaha-006/581208-omaha-006-075.JPG	 						0	0	0	30.18	67	64	64			ocm	cum nimb	0				
1873-12-03	6	-12.06	-77.17			a		https://s3.amazonaws.com/NARAprodstorage/lz/dc-metro/rg-024/581208/2020-03/581208-omaha-006/581208-omaha-006-075.JPG	https://s3.amazonaws.com/NARAprodstorage/lz/dc-metro/rg-024/581208/2020-03/581208-omaha-006/581208-omaha-006-075.JPG	 						0	0	0	30.18	67	64	64			ocm	cum nimb	0				
1873-12-03	7	-12.06	-77.17			a		https://s3.amazonaws.com/NARAprodstorage/lz/dc-metro/rg-024/581208/2020-03/581208-omaha-006/581208-omaha-006-075.JPG	https://s3.amazonaws.com/NARAprodstorage/lz/dc-metro/rg-024/581208/2020-03/581208-omaha-006/581208-omaha-006-075.JPG	 						0	0	0	30.18	67	64	64			ocm	cum nimb	0				
1873-12-03	8	-12.06	-77.17			a		https://s3.amazonaws.com/NARAprodstorage/lz/dc-metro/rg-024/581208/2020-03/581208-omaha-006/581208-omaha-006-075.JPG	https://s3.amazonaws.com/NARAprodstorage/lz/dc-metro/rg-024/581208/2020-03/581208-omaha-006/581208-omaha-006-075.JPG	 						0	0	0	30.18	67	64	64			ocm	cum nimb	0				
1873-12-03	9	-12.06	-77.17			a		https://s3.amazonaws.com/NARAprodstorage/lz/dc-metro/rg-024/581208/2020-03/581208-omaha-006/581208-omaha-006-075.JPG	https://s3.amazonaws.com/NARAprodstorage/lz/dc-metro/rg-024/581208/2020-03/581208-omaha-006/581208-omaha-006-075.JPG	 						0	0	0	30.18	67	64	65			ocm	cum nimb	0				
1873-12-03	10	-12.06	-77.17			a		https://s3.amazonaws.com/NARAprodstorage/lz/dc-metro/rg-024/581208/2020-03/581208-omaha-006/581208-omaha-006-075.JPG	https://s3.amazonaws.com/NARAprodstorage/lz/dc-metro/rg-024/581208/2020-03/581208-omaha-006/581208-omaha-006-075.JPG	 						135	146	2	30.18	68	65	66			bc	cum nimb	2				
1873-12-03	11	-12.06	-77.17			a		https://s3.amazonaws.com/NARAprodstorage/lz/dc-metro/rg-024/581208/2020-03/581208-omaha-006/581208-omaha-006-075.JPG	https://s3.amazonaws.com/NARAprodstorage/lz/dc-metro/rg-024/581208/2020-03/581208-omaha-006/581208-omaha-006-075.JPG	 						135	146	2	30.18	69	68	66			bc	cum nimb	2				
1873-12-03	12	-12.06	-77.17			a		https://s3.amazonaws.com/NARAprodstorage/lz/dc-metro/rg-024/581208/2020-03/581208-omaha-006/581208-omaha-006-075.JPG	https://s3.amazonaws.com/NARAprodstorage/lz/dc-metro/rg-024/581208/2020-03/581208-omaha-006/581208-omaha-006-075.JPG	"Noon: Callao, Peru."						135	146	2	30.18	70	69	67			bc	cum nimb	2				
1873-12-03	13	-12.06	-77.17			a		https://s3.amazonaws.com/NARAprodstorage/lz/dc-metro/rg-024/581208/2020-03/581208-omaha-006/581208-omaha-006-075.JPG	https://s3.amazonaws.com/NARAprodstorage/lz/dc-metro/rg-024/581208/2020-03/581208-omaha-006/581208-omaha-006-075.JPG	 						135	146	5	30.12	70	69	66			bc	cum nimb	6				
1873-12-03	14	-12.06	-77.17			a		https://s3.amazonaws.com/NARAprodstorage/lz/dc-metro/rg-024/581208/2020-03/581208-omaha-006/581208-omaha-006-075.JPG	https://s3.amazonaws.com/NARAprodstorage/lz/dc-metro/rg-024/581208/2020-03/581208-omaha-006/581208-omaha-006-075.JPG	 						135	146	5	30.12	70	69	66			bc	cum nimb	4				
1873-12-03	15	-12.06	-77.17			a		https://s3.amazonaws.com/NARAprodstorage/lz/dc-metro/rg-024/581208/2020-03/581208-omaha-006/581208-omaha-006-075.JPG	https://s3.amazonaws.com/NARAprodstorage/lz/dc-metro/rg-024/581208/2020-03/581208-omaha-006/581208-omaha-006-075.JPG	 						135	146	5	30.12	70	69	66			bc	cum nimb	5				
1873-12-03	16	-12.06	-77.17			a		https://s3.amazonaws.com/NARAprodstorage/lz/dc-metro/rg-024/581208/2020-03/581208-omaha-006/581208-omaha-006-075.JPG	https://s3.amazonaws.com/NARAprodstorage/lz/dc-metro/rg-024/581208/2020-03/581208-omaha-006/581208-omaha-006-075.JPG	 						135	146	5	30.12	70	69	66			bc	cum nimb	5				
1873-12-03	17	-12.06	-77.17			a		https://s3.amazonaws.com/NARAprodstorage/lz/dc-metro/rg-024/581208/2020-03/581208-omaha-006/581208-omaha-006-075.JPG	https://s3.amazonaws.com/NARAprodstorage/lz/dc-metro/rg-024/581208/2020-03/581208-omaha-006/581208-omaha-006-075.JPG	 						135	146	5	30.14	70	69	66			bc	cum nimb	4				
1873-12-03	18	-12.06	-77.17			a		https://s3.amazonaws.com/NARAprodstorage/lz/dc-metro/rg-024/581208/2020-03/581208-omaha-006/581208-omaha-006-075.JPG	https://s3.amazonaws.com/NARAprodstorage/lz/dc-metro/rg-024/581208/2020-03/581208-omaha-006/581208-omaha-006-075.JPG	 						135	146	8	30.14	70	68	66			bc	cum nimb	4				
1873-12-03	19	-12.06	-77.17			a		https://s3.amazonaws.com/NARAprodstorage/lz/dc-metro/rg-024/581208/2020-03/581208-omaha-006/581208-omaha-006-075.JPG	https://s3.amazonaws.com/NARAprodstorage/lz/dc-metro/rg-024/581208/2020-03/581208-omaha-006/581208-omaha-006-075.JPG	 						135	146	8	30.14	69	66	64			om	nimb	0				
1873-12-03	20	-12.06	-77.17			a		https://s3.amazonaws.com/NARAprodstorage/lz/dc-metro/rg-024/581208/2020-03/581208-omaha-006/581208-omaha-006-075.JPG	https://s3.amazonaws.com/NARAprodstorage/lz/dc-metro/rg-024/581208/2020-03/581208-omaha-006/581208-omaha-006-075.JPG	 						135	146	8	30.12	69	64	64			om	nimb	0				
1873-12-03	21	-12.06	-77.17			a		https://s3.amazonaws.com/NARAprodstorage/lz/dc-metro/rg-024/581208/2020-03/581208-omaha-006/581208-omaha-006-075.JPG	https://s3.amazonaws.com/NARAprodstorage/lz/dc-metro/rg-024/581208/2020-03/581208-omaha-006/581208-omaha-006-075.JPG	 						135	146	8	30.12	69	64	64			ocf	nimb	0				
1873-12-03	22	-12.06	-77.17			a		https://s3.amazonaws.com/NARAprodstorage/lz/dc-metro/rg-024/581208/2020-03/581208-omaha-006/581208-omaha-006-075.JPG	https://s3.amazonaws.com/NARAprodstorage/lz/dc-metro/rg-024/581208/2020-03/581208-omaha-006/581208-omaha-006-075.JPG	 						135	146	8	30.12	68	63	62			ocf	nimb	0				
1873-12-03	23	-12.06	-77.17			a		https://s3.amazonaws.com/NARAprodstorage/lz/dc-metro/rg-024/581208/2020-03/581208-omaha-006/581208-omaha-006-075.JPG	https://s3.amazonaws.com/NARAprodstorage/lz/dc-metro/rg-024/581208/2020-03/581208-omaha-006/581208-omaha-006-075.JPG	 						135	146	8	30.14	68	63	62			ocf	nimb	0				
1873-12-03	24	-12.06	-77.17			a		https://s3.amazonaws.com/NARAprodstorage/lz/dc-metro/rg-024/581208/2020-03/581208-omaha-006/581208-omaha-006-075.JPG	https://s3.amazonaws.com/NARAprodstorage/lz/dc-metro/rg-024/581208/2020-03/581208-omaha-006/581208-omaha-006-075.JPG	 						135	146	8	30.14	68	63	62			ocf	nimb	0				
1873-12-04	1	-12.06	-77.17			a		https://s3.amazonaws.com/NARAprodstorage/lz/dc-metro/rg-024/581208/2020-03/581208-omaha-006/581208-omaha-006-076.JPG	https://s3.amazonaws.com/NARAprodstorage/lz/dc-metro/rg-024/581208/2020-03/581208-omaha-006/581208-omaha-006-076.JPG	 						135	146	5	30.16	68	64	63			ocm	nimb	0				
1873-12-04	2	-12.06	-77.17			a		https://s3.amazonaws.com/NARAprodstorage/lz/dc-metro/rg-024/581208/2020-03/581208-omaha-006/581208-omaha-006-076.JPG	https://s3.amazonaws.com/NARAprodstorage/lz/dc-metro/rg-024/581208/2020-03/581208-omaha-006/581208-omaha-006-076.JPG	 						135	146	5	30.16	68	64	63			ocm	nimb	0				
1873-12-04	3	-12.06	-77.17			a		https://s3.amazonaws.com/NARAprodstorage/lz/dc-metro/rg-024/581208/2020-03/581208-omaha-006/581208-omaha-006-076.JPG	https://s3.amazonaws.com/NARAprodstorage/lz/dc-metro/rg-024/581208/2020-03/581208-omaha-006/581208-omaha-006-076.JPG	 						135	146	5	30.16	68	64	63			ocm	nimb	0				
1873-12-04	4	-12.06	-77.17			a		https://s3.amazonaws.com/NARAprodstorage/lz/dc-metro/rg-024/581208/2020-03/581208-omaha-006/581208-omaha-006-076.JPG	https://s3.amazonaws.com/NARAprodstorage/lz/dc-metro/rg-024/581208/2020-03/581208-omaha-006/581208-omaha-006-076.JPG	 						135	146	5	30.16	68	64	63			ocm	nimb	0				
1873-12-04	5	-12.06	-77.17			a		https://s3.amazonaws.com/NARAprodstorage/lz/dc-metro/rg-024/581208/2020-03/581208-omaha-006/581208-omaha-006-076.JPG	https://s3.amazonaws.com/NARAprodstorage/lz/dc-metro/rg-024/581208/2020-03/581208-omaha-006/581208-omaha-006-076.JPG	 						135	146	5	30.16	68	64	63			ocm	nimb	0				
1873-12-04	6	-12.06	-77.17			a		https://s3.amazonaws.com/NARAprodstorage/lz/dc-metro/rg-024/581208/2020-03/581208-omaha-006/581208-omaha-006-076.JPG	https://s3.amazonaws.com/NARAprodstorage/lz/dc-metro/rg-024/581208/2020-03/581208-omaha-006/581208-omaha-006-076.JPG	 						135	146	2	30.18	68	65	64			ocm	nimb	0				
1873-12-04	7	-12.06	-77.17			a		https://s3.amazonaws.com/NARAprodstorage/lz/dc-metro/rg-024/581208/2020-03/581208-omaha-006/581208-omaha-006-076.JPG	https://s3.amazonaws.com/NARAprodstorage/lz/dc-metro/rg-024/581208/2020-03/581208-omaha-006/581208-omaha-006-076.JPG	 						135	146	2	30.18	68	65	64			ocm	nimb	0				
1873-12-04	8	-12.06	-77.17			a		https://s3.amazonaws.com/NARAprodstorage/lz/dc-metro/rg-024/581208/2020-03/581208-omaha-006/581208-omaha-006-076.JPG	https://s3.amazonaws.com/NARAprodstorage/lz/dc-metro/rg-024/581208/2020-03/581208-omaha-006/581208-omaha-006-076.JPG	 						135	146	2	30.2	67	65	65			ocm	nimb	0				
1873-12-04	9	-12.06	-77.17			a		https://s3.amazonaws.com/NARAprodstorage/lz/dc-metro/rg-024/581208/2020-03/581208-omaha-006/581208-omaha-006-076.JPG	https://s3.amazonaws.com/NARAprodstorage/lz/dc-metro/rg-024/581208/2020-03/581208-omaha-006/581208-omaha-006-076.JPG	 						135	146	2	30.2	67	65	65			bc	nimb	0				
1873-12-04	10	-12.06	-77.17			a		https://s3.amazonaws.com/NARAprodstorage/lz/dc-metro/rg-024/581208/2020-03/581208-omaha-006/581208-omaha-006-076.JPG	https://s3.amazonaws.com/NARAprodstorage/lz/dc-metro/rg-024/581208/2020-03/581208-omaha-006/581208-omaha-006-076.JPG	 						135	146	2	30.2	67	66	65			bc	cum nimb	3				
1873-12-04	11	-12.06	-77.17			a		https://s3.amazonaws.com/NARAprodstorage/lz/dc-metro/rg-024/581208/2020-03/581208-omaha-006/581208-omaha-006-076.JPG	https://s3.amazonaws.com/NARAprodstorage/lz/dc-metro/rg-024/581208/2020-03/581208-omaha-006/581208-omaha-006-076.JPG	 						135	146	2	30.2	68	66	65			bc	cum nimb	5				
1873-12-04	12	-12.06	-77.17			a		https://s3.amazonaws.com/NARAprodstorage/lz/dc-metro/rg-024/581208/2020-03/581208-omaha-006/581208-omaha-006-076.JPG	https://s3.amazonaws.com/NARAprodstorage/lz/dc-metro/rg-024/581208/2020-03/581208-omaha-006/581208-omaha-006-076.JPG	"Noon: Callao, Peru."						135	146	2	30.2	70	67	66			bc	cum nimb	4				
1873-12-04	13	-12.06	-77.17			a		https://s3.amazonaws.com/NARAprodstorage/lz/dc-metro/rg-024/581208/2020-03/581208-omaha-006/581208-omaha-006-076.JPG	https://s3.amazonaws.com/NARAprodstorage/lz/dc-metro/rg-024/581208/2020-03/581208-omaha-006/581208-omaha-006-076.JPG	 						135	146	2	30.2	70	68	66			bc	cum	5				
1873-12-04	14	-12.06	-77.17			a		https://s3.amazonaws.com/NARAprodstorage/lz/dc-metro/rg-024/581208/2020-03/581208-omaha-006/581208-omaha-006-076.JPG	https://s3.amazonaws.com/NARAprodstorage/lz/dc-metro/rg-024/581208/2020-03/581208-omaha-006/581208-omaha-006-076.JPG	 						135	146	2	30.2	70	68	66			bc	cum	5				
1873-12-04	15	-12.06	-77.17			a		https://s3.amazonaws.com/NARAprodstorage/lz/dc-metro/rg-024/581208/2020-03/581208-omaha-006/581208-omaha-006-076.JPG	https://s3.amazonaws.com/NARAprodstorage/lz/dc-metro/rg-024/581208/2020-03/581208-omaha-006/581208-omaha-006-076.JPG	 						135	146	5	30.2	70	68	66			bc	cum	5				
1873-12-04	16	-12.06	-77.17			a		https://s3.amazonaws.com/NARAprodstorage/lz/dc-metro/rg-024/581208/2020-03/581208-omaha-006/581208-omaha-006-076.JPG	https://s3.amazonaws.com/NARAprodstorage/lz/dc-metro/rg-024/581208/2020-03/581208-omaha-006/581208-omaha-006-076.JPG	 						135	146	5	30.2	70	67	65			bc	cum	5				
1873-12-04	17	-12.06	-77.17			a		https://s3.amazonaws.com/NARAprodstorage/lz/dc-metro/rg-024/581208/2020-03/581208-omaha-006/581208-omaha-006-076.JPG	https://s3.amazonaws.com/NARAprodstorage/lz/dc-metro/rg-024/581208/2020-03/581208-omaha-006/581208-omaha-006-076.JPG	 						135	146	5	30.2	70	67	65			bc	cum	5				
1873-12-04	18	-12.06	-77.17			a		https://s3.amazonaws.com/NARAprodstorage/lz/dc-metro/rg-024/581208/2020-03/581208-omaha-006/581208-omaha-006-076.JPG	https://s3.amazonaws.com/NARAprodstorage/lz/dc-metro/rg-024/581208/2020-03/581208-omaha-006/581208-omaha-006-076.JPG	 						135	146	5	30.2	70	67	65			bc	cum	5				
1873-12-04	19	-12.06	-77.17			a		https://s3.amazonaws.com/NARAprodstorage/lz/dc-metro/rg-024/581208/2020-03/581208-omaha-006/581208-omaha-006-076.JPG	https://s3.amazonaws.com/NARAprodstorage/lz/dc-metro/rg-024/581208/2020-03/581208-omaha-006/581208-omaha-006-076.JPG	 						135	146	8	30.2	69	66	65			bc	cum	5				
1873-12-04	20	-12.06	-77.17			a		https://s3.amazonaws.com/NARAprodstorage/lz/dc-metro/rg-024/581208/2020-03/581208-omaha-006/581208-omaha-006-076.JPG	https://s3.amazonaws.com/NARAprodstorage/lz/dc-metro/rg-024/581208/2020-03/581208-omaha-006/581208-omaha-006-076.JPG	 						135	146	8	30.2	69	66	64			bc	cum	5				
1873-12-04	21	-12.06	-77.17			a		https://s3.amazonaws.com/NARAprodstorage/lz/dc-metro/rg-024/581208/2020-03/581208-omaha-006/581208-omaha-006-076.JPG	https://s3.amazonaws.com/NARAprodstorage/lz/dc-metro/rg-024/581208/2020-03/581208-omaha-006/581208-omaha-006-076.JPG	 						135	146	8	30.18	68	65	64			bc	nim cum	2				
1873-12-04	22	-12.06	-77.17			a		https://s3.amazonaws.com/NARAprodstorage/lz/dc-metro/rg-024/581208/2020-03/581208-omaha-006/581208-omaha-006-076.JPG	https://s3.amazonaws.com/NARAprodstorage/lz/dc-metro/rg-024/581208/2020-03/581208-omaha-006/581208-omaha-006-076.JPG	 						135	146	8	30.18	68	65	64			ocm	nim cum	0				
1873-12-04	23	-12.06	-77.17			a		https://s3.amazonaws.com/NARAprodstorage/lz/dc-metro/rg-024/581208/2020-03/581208-omaha-006/581208-omaha-006-076.JPG	https://s3.amazonaws.com/NARAprodstorage/lz/dc-metro/rg-024/581208/2020-03/581208-omaha-006/581208-omaha-006-076.JPG	 						135	146	8	30.18	68	65	64			ocm	nim cum	2				
1873-12-04	24	-12.06	-77.17			a		https://s3.amazonaws.com/NARAprodstorage/lz/dc-metro/rg-024/581208/2020-03/581208-omaha-006/581208-omaha-006-076.JPG	https://s3.amazonaws.com/NARAprodstorage/lz/dc-metro/rg-024/581208/2020-03/581208-omaha-006/581208-omaha-006-076.JPG	 						135	146	8	30.18	68	65	64			ocm	nim cum	2				
1873-12-05	1	-12.06	-77.17			a		https://s3.amazonaws.com/NARAprodstorage/lz/dc-metro/rg-024/581208/2020-03/581208-omaha-006/581208-omaha-006-077.JPG	https://s3.amazonaws.com/NARAprodstorage/lz/dc-metro/rg-024/581208/2020-03/581208-omaha-006/581208-omaha-006-077.JPG	 						135	146	5	30.13	67	64	64			oc	cum nim	0				
1873-12-05	2	-12.06	-77.17			a		https://s3.amazonaws.com/NARAprodstorage/lz/dc-metro/rg-024/581208/2020-03/581208-omaha-006/581208-omaha-006-077.JPG	https://s3.amazonaws.com/NARAprodstorage/lz/dc-metro/rg-024/581208/2020-03/581208-omaha-006/581208-omaha-006-077.JPG	 						135	146	5	30.13	67	64	64			oc	cum nim	0				
1873-12-05	3	-12.06	-77.17			a		https://s3.amazonaws.com/NARAprodstorage/lz/dc-metro/rg-024/581208/2020-03/581208-omaha-006/581208-omaha-006-077.JPG	https://s3.amazonaws.com/NARAprodstorage/lz/dc-metro/rg-024/581208/2020-03/581208-omaha-006/581208-omaha-006-077.JPG	 						135	146	5	30.13	67	64	64			oc	cum nim	0				
1873-12-05	4	-12.06	-77.17			a		https://s3.amazonaws.com/NARAprodstorage/lz/dc-metro/rg-024/581208/2020-03/581208-omaha-006/581208-omaha-006-077.JPG	https://s3.amazonaws.com/NARAprodstorage/lz/dc-metro/rg-024/581208/2020-03/581208-omaha-006/581208-omaha-006-077.JPG	 						135	146	5	30.13	67	64	64			oc	cum nim	0				
1873-12-05	5	-12.06	-77.17			a		https://s3.amazonaws.com/NARAprodstorage/lz/dc-metro/rg-024/581208/2020-03/581208-omaha-006/581208-omaha-006-077.JPG	https://s3.amazonaws.com/NARAprodstorage/lz/dc-metro/rg-024/581208/2020-03/581208-omaha-006/581208-omaha-006-077.JPG	 						0	0	0	30.13	70	65	64			ocm	nim	0				
1873-12-05	6	-12.06	-77.17			a		https://s3.amazonaws.com/NARAprodstorage/lz/dc-metro/rg-024/581208/2020-03/581208-omaha-006/581208-omaha-006-077.JPG	https://s3.amazonaws.com/NARAprodstorage/lz/dc-metro/rg-024/581208/2020-03/581208-omaha-006/581208-omaha-006-077.JPG	 						0	0	0	30.13	70	65	64			ocm	nim	0				
1873-12-05	7	-12.06	-77.17			a		https://s3.amazonaws.com/NARAprodstorage/lz/dc-metro/rg-024/581208/2020-03/581208-omaha-006/581208-omaha-006-077.JPG	https://s3.amazonaws.com/NARAprodstorage/lz/dc-metro/rg-024/581208/2020-03/581208-omaha-006/581208-omaha-006-077.JPG	 						0	0	0	30.13	70	65	64			ocm	nim	0				
1873-12-05	8	-12.06	-77.17			a		https://s3.amazonaws.com/NARAprodstorage/lz/dc-metro/rg-024/581208/2020-03/581208-omaha-006/581208-omaha-006-077.JPG	https://s3.amazonaws.com/NARAprodstorage/lz/dc-metro/rg-024/581208/2020-03/581208-omaha-006/581208-omaha-006-077.JPG	 						0	0	0	30.18	70	66	65			ocm	nim	0				
1873-12-05	9	-12.06	-77.17			a		https://s3.amazonaws.com/NARAprodstorage/lz/dc-metro/rg-024/581208/2020-03/581208-omaha-006/581208-omaha-006-077.JPG	https://s3.amazonaws.com/NARAprodstorage/lz/dc-metro/rg-024/581208/2020-03/581208-omaha-006/581208-omaha-006-077.JPG	 						0	0	0	30.18	70	66	65			ocf	nim	0				
1873-12-05	10	-12.06	-77.17			a		https://s3.amazonaws.com/NARAprodstorage/lz/dc-metro/rg-024/581208/2020-03/581208-omaha-006/581208-omaha-006-077.JPG	https://s3.amazonaws.com/NARAprodstorage/lz/dc-metro/rg-024/581208/2020-03/581208-omaha-006/581208-omaha-006-077.JPG	 						0	0	0	30.18	70	67	66			ocf	nim					
1873-12-05	11	-12.06	-77.17			a		https://s3.amazonaws.com/NARAprodstorage/lz/dc-metro/rg-024/581208/2020-03/581208-omaha-006/581208-omaha-006-077.JPG	https://s3.amazonaws.com/NARAprodstorage/lz/dc-metro/rg-024/581208/2020-03/581208-omaha-006/581208-omaha-006-077.JPG	 						0	0	0	30.2	72	67	66			ocf	nim					
1873-12-05	12	-12.06	-77.17			a		https://s3.amazonaws.com/NARAprodstorage/lz/dc-metro/rg-024/581208/2020-03/581208-omaha-006/581208-omaha-006-077.JPG	https://s3.amazonaws.com/NARAprodstorage/lz/dc-metro/rg-024/581208/2020-03/581208-omaha-006/581208-omaha-006-077.JPG	"Noon: Callao, Peru."						0	0	0	30.2	72	67	66			ocf	nim					
1873-12-05	13	-12.06	-77.17			a		https://s3.amazonaws.com/NARAprodstorage/lz/dc-metro/rg-024/581208/2020-03/581208-omaha-006/581208-omaha-006-077.JPG	https://s3.amazonaws.com/NARAprodstorage/lz/dc-metro/rg-024/581208/2020-03/581208-omaha-006/581208-omaha-006-077.JPG	 						0	0	0	30.18	70	68	66			oc	cum nimb	0				
1873-12-05	14	-12.06	-77.17			a		https://s3.amazonaws.com/NARAprodstorage/lz/dc-metro/rg-024/581208/2020-03/581208-omaha-006/581208-omaha-006-077.JPG	https://s3.amazonaws.com/NARAprodstorage/lz/dc-metro/rg-024/581208/2020-03/581208-omaha-006/581208-omaha-006-077.JPG	 						0	0	0	30.15	70	68	66			oc	cum nimb	0				
1873-12-05	15	-12.06	-77.17			a		https://s3.amazonaws.com/NARAprodstorage/lz/dc-metro/rg-024/581208/2020-03/581208-omaha-006/581208-omaha-006-077.JPG	https://s3.amazonaws.com/NARAprodstorage/lz/dc-metro/rg-024/581208/2020-03/581208-omaha-006/581208-omaha-006-077.JPG	 						135	146	3	30.15	70	68	66			oc	cum nimb	0				
1873-12-05	16	-12.06	-77.17			a		https://s3.amazonaws.com/NARAprodstorage/lz/dc-metro/rg-024/581208/2020-03/581208-omaha-006/581208-omaha-006-077.JPG	https://s3.amazonaws.com/NARAprodstorage/lz/dc-metro/rg-024/581208/2020-03/581208-omaha-006/581208-omaha-006-077.JPG	 						135	146	5	30.15	70	68	66			oc	cum nimb	0				
1873-12-05	17	-12.06	-77.17			a		https://s3.amazonaws.com/NARAprodstorage/lz/dc-metro/rg-024/581208/2020-03/581208-omaha-006/581208-omaha-006-077.JPG	https://s3.amazonaws.com/NARAprodstorage/lz/dc-metro/rg-024/581208/2020-03/581208-omaha-006/581208-omaha-006-077.JPG	 						135	146	5	30.15	72	68	66			bc	cum nimb	4				
1873-12-05	18	-12.06	-77.17			a		https://s3.amazonaws.com/NARAprodstorage/lz/dc-metro/rg-024/581208/2020-03/581208-omaha-006/581208-omaha-006-077.JPG	https://s3.amazonaws.com/NARAprodstorage/lz/dc-metro/rg-024/581208/2020-03/581208-omaha-006/581208-omaha-006-077.JPG	 						135	146	5	30.15	72	68	66			bc	cum nimb	4				
1873-12-05	19	-12.06	-77.17			a		https://s3.amazonaws.com/NARAprodstorage/lz/dc-metro/rg-024/581208/2020-03/581208-omaha-006/581208-omaha-006-077.JPG	https://s3.amazonaws.com/NARAprodstorage/lz/dc-metro/rg-024/581208/2020-03/581208-omaha-006/581208-omaha-006-077.JPG	 						135	146	2	30.14	71	68	66			bc	cir cum	6				
1873-12-05	20	-12.06	-77.17			a		https://s3.amazonaws.com/NARAprodstorage/lz/dc-metro/rg-024/581208/2020-03/581208-omaha-006/581208-omaha-006-077.JPG	https://s3.amazonaws.com/NARAprodstorage/lz/dc-metro/rg-024/581208/2020-03/581208-omaha-006/581208-omaha-006-077.JPG	 						135	146	2	30.14	71	66	65			bc	cir cum	8				
1873-12-05	21	-12.06	-77.17			a		https://s3.amazonaws.com/NARAprodstorage/lz/dc-metro/rg-024/581208/2020-03/581208-omaha-006/581208-omaha-006-077.JPG	https://s3.amazonaws.com/NARAprodstorage/lz/dc-metro/rg-024/581208/2020-03/581208-omaha-006/581208-omaha-006-077.JPG	 						135	146	5	30.14	69	64	64			bc	cum nim	6				
1873-12-05	22	-12.06	-77.17			a		https://s3.amazonaws.com/NARAprodstorage/lz/dc-metro/rg-024/581208/2020-03/581208-omaha-006/581208-omaha-006-077.JPG	https://s3.amazonaws.com/NARAprodstorage/lz/dc-metro/rg-024/581208/2020-03/581208-omaha-006/581208-omaha-006-077.JPG	 						135	146	8	30.14	69	64	64			bc	cum nim	7				
1873-12-05	23	-12.06	-77.17			a		https://s3.amazonaws.com/NARAprodstorage/lz/dc-metro/rg-024/581208/2020-03/581208-omaha-006/581208-omaha-006-077.JPG	https://s3.amazonaws.com/NARAprodstorage/lz/dc-metro/rg-024/581208/2020-03/581208-omaha-006/581208-omaha-006-077.JPG	 						135	146	8	30.14	69	64	64			bc	cum nim	5				
1873-12-05	24	-12.06	-77.17			a		https://s3.amazonaws.com/NARAprodstorage/lz/dc-metro/rg-024/581208/2020-03/581208-omaha-006/581208-omaha-006-077.JPG	https://s3.amazonaws.com/NARAprodstorage/lz/dc-metro/rg-024/581208/2020-03/581208-omaha-006/581208-omaha-006-077.JPG	 						135	146	8	30.14	69	64	64			bc	cum nim	4				
1873-12-06	1	-12.06	-77.17			a		https://s3.amazonaws.com/NARAprodstorage/lz/dc-metro/rg-024/581208/2020-03/581208-omaha-006/581208-omaha-006-078.JPG	https://s3.amazonaws.com/NARAprodstorage/lz/dc-metro/rg-024/581208/2020-03/581208-omaha-006/581208-omaha-006-078.JPG	 						135	146	5	30.14	69	64	64			oc	nim cum	0				
1873-12-06	2	-12.06	-77.17			a		https://s3.amazonaws.com/NARAprodstorage/lz/dc-metro/rg-024/581208/2020-03/581208-omaha-006/581208-omaha-006-078.JPG	https://s3.amazonaws.com/NARAprodstorage/lz/dc-metro/rg-024/581208/2020-03/581208-omaha-006/581208-omaha-006-078.JPG	 						135	146	5	30.14	69	64	64			oc	nim cum	0				
1873-12-06	3	-12.06	-77.17			a		https://s3.amazonaws.com/NARAprodstorage/lz/dc-metro/rg-024/581208/2020-03/581208-omaha-006/581208-omaha-006-078.JPG	https://s3.amazonaws.com/NARAprodstorage/lz/dc-metro/rg-024/581208/2020-03/581208-omaha-006/581208-omaha-006-078.JPG	 						135	146	5	30.14	69	63	63			oc	nim cum	0				
1873-12-06	4	-12.06	-77.17			a		https://s3.amazonaws.com/NARAprodstorage/lz/dc-metro/rg-024/581208/2020-03/581208-omaha-006/581208-omaha-006-078.JPG	https://s3.amazonaws.com/NARAprodstorage/lz/dc-metro/rg-024/581208/2020-03/581208-omaha-006/581208-omaha-006-078.JPG	 						135	146	5	30.14	69	63	63			oc	nim cum	0				
1873-12-06	5	-12.06	-77.17			a		https://s3.amazonaws.com/NARAprodstorage/lz/dc-metro/rg-024/581208/2020-03/581208-omaha-006/581208-omaha-006-078.JPG	https://s3.amazonaws.com/NARAprodstorage/lz/dc-metro/rg-024/581208/2020-03/581208-omaha-006/581208-omaha-006-078.JPG	 						135	146	5	30.14	68	63	63			oc	nim cum	0				
1873-12-06	6	-12.06	-77.17			a		https://s3.amazonaws.com/NARAprodstorage/lz/dc-metro/rg-024/581208/2020-03/581208-omaha-006/581208-omaha-006-078.JPG	https://s3.amazonaws.com/NARAprodstorage/lz/dc-metro/rg-024/581208/2020-03/581208-omaha-006/581208-omaha-006-078.JPG	 						135	146	5	30.14	68	64	64			ocf	nim cum	0				
1873-12-06	7	-12.06	-77.17			a		https://s3.amazonaws.com/NARAprodstorage/lz/dc-metro/rg-024/581208/2020-03/581208-omaha-006/581208-omaha-006-078.JPG	https://s3.amazonaws.com/NARAprodstorage/lz/dc-metro/rg-024/581208/2020-03/581208-omaha-006/581208-omaha-006-078.JPG	 						135	146	5	30.15	68	64	64			ocf	nim cum	0				
1873-12-06	8	-12.06	-77.17			a		https://s3.amazonaws.com/NARAprodstorage/lz/dc-metro/rg-024/581208/2020-03/581208-omaha-006/581208-omaha-006-078.JPG	https://s3.amazonaws.com/NARAprodstorage/lz/dc-metro/rg-024/581208/2020-03/581208-omaha-006/581208-omaha-006-078.JPG	 						135	146	5	30.15	68	65	64			ocf	nim cum	0				
1873-12-06	9	-12.06	-77.17			a		https://s3.amazonaws.com/NARAprodstorage/lz/dc-metro/rg-024/581208/2020-03/581208-omaha-006/581208-omaha-006-078.JPG	https://s3.amazonaws.com/NARAprodstorage/lz/dc-metro/rg-024/581208/2020-03/581208-omaha-006/581208-omaha-006-078.JPG	 						135	146	5	30.16	69	66	64			oc	cum nim	0				
1873-12-06	10	-12.06	-77.17			a		https://s3.amazonaws.com/NARAprodstorage/lz/dc-metro/rg-024/581208/2020-03/581208-omaha-006/581208-omaha-006-078.JPG	https://s3.amazonaws.com/NARAprodstorage/lz/dc-metro/rg-024/581208/2020-03/581208-omaha-006/581208-omaha-006-078.JPG	 						135	146	8	30.19	69	66	64			oc	cum nim	0				
1873-12-06	11	-12.06	-77.17			a		https://s3.amazonaws.com/NARAprodstorage/lz/dc-metro/rg-024/581208/2020-03/581208-omaha-006/581208-omaha-006-078.JPG	https://s3.amazonaws.com/NARAprodstorage/lz/dc-metro/rg-024/581208/2020-03/581208-omaha-006/581208-omaha-006-078.JPG	 						135	146	8	30.19	69	66	64			oc	cum nim	0				
1873-12-06	12	-12.06	-77.17			a		https://s3.amazonaws.com/NARAprodstorage/lz/dc-metro/rg-024/581208/2020-03/581208-omaha-006/581208-omaha-006-078.JPG	https://s3.amazonaws.com/NARAprodstorage/lz/dc-metro/rg-024/581208/2020-03/581208-omaha-006/581208-omaha-006-078.JPG	"Noon: Callao, Peru."						135	146	8	30.19	69	66	64			oc	cum nim	0				
1873-12-06	13	-12.06	-77.17			a		https://s3.amazonaws.com/NARAprodstorage/lz/dc-metro/rg-024/581208/2020-03/581208-omaha-006/581208-omaha-006-078.JPG	https://s3.amazonaws.com/NARAprodstorage/lz/dc-metro/rg-024/581208/2020-03/581208-omaha-006/581208-omaha-006-078.JPG	 						135	146	5	30.18	69	66	64			oc	cum nim	0				
1873-12-06	14	-12.06	-77.17			a		https://s3.amazonaws.com/NARAprodstorage/lz/dc-metro/rg-024/581208/2020-03/581208-omaha-006/581208-omaha-006-078.JPG	https://s3.amazonaws.com/NARAprodstorage/lz/dc-metro/rg-024/581208/2020-03/581208-omaha-006/581208-omaha-006-078.JPG	 						135	146	5	30.18	69	66	64			oc	cum nim	0				
1873-12-06	15	-12.06	-77.17			a		https://s3.amazonaws.com/NARAprodstorage/lz/dc-metro/rg-024/581208/2020-03/581208-omaha-006/581208-omaha-006-078.JPG	https://s3.amazonaws.com/NARAprodstorage/lz/dc-metro/rg-024/581208/2020-03/581208-omaha-006/581208-omaha-006-078.JPG	 						135	146	5	30.18	69	66	64			oc	cum nim	0				
1873-12-06	16	-12.06	-77.17			a		https://s3.amazonaws.com/NARAprodstorage/lz/dc-metro/rg-024/581208/2020-03/581208-omaha-006/581208-omaha-006-078.JPG	https://s3.amazonaws.com/NARAprodstorage/lz/dc-metro/rg-024/581208/2020-03/581208-omaha-006/581208-omaha-006-078.JPG	 						135	146	5	30.18	69	66	64			oc	cum nim	0				
1873-12-06	17	-12.06	-77.17			a		https://s3.amazonaws.com/NARAprodstorage/lz/dc-metro/rg-024/581208/2020-03/581208-omaha-006/581208-omaha-006-078.JPG	https://s3.amazonaws.com/NARAprodstorage/lz/dc-metro/rg-024/581208/2020-03/581208-omaha-006/581208-omaha-006-078.JPG	 						135	146	5	30.2	69	65	64			bc	cum str	3				
1873-12-06	18	-12.06	-77.17			a		https://s3.amazonaws.com/NARAprodstorage/lz/dc-metro/rg-024/581208/2020-03/581208-omaha-006/581208-omaha-006-078.JPG	https://s3.amazonaws.com/NARAprodstorage/lz/dc-metro/rg-024/581208/2020-03/581208-omaha-006/581208-omaha-006-078.JPG	 						135	146	5	30.2	69	65	64			bc	cum str	4				
1873-12-06	19	-12.06	-77.17			a		https://s3.amazonaws.com/NARAprodstorage/lz/dc-metro/rg-024/581208/2020-03/581208-omaha-006/581208-omaha-006-078.JPG	https://s3.amazonaws.com/NARAprodstorage/lz/dc-metro/rg-024/581208/2020-03/581208-omaha-006/581208-omaha-006-078.JPG	 						135	146	5	30.2	69	65	64			bc	cum str	5				
1873-12-06	20	-12.06	-77.17			a		https://s3.amazonaws.com/NARAprodstorage/lz/dc-metro/rg-024/581208/2020-03/581208-omaha-006/581208-omaha-006-078.JPG	https://s3.amazonaws.com/NARAprodstorage/lz/dc-metro/rg-024/581208/2020-03/581208-omaha-006/581208-omaha-006-078.JPG	 						135	146	5	30.2	69	65	64			oc	cum nim	0				
1873-12-06	21	-12.06	-77.17			a		https://s3.amazonaws.com/NARAprodstorage/lz/dc-metro/rg-024/581208/2020-03/581208-omaha-006/581208-omaha-006-078.JPG	https://s3.amazonaws.com/NARAprodstorage/lz/dc-metro/rg-024/581208/2020-03/581208-omaha-006/581208-omaha-006-078.JPG	 						135	146	5	30.2	69	65	64			oc	cum nim	0				
1873-12-06	22	-12.06	-77.17			a		https://s3.amazonaws.com/NARAprodstorage/lz/dc-metro/rg-024/581208/2020-03/581208-omaha-006/581208-omaha-006-078.JPG	https://s3.amazonaws.com/NARAprodstorage/lz/dc-metro/rg-024/581208/2020-03/581208-omaha-006/581208-omaha-006-078.JPG	 						135	146	8	30.2	69	65	64			oc	cum nim	0				
1873-12-06	23	-12.06	-77.17			a		https://s3.amazonaws.com/NARAprodstorage/lz/dc-metro/rg-024/581208/2020-03/581208-omaha-006/581208-omaha-006-078.JPG	https://s3.amazonaws.com/NARAprodstorage/lz/dc-metro/rg-024/581208/2020-03/581208-omaha-006/581208-omaha-006-078.JPG	 						135	146	8	30.2	69	64	64			oc	cum nim	0				
1873-12-06	24	-12.06	-77.17			a		https://s3.amazonaws.com/NARAprodstorage/lz/dc-metro/rg-024/581208/2020-03/581208-omaha-006/581208-omaha-006-078.JPG	https://s3.amazonaws.com/NARAprodstorage/lz/dc-metro/rg-024/581208/2020-03/581208-omaha-006/581208-omaha-006-078.JPG	 						135	146	8	30.2	69	64	64			oc	cum nim	0				
1873-12-07	1	-12.06	-77.17			a		https://s3.amazonaws.com/NARAprodstorage/lz/dc-metro/rg-024/581208/2020-03/581208-omaha-006/581208-omaha-006-079.JPG	https://s3.amazonaws.com/NARAprodstorage/lz/dc-metro/rg-024/581208/2020-03/581208-omaha-006/581208-omaha-006-080.JPG	 						112	124	8	30.16	68	64	63			oc	cum nim	0				
1873-12-07	2	-12.06	-77.17			a		https://s3.amazonaws.com/NARAprodstorage/lz/dc-metro/rg-024/581208/2020-03/581208-omaha-006/581208-omaha-006-079.JPG	https://s3.amazonaws.com/NARAprodstorage/lz/dc-metro/rg-024/581208/2020-03/581208-omaha-006/581208-omaha-006-079.JPG	 						112	124	8	30.16	68	64	63			oc	cum nim	0				
1873-12-07	3	-12.06	-77.17			a		https://s3.amazonaws.com/NARAprodstorage/lz/dc-metro/rg-024/581208/2020-03/581208-omaha-006/581208-omaha-006-079.JPG	https://s3.amazonaws.com/NARAprodstorage/lz/dc-metro/rg-024/581208/2020-03/581208-omaha-006/581208-omaha-006-079.JPG	 						112	124	8	30.16	68	64	63			oc	cum nim	0				
1873-12-07	4	-12.06	-77.17			a		https://s3.amazonaws.com/NARAprodstorage/lz/dc-metro/rg-024/581208/2020-03/581208-omaha-006/581208-omaha-006-079.JPG	https://s3.amazonaws.com/NARAprodstorage/lz/dc-metro/rg-024/581208/2020-03/581208-omaha-006/581208-omaha-006-079.JPG	 						112	124	8	30.12	66	64	63			oc	cum nim	0				
1873-12-07	5	-12.06	-77.17			a		https://s3.amazonaws.com/NARAprodstorage/lz/dc-metro/rg-024/581208/2020-03/581208-omaha-006/581208-omaha-006-079.JPG	https://s3.amazonaws.com/NARAprodstorage/lz/dc-metro/rg-024/581208/2020-03/581208-omaha-006/581208-omaha-006-079.JPG	 						135	146	5	30.14	67	64	63			oc	cum nim	0				
1873-12-07	6	-12.06	-77.17			a		https://s3.amazonaws.com/NARAprodstorage/lz/dc-metro/rg-024/581208/2020-03/581208-omaha-006/581208-omaha-006-079.JPG	https://s3.amazonaws.com/NARAprodstorage/lz/dc-metro/rg-024/581208/2020-03/581208-omaha-006/581208-omaha-006-079.JPG	 						135	146	5	30.16	67	64	63			oc	cum nim	0				
1873-12-07	7	-12.06	-77.17			a		https://s3.amazonaws.com/NARAprodstorage/lz/dc-metro/rg-024/581208/2020-03/581208-omaha-006/581208-omaha-006-079.JPG	https://s3.amazonaws.com/NARAprodstorage/lz/dc-metro/rg-024/581208/2020-03/581208-omaha-006/581208-omaha-006-079.JPG	0715: Got Underway						135	146	5	30.16	67	64	63			oc	cum nim	0				
1873-12-07	8	-12	-77.24	298.12		4		https://s3.amazonaws.com/NARAprodstorage/lz/dc-metro/rg-024/581208/2020-03/581208-omaha-006/581208-omaha-006-079.JPG	https://s3.amazonaws.com/NARAprodstorage/lz/dc-metro/rg-024/581208/2020-03/581208-omaha-006/581208-omaha-006-079.JPG	8AM: Ssan Lorenzo LH brg S dist 2 mi.					nwxw1/2w	135	146	5	30.16	67	64	63			oc	cum nim	0				
1873-12-07	9	-11.92	-77.32	298.12		5.4		https://s3.amazonaws.com/NARAprodstorage/lz/dc-metro/rg-024/581208/2020-03/581208-omaha-006/581208-omaha-006-079.JPG	https://s3.amazonaws.com/NARAprodstorage/lz/dc-metro/rg-024/581208/2020-03/581208-omaha-006/581208-omaha-006-079.JPG	 					nwxw1/2w	45	56	5	30.16	67	64	63	62		oc	cum nim	0				
1873-12-07	10	-11.85	-77.39	298.12		4		https://s3.amazonaws.com/NARAprodstorage/lz/dc-metro/rg-024/581208/2020-03/581208-omaha-006/581208-omaha-006-079.JPG	https://s3.amazonaws.com/NARAprodstorage/lz/dc-metro/rg-024/581208/2020-03/581208-omaha-006/581208-omaha-006-079.JPG	 					nwxw1/2w	45	56	5	30.16	67	65	64	62		bc	cum nim	1				
1873-12-07	11	-11.79	-77.44	298.12		3.4		https://s3.amazonaws.com/NARAprodstorage/lz/dc-metro/rg-024/581208/2020-03/581208-omaha-006/581208-omaha-006-079.JPG	https://s3.amazonaws.com/NARAprodstorage/lz/dc-metro/rg-024/581208/2020-03/581208-omaha-006/581208-omaha-006-079.JPG	 					nwxw1/2w	45	56	5	30.16	67	65	64	62		bc	cum nim	2				
1873-12-07	12	-11.73	-77.5	298.12		3.4		https://s3.amazonaws.com/NARAprodstorage/lz/dc-metro/rg-024/581208/2020-03/581208-omaha-006/581208-omaha-006-079.JPG	https://s3.amazonaws.com/NARAprodstorage/lz/dc-metro/rg-024/581208/2020-03/581208-omaha-006/581208-omaha-006-079.JPG	1230: cc WNW.			11 44S	77 30W	nwxw1/2w	45	56	5	30.16	69	66	65	62		bc	cum nim	1				
1873-12-07	13	-11.68	-77.58	295		5		https://s3.amazonaws.com/NARAprodstorage/lz/dc-metro/rg-024/581208/2020-03/581208-omaha-006/581208-omaha-006-079.JPG	https://s3.amazonaws.com/NARAprodstorage/lz/dc-metro/rg-024/581208/2020-03/581208-omaha-006/581208-omaha-006-079.JPG	 					nwxw1/2w | wnw	158	168	5	30.14	69	67	66	65		bc	cir cum	6				
1873-12-07	14	-11.63	-77.66	292.5		4.4		https://s3.amazonaws.com/NARAprodstorage/lz/dc-metro/rg-024/581208/2020-03/581208-omaha-006/581208-omaha-006-079.JPG	https://s3.amazonaws.com/NARAprodstorage/lz/dc-metro/rg-024/581208/2020-03/581208-omaha-006/581208-omaha-006-079.JPG	 					wnw	158	168	5	30.12	69	69	67	65		bc	cir cum	8				
1873-12-07	15	-11.57	-77.75	292.5		5.4		https://s3.amazonaws.com/NARAprodstorage/lz/dc-metro/rg-024/581208/2020-03/581208-omaha-006/581208-omaha-006-079.JPG	https://s3.amazonaws.com/NARAprodstorage/lz/dc-metro/rg-024/581208/2020-03/581208-omaha-006/581208-omaha-006-079.JPG	 					wnw	180	190	8	30.1	70	70	67	66		bc	cir cum	8				
1873-12-07	16	-11.52	-77.84	292.5		5.4		https://s3.amazonaws.com/NARAprodstorage/lz/dc-metro/rg-024/581208/2020-03/581208-omaha-006/581208-omaha-006-079.JPG	https://s3.amazonaws.com/NARAprodstorage/lz/dc-metro/rg-024/581208/2020-03/581208-omaha-006/581208-omaha-006-079.JPG	1600: cc NWxW.					wnw	180	190	8	30.1	70	70	67	66		bc	cir cum	6				
1873-12-07	17	-11.45	-77.92	303.75		5.2		https://s3.amazonaws.com/NARAprodstorage/lz/dc-metro/rg-024/581208/2020-03/581208-omaha-006/581208-omaha-006-079.JPG	https://s3.amazonaws.com/NARAprodstorage/lz/dc-metro/rg-024/581208/2020-03/581208-omaha-006/581208-omaha-006-079.JPG	 					nwxw	169	179	8	30.1	70	70	67	66		bc	cir cum	6				
1873-12-07	18	-11.39	-77.98	303.75		4		https://s3.amazonaws.com/NARAprodstorage/lz/dc-metro/rg-024/581208/2020-03/581208-omaha-006/581208-omaha-006-079.JPG	https://s3.amazonaws.com/NARAprodstorage/lz/dc-metro/rg-024/581208/2020-03/581208-omaha-006/581208-omaha-006-079.JPG	 					nwxw	169	179	8	30.1	70	70	67	66		bc	cir cum nimb	2				
1873-12-07	19	-11.34	-78.04	303.75		4		https://s3.amazonaws.com/NARAprodstorage/lz/dc-metro/rg-024/581208/2020-03/581208-omaha-006/581208-omaha-006-079.JPG	https://s3.amazonaws.com/NARAprodstorage/lz/dc-metro/rg-024/581208/2020-03/581208-omaha-006/581208-omaha-006-079.JPG	 					nwxw	158	168	8	30.13	70	68	66	65		bc	cir cum nimb	2				
1873-12-07	20	-11.29	-78.1	303.75		3.6		https://s3.amazonaws.com/NARAprodstorage/lz/dc-metro/rg-024/581208/2020-03/581208-omaha-006/581208-omaha-006-079.JPG	https://s3.amazonaws.com/NARAprodstorage/lz/dc-metro/rg-024/581208/2020-03/581208-omaha-006/581208-omaha-006-079.JPG	 					nwxw	158	168	5	30.13	69	68	66	65		bc	cir cum nimb	2				
1873-12-07	21	-11.24	-78.16	303.75		3.6		https://s3.amazonaws.com/NARAprodstorage/lz/dc-metro/rg-024/581208/2020-03/581208-omaha-006/581208-omaha-006-079.JPG	https://s3.amazonaws.com/NARAprodstorage/lz/dc-metro/rg-024/581208/2020-03/581208-omaha-006/581208-omaha-006-079.JPG	 					nwxw	146	156	5	30.13	69	67	66	65		bc	cir cum nimb	5				
1873-12-07	22	-11.19	-78.21	303.75		3.4		https://s3.amazonaws.com/NARAprodstorage/lz/dc-metro/rg-024/581208/2020-03/581208-omaha-006/581208-omaha-006-079.JPG	https://s3.amazonaws.com/NARAprodstorage/lz/dc-metro/rg-024/581208/2020-03/581208-omaha-006/581208-omaha-006-079.JPG	 					nwxw	169	179	5	30.13	69	67	66	65		bc	cir cum nimb	7				
1873-12-07	23	-11.14	-78.27	303.75		3.6		https://s3.amazonaws.com/NARAprodstorage/lz/dc-metro/rg-024/581208/2020-03/581208-omaha-006/581208-omaha-006-079.JPG	https://s3.amazonaws.com/NARAprodstorage/lz/dc-metro/rg-024/581208/2020-03/581208-omaha-006/581208-omaha-006-079.JPG	 					nwxw	169	179	5	30.13	69	67	66	65		bc	cir cum nimb	8				
1873-12-07	24	-11.09	-78.33	303.75		4		https://s3.amazonaws.com/NARAprodstorage/lz/dc-metro/rg-024/581208/2020-03/581208-omaha-006/581208-omaha-006-079.JPG	https://s3.amazonaws.com/NARAprodstorage/lz/dc-metro/rg-024/581208/2020-03/581208-omaha-006/581208-omaha-006-079.JPG	 					nwxw	169	179	8	30.15	69	67	66	65		bc	cir cum nimb	8				
1873-12-08	1	-11.03	-78.4	303.75		4.2		https://s3.amazonaws.com/NARAprodstorage/lz/dc-metro/rg-024/581208/2020-03/581208-omaha-006/581208-omaha-006-081.JPG	https://s3.amazonaws.com/NARAprodstorage/lz/dc-metro/rg-024/581208/2020-03/581208-omaha-006/581208-omaha-006-082.JPG	 					nwxw	135	145	5	30.1	68	67	65	64		bc	cir cum nimb	3				
1873-12-08	2	-10.98	-78.45	303.75		3.6		https://s3.amazonaws.com/NARAprodstorage/lz/dc-metro/rg-024/581208/2020-03/581208-omaha-006/581208-omaha-006-081.JPG	https://s3.amazonaws.com/NARAprodstorage/lz/dc-metro/rg-024/581208/2020-03/581208-omaha-006/581208-omaha-006-081.JPG	 					nwxw	135	145	5	30.1	68	67	65	64		bc	cir cum nimb	3				
1873-12-08	3	-10.94	-78.51	303.75		3.4		https://s3.amazonaws.com/NARAprodstorage/lz/dc-metro/rg-024/581208/2020-03/581208-omaha-006/581208-omaha-006-081.JPG	https://s3.amazonaws.com/NARAprodstorage/lz/dc-metro/rg-024/581208/2020-03/581208-omaha-006/581208-omaha-006-081.JPG	 					nwxw	135	145	5	30.1	68	66	65	64		bc	cir cum nimb	5				
1873-12-08	4	-10.89	-78.56	303.75		3.2		https://s3.amazonaws.com/NARAprodstorage/lz/dc-metro/rg-024/581208/2020-03/581208-omaha-006/581208-omaha-006-081.JPG	https://s3.amazonaws.com/NARAprodstorage/lz/dc-metro/rg-024/581208/2020-03/581208-omaha-006/581208-omaha-006-081.JPG	 					nwxw	135	145	5	30.1	68	66	65	64		bc	cir cum nimb	3				
1873-12-08	5	-10.85	-78.6	303.75		2.4		https://s3.amazonaws.com/NARAprodstorage/lz/dc-metro/rg-024/581208/2020-03/581208-omaha-006/581208-omaha-006-081.JPG	https://s3.amazonaws.com/NARAprodstorage/lz/dc-metro/rg-024/581208/2020-03/581208-omaha-006/581208-omaha-006-081.JPG	 					nwxw	135	145	5	30.1	68	67	66	66		oc	cir	0				
1873-12-08	6	-10.82	-78.65	303.75		2.6		https://s3.amazonaws.com/NARAprodstorage/lz/dc-metro/rg-024/581208/2020-03/581208-omaha-006/581208-omaha-006-081.JPG	https://s3.amazonaws.com/NARAprodstorage/lz/dc-metro/rg-024/581208/2020-03/581208-omaha-006/581208-omaha-006-081.JPG	 					nwxw	135	145	5	30.1	68	67	66	66		oc	cir	0				
1873-12-08	7	-10.77	-78.7	303.75		3		https://s3.amazonaws.com/NARAprodstorage/lz/dc-metro/rg-024/581208/2020-03/581208-omaha-006/581208-omaha-006-081.JPG	https://s3.amazonaws.com/NARAprodstorage/lz/dc-metro/rg-024/581208/2020-03/581208-omaha-006/581208-omaha-006-081.JPG	 					nwxw	135	145	8	30.1	68	67	66	66		oc	cir	0				
1873-12-08	8	-10.71	-78.77	303.75		4.4		https://s3.amazonaws.com/NARAprodstorage/lz/dc-metro/rg-024/581208/2020-03/581208-omaha-006/581208-omaha-006-081.JPG	https://s3.amazonaws.com/NARAprodstorage/lz/dc-metro/rg-024/581208/2020-03/581208-omaha-006/581208-omaha-006-081.JPG	 					nwxw	135	145	8	30.14	69	67	67	68		oc	cir	0				
1873-12-08	9	-10.65	-78.84	303.75		5		https://s3.amazonaws.com/NARAprodstorage/lz/dc-metro/rg-024/581208/2020-03/581208-omaha-006/581208-omaha-006-081.JPG	https://s3.amazonaws.com/NARAprodstorage/lz/dc-metro/rg-024/581208/2020-03/581208-omaha-006/581208-omaha-006-081.JPG	 					nwxw	158	168	13	30.14	69	67	67	68		bc	cir cum nimb	3				
1873-12-08	10	-10.56	-78.94	303.75		7		https://s3.amazonaws.com/NARAprodstorage/lz/dc-metro/rg-024/581208/2020-03/581208-omaha-006/581208-omaha-006-081.JPG	https://s3.amazonaws.com/NARAprodstorage/lz/dc-metro/rg-024/581208/2020-03/581208-omaha-006/581208-omaha-006-081.JPG	 					nwxw	158	168	19	30.14	69	67	67	68		bc	cir cum nimb	2				
1873-12-08	11	-10.48	-79.03	303.75		6.4		https://s3.amazonaws.com/NARAprodstorage/lz/dc-metro/rg-024/581208/2020-03/581208-omaha-006/581208-omaha-006-081.JPG	https://s3.amazonaws.com/NARAprodstorage/lz/dc-metro/rg-024/581208/2020-03/581208-omaha-006/581208-omaha-006-081.JPG	 					nwxw	158	168	19	30.14	69	67	67	68		bc	cir cum nimb	2				
1873-12-08	12	-10.4	-79.12	303.75		6		https://s3.amazonaws.com/NARAprodstorage/lz/dc-metro/rg-024/581208/2020-03/581208-omaha-006/581208-omaha-006-081.JPG	https://s3.amazonaws.com/NARAprodstorage/lz/dc-metro/rg-024/581208/2020-03/581208-omaha-006/581208-omaha-006-081.JPG	1230: cc NW.			10 24S	79 7W	nwxw	158	168	19	30.14	69	67	67	68		bc	cir cum nimb	2				
1873-12-08	13	-10.32	-79.2	309		6.2		https://s3.amazonaws.com/NARAprodstorage/lz/dc-metro/rg-024/581208/2020-03/581208-omaha-006/581208-omaha-006-081.JPG	https://s3.amazonaws.com/NARAprodstorage/lz/dc-metro/rg-024/581208/2020-03/581208-omaha-006/581208-omaha-006-081.JPG	 					nwxw|nw	158	168	13	30.14	72	71	69	68		oc	cum nimb	0				
1873-12-08	14	-10.23	-79.28	315		6.4		https://s3.amazonaws.com/NARAprodstorage/lz/dc-metro/rg-024/581208/2020-03/581208-omaha-006/581208-omaha-006-081.JPG	https://s3.amazonaws.com/NARAprodstorage/lz/dc-metro/rg-024/581208/2020-03/581208-omaha-006/581208-omaha-006-081.JPG	 					nw	158	168	19	30.16	72	71	69	68		oc	cum nimb	0				
1873-12-08	15	-10.13	-79.36	315		6.6		https://s3.amazonaws.com/NARAprodstorage/lz/dc-metro/rg-024/581208/2020-03/581208-omaha-006/581208-omaha-006-081.JPG	https://s3.amazonaws.com/NARAprodstorage/lz/dc-metro/rg-024/581208/2020-03/581208-omaha-006/581208-omaha-006-081.JPG	 					nw	146	156	13	30.16	72	71	69	68		oc	cum nimb	0				
1873-12-08	16	-10.04	-79.43	315		6.4		https://s3.amazonaws.com/NARAprodstorage/lz/dc-metro/rg-024/581208/2020-03/581208-omaha-006/581208-omaha-006-081.JPG	https://s3.amazonaws.com/NARAprodstorage/lz/dc-metro/rg-024/581208/2020-03/581208-omaha-006/581208-omaha-006-081.JPG	 					nw	146	156	13	30.16	72	71	69	68		bc	cum nimb	1				
1873-12-08	17	-9.94	-79.52	315		7		https://s3.amazonaws.com/NARAprodstorage/lz/dc-metro/rg-024/581208/2020-03/581208-omaha-006/581208-omaha-006-081.JPG	https://s3.amazonaws.com/NARAprodstorage/lz/dc-metro/rg-024/581208/2020-03/581208-omaha-006/581208-omaha-006-081.JPG	 					nw	146	156	19	30.12	72	71	69	67		oc	cum nimb	0				
1873-12-08	18	-9.84	-79.6	315		7.2		https://s3.amazonaws.com/NARAprodstorage/lz/dc-metro/rg-024/581208/2020-03/581208-omaha-006/581208-omaha-006-081.JPG	https://s3.amazonaws.com/NARAprodstorage/lz/dc-metro/rg-024/581208/2020-03/581208-omaha-006/581208-omaha-006-081.JPG	 					nw	158	168	13	30.12	72	71	69	67		oc	cum nimb	0				
1873-12-08	19	-9.75	-79.68	315		6.4		https://s3.amazonaws.com/NARAprodstorage/lz/dc-metro/rg-024/581208/2020-03/581208-omaha-006/581208-omaha-006-081.JPG	https://s3.amazonaws.com/NARAprodstorage/lz/dc-metro/rg-024/581208/2020-03/581208-omaha-006/581208-omaha-006-081.JPG	 					nw	169	179	13	30.11	71	69	68	66		oc	cum nimb	0				
1873-12-08	20	-9.67	-79.75	315		5.4		https://s3.amazonaws.com/NARAprodstorage/lz/dc-metro/rg-024/581208/2020-03/581208-omaha-006/581208-omaha-006-081.JPG	https://s3.amazonaws.com/NARAprodstorage/lz/dc-metro/rg-024/581208/2020-03/581208-omaha-006/581208-omaha-006-081.JPG	 					nw	169	179	13	30.11	71	69	68	66		oc	cum nimb	0				
1873-12-08	21	-9.6	-79.8	315		4.6		https://s3.amazonaws.com/NARAprodstorage/lz/dc-metro/rg-024/581208/2020-03/581208-omaha-006/581208-omaha-006-081.JPG	https://s3.amazonaws.com/NARAprodstorage/lz/dc-metro/rg-024/581208/2020-03/581208-omaha-006/581208-omaha-006-081.JPG	 					nw	169	179	8	30.14	70	70	68	67		nimb	nimb	0				
1873-12-08	22	-9.54	-79.86	315		4.2		https://s3.amazonaws.com/NARAprodstorage/lz/dc-metro/rg-024/581208/2020-03/581208-omaha-006/581208-omaha-006-081.JPG	https://s3.amazonaws.com/NARAprodstorage/lz/dc-metro/rg-024/581208/2020-03/581208-omaha-006/581208-omaha-006-081.JPG	 					nw	169	179	8	30.15	71	70	68	67		nimb	nimb	0				
1873-12-08	23	-9.48	-79.91	315		4		https://s3.amazonaws.com/NARAprodstorage/lz/dc-metro/rg-024/581208/2020-03/581208-omaha-006/581208-omaha-006-081.JPG	https://s3.amazonaws.com/NARAprodstorage/lz/dc-metro/rg-024/581208/2020-03/581208-omaha-006/581208-omaha-006-081.JPG	 					nw	169	179	8	30.15	71	70	68	67		nimb	nimb	0				
1873-12-08	24	-9.42	-79.97	315		4.2		https://s3.amazonaws.com/NARAprodstorage/lz/dc-metro/rg-024/581208/2020-03/581208-omaha-006/581208-omaha-006-081.JPG	https://s3.amazonaws.com/NARAprodstorage/lz/dc-metro/rg-024/581208/2020-03/581208-omaha-006/581208-omaha-006-081.JPG	 					nw	169	179	8	30.16	70	69	67	67		nimb	nimb	0				
1873-12-09	1	-9.37	-80.01	315		3.4		https://s3.amazonaws.com/NARAprodstorage/lz/dc-metro/rg-024/581208/2020-03/581208-omaha-006/581208-omaha-006-083.JPG	https://s3.amazonaws.com/NARAprodstorage/lz/dc-metro/rg-024/581208/2020-03/581208-omaha-006/581208-omaha-006-083.JPG	 					nw	146	156	5	30.16	70	69	67	66		oc	cum nimb	0				
1873-12-09	2	-9.32	-80.06	315		3.2		https://s3.amazonaws.com/NARAprodstorage/lz/dc-metro/rg-024/581208/2020-03/581208-omaha-006/581208-omaha-006-083.JPG	https://s3.amazonaws.com/NARAprodstorage/lz/dc-metro/rg-024/581208/2020-03/581208-omaha-006/581208-omaha-006-083.JPG	 					nw	146	156	5	30.13	70	69	67	66		bc	cum nimb	1				
1873-12-09	3	-9.27	-80.1	315		3		https://s3.amazonaws.com/NARAprodstorage/lz/dc-metro/rg-024/581208/2020-03/581208-omaha-006/581208-omaha-006-083.JPG	https://s3.amazonaws.com/NARAprodstorage/lz/dc-metro/rg-024/581208/2020-03/581208-omaha-006/581208-omaha-006-083.JPG	 					nw	146	156	5	30.11	70	68	67	66		oc	cum nimb	1				
1873-12-09	4	-9.23	-80.15	315		3		https://s3.amazonaws.com/NARAprodstorage/lz/dc-metro/rg-024/581208/2020-03/581208-omaha-006/581208-omaha-006-083.JPG	https://s3.amazonaws.com/NARAprodstorage/lz/dc-metro/rg-024/581208/2020-03/581208-omaha-006/581208-omaha-006-083.JPG	 					nw	146	156	5	30.11	70	68	67	66		oc	cum nimb	1				
1873-12-09	5	-9.18	-80.19	315		3.4		https://s3.amazonaws.com/NARAprodstorage/lz/dc-metro/rg-024/581208/2020-03/581208-omaha-006/581208-omaha-006-083.JPG	https://s3.amazonaws.com/NARAprodstorage/lz/dc-metro/rg-024/581208/2020-03/581208-omaha-006/581208-omaha-006-083.JPG	 					nw	158	168	5	30.12	70	68	67	66		oc	cum nimb	1				
1873-12-09	6	-9.11	-80.25	315		4.2		https://s3.amazonaws.com/NARAprodstorage/lz/dc-metro/rg-024/581208/2020-03/581208-omaha-006/581208-omaha-006-083.JPG	https://s3.amazonaws.com/NARAprodstorage/lz/dc-metro/rg-024/581208/2020-03/581208-omaha-006/581208-omaha-006-083.JPG	 					nw	158	168	8	30.14	70	68	67	66		bc	cum nimb	2				
1873-12-09	7	-9.06	-80.3	315		3.6		https://s3.amazonaws.com/NARAprodstorage/lz/dc-metro/rg-024/581208/2020-03/581208-omaha-006/581208-omaha-006-083.JPG	https://s3.amazonaws.com/NARAprodstorage/lz/dc-metro/rg-024/581208/2020-03/581208-omaha-006/581208-omaha-006-083.JPG	 					nw	146	156	6	30.14	70	68	67	66		bc	cum nimb	2				
1873-12-09	8	-9.01	-80.34	315		3		https://s3.amazonaws.com/NARAprodstorage/lz/dc-metro/rg-024/581208/2020-03/581208-omaha-006/581208-omaha-006-083.JPG	https://s3.amazonaws.com/NARAprodstorage/lz/dc-metro/rg-024/581208/2020-03/581208-omaha-006/581208-omaha-006-083.JPG	 					nw	135	145	5	30.14	70	68	67	66		bc	cum nimb	1				
1873-12-09	9	-8.97	-80.38	315		3		https://s3.amazonaws.com/NARAprodstorage/lz/dc-metro/rg-024/581208/2020-03/581208-omaha-006/581208-omaha-006-083.JPG	https://s3.amazonaws.com/NARAprodstorage/lz/dc-metro/rg-024/581208/2020-03/581208-omaha-006/581208-omaha-006-083.JPG	 					nw	135	145	5	30.16	70	69	68	66		bc	cum nimb	1				
1873-12-09	10	-8.91	-80.43	315		3.6		https://s3.amazonaws.com/NARAprodstorage/lz/dc-metro/rg-024/581208/2020-03/581208-omaha-006/581208-omaha-006-083.JPG	https://s3.amazonaws.com/NARAprodstorage/lz/dc-metro/rg-024/581208/2020-03/581208-omaha-006/581208-omaha-006-083.JPG	 					nw	135	145	5	30.16	70	70	68	66		bc	cir cum nimb	3				
1873-12-09	11	-8.86	-80.48	315		3.6		https://s3.amazonaws.com/NARAprodstorage/lz/dc-metro/rg-024/581208/2020-03/581208-omaha-006/581208-omaha-006-083.JPG	https://s3.amazonaws.com/NARAprodstorage/lz/dc-metro/rg-024/581208/2020-03/581208-omaha-006/581208-omaha-006-083.JPG	 					nw	135	145	5	30.18	71	71	69	66		bc	cir cum nimb	5				
1873-12-09	12	-8.8	-80.53	315		4		https://s3.amazonaws.com/NARAprodstorage/lz/dc-metro/rg-024/581208/2020-03/581208-omaha-006/581208-omaha-006-083.JPG	https://s3.amazonaws.com/NARAprodstorage/lz/dc-metro/rg-024/581208/2020-03/581208-omaha-006/581208-omaha-006-083.JPG	 			8 48S	80 32W	nw	135	145	5	30.18	71	71	69	66		bc	cir cum	6				
1873-12-09	13	-8.73	-80.59	309		4.2		https://s3.amazonaws.com/NARAprodstorage/lz/dc-metro/rg-024/581208/2020-03/581208-omaha-006/581208-omaha-006-083.JPG	https://s3.amazonaws.com/NARAprodstorage/lz/dc-metro/rg-024/581208/2020-03/581208-omaha-006/581208-omaha-006-083.JPG	 					nw|nwxw	146	156	8	30.18	71	71	69	67		bc	cum nimb	5				
1873-12-09	14	-8.67	-80.65	303.75		4		https://s3.amazonaws.com/NARAprodstorage/lz/dc-metro/rg-024/581208/2020-03/581208-omaha-006/581208-omaha-006-083.JPG	https://s3.amazonaws.com/NARAprodstorage/lz/dc-metro/rg-024/581208/2020-03/581208-omaha-006/581208-omaha-006-083.JPG	 					nwxw	146	156	8	30.18	71	71	69	67		bc	cum nimb	5				
1873-12-09	15	-8.6	-80.72	303.75		5		https://s3.amazonaws.com/NARAprodstorage/lz/dc-metro/rg-024/581208/2020-03/581208-omaha-006/581208-omaha-006-083.JPG	https://s3.amazonaws.com/NARAprodstorage/lz/dc-metro/rg-024/581208/2020-03/581208-omaha-006/581208-omaha-006-083.JPG	 					nwxw	146	156	8	30.18	71	71	69	67		oc	cum nimb	0				
1873-12-09	16	-8.52	-80.79	303.75		5.4		https://s3.amazonaws.com/NARAprodstorage/lz/dc-metro/rg-024/581208/2020-03/581208-omaha-006/581208-omaha-006-083.JPG	https://s3.amazonaws.com/NARAprodstorage/lz/dc-metro/rg-024/581208/2020-03/581208-omaha-006/581208-omaha-006-083.JPG	 					nwxw	146	156	8	30.18	71	71	69	67		oc	cum nimb	0				
1873-12-09	17	-8.45	-80.86	303.75		5		https://s3.amazonaws.com/NARAprodstorage/lz/dc-metro/rg-024/581208/2020-03/581208-omaha-006/581208-omaha-006-083.JPG	https://s3.amazonaws.com/NARAprodstorage/lz/dc-metro/rg-024/581208/2020-03/581208-omaha-006/581208-omaha-006-083.JPG	 					nwxw	146	156	8	30.11	73	72	70	67		oc	cum nimb	0				
1873-12-09	18	-8.37	-80.94	303.75		5.2		https://s3.amazonaws.com/NARAprodstorage/lz/dc-metro/rg-024/581208/2020-03/581208-omaha-006/581208-omaha-006-083.JPG	https://s3.amazonaws.com/NARAprodstorage/lz/dc-metro/rg-024/581208/2020-03/581208-omaha-006/581208-omaha-006-083.JPG	 					nwxw	146	156	8	30.11	73	72	70	67		oc	cum nimb	0				
1873-12-09	19	-8.3	-81.01	303.75		5		https://s3.amazonaws.com/NARAprodstorage/lz/dc-metro/rg-024/581208/2020-03/581208-omaha-006/581208-omaha-006-083.JPG	https://s3.amazonaws.com/NARAprodstorage/lz/dc-metro/rg-024/581208/2020-03/581208-omaha-006/581208-omaha-006-083.JPG	 					nwxw	146	156	8	30.11	73	72	70	69		oc	cum nimb	0				
1873-12-09	20	-8.21	-81.05	326.25		5		https://s3.amazonaws.com/NARAprodstorage/lz/dc-metro/rg-024/581208/2020-03/581208-omaha-006/581208-omaha-006-083.JPG	https://s3.amazonaws.com/NARAprodstorage/lz/dc-metro/rg-024/581208/2020-03/581208-omaha-006/581208-omaha-006-083.JPG	 					nwxn	146	156	8	30.11	73	72	70	69		oc	cum nimb	0				
1873-12-09	21	-8.12	-81.09	326.25		4.6		https://s3.amazonaws.com/NARAprodstorage/lz/dc-metro/rg-024/581208/2020-03/581208-omaha-006/581208-omaha-006-083.JPG	https://s3.amazonaws.com/NARAprodstorage/lz/dc-metro/rg-024/581208/2020-03/581208-omaha-006/581208-omaha-006-083.JPG	 					nwxn	146	156	8	30.12	72	72	70	69		bc	nim cum	1				
1873-12-09	22	-8.03	-81.14	326.25		5		https://s3.amazonaws.com/NARAprodstorage/lz/dc-metro/rg-024/581208/2020-03/581208-omaha-006/581208-omaha-006-083.JPG	https://s3.amazonaws.com/NARAprodstorage/lz/dc-metro/rg-024/581208/2020-03/581208-omaha-006/581208-omaha-006-083.JPG	 					nwxn	146	156	8	30.12	71	70	69	69		bc	nim cum	5				
1873-12-09	23	-7.94	-81.18	326.25		5		https://s3.amazonaws.com/NARAprodstorage/lz/dc-metro/rg-024/581208/2020-03/581208-omaha-006/581208-omaha-006-083.JPG	https://s3.amazonaws.com/NARAprodstorage/lz/dc-metro/rg-024/581208/2020-03/581208-omaha-006/581208-omaha-006-083.JPG	 					nwxn	146	155	8	30.12	71	70	69	69		bc	nim cum	8				
1873-12-09	24	-7.85	-81.22	326.25		5		https://s3.amazonaws.com/NARAprodstorage/lz/dc-metro/rg-024/581208/2020-03/581208-omaha-006/581208-omaha-006-083.JPG	https://s3.amazonaws.com/NARAprodstorage/lz/dc-metro/rg-024/581208/2020-03/581208-omaha-006/581208-omaha-006-083.JPG	 					nwxn	146	155	8	30.12	71	70	68	69		bc	nim cum	7				
1873-12-10	1	-7.75	-81.27	326.25		5		https://s3.amazonaws.com/NARAprodstorage/lz/dc-metro/rg-024/581208/2020-03/581208-omaha-006/581208-omaha-006-084.JPG	https://s3.amazonaws.com/NARAprodstorage/lz/dc-metro/rg-024/581208/2020-03/581208-omaha-006/581208-omaha-006-084.JPG	 					nwxn	135	144	8	30.15	71	70	69	67		bc	cir str	6				
1873-12-10	2	-7.67	-81.31	326.25		4.4		https://s3.amazonaws.com/NARAprodstorage/lz/dc-metro/rg-024/581208/2020-03/581208-omaha-006/581208-omaha-006-084.JPG	https://s3.amazonaws.com/NARAprodstorage/lz/dc-metro/rg-024/581208/2020-03/581208-omaha-006/581208-omaha-006-084.JPG	 					nwxn	135	144	5	30.15	71	70	69	67		bc	cir cum	6				
1873-12-10	3	-7.61	-81.34	326.25		3.2		https://s3.amazonaws.com/NARAprodstorage/lz/dc-metro/rg-024/581208/2020-03/581208-omaha-006/581208-omaha-006-084.JPG	https://s3.amazonaws.com/NARAprodstorage/lz/dc-metro/rg-024/581208/2020-03/581208-omaha-006/581208-omaha-006-084.JPG	 					nwxn	135	144	5	30.13	70	70	69	66		bc	cir cum nimb	4				
1873-12-10	4	-7.55	-81.37	326.25		3		https://s3.amazonaws.com/NARAprodstorage/lz/dc-metro/rg-024/581208/2020-03/581208-omaha-006/581208-omaha-006-084.JPG	https://s3.amazonaws.com/NARAprodstorage/lz/dc-metro/rg-024/581208/2020-03/581208-omaha-006/581208-omaha-006-084.JPG	 					nwxn	135	144	5	30.13	70	70	69	66		bc	cir cum nimb	4				
1873-12-10	5	-7.48	-81.4	326.25		3		https://s3.amazonaws.com/NARAprodstorage/lz/dc-metro/rg-024/581208/2020-03/581208-omaha-006/581208-omaha-006-084.JPG	https://s3.amazonaws.com/NARAprodstorage/lz/dc-metro/rg-024/581208/2020-03/581208-omaha-006/581208-omaha-006-084.JPG	 					nwxn	135	144	5	30.13	70	70	69	66		bc	cir cum nimb	3				
1873-12-10	6	-7.42	-81.43	326.25		3.4		https://s3.amazonaws.com/NARAprodstorage/lz/dc-metro/rg-024/581208/2020-03/581208-omaha-006/581208-omaha-006-084.JPG	https://s3.amazonaws.com/NARAprodstorage/lz/dc-metro/rg-024/581208/2020-03/581208-omaha-006/581208-omaha-006-084.JPG	 					nwxn	135	144	5	30.14	72	70	69	67		bc	cir cum nimb	2				
1873-12-10	7	-7.35	-81.46	326.25		3.4		https://s3.amazonaws.com/NARAprodstorage/lz/dc-metro/rg-024/581208/2020-03/581208-omaha-006/581208-omaha-006-084.JPG	https://s3.amazonaws.com/NARAprodstorage/lz/dc-metro/rg-024/581208/2020-03/581208-omaha-006/581208-omaha-006-084.JPG	 					nwxn	135	144	5	30.16	72	70	69	66		bc	cir cum nimb	3				
1873-12-10	8	-7.29	-81.49	326.25		3		https://s3.amazonaws.com/NARAprodstorage/lz/dc-metro/rg-024/581208/2020-03/581208-omaha-006/581208-omaha-006-084.JPG	https://s3.amazonaws.com/NARAprodstorage/lz/dc-metro/rg-024/581208/2020-03/581208-omaha-006/581208-omaha-006-084.JPG	 					nwxn	135	144	5	30.17	72	70	69	66		bc	cir cum nimb	4				
1873-12-10	9	-7.22	-81.52	326.25		3		https://s3.amazonaws.com/NARAprodstorage/lz/dc-metro/rg-024/581208/2020-03/581208-omaha-006/581208-omaha-006-084.JPG	https://s3.amazonaws.com/NARAprodstorage/lz/dc-metro/rg-024/581208/2020-03/581208-omaha-006/581208-omaha-006-084.JPG	 					nwxn	135	144	5	30.17	72	70	69	66		bc	cir cum	6				
1873-12-10	10	-7.17	-81.55	326.25		2.4		https://s3.amazonaws.com/NARAprodstorage/lz/dc-metro/rg-024/581208/2020-03/581208-omaha-006/581208-omaha-006-084.JPG	https://s3.amazonaws.com/NARAprodstorage/lz/dc-metro/rg-024/581208/2020-03/581208-omaha-006/581208-omaha-006-084.JPG	 					nwxn	135	144	5	30.19	72	71	70	67		bc	cir cum	9				
1873-12-10	11	-7.12	-81.57	326.25		2.4		https://s3.amazonaws.com/NARAprodstorage/lz/dc-metro/rg-024/581208/2020-03/581208-omaha-006/581208-omaha-006-084.JPG	https://s3.amazonaws.com/NARAprodstorage/lz/dc-metro/rg-024/581208/2020-03/581208-omaha-006/581208-omaha-006-084.JPG	 					nwxn	135	144	5	30.19	72	73	70	67		bc	cir cum	9				
1873-12-10	12	-7.07	-81.6	326.25		2.4		https://s3.amazonaws.com/NARAprodstorage/lz/dc-metro/rg-024/581208/2020-03/581208-omaha-006/581208-omaha-006-084.JPG	https://s3.amazonaws.com/NARAprodstorage/lz/dc-metro/rg-024/581208/2020-03/581208-omaha-006/581208-omaha-006-084.JPG	 			7 4S	81 36W	nwxn	135	144	5	30.19	75	74	71	69		bc	cir cum	9				
1873-12-10	13	-7.02	-81.63	332		2.4		https://s3.amazonaws.com/NARAprodstorage/lz/dc-metro/rg-024/581208/2020-03/581208-omaha-006/581208-omaha-006-084.JPG	https://s3.amazonaws.com/NARAprodstorage/lz/dc-metro/rg-024/581208/2020-03/581208-omaha-006/581208-omaha-006-084.JPG	 					nwxn|nnw	146	155	3	30.2	75	74	71	69		bc	cir cum	8				
1873-12-10	14	-6.96	-81.65	337.5		3.4		https://s3.amazonaws.com/NARAprodstorage/lz/dc-metro/rg-024/581208/2020-03/581208-omaha-006/581208-omaha-006-084.JPG	https://s3.amazonaws.com/NARAprodstorage/lz/dc-metro/rg-024/581208/2020-03/581208-omaha-006/581208-omaha-006-084.JPG	 					nnw	146	155	5	30.2	75	74	71	69		bc	cir cum	8				
1873-12-10	15	-6.88	-81.68	337.5		4.2		https://s3.amazonaws.com/NARAprodstorage/lz/dc-metro/rg-024/581208/2020-03/581208-omaha-006/581208-omaha-006-084.JPG	https://s3.amazonaws.com/NARAprodstorage/lz/dc-metro/rg-024/581208/2020-03/581208-omaha-006/581208-omaha-006-084.JPG	 					nnw	146	155	8	30.2	75	74	71	69		bc	cir cum	8				
1873-12-10	16	-6.79	-81.72	337.5		5.2		https://s3.amazonaws.com/NARAprodstorage/lz/dc-metro/rg-024/581208/2020-03/581208-omaha-006/581208-omaha-006-084.JPG	https://s3.amazonaws.com/NARAprodstorage/lz/dc-metro/rg-024/581208/2020-03/581208-omaha-006/581208-omaha-006-084.JPG	 					nnw	146	155	8	30.14	75	74	71	69		bc	cir cum	8				
1873-12-10	17	-6.7	-81.75	337.5		5		https://s3.amazonaws.com/NARAprodstorage/lz/dc-metro/rg-024/581208/2020-03/581208-omaha-006/581208-omaha-006-084.JPG	https://s3.amazonaws.com/NARAprodstorage/lz/dc-metro/rg-024/581208/2020-03/581208-omaha-006/581208-omaha-006-084.JPG	 					nnw	146	155	8	30.1	73	74	71	69		bc	cir cum	4				
1873-12-10	18	-6.62	-81.78	337.5		5		https://s3.amazonaws.com/NARAprodstorage/lz/dc-metro/rg-024/581208/2020-03/581208-omaha-006/581208-omaha-006-084.JPG	https://s3.amazonaws.com/NARAprodstorage/lz/dc-metro/rg-024/581208/2020-03/581208-omaha-006/581208-omaha-006-084.JPG	 					nnw	146	155	8	30.1	73	74	71	69		bc	cir cum	4				
1873-12-10	19	-6.53	-81.81	337.5		5		https://s3.amazonaws.com/NARAprodstorage/lz/dc-metro/rg-024/581208/2020-03/581208-omaha-006/581208-omaha-006-084.JPG	https://s3.amazonaws.com/NARAprodstorage/lz/dc-metro/rg-024/581208/2020-03/581208-omaha-006/581208-omaha-006-084.JPG	 					nnw	146	155	8	30.1	73	74	71	69		bc	cir cum	4				
1873-12-10	20	-6.45	-81.84	337.5		4.4		https://s3.amazonaws.com/NARAprodstorage/lz/dc-metro/rg-024/581208/2020-03/581208-omaha-006/581208-omaha-006-084.JPG	https://s3.amazonaws.com/NARAprodstorage/lz/dc-metro/rg-024/581208/2020-03/581208-omaha-006/581208-omaha-006-084.JPG	 					nnw	146	155	8	30.14	73	74	71	69		bc	cir cum	4				
1873-12-10	21	-6.37	-81.87	337.5		4.6		https://s3.amazonaws.com/NARAprodstorage/lz/dc-metro/rg-024/581208/2020-03/581208-omaha-006/581208-omaha-006-084.JPG	https://s3.amazonaws.com/NARAprodstorage/lz/dc-metro/rg-024/581208/2020-03/581208-omaha-006/581208-omaha-006-084.JPG	 					nnw	124	133	8	30.14	73	70	69	67		bc	cir cum	7				
1873-12-10	22	-6.28	-81.91	337.5		5		https://s3.amazonaws.com/NARAprodstorage/lz/dc-metro/rg-024/581208/2020-03/581208-omaha-006/581208-omaha-006-084.JPG	https://s3.amazonaws.com/NARAprodstorage/lz/dc-metro/rg-024/581208/2020-03/581208-omaha-006/581208-omaha-006-084.JPG	 					nnw	90	99	8	30.17	73	70	69	67		bc	cir cum	9				
1873-12-10	23	-6.19	-81.94	337.5		5.2		https://s3.amazonaws.com/NARAprodstorage/lz/dc-metro/rg-024/581208/2020-03/581208-omaha-006/581208-omaha-006-084.JPG	https://s3.amazonaws.com/NARAprodstorage/lz/dc-metro/rg-024/581208/2020-03/581208-omaha-006/581208-omaha-006-084.JPG	 					nnw	112	122	8	30.17	73	70	69	67		bc	cir cum	9				
1873-12-10	24	-6.1	-81.97	337.5		5.2		https://s3.amazonaws.com/NARAprodstorage/lz/dc-metro/rg-024/581208/2020-03/581208-omaha-006/581208-omaha-006-084.JPG	https://s3.amazonaws.com/NARAprodstorage/lz/dc-metro/rg-024/581208/2020-03/581208-omaha-006/581208-omaha-006-084.JPG	 					nnw	158	166	8	30.17	73	70	69	67		bc	cir cum	8				
1873-12-11	1	-6.01	-82.01	337.5		5		https://s3.amazonaws.com/NARAprodstorage/lz/dc-metro/rg-024/581208/2020-03/581208-omaha-006/581208-omaha-006-085.JPG	https://s3.amazonaws.com/NARAprodstorage/lz/dc-metro/rg-024/581208/2020-03/581208-omaha-006/581208-omaha-006-085.JPG	 					nnw	146	155	8	30.1	70	69	68	65		bc	cum nim	3				
1873-12-11	2	-5.92	-82.04	337.5		4.6		https://s3.amazonaws.com/NARAprodstorage/lz/dc-metro/rg-024/581208/2020-03/581208-omaha-006/581208-omaha-006-085.JPG	https://s3.amazonaws.com/NARAprodstorage/lz/dc-metro/rg-024/581208/2020-03/581208-omaha-006/581208-omaha-006-085.JPG	 					nnw	146	155	8	30.1	70	69	68	65		bc	cum nim	3				
1873-12-11	3	-5.85	-82.07	337.5		4.2		https://s3.amazonaws.com/NARAprodstorage/lz/dc-metro/rg-024/581208/2020-03/581208-omaha-006/581208-omaha-006-085.JPG	https://s3.amazonaws.com/NARAprodstorage/lz/dc-metro/rg-024/581208/2020-03/581208-omaha-006/581208-omaha-006-085.JPG	 					nnw	146	155	8	30.1	70	68	67	64		bc	cir cum nimb	2				
1873-12-11	4	-5.78	-82.09	337.5		3.6		https://s3.amazonaws.com/NARAprodstorage/lz/dc-metro/rg-024/581208/2020-03/581208-omaha-006/581208-omaha-006-085.JPG	https://s3.amazonaws.com/NARAprodstorage/lz/dc-metro/rg-024/581208/2020-03/581208-omaha-006/581208-omaha-006-085.JPG	 					nnw	146	155	8	30.1	70	68	67	64		bc	cum nimb	1				
1873-12-11	5	-5.72	-82.12	337.5		3.6		https://s3.amazonaws.com/NARAprodstorage/lz/dc-metro/rg-024/581208/2020-03/581208-omaha-006/581208-omaha-006-085.JPG	https://s3.amazonaws.com/NARAprodstorage/lz/dc-metro/rg-024/581208/2020-03/581208-omaha-006/581208-omaha-006-085.JPG	 					nnw	146	155	8	30.1	70	67	66	64		bc	cir cum	5				
1873-12-11	6	-5.65	-82.15	337.5		4		https://s3.amazonaws.com/NARAprodstorage/lz/dc-metro/rg-024/581208/2020-03/581208-omaha-006/581208-omaha-006-085.JPG	https://s3.amazonaws.com/NARAprodstorage/lz/dc-metro/rg-024/581208/2020-03/581208-omaha-006/581208-omaha-006-085.JPG	 					nnw	146	155	8	30.1	70	67	66	64		bc	cir cum	4				
1873-12-11	7	-5.58	-82.18	337.5		3.6		https://s3.amazonaws.com/NARAprodstorage/lz/dc-metro/rg-024/581208/2020-03/581208-omaha-006/581208-omaha-006-085.JPG	https://s3.amazonaws.com/NARAprodstorage/lz/dc-metro/rg-024/581208/2020-03/581208-omaha-006/581208-omaha-006-085.JPG	 					nnw	146	155	8	30.1	70	67	66	64		bc	cir cum					
1873-12-11	8	-5.52	-82.2	337.5		3		https://s3.amazonaws.com/NARAprodstorage/lz/dc-metro/rg-024/581208/2020-03/581208-omaha-006/581208-omaha-006-085.JPG	https://s3.amazonaws.com/NARAprodstorage/lz/dc-metro/rg-024/581208/2020-03/581208-omaha-006/581208-omaha-006-085.JPG	 					nnw	146	155	5	30.1	72	69	68	64		bc	cir cum	2				
1873-12-11	9	-5.47	-82.23	337.5		3.2		https://s3.amazonaws.com/NARAprodstorage/lz/dc-metro/rg-024/581208/2020-03/581208-omaha-006/581208-omaha-006-085.JPG	https://s3.amazonaws.com/NARAprodstorage/lz/dc-metro/rg-024/581208/2020-03/581208-omaha-006/581208-omaha-006-085.JPG	 					nnw	146	155	5	30.1	72	70	68	64		bc	cir cum	8				
1873-12-11	10	-5.42	-82.25	337.5		2.4		https://s3.amazonaws.com/NARAprodstorage/lz/dc-metro/rg-024/581208/2020-03/581208-omaha-006/581208-omaha-006-085.JPG	https://s3.amazonaws.com/NARAprodstorage/lz/dc-metro/rg-024/581208/2020-03/581208-omaha-006/581208-omaha-006-085.JPG	 					nnw	146	155	5	30.1	72	70	68	64		bc	cir cum	9				
1873-12-11	11	-5.36	-82.28	337.5		3.4		https://s3.amazonaws.com/NARAprodstorage/lz/dc-metro/rg-024/581208/2020-03/581208-omaha-006/581208-omaha-006-085.JPG	https://s3.amazonaws.com/NARAprodstorage/lz/dc-metro/rg-024/581208/2020-03/581208-omaha-006/581208-omaha-006-085.JPG	 					nnw	146	155	5	30.1	72	70	68	64		bc	cir cum	9				
1873-12-11	12	-5.3	-82.3	337.5		3		https://s3.amazonaws.com/NARAprodstorage/lz/dc-metro/rg-024/581208/2020-03/581208-omaha-006/581208-omaha-006-085.JPG	https://s3.amazonaws.com/NARAprodstorage/lz/dc-metro/rg-024/581208/2020-03/581208-omaha-006/581208-omaha-006-085.JPG	Noon: cc NxW. 1230 cc N1/2W.			5 18S	82 18W	nnw	146	155	5	30.1	72	70	68	64		bc	cir cum	9				
1873-12-11	13	-5.23	-82.32	352		3.6		https://s3.amazonaws.com/NARAprodstorage/lz/dc-metro/rg-024/581208/2020-03/581208-omaha-006/581208-omaha-006-085.JPG	https://s3.amazonaws.com/NARAprodstorage/lz/dc-metro/rg-024/581208/2020-03/581208-omaha-006/581208-omaha-006-085.JPG	 					nxw|n1/2w	169	178	5	30.14	72	70	68	64		bc	cir cum	9				
1873-12-11	14	-5.16	-82.33	354.38		4		https://s3.amazonaws.com/NARAprodstorage/lz/dc-metro/rg-024/581208/2020-03/581208-omaha-006/581208-omaha-006-085.JPG	https://s3.amazonaws.com/NARAprodstorage/lz/dc-metro/rg-024/581208/2020-03/581208-omaha-006/581208-omaha-006-085.JPG	 					n1/2w	169	178	5	30.12	72	70	69	64		bc	cir cum	9				
1873-12-11	15	-5.08	-82.34	354.38		4		https://s3.amazonaws.com/NARAprodstorage/lz/dc-metro/rg-024/581208/2020-03/581208-omaha-006/581208-omaha-006-085.JPG	https://s3.amazonaws.com/NARAprodstorage/lz/dc-metro/rg-024/581208/2020-03/581208-omaha-006/581208-omaha-006-085.JPG	 					n1/2w	169	178	5	30.1	72	72	70	64		bc	cir cum	9				
1873-12-11	16	-5.01	-82.36	354.38		4		https://s3.amazonaws.com/NARAprodstorage/lz/dc-metro/rg-024/581208/2020-03/581208-omaha-006/581208-omaha-006-085.JPG	https://s3.amazonaws.com/NARAprodstorage/lz/dc-metro/rg-024/581208/2020-03/581208-omaha-006/581208-omaha-006-085.JPG	 					n1/2w	169	178	5	30.1	72	72	70	64		bc	cir cum	9				
1873-12-11	17	-4.94	-82.37	354.38		3.4		https://s3.amazonaws.com/NARAprodstorage/lz/dc-metro/rg-024/581208/2020-03/581208-omaha-006/581208-omaha-006-085.JPG	https://s3.amazonaws.com/NARAprodstorage/lz/dc-metro/rg-024/581208/2020-03/581208-omaha-006/581208-omaha-006-085.JPG	 					n1/2w	169	178	5	30.1	73	73	71	67		bc	cir cum	9				
1873-12-11	18	-4.88	-82.38	354.38		3.2		https://s3.amazonaws.com/NARAprodstorage/lz/dc-metro/rg-024/581208/2020-03/581208-omaha-006/581208-omaha-006-085.JPG	https://s3.amazonaws.com/NARAprodstorage/lz/dc-metro/rg-024/581208/2020-03/581208-omaha-006/581208-omaha-006-085.JPG	 					n1/2w	169	178	5	30.1	73	73	71	67		bc	cir cum	9				
1873-12-11	19	-4.82	-82.4	354.38		3.2		https://s3.amazonaws.com/NARAprodstorage/lz/dc-metro/rg-024/581208/2020-03/581208-omaha-006/581208-omaha-006-085.JPG	https://s3.amazonaws.com/NARAprodstorage/lz/dc-metro/rg-024/581208/2020-03/581208-omaha-006/581208-omaha-006-085.JPG	 					n1/2w	169	178	5	30.12	71	72	70	67		bc	cir cum	9				
1873-12-11	20	-4.76	-82.41	354.38		3		https://s3.amazonaws.com/NARAprodstorage/lz/dc-metro/rg-024/581208/2020-03/581208-omaha-006/581208-omaha-006-085.JPG	https://s3.amazonaws.com/NARAprodstorage/lz/dc-metro/rg-024/581208/2020-03/581208-omaha-006/581208-omaha-006-085.JPG	 					n1/2w	169	178	5	30.12	71	72	70	67		bc	nim cum	9				
1873-12-11	21	-4.68	-82.42	354.38		4		https://s3.amazonaws.com/NARAprodstorage/lz/dc-metro/rg-024/581208/2020-03/581208-omaha-006/581208-omaha-006-085.JPG	https://s3.amazonaws.com/NARAprodstorage/lz/dc-metro/rg-024/581208/2020-03/581208-omaha-006/581208-omaha-006-085.JPG	 					n1/2w	180	189	8	30.17	72	70	69	67		b	nim cum	10				
1873-12-11	22	-4.6	-82.44	354.38		4.6		https://s3.amazonaws.com/NARAprodstorage/lz/dc-metro/rg-024/581208/2020-03/581208-omaha-006/581208-omaha-006-085.JPG	https://s3.amazonaws.com/NARAprodstorage/lz/dc-metro/rg-024/581208/2020-03/581208-omaha-006/581208-omaha-006-085.JPG	 					n1/2w	180	189	8	30.17	72	70	69	67		b	nim cum	10				
1873-12-11	23	-4.5	-82.45	354.38		5.2		https://s3.amazonaws.com/NARAprodstorage/lz/dc-metro/rg-024/581208/2020-03/581208-omaha-006/581208-omaha-006-085.JPG	https://s3.amazonaws.com/NARAprodstorage/lz/dc-metro/rg-024/581208/2020-03/581208-omaha-006/581208-omaha-006-085.JPG	 					n1/2w	180	189	13	30.17	71	70	69	67		b	nim cum	10				
1873-12-11	24	-4.39	-82.46	354.38		6		https://s3.amazonaws.com/NARAprodstorage/lz/dc-metro/rg-024/581208/2020-03/581208-omaha-006/581208-omaha-006-085.JPG	https://s3.amazonaws.com/NARAprodstorage/lz/dc-metro/rg-024/581208/2020-03/581208-omaha-006/581208-omaha-006-085.JPG	 					n1/2w	180	189	13	30.19	71	70	69	67		b	nim cum	10				
1873-12-12	1	-4.28	-82.47	354.38		6.2		https://s3.amazonaws.com/NARAprodstorage/lz/dc-metro/rg-024/581208/2020-03/581208-omaha-006/581208-omaha-006-086.JPG	https://s3.amazonaws.com/NARAprodstorage/lz/dc-metro/rg-024/581208/2020-03/581208-omaha-006/581208-omaha-006-086.JPG	 					n1/2w	169	178	13	30.16	71	70	69	66		bc	cum nimb	8				
1873-12-12	2	-4.16	-82.48	354.38		7		https://s3.amazonaws.com/NARAprodstorage/lz/dc-metro/rg-024/581208/2020-03/581208-omaha-006/581208-omaha-006-086.JPG	https://s3.amazonaws.com/NARAprodstorage/lz/dc-metro/rg-024/581208/2020-03/581208-omaha-006/581208-omaha-006-086.JPG	 					n1/2w	169	178	13	30.14	71	70	69	66		bc	cum nimb	8				
1873-12-12	3	-4.03	-82.49	354.38		7		https://s3.amazonaws.com/NARAprodstorage/lz/dc-metro/rg-024/581208/2020-03/581208-omaha-006/581208-omaha-006-086.JPG	https://s3.amazonaws.com/NARAprodstorage/lz/dc-metro/rg-024/581208/2020-03/581208-omaha-006/581208-omaha-006-086.JPG	 					n1/2w	169	178	13	30.12	71	70	69	66		bc	cum nimb	7				
1873-12-12	4	-3.91	-82.51	354.38		7		https://s3.amazonaws.com/NARAprodstorage/lz/dc-metro/rg-024/581208/2020-03/581208-omaha-006/581208-omaha-006-086.JPG	https://s3.amazonaws.com/NARAprodstorage/lz/dc-metro/rg-024/581208/2020-03/581208-omaha-006/581208-omaha-006-086.JPG	 					n1/2w	169	178	13	30.1	71	70	69	67		bc	cum nimb	7				
1873-12-12	5	-3.78	-82.52	354.38		7		https://s3.amazonaws.com/NARAprodstorage/lz/dc-metro/rg-024/581208/2020-03/581208-omaha-006/581208-omaha-006-086.JPG	https://s3.amazonaws.com/NARAprodstorage/lz/dc-metro/rg-024/581208/2020-03/581208-omaha-006/581208-omaha-006-086.JPG	 					n1/2w	135	144	13	30.12	71	68	67	67		bc	cum nimb	8				
1873-12-12	6	-3.67	-82.53	354.38		6.4		https://s3.amazonaws.com/NARAprodstorage/lz/dc-metro/rg-024/581208/2020-03/581208-omaha-006/581208-omaha-006-086.JPG	https://s3.amazonaws.com/NARAprodstorage/lz/dc-metro/rg-024/581208/2020-03/581208-omaha-006/581208-omaha-006-086.JPG	 					n1/2w	169	178	13	30.16	71	68	67	67		bc	cum nimb	8				
1873-12-12	7	-3.57	-82.54	354.38		5.4		https://s3.amazonaws.com/NARAprodstorage/lz/dc-metro/rg-024/581208/2020-03/581208-omaha-006/581208-omaha-006-086.JPG	https://s3.amazonaws.com/NARAprodstorage/lz/dc-metro/rg-024/581208/2020-03/581208-omaha-006/581208-omaha-006-086.JPG	 					n1/2w	169	178	13	30.16	72	69	68	67		bc	cum	9				
1873-12-12	8	-3.47	-82.55	354.38		5		https://s3.amazonaws.com/NARAprodstorage/lz/dc-metro/rg-024/581208/2020-03/581208-omaha-006/581208-omaha-006-086.JPG	https://s3.amazonaws.com/NARAprodstorage/lz/dc-metro/rg-024/581208/2020-03/581208-omaha-006/581208-omaha-006-086.JPG	 					n1/2w	174	183	19	30.16	72	69	68	67		bc	cum	6				
1873-12-12	9	-3.38	-82.57	354.38		5.4		https://s3.amazonaws.com/NARAprodstorage/lz/dc-metro/rg-024/581208/2020-03/581208-omaha-006/581208-omaha-006-086.JPG	https://s3.amazonaws.com/NARAprodstorage/lz/dc-metro/rg-024/581208/2020-03/581208-omaha-006/581208-omaha-006-086.JPG	 					n1/2w	174	183	19	30.18	71	69	68	67		bc	cum nim	3				
1873-12-12	10	-3.27	-82.58	354.38		6		https://s3.amazonaws.com/NARAprodstorage/lz/dc-metro/rg-024/581208/2020-03/581208-omaha-006/581208-omaha-006-086.JPG	https://s3.amazonaws.com/NARAprodstorage/lz/dc-metro/rg-024/581208/2020-03/581208-omaha-006/581208-omaha-006-086.JPG	 					n1/2w	174	183	19	30.18	70	70	68	67		bc	cir cum nimb	8				
1873-12-12	11	-3.16	-82.59	354.38		6		https://s3.amazonaws.com/NARAprodstorage/lz/dc-metro/rg-024/581208/2020-03/581208-omaha-006/581208-omaha-006-086.JPG	https://s3.amazonaws.com/NARAprodstorage/lz/dc-metro/rg-024/581208/2020-03/581208-omaha-006/581208-omaha-006-086.JPG	 					n1/2w	174	183	19	30.18	70	70	68	67		bc	cir cum nimb	8				
1873-12-12	12	-3.05	-82.6	354.38		6		https://s3.amazonaws.com/NARAprodstorage/lz/dc-metro/rg-024/581208/2020-03/581208-omaha-006/581208-omaha-006-086.JPG	https://s3.amazonaws.com/NARAprodstorage/lz/dc-metro/rg-024/581208/2020-03/581208-omaha-006/581208-omaha-006-086.JPG	 			3 3S	82 36W	n1/2w	174	182	19	30.18	70	70	68	67		bc	cir cum nimb	8				
1873-12-12	13	-2.94	-82.6	3		5.9		https://s3.amazonaws.com/NARAprodstorage/lz/dc-metro/rg-024/581208/2020-03/581208-omaha-006/581208-omaha-006-086.JPG	https://s3.amazonaws.com/NARAprodstorage/lz/dc-metro/rg-024/581208/2020-03/581208-omaha-006/581208-omaha-006-086.JPG	 					n1/2W|nxe	169	177	19	30.18	71	71	69	67		bc	cir cum	8				
1873-12-12	14	-2.83	-82.58	11.25		5.6		https://s3.amazonaws.com/NARAprodstorage/lz/dc-metro/rg-024/581208/2020-03/581208-omaha-006/581208-omaha-006-086.JPG	https://s3.amazonaws.com/NARAprodstorage/lz/dc-metro/rg-024/581208/2020-03/581208-omaha-006/581208-omaha-006-086.JPG	 					nxe	169	177	13	30.12	71	72	69	67		bc	cir cum	8				
1873-12-12	15	-2.73	-82.56	11.25		5.6		https://s3.amazonaws.com/NARAprodstorage/lz/dc-metro/rg-024/581208/2020-03/581208-omaha-006/581208-omaha-006-086.JPG	https://s3.amazonaws.com/NARAprodstorage/lz/dc-metro/rg-024/581208/2020-03/581208-omaha-006/581208-omaha-006-086.JPG	 					nxe	169	177	13	30.09	72	72	70	70		bc	cir cum	8				
1873-12-12	16	-2.63	-82.55	11.25		5.6		https://s3.amazonaws.com/NARAprodstorage/lz/dc-metro/rg-024/581208/2020-03/581208-omaha-006/581208-omaha-006-086.JPG	https://s3.amazonaws.com/NARAprodstorage/lz/dc-metro/rg-024/581208/2020-03/581208-omaha-006/581208-omaha-006-086.JPG	 					nxe	169	177	13	30.09	72	72	70	70		bc	cir cum	8				
1873-12-12	17	-2.53	-82.53	11.25		5.2		https://s3.amazonaws.com/NARAprodstorage/lz/dc-metro/rg-024/581208/2020-03/581208-omaha-006/581208-omaha-006-086.JPG	https://s3.amazonaws.com/NARAprodstorage/lz/dc-metro/rg-024/581208/2020-03/581208-omaha-006/581208-omaha-006-086.JPG	 					nxe	191	199	13	30.09	72	72	70	70		bc	cir cum	4				
1873-12-12	18	-2.42	-82.51	11.25		6		https://s3.amazonaws.com/NARAprodstorage/lz/dc-metro/rg-024/581208/2020-03/581208-omaha-006/581208-omaha-006-086.JPG	https://s3.amazonaws.com/NARAprodstorage/lz/dc-metro/rg-024/581208/2020-03/581208-omaha-006/581208-omaha-006-086.JPG	1800: cc NxE1/2E.					nxe	191	199	13	30.09	72	72	70	70		bc	cir cum	7				
1873-12-12	19	-2.32	-82.49	16.88		5.4		https://s3.amazonaws.com/NARAprodstorage/lz/dc-metro/rg-024/581208/2020-03/581208-omaha-006/581208-omaha-006-086.JPG	https://s3.amazonaws.com/NARAprodstorage/lz/dc-metro/rg-024/581208/2020-03/581208-omaha-006/581208-omaha-006-086.JPG	 					nxe1/2e	180	188	13	30.09	72	70	68	71		bc	cir cum	6				
1873-12-12	20	-2.24	-82.47	16.88		4.6		https://s3.amazonaws.com/NARAprodstorage/lz/dc-metro/rg-024/581208/2020-03/581208-omaha-006/581208-omaha-006-086.JPG	https://s3.amazonaws.com/NARAprodstorage/lz/dc-metro/rg-024/581208/2020-03/581208-omaha-006/581208-omaha-006-086.JPG	 					nxe1/2e	180	188	8	30.09	72	70	68	71		bc	cir cum	9				
1873-12-12	21	-2.16	-82.46	16.88		4		https://s3.amazonaws.com/NARAprodstorage/lz/dc-metro/rg-024/581208/2020-03/581208-omaha-006/581208-omaha-006-086.JPG	https://s3.amazonaws.com/NARAprodstorage/lz/dc-metro/rg-024/581208/2020-03/581208-omaha-006/581208-omaha-006-086.JPG	 					nxe1/2e	191	199	8	30.18	72	70	68	71		bc	nim cum	2				
1873-12-12	22	-2.09	-82.45	16.88		3.4		https://s3.amazonaws.com/NARAprodstorage/lz/dc-metro/rg-024/581208/2020-03/581208-omaha-006/581208-omaha-006-086.JPG	https://s3.amazonaws.com/NARAprodstorage/lz/dc-metro/rg-024/581208/2020-03/581208-omaha-006/581208-omaha-006-086.JPG	 					nxe1/2e	191	199	8	30.18	72	70	68	72		bc	nim cum	4				
1873-12-12	23	-2.02	-82.44	16.88		3.4		https://s3.amazonaws.com/NARAprodstorage/lz/dc-metro/rg-024/581208/2020-03/581208-omaha-006/581208-omaha-006-086.JPG	https://s3.amazonaws.com/NARAprodstorage/lz/dc-metro/rg-024/581208/2020-03/581208-omaha-006/581208-omaha-006-086.JPG	 					nxe1/2e	191	199	8	30.18	72	70	68	72		bc	nim cum	9				
1873-12-12	24	-1.94	-82.42	16.88		4.4		https://s3.amazonaws.com/NARAprodstorage/lz/dc-metro/rg-024/581208/2020-03/581208-omaha-006/581208-omaha-006-086.JPG	https://s3.amazonaws.com/NARAprodstorage/lz/dc-metro/rg-024/581208/2020-03/581208-omaha-006/581208-omaha-006-086.JPG	 					nxe1/2e	191	199	8	30.18	72	70	68	72		bc	nim cum	9				
1873-12-13	1	-1.86	-82.4	16.88		4.4		https://s3.amazonaws.com/NARAprodstorage/lz/dc-metro/rg-024/581208/2020-03/581208-omaha-006/581208-omaha-006-087.JPG	https://s3.amazonaws.com/NARAprodstorage/lz/dc-metro/rg-024/581208/2020-03/581208-omaha-006/581208-omaha-006-087.JPG	 					nxe1/2e	202	210	8	30.16	70	70	68	73		bc	cir	8				
1873-12-13	2	-1.77	-82.38	16.88		5		https://s3.amazonaws.com/NARAprodstorage/lz/dc-metro/rg-024/581208/2020-03/581208-omaha-006/581208-omaha-006-087.JPG	https://s3.amazonaws.com/NARAprodstorage/lz/dc-metro/rg-024/581208/2020-03/581208-omaha-006/581208-omaha-006-087.JPG	 					nxe1/2e	202	210	8	30.14	70	70	68	73		bc	cir cum nimb	6				
1873-12-13	3	-1.69	-82.37	16.88		4.4		https://s3.amazonaws.com/NARAprodstorage/lz/dc-metro/rg-024/581208/2020-03/581208-omaha-006/581208-omaha-006-087.JPG	https://s3.amazonaws.com/NARAprodstorage/lz/dc-metro/rg-024/581208/2020-03/581208-omaha-006/581208-omaha-006-087.JPG	 					nxe1/2e	191	199	8	30.14	70	70	68	73		bc	cir cum nimb	7				
1873-12-13	4	-1.61	-82.35	16.88		4		https://s3.amazonaws.com/NARAprodstorage/lz/dc-metro/rg-024/581208/2020-03/581208-omaha-006/581208-omaha-006-087.JPG	https://s3.amazonaws.com/NARAprodstorage/lz/dc-metro/rg-024/581208/2020-03/581208-omaha-006/581208-omaha-006-087.JPG	 					nxe1/2e	191	199	8	30.12	71	70	69	73		bc	cir cum nimb	7				
1873-12-13	5	-1.53	-82.33	16.88		4.4		https://s3.amazonaws.com/NARAprodstorage/lz/dc-metro/rg-024/581208/2020-03/581208-omaha-006/581208-omaha-006-087.JPG	https://s3.amazonaws.com/NARAprodstorage/lz/dc-metro/rg-024/581208/2020-03/581208-omaha-006/581208-omaha-006-087.JPG	 					nxe1/2e	214	222	8	30.14	72	71	70	73		oc	cum nimb	0				
1873-12-13	6	-1.44	-82.32	16.88		4.4		https://s3.amazonaws.com/NARAprodstorage/lz/dc-metro/rg-024/581208/2020-03/581208-omaha-006/581208-omaha-006-087.JPG	https://s3.amazonaws.com/NARAprodstorage/lz/dc-metro/rg-024/581208/2020-03/581208-omaha-006/581208-omaha-006-087.JPG	 					nxe1/2e	202	210	8	30.15	73	71	70	73		oc	cum nimb	0				
1873-12-13	7	-1.37	-82.3	16.88		4		https://s3.amazonaws.com/NARAprodstorage/lz/dc-metro/rg-024/581208/2020-03/581208-omaha-006/581208-omaha-006-087.JPG	https://s3.amazonaws.com/NARAprodstorage/lz/dc-metro/rg-024/581208/2020-03/581208-omaha-006/581208-omaha-006-087.JPG	 					nxe1/2e	202	210	8	30.18	73	71	70	73		oc	cum nimb	0				
1873-12-13	8	-1.29	-82.29	16.88		4		https://s3.amazonaws.com/NARAprodstorage/lz/dc-metro/rg-024/581208/2020-03/581208-omaha-006/581208-omaha-006-087.JPG	https://s3.amazonaws.com/NARAprodstorage/lz/dc-metro/rg-024/581208/2020-03/581208-omaha-006/581208-omaha-006-087.JPG	 					nxe1/2e	202	210	8	30.18	73	71	70	73		oc	cum nimb	0				
1873-12-13	9	-1.21	-82.27	16.88		4.4		https://s3.amazonaws.com/NARAprodstorage/lz/dc-metro/rg-024/581208/2020-03/581208-omaha-006/581208-omaha-006-087.JPG	https://s3.amazonaws.com/NARAprodstorage/lz/dc-metro/rg-024/581208/2020-03/581208-omaha-006/581208-omaha-006-087.JPG	 					nxe1/2e	202	210	8	30.18	73	71	70	73		oc	cum nimb	0				
1873-12-13	10	-1.12	-82.25	16.88		5		https://s3.amazonaws.com/NARAprodstorage/lz/dc-metro/rg-024/581208/2020-03/581208-omaha-006/581208-omaha-006-087.JPG	https://s3.amazonaws.com/NARAprodstorage/lz/dc-metro/rg-024/581208/2020-03/581208-omaha-006/581208-omaha-006-087.JPG	 					nxe1/2e	202	210	8	30.18	74	72	70	73		oc	cum nimb	0				
1873-12-13	11	-1.03	-82.23	16.88		4.6		https://s3.amazonaws.com/NARAprodstorage/lz/dc-metro/rg-024/581208/2020-03/581208-omaha-006/581208-omaha-006-087.JPG	https://s3.amazonaws.com/NARAprodstorage/lz/dc-metro/rg-024/581208/2020-03/581208-omaha-006/581208-omaha-006-087.JPG	 					nxe1/2e	214	222	8	30.18	74	72	70	73		oc	cum nimb	0				
1873-12-13	12	-0.95	-82.22	16.88		4.4		https://s3.amazonaws.com/NARAprodstorage/lz/dc-metro/rg-024/581208/2020-03/581208-omaha-006/581208-omaha-006-087.JPG	https://s3.amazonaws.com/NARAprodstorage/lz/dc-metro/rg-024/581208/2020-03/581208-omaha-006/581208-omaha-006-087.JPG	 			0 57S	82 13W	nxe1/2e	214	222	8	30.18	74	72	70	73		oc	cum nimb	0				
1873-12-13	13	-0.87	-82.19	16.88		4.6		https://s3.amazonaws.com/NARAprodstorage/lz/dc-metro/rg-024/581208/2020-03/581208-omaha-006/581208-omaha-006-087.JPG	https://s3.amazonaws.com/NARAprodstorage/lz/dc-metro/rg-024/581208/2020-03/581208-omaha-006/581208-omaha-006-087.JPG	1330: cc NxE1/4E.					nxe1/2e	888	888	8	30.12	74	74	72	73		oc	nim cum	0				
1873-12-13	14	-0.78	-82.16	15		4.8		https://s3.amazonaws.com/NARAprodstorage/lz/dc-metro/rg-024/581208/2020-03/581208-omaha-006/581208-omaha-006-087.JPG	https://s3.amazonaws.com/NARAprodstorage/lz/dc-metro/rg-024/581208/2020-03/581208-omaha-006/581208-omaha-006-087.JPG	 					nxe1/2e|nxe1/4e	208	216	8	30.12	74	74	72	73		bc	nim cum	5				
1873-12-13	15	-0.69	-82.14	14.06		5.2		https://s3.amazonaws.com/NARAprodstorage/lz/dc-metro/rg-024/581208/2020-03/581208-omaha-006/581208-omaha-006-087.JPG	https://s3.amazonaws.com/NARAprodstorage/lz/dc-metro/rg-024/581208/2020-03/581208-omaha-006/581208-omaha-006-087.JPG	 					nxe1/4e	191	199	8	30.1	74	74	72	73		oc	nim cum	0				
1873-12-13	16	-0.6	-82.11	14.06		5.4		https://s3.amazonaws.com/NARAprodstorage/lz/dc-metro/rg-024/581208/2020-03/581208-omaha-006/581208-omaha-006-087.JPG	https://s3.amazonaws.com/NARAprodstorage/lz/dc-metro/rg-024/581208/2020-03/581208-omaha-006/581208-omaha-006-087.JPG	 					nxe1/4e	191	199	8	30.1	75	75	72	73		bc	nim cum	1				
1873-12-13	17	-0.49	-82.08	14.06		6		https://s3.amazonaws.com/NARAprodstorage/lz/dc-metro/rg-024/581208/2020-03/581208-omaha-006/581208-omaha-006-087.JPG	https://s3.amazonaws.com/NARAprodstorage/lz/dc-metro/rg-024/581208/2020-03/581208-omaha-006/581208-omaha-006-087.JPG	 					nxe1/4e	225	233	8	30.1	75	75	72	76		bc	nim cum	3				
1873-12-13	18	-0.39	-82.04	14.06		6		https://s3.amazonaws.com/NARAprodstorage/lz/dc-metro/rg-024/581208/2020-03/581208-omaha-006/581208-omaha-006-087.JPG	https://s3.amazonaws.com/NARAprodstorage/lz/dc-metro/rg-024/581208/2020-03/581208-omaha-006/581208-omaha-006-087.JPG	 					nxe1/4e	225	233	13	30.1	75	75	72	76		bc	nim cum	8				
1873-12-13	19	-0.29	-82.02	11.25		5.4		https://s3.amazonaws.com/NARAprodstorage/lz/dc-metro/rg-024/581208/2020-03/581208-omaha-006/581208-omaha-006-087.JPG	https://s3.amazonaws.com/NARAprodstorage/lz/dc-metro/rg-024/581208/2020-03/581208-omaha-006/581208-omaha-006-087.JPG	 					nxe	270	278	13	30.12	75	75	71	76		bc	nim	0				
1873-12-13	20	-0.19	-81.99	11.25		6		https://s3.amazonaws.com/NARAprodstorage/lz/dc-metro/rg-024/581208/2020-03/581208-omaha-006/581208-omaha-006-087.JPG	https://s3.amazonaws.com/NARAprodstorage/lz/dc-metro/rg-024/581208/2020-03/581208-omaha-006/581208-omaha-006-087.JPG	 					nxe	270	278	13	30.14	75	70	71	76		bc	nim	0				
1873-12-13	21	-0.09	-81.97	11.25		5.4		https://s3.amazonaws.com/NARAprodstorage/lz/dc-metro/rg-024/581208/2020-03/581208-omaha-006/581208-omaha-006-087.JPG	https://s3.amazonaws.com/NARAprodstorage/lz/dc-metro/rg-024/581208/2020-03/581208-omaha-006/581208-omaha-006-087.JPG	 					nxe	270	278	13	30.17	75	70	71	76		oc	nim	0				
1873-12-13	22		-81.94	11.25		5.4		https://s3.amazonaws.com/NARAprodstorage/lz/dc-metro/rg-024/581208/2020-03/581208-omaha-006/581208-omaha-006-087.JPG	https://s3.amazonaws.com/NARAprodstorage/lz/dc-metro/rg-024/581208/2020-03/581208-omaha-006/581208-omaha-006-087.JPG	 					nxe	225	233	13	30.17	75	70	71	75		oc	nim	2				
1873-12-13	23	0.11	-81.91	11.25		6		https://s3.amazonaws.com/NARAprodstorage/lz/dc-metro/rg-024/581208/2020-03/581208-omaha-006/581208-omaha-006-087.JPG	https://s3.amazonaws.com/NARAprodstorage/lz/dc-metro/rg-024/581208/2020-03/581208-omaha-006/581208-omaha-006-087.JPG	 					nxe	225	233	13	30.17	75	70	71	75		oc	nim	7				
1873-12-13	24	0.22	-81.89	11.25		6		https://s3.amazonaws.com/NARAprodstorage/lz/dc-metro/rg-024/581208/2020-03/581208-omaha-006/581208-omaha-006-087.JPG	https://s3.amazonaws.com/NARAprodstorage/lz/dc-metro/rg-024/581208/2020-03/581208-omaha-006/581208-omaha-006-087.JPG	 					nxe	225	233	13	30.17	75	70	71	75		oc	nim	8				
1873-12-14	1	0.33	-81.86	11.25		6.2		https://s3.amazonaws.com/NARAprodstorage/lz/dc-metro/rg-024/581208/2020-03/581208-omaha-006/581208-omaha-006-088.JPG	https://s3.amazonaws.com/NARAprodstorage/lz/dc-metro/rg-024/581208/2020-03/581208-omaha-006/581208-omaha-006-088.JPG	 					nxe	248	256	13	30.18	74	74	72	76		oc	nim cum	0				
1873-12-14	2	0.43	-81.83	11.25		6		https://s3.amazonaws.com/NARAprodstorage/lz/dc-metro/rg-024/581208/2020-03/581208-omaha-006/581208-omaha-006-088.JPG	https://s3.amazonaws.com/NARAprodstorage/lz/dc-metro/rg-024/581208/2020-03/581208-omaha-006/581208-omaha-006-088.JPG	 					nxe	248	256	13	30.18	74	74	72	76		oc	nim cum	0				
1873-12-14	3	0.55	-81.8	11.25		6.6		https://s3.amazonaws.com/NARAprodstorage/lz/dc-metro/rg-024/581208/2020-03/581208-omaha-006/581208-omaha-006-088.JPG	https://s3.amazonaws.com/NARAprodstorage/lz/dc-metro/rg-024/581208/2020-03/581208-omaha-006/581208-omaha-006-088.JPG	 					nxe	248	256	13	30.15	74	75	72	76		oc	nim cum	0				
1873-12-14	4	0.67	-81.77	11.25		7.2		https://s3.amazonaws.com/NARAprodstorage/lz/dc-metro/rg-024/581208/2020-03/581208-omaha-006/581208-omaha-006-088.JPG	https://s3.amazonaws.com/NARAprodstorage/lz/dc-metro/rg-024/581208/2020-03/581208-omaha-006/581208-omaha-006-088.JPG	 					nxe	248	256	13	30.15	74	75	72	76		oc	nim cum	0				
1873-12-14	5	0.78	-81.74	11.25		6		https://s3.amazonaws.com/NARAprodstorage/lz/dc-metro/rg-024/581208/2020-03/581208-omaha-006/581208-omaha-006-088.JPG	https://s3.amazonaws.com/NARAprodstorage/lz/dc-metro/rg-024/581208/2020-03/581208-omaha-006/581208-omaha-006-088.JPG	 					nxe	225	233	13	30.15	74	74	73	76		oc	nim cum	0				
1873-12-14	6	0.87	-81.71	11.25		5.4		https://s3.amazonaws.com/NARAprodstorage/lz/dc-metro/rg-024/581208/2020-03/581208-omaha-006/581208-omaha-006-088.JPG	https://s3.amazonaws.com/NARAprodstorage/lz/dc-metro/rg-024/581208/2020-03/581208-omaha-006/581208-omaha-006-088.JPG	 					nxe	202	210	13	30.12	75	74	73	77		bc	nim cum	2				
1873-12-14	7	0.97	-81.69	11.25		5.6		https://s3.amazonaws.com/NARAprodstorage/lz/dc-metro/rg-024/581208/2020-03/581208-omaha-006/581208-omaha-006-088.JPG	https://s3.amazonaws.com/NARAprodstorage/lz/dc-metro/rg-024/581208/2020-03/581208-omaha-006/581208-omaha-006-088.JPG	 					nxe	191	199	13	30.12	75	74	73	77		bc	nim cum	5				
1873-12-14	8	1.07	-81.66	11.25		5.4		https://s3.amazonaws.com/NARAprodstorage/lz/dc-metro/rg-024/581208/2020-03/581208-omaha-006/581208-omaha-006-088.JPG	https://s3.amazonaws.com/NARAprodstorage/lz/dc-metro/rg-024/581208/2020-03/581208-omaha-006/581208-omaha-006-088.JPG	 					nxe	191	199	13	30.18	75	75	73	77		bc	nim cum	6				
1873-12-14	9	1.18	-81.64	11.25		6.2		https://s3.amazonaws.com/NARAprodstorage/lz/dc-metro/rg-024/581208/2020-03/581208-omaha-006/581208-omaha-006-088.JPG	https://s3.amazonaws.com/NARAprodstorage/lz/dc-metro/rg-024/581208/2020-03/581208-omaha-006/581208-omaha-006-088.JPG	 					nxe	191	199	13	30.18	75	76	74	77		bc	nim cum	6				
1873-12-14	10	1.28	-81.61	11.25		6		https://s3.amazonaws.com/NARAprodstorage/lz/dc-metro/rg-024/581208/2020-03/581208-omaha-006/581208-omaha-006-088.JPG	https://s3.amazonaws.com/NARAprodstorage/lz/dc-metro/rg-024/581208/2020-03/581208-omaha-006/581208-omaha-006-088.JPG	 					nxe	191	199	13	30.18	76	77	74	77		bc	nim cum	6				
1873-12-14	11	1.39	-81.58	11.25		6.2		https://s3.amazonaws.com/NARAprodstorage/lz/dc-metro/rg-024/581208/2020-03/581208-omaha-006/581208-omaha-006-088.JPG	https://s3.amazonaws.com/NARAprodstorage/lz/dc-metro/rg-024/581208/2020-03/581208-omaha-006/581208-omaha-006-088.JPG	 					nxe	191	199	13	30.18	77	78	75	79		bc	cir cum	7				
1873-12-14	12	1.5	-81.55	11.25		6.2		https://s3.amazonaws.com/NARAprodstorage/lz/dc-metro/rg-024/581208/2020-03/581208-omaha-006/581208-omaha-006-088.JPG	https://s3.amazonaws.com/NARAprodstorage/lz/dc-metro/rg-024/581208/2020-03/581208-omaha-006/581208-omaha-006-088.JPG	Noon: cc N3/4E.			1 30N	81 33W	nxe	202	210	13	30.18	77	78	75	79		bc	cir cum	7				
1873-12-14	13	1.61	-81.53	8.44		6.6		https://s3.amazonaws.com/NARAprodstorage/lz/dc-metro/rg-024/581208/2020-03/581208-omaha-006/581208-omaha-006-088.JPG	https://s3.amazonaws.com/NARAprodstorage/lz/dc-metro/rg-024/581208/2020-03/581208-omaha-006/581208-omaha-006-088.JPG	 					n3/4e	214	222	19	30.15	79	80	75	79		bc	cir cum	4				
1873-12-14	14	1.73	-81.5	8.44		7		https://s3.amazonaws.com/NARAprodstorage/lz/dc-metro/rg-024/581208/2020-03/581208-omaha-006/581208-omaha-006-088.JPG	https://s3.amazonaws.com/NARAprodstorage/lz/dc-metro/rg-024/581208/2020-03/581208-omaha-006/581208-omaha-006-088.JPG	 					n3/4e	225	233	19	30.12	79	80	75	79		bc	cir cum	7				
1873-12-14	15	1.85	-81.47	8.44		7.4		https://s3.amazonaws.com/NARAprodstorage/lz/dc-metro/rg-024/581208/2020-03/581208-omaha-006/581208-omaha-006-088.JPG	https://s3.amazonaws.com/NARAprodstorage/lz/dc-metro/rg-024/581208/2020-03/581208-omaha-006/581208-omaha-006-088.JPG	 					n3/4e	214	221	19	30.1	79	80	75	79		bc	cir cum	3				
1873-12-14	16	1.96	-81.45	8.44		6.6		https://s3.amazonaws.com/NARAprodstorage/lz/dc-metro/rg-024/581208/2020-03/581208-omaha-006/581208-omaha-006-088.JPG	https://s3.amazonaws.com/NARAprodstorage/lz/dc-metro/rg-024/581208/2020-03/581208-omaha-006/581208-omaha-006-088.JPG	 					n3/4e	225	232	13	30.1	79	80	75	79		oc	cum nim	0				
1873-12-14	17	2.07	-81.42	8.44		6.6		https://s3.amazonaws.com/NARAprodstorage/lz/dc-metro/rg-024/581208/2020-03/581208-omaha-006/581208-omaha-006-088.JPG	https://s3.amazonaws.com/NARAprodstorage/lz/dc-metro/rg-024/581208/2020-03/581208-omaha-006/581208-omaha-006-088.JPG	 					n3/4e	225	232	13	30.1	79	78	75	79		oc	cum nim	0				
1873-12-14	18	2.18	-81.39	8.44		7		https://s3.amazonaws.com/NARAprodstorage/lz/dc-metro/rg-024/581208/2020-03/581208-omaha-006/581208-omaha-006-088.JPG	https://s3.amazonaws.com/NARAprodstorage/lz/dc-metro/rg-024/581208/2020-03/581208-omaha-006/581208-omaha-006-088.JPG	 					n3/4e	225	232	13	30.1	79	78	75	79		oc	cum nim	0				
1873-12-14	19	2.3	-81.37	8.44		7		https://s3.amazonaws.com/NARAprodstorage/lz/dc-metro/rg-024/581208/2020-03/581208-omaha-006/581208-omaha-006-088.JPG	https://s3.amazonaws.com/NARAprodstorage/lz/dc-metro/rg-024/581208/2020-03/581208-omaha-006/581208-omaha-006-088.JPG	 					n3/4e	248	254	13	30.12	78	77	75	79		oc	cum nim	0				
1873-12-14	20	2.41	-81.34	8.44		6.6		https://s3.amazonaws.com/NARAprodstorage/lz/dc-metro/rg-024/581208/2020-03/581208-omaha-006/581208-omaha-006-088.JPG	https://s3.amazonaws.com/NARAprodstorage/lz/dc-metro/rg-024/581208/2020-03/581208-omaha-006/581208-omaha-006-088.JPG	 					n3/4e	236	243	13	30.12	78	77	75	79		oc	cum nim	0				
1873-12-14	21	2.52	-81.32	8.44		7		https://s3.amazonaws.com/NARAprodstorage/lz/dc-metro/rg-024/581208/2020-03/581208-omaha-006/581208-omaha-006-088.JPG	https://s3.amazonaws.com/NARAprodstorage/lz/dc-metro/rg-024/581208/2020-03/581208-omaha-006/581208-omaha-006-088.JPG	 					n3/4e	236	243	24	30.16	78	78	75	79		bc	cir nim	5				
1873-12-14	22	2.64	-81.29	8.44		7.2		https://s3.amazonaws.com/NARAprodstorage/lz/dc-metro/rg-024/581208/2020-03/581208-omaha-006/581208-omaha-006-088.JPG	https://s3.amazonaws.com/NARAprodstorage/lz/dc-metro/rg-024/581208/2020-03/581208-omaha-006/581208-omaha-006-088.JPG	 					n3/4e	225	232	19	30.16	78	78	75	79		oc	nim	0				
1873-12-14	23	2.75	-81.26	8.44		6.4		https://s3.amazonaws.com/NARAprodstorage/lz/dc-metro/rg-024/581208/2020-03/581208-omaha-006/581208-omaha-006-088.JPG	https://s3.amazonaws.com/NARAprodstorage/lz/dc-metro/rg-024/581208/2020-03/581208-omaha-006/581208-omaha-006-088.JPG	 					n3/4e	225	232	19	30.16	78	78	75	79		bc	cir nim	4				
1873-12-14	24	2.85	-81.24	8.44		6.6		https://s3.amazonaws.com/NARAprodstorage/lz/dc-metro/rg-024/581208/2020-03/581208-omaha-006/581208-omaha-006-088.JPG	https://s3.amazonaws.com/NARAprodstorage/lz/dc-metro/rg-024/581208/2020-03/581208-omaha-006/581208-omaha-006-088.JPG	 					n3/4e	214	221	24	30.16	78	78	75	79		ocr	cir nim	0				
1873-12-15	1	2.96	-81.21	8.44		6.4		https://s3.amazonaws.com/NARAprodstorage/lz/dc-metro/rg-024/581208/2020-03/581208-omaha-006/581208-omaha-006-089.JPG	https://s3.amazonaws.com/NARAprodstorage/lz/dc-metro/rg-024/581208/2020-03/581208-omaha-006/581208-omaha-006-089.JPG	 					n3/4e	214	221	13	30.11	79	78	75	79		oc	nimb	0				
1873-12-15	2	3.08	-81.19	8.44		7		https://s3.amazonaws.com/NARAprodstorage/lz/dc-metro/rg-024/581208/2020-03/581208-omaha-006/581208-omaha-006-089.JPG	https://s3.amazonaws.com/NARAprodstorage/lz/dc-metro/rg-024/581208/2020-03/581208-omaha-006/581208-omaha-006-089.JPG	 					n3/4e	202	210	13	30.09	79	78	75	79		bc	cum nimb	6				
1873-12-15	3	3.18	-81.16	8.44		6.4		https://s3.amazonaws.com/NARAprodstorage/lz/dc-metro/rg-024/581208/2020-03/581208-omaha-006/581208-omaha-006-089.JPG	https://s3.amazonaws.com/NARAprodstorage/lz/dc-metro/rg-024/581208/2020-03/581208-omaha-006/581208-omaha-006-089.JPG	 					n3/4e	202	210	13	30.09	79	78	75	79		oc	cum nimb	0				
1873-12-15	4	3.29	-81.14	8.44		6.4		https://s3.amazonaws.com/NARAprodstorage/lz/dc-metro/rg-024/581208/2020-03/581208-omaha-006/581208-omaha-006-089.JPG	https://s3.amazonaws.com/NARAprodstorage/lz/dc-metro/rg-024/581208/2020-03/581208-omaha-006/581208-omaha-006-089.JPG	 					n3/4e	202	210	13	30.09	79	78	75	79		oc	cum nimb	0				
1873-12-15	5	3.41	-81.11	8.44		7.2		https://s3.amazonaws.com/NARAprodstorage/lz/dc-metro/rg-024/581208/2020-03/581208-omaha-006/581208-omaha-006-089.JPG	https://s3.amazonaws.com/NARAprodstorage/lz/dc-metro/rg-024/581208/2020-03/581208-omaha-006/581208-omaha-006-089.JPG	 					n3/4e	225	232	19	30.09	79	78	75	79		oc	cum nimb	0				
1873-12-15	6	3.53	-81.08	8.44		7.6		https://s3.amazonaws.com/NARAprodstorage/lz/dc-metro/rg-024/581208/2020-03/581208-omaha-006/581208-omaha-006-089.JPG	https://s3.amazonaws.com/NARAprodstorage/lz/dc-metro/rg-024/581208/2020-03/581208-omaha-006/581208-omaha-006-089.JPG	 					n3/4e	236	243	19	30.14	79	78	70	79		oc	cum nimb	0				
1873-12-15	7	3.66	-81.05	8.44		7.6		https://s3.amazonaws.com/NARAprodstorage/lz/dc-metro/rg-024/581208/2020-03/581208-omaha-006/581208-omaha-006-089.JPG	https://s3.amazonaws.com/NARAprodstorage/lz/dc-metro/rg-024/581208/2020-03/581208-omaha-006/581208-omaha-006-089.JPG	 					n3/4e	236	243	19	30.14	79	78	70	79		oc	cum nimb	0				
1873-12-15	8	3.78	-81.03	8.44		7.4		https://s3.amazonaws.com/NARAprodstorage/lz/dc-metro/rg-024/581208/2020-03/581208-omaha-006/581208-omaha-006-089.JPG	https://s3.amazonaws.com/NARAprodstorage/lz/dc-metro/rg-024/581208/2020-03/581208-omaha-006/581208-omaha-006-089.JPG	 					n3/4e	225	232	19	30.14	79	78	70	79		oc	cum	4				
1873-12-15	9	3.9	-81	8.44		7.6		https://s3.amazonaws.com/NARAprodstorage/lz/dc-metro/rg-024/581208/2020-03/581208-omaha-006/581208-omaha-006-089.JPG	https://s3.amazonaws.com/NARAprodstorage/lz/dc-metro/rg-024/581208/2020-03/581208-omaha-006/581208-omaha-006-089.JPG	 					n3/4e	225	232	19	30.13	78	79	77	79		oc	cum nimb	2				
1873-12-15	10	4.02	-80.97	8.44		7		https://s3.amazonaws.com/NARAprodstorage/lz/dc-metro/rg-024/581208/2020-03/581208-omaha-006/581208-omaha-006-089.JPG	https://s3.amazonaws.com/NARAprodstorage/lz/dc-metro/rg-024/581208/2020-03/581208-omaha-006/581208-omaha-006-089.JPG	 					n3/4e	225	232	19	30.2	77	75	74	79		ocqr	cum nimb	2				
1873-12-15	11	4.06	-80.95	30		2.6		https://s3.amazonaws.com/NARAprodstorage/lz/dc-metro/rg-024/581208/2020-03/581208-omaha-006/581208-omaha-006-089.JPG	https://s3.amazonaws.com/NARAprodstorage/lz/dc-metro/rg-024/581208/2020-03/581208-omaha-006/581208-omaha-006-089.JPG	 					ne1/2e	888	888	14	30.2	78	75	74	79		ocqr	cum nimb	2				
1873-12-15	12	4.07	-80.93	56.25		1		https://s3.amazonaws.com/NARAprodstorage/lz/dc-metro/rg-024/581208/2020-03/581208-omaha-006/581208-omaha-006-089.JPG	https://s3.amazonaws.com/NARAprodstorage/lz/dc-metro/rg-024/581208/2020-03/581208-omaha-006/581208-omaha-006-089.JPG	 			4 4N	80 56W	nexe	888	888	14	30.17	78	75	76	79		ocqr	nimb	2				
1873-12-15	13	4.08	-80.92	22.5		1		https://s3.amazonaws.com/NARAprodstorage/lz/dc-metro/rg-024/581208/2020-03/581208-omaha-006/581208-omaha-006-089.JPG	https://s3.amazonaws.com/NARAprodstorage/lz/dc-metro/rg-024/581208/2020-03/581208-omaha-006/581208-omaha-006-089.JPG	 					nne	326	333	1	30.13	77	75	74	79		oc	nimb	0				
1873-12-15	14	4.12	-80.93	351.56		2.4		https://s3.amazonaws.com/NARAprodstorage/lz/dc-metro/rg-024/581208/2020-03/581208-omaha-006/581208-omaha-006-089.JPG	https://s3.amazonaws.com/NARAprodstorage/lz/dc-metro/rg-024/581208/2020-03/581208-omaha-006/581208-omaha-006-089.JPG	 					n3/4w	281	288	5	30.1	77	75	74	79		oc	nimb	0				
1873-12-15	15	4.2	-80.91	5.62		4.4		https://s3.amazonaws.com/NARAprodstorage/lz/dc-metro/rg-024/581208/2020-03/581208-omaha-006/581208-omaha-006-089.JPG	https://s3.amazonaws.com/NARAprodstorage/lz/dc-metro/rg-024/581208/2020-03/581208-omaha-006/581208-omaha-006-089.JPG	 					n1/2e	281	288	5	30.08	77	76	75	79		oc	nimb	0				
1873-12-15	16	4.26	-80.9	5.62		4		https://s3.amazonaws.com/NARAprodstorage/lz/dc-metro/rg-024/581208/2020-03/581208-omaha-006/581208-omaha-006-089.JPG	https://s3.amazonaws.com/NARAprodstorage/lz/dc-metro/rg-024/581208/2020-03/581208-omaha-006/581208-omaha-006-089.JPG	 					n1/2e	281	288	5	30.06	77	76	75	79		bc	nimb	3				
1873-12-15	17	4.35	-80.88	5.62		5.2		https://s3.amazonaws.com/NARAprodstorage/lz/dc-metro/rg-024/581208/2020-03/581208-omaha-006/581208-omaha-006-089.JPG	https://s3.amazonaws.com/NARAprodstorage/lz/dc-metro/rg-024/581208/2020-03/581208-omaha-006/581208-omaha-006-089.JPG	 					n1/2e	281	288	8	30.06	77	76	75	79		oc	cir cum nimb	0				
1873-12-15	18	4.44	-80.86	5.62		5.4		https://s3.amazonaws.com/NARAprodstorage/lz/dc-metro/rg-024/581208/2020-03/581208-omaha-006/581208-omaha-006-089.JPG	https://s3.amazonaws.com/NARAprodstorage/lz/dc-metro/rg-024/581208/2020-03/581208-omaha-006/581208-omaha-006-089.JPG	 					n1/2e	270	277	13	30.1	78	76	74	79		ocwr	nimb	0				
1873-12-15	19	4.48	-80.82	33.75		3		https://s3.amazonaws.com/NARAprodstorage/lz/dc-metro/rg-024/581208/2020-03/581208-omaha-006/581208-omaha-006-089.JPG	https://s3.amazonaws.com/NARAprodstorage/lz/dc-metro/rg-024/581208/2020-03/581208-omaha-006/581208-omaha-006-089.JPG	 					nexn	888	888	13	30.1	78	76	74	79		ocr	nimb	0				
1873-12-15	20	4.54	-80.81	5.62		3.6		https://s3.amazonaws.com/NARAprodstorage/lz/dc-metro/rg-024/581208/2020-03/581208-omaha-006/581208-omaha-006-089.JPG	https://s3.amazonaws.com/NARAprodstorage/lz/dc-metro/rg-024/581208/2020-03/581208-omaha-006/581208-omaha-006-089.JPG	2000: cc N.					n1/2e	292	300	13	30.12	77	76	74	79		oc	nimb	0				
1873-12-15	21	4.58	-80.81	360		2.4		https://s3.amazonaws.com/NARAprodstorage/lz/dc-metro/rg-024/581208/2020-03/581208-omaha-006/581208-omaha-006-089.JPG	https://s3.amazonaws.com/NARAprodstorage/lz/dc-metro/rg-024/581208/2020-03/581208-omaha-006/581208-omaha-006-089.JPG	 					n	270	277	8	30.15	77	76	74	79		ocqr	nimb	0				
1873-12-15	22	4.63	-80.8	360		3		https://s3.amazonaws.com/NARAprodstorage/lz/dc-metro/rg-024/581208/2020-03/581208-omaha-006/581208-omaha-006-089.JPG	https://s3.amazonaws.com/NARAprodstorage/lz/dc-metro/rg-024/581208/2020-03/581208-omaha-006/581208-omaha-006-089.JPG	 					n	214	221	8	30.15	77	77	75	79		oc	nimb	0				
1873-12-15	23	4.69	-80.79	360		3.4		https://s3.amazonaws.com/NARAprodstorage/lz/dc-metro/rg-024/581208/2020-03/581208-omaha-006/581208-omaha-006-089.JPG	https://s3.amazonaws.com/NARAprodstorage/lz/dc-metro/rg-024/581208/2020-03/581208-omaha-006/581208-omaha-006-089.JPG	 					n	214	221	8	30.17	77	77	75	79		oc	nimb	0				
1873-12-15	24	4.76	-80.79	360		4		https://s3.amazonaws.com/NARAprodstorage/lz/dc-metro/rg-024/581208/2020-03/581208-omaha-006/581208-omaha-006-089.JPG	https://s3.amazonaws.com/NARAprodstorage/lz/dc-metro/rg-024/581208/2020-03/581208-omaha-006/581208-omaha-006-089.JPG	 					n	270	277	13	30.13	77	77	75	79		oc	nimb	0				
1873-12-16	1	4.81	-80.78	360		3.2		https://s3.amazonaws.com/NARAprodstorage/lz/dc-metro/rg-024/581208/2020-03/581208-omaha-006/581208-omaha-006-090.JPG	https://s3.amazonaws.com/NARAprodstorage/lz/dc-metro/rg-024/581208/2020-03/581208-omaha-006/581208-omaha-006-090.JPG	 					n	281	288	5	30.12	77	78	76	79		ocqr	nim	0				
1873-12-16	2	4.87	-80.77	360		3.4		https://s3.amazonaws.com/NARAprodstorage/lz/dc-metro/rg-024/581208/2020-03/581208-omaha-006/581208-omaha-006-090.JPG	https://s3.amazonaws.com/NARAprodstorage/lz/dc-metro/rg-024/581208/2020-03/581208-omaha-006/581208-omaha-006-090.JPG	 					n	248	254	5	30.12	77	78	76	79		bc	cir nim	6				
1873-12-16	3	4.94	-80.76	360		4		https://s3.amazonaws.com/NARAprodstorage/lz/dc-metro/rg-024/581208/2020-03/581208-omaha-006/581208-omaha-006-090.JPG	https://s3.amazonaws.com/NARAprodstorage/lz/dc-metro/rg-024/581208/2020-03/581208-omaha-006/581208-omaha-006-090.JPG	 					ne|n	281	288	14	30.12	77	78	76	79		ocqr	nim	0				
1873-12-16	4	4.97	-80.72	45		3		https://s3.amazonaws.com/NARAprodstorage/lz/dc-metro/rg-024/581208/2020-03/581208-omaha-006/581208-omaha-006-090.JPG	https://s3.amazonaws.com/NARAprodstorage/lz/dc-metro/rg-024/581208/2020-03/581208-omaha-006/581208-omaha-006-090.JPG	 					ne	888	888	14	30.12	77	78	76	79		ocqr	nim	0				
1873-12-16	5	5.02	-80.69	33.75		3.2		https://s3.amazonaws.com/NARAprodstorage/lz/dc-metro/rg-024/581208/2020-03/581208-omaha-006/581208-omaha-006-090.JPG	https://s3.amazonaws.com/NARAprodstorage/lz/dc-metro/rg-024/581208/2020-03/581208-omaha-006/581208-omaha-006-090.JPG	 					nexn	888	888	14	30.11	77	78	76	79		ocr	nim	0				
1873-12-16	6	5.07	-80.67	16.88		3.4		https://s3.amazonaws.com/NARAprodstorage/lz/dc-metro/rg-024/581208/2020-03/581208-omaha-006/581208-omaha-006-090.JPG	https://s3.amazonaws.com/NARAprodstorage/lz/dc-metro/rg-024/581208/2020-03/581208-omaha-006/581208-omaha-006-090.JPG	 					nne1/2n	888	888	14	30.12	78	78	76	79		ocr	nim	0				
1873-12-16	7	5.11	-80.63	33.75		3		https://s3.amazonaws.com/NARAprodstorage/lz/dc-metro/rg-024/581208/2020-03/581208-omaha-006/581208-omaha-006-090.JPG	https://s3.amazonaws.com/NARAprodstorage/lz/dc-metro/rg-024/581208/2020-03/581208-omaha-006/581208-omaha-006-090.JPG	 					nexn	888	888	5	30.14	76	78	76	79		oc	nim	0				
1873-12-16	8	5.16	-80.63	360		3		https://s3.amazonaws.com/NARAprodstorage/lz/dc-metro/rg-024/581208/2020-03/581208-omaha-006/581208-omaha-006-090.JPG	https://s3.amazonaws.com/NARAprodstorage/lz/dc-metro/rg-024/581208/2020-03/581208-omaha-006/581208-omaha-006-090.JPG	 					n	281	288	5	30.16	78	78	76	79		bc	cum nim str	2				
1873-12-16	9	5.17	-80.62	360		0.4		https://s3.amazonaws.com/NARAprodstorage/lz/dc-metro/rg-024/581208/2020-03/581208-omaha-006/581208-omaha-006-090.JPG	https://s3.amazonaws.com/NARAprodstorage/lz/dc-metro/rg-024/581208/2020-03/581208-omaha-006/581208-omaha-006-090.JPG	0900: cc E.					n	888	888	3	30.16	78	78	76	79		bc	cum nim str	1				
1873-12-16	10	5.17	-80.57	78.75		3		https://s3.amazonaws.com/NARAprodstorage/lz/dc-metro/rg-024/581208/2020-03/581208-omaha-006/581208-omaha-006-090.JPG	https://s3.amazonaws.com/NARAprodstorage/lz/dc-metro/rg-024/581208/2020-03/581208-omaha-006/581208-omaha-006-090.JPG	 					exn	360	7	13	30.19	79	80	75	79		oc	cum nim str	0				
1873-12-16	11	5.19	-80.52	73.12		3.4		https://s3.amazonaws.com/NARAprodstorage/lz/dc-metro/rg-024/581208/2020-03/581208-omaha-006/581208-omaha-006-090.JPG	https://s3.amazonaws.com/NARAprodstorage/lz/dc-metro/rg-024/581208/2020-03/581208-omaha-006/581208-omaha-006-090.JPG	 					ene1/2e	360	7	13	30.19	79	80	75	79		oc	cum nim str	0				
1873-12-16	12	5.2	-80.45	73.12		4		https://s3.amazonaws.com/NARAprodstorage/lz/dc-metro/rg-024/581208/2020-03/581208-omaha-006/581208-omaha-006-090.JPG	https://s3.amazonaws.com/NARAprodstorage/lz/dc-metro/rg-024/581208/2020-03/581208-omaha-006/581208-omaha-006-090.JPG	 			5 12N	80 27W	ene1/2e	360	7	13	30.15	79	80	75	79		oc	cum nim str	0				
1873-12-16	13	5.21	-80.38	73.12		3.6		https://s3.amazonaws.com/NARAprodstorage/lz/dc-metro/rg-024/581208/2020-03/581208-omaha-006/581208-omaha-006-090.JPG	https://s3.amazonaws.com/NARAprodstorage/lz/dc-metro/rg-024/581208/2020-03/581208-omaha-006/581208-omaha-006-090.JPG	 					ene1/2e	349	356	9	30.12	79	80	75	79		ocqr	nim cum	0				
1873-12-16	14	5.24	-80.32	56.25		4		https://s3.amazonaws.com/NARAprodstorage/lz/dc-metro/rg-024/581208/2020-03/581208-omaha-006/581208-omaha-006-090.JPG	https://s3.amazonaws.com/NARAprodstorage/lz/dc-metro/rg-024/581208/2020-03/581208-omaha-006/581208-omaha-006-090.JPG	 					nexe	349	356	8	30.12	79	80	75	79		oc	nim cum	0				
1873-12-16	15	5.26	-80.24	73.12		4		https://s3.amazonaws.com/NARAprodstorage/lz/dc-metro/rg-024/581208/2020-03/581208-omaha-006/581208-omaha-006-090.JPG	https://s3.amazonaws.com/NARAprodstorage/lz/dc-metro/rg-024/581208/2020-03/581208-omaha-006/581208-omaha-006-090.JPG	 					ene1/2e	22	30	8	30.09	78	80	77	79		ocqr	nim cum	0				
1873-12-16	16	5.28	-80.18	67.5		3.6		https://s3.amazonaws.com/NARAprodstorage/lz/dc-metro/rg-024/581208/2020-03/581208-omaha-006/581208-omaha-006-090.JPG	https://s3.amazonaws.com/NARAprodstorage/lz/dc-metro/rg-024/581208/2020-03/581208-omaha-006/581208-omaha-006-090.JPG	 					ene	354	1	8	30.05	78	80	77	79		bc	nim cum	0				
1873-12-16	17	5.31	-80.1	56.25		4.2		https://s3.amazonaws.com/NARAprodstorage/lz/dc-metro/rg-024/581208/2020-03/581208-omaha-006/581208-omaha-006-090.JPG	https://s3.amazonaws.com/NARAprodstorage/lz/dc-metro/rg-024/581208/2020-03/581208-omaha-006/581208-omaha-006-090.JPG	 					nexe	338	344	13	30.06	80	80	77	79		bc	strat	3				
1873-12-16	18	5.35	-80.02	56.25		5.4		https://s3.amazonaws.com/NARAprodstorage/lz/dc-metro/rg-024/581208/2020-03/581208-omaha-006/581208-omaha-006-090.JPG	https://s3.amazonaws.com/NARAprodstorage/lz/dc-metro/rg-024/581208/2020-03/581208-omaha-006/581208-omaha-006-090.JPG	 					nexe	338	344	13	30.08	80	80	77	79		bc	strat	3				
1873-12-16	19	5.39	-79.94	56.25		4.4		https://s3.amazonaws.com/NARAprodstorage/lz/dc-metro/rg-024/581208/2020-03/581208-omaha-006/581208-omaha-006-090.JPG	https://s3.amazonaws.com/NARAprodstorage/lz/dc-metro/rg-024/581208/2020-03/581208-omaha-006/581208-omaha-006-090.JPG	 					nexe	338	344	13	30.1	78	79	77	79		bc	cir cum nim	5				
1873-12-16	20	5.42	-79.88	56.25		4		https://s3.amazonaws.com/NARAprodstorage/lz/dc-metro/rg-024/581208/2020-03/581208-omaha-006/581208-omaha-006-090.JPG	https://s3.amazonaws.com/NARAprodstorage/lz/dc-metro/rg-024/581208/2020-03/581208-omaha-006/581208-omaha-006-090.JPG	 					nexe	338	344	8	30.14	79	79	77	79		bc	cir cum nim	5				
1873-12-16	21	5.43	-79.8	73.12		4		https://s3.amazonaws.com/NARAprodstorage/lz/dc-metro/rg-024/581208/2020-03/581208-omaha-006/581208-omaha-006-090.JPG	https://s3.amazonaws.com/NARAprodstorage/lz/dc-metro/rg-024/581208/2020-03/581208-omaha-006/581208-omaha-006-090.JPG	 					ene1/2e	360	7	8	30.14	79	79	77	79		bc	cir cum nim	4				
1873-12-16	22	5.43	-79.84	261.56		3		https://s3.amazonaws.com/NARAprodstorage/lz/dc-metro/rg-024/581208/2020-03/581208-omaha-006/581208-omaha-006-090.JPG	https://s3.amazonaws.com/NARAprodstorage/lz/dc-metro/rg-024/581208/2020-03/581208-omaha-006/581208-omaha-006-090.JPG	 					e1/2n|w3/4s	338	344	8	30.14	79	79	77	79		bc	cir cum nim	4				
1873-12-16	23	5.43	-79.89	264.38		3		https://s3.amazonaws.com/NARAprodstorage/lz/dc-metro/rg-024/581208/2020-03/581208-omaha-006/581208-omaha-006-090.JPG	https://s3.amazonaws.com/NARAprodstorage/lz/dc-metro/rg-024/581208/2020-03/581208-omaha-006/581208-omaha-006-090.JPG	 					w1/2s	338	344	5	30.14	79	79	77	79		ocqr	nimb	4				
1873-12-16	24	5.43	-79.9	270		1.6		https://s3.amazonaws.com/NARAprodstorage/lz/dc-metro/rg-024/581208/2020-03/581208-omaha-006/581208-omaha-006-090.JPG	https://s3.amazonaws.com/NARAprodstorage/lz/dc-metro/rg-024/581208/2020-03/581208-omaha-006/581208-omaha-006-090.JPG	 					w	338	344	5	30.14	79	79	77	79		ocr	nimb	4				
1873-12-17	1	5.44	-79.92	281.25		1.4		https://s3.amazonaws.com/NARAprodstorage/lz/dc-metro/rg-024/581208/2020-03/581208-omaha-006/581208-omaha-006-091.JPG	https://s3.amazonaws.com/NARAprodstorage/lz/dc-metro/rg-024/581208/2020-03/581208-omaha-006/581208-omaha-006-091.JPG	 					wxn	354	1	2	30.1	79	79	78	79		ocr	nimb	0				
1873-12-17	2	5.46	-79.91	343.12		1		https://s3.amazonaws.com/NARAprodstorage/lz/dc-metro/rg-024/581208/2020-03/581208-omaha-006/581208-omaha-006-091.JPG	https://s3.amazonaws.com/NARAprodstorage/lz/dc-metro/rg-024/581208/2020-03/581208-omaha-006/581208-omaha-006-091.JPG	 					nxw1/2w	888	888	2	30.1	79	79	78	78		oc	nimb	0				
1873-12-17	3	5.47	-79.92	292.5		1		https://s3.amazonaws.com/NARAprodstorage/lz/dc-metro/rg-024/581208/2020-03/581208-omaha-006/581208-omaha-006-091.JPG	https://s3.amazonaws.com/NARAprodstorage/lz/dc-metro/rg-024/581208/2020-03/581208-omaha-006/581208-omaha-006-091.JPG	 					wnw	6	13	2	30.1	79	79	78	78		oc	nimb	0				
1873-12-17	4	5.48	-79.92	315		1		https://s3.amazonaws.com/NARAprodstorage/lz/dc-metro/rg-024/581208/2020-03/581208-omaha-006/581208-omaha-006-091.JPG	https://s3.amazonaws.com/NARAprodstorage/lz/dc-metro/rg-024/581208/2020-03/581208-omaha-006/581208-omaha-006-091.JPG	 					nw	28	35	2	30.1	79	79	79	78		oc	nimb	0				
1873-12-17	5	5.5	-79.93	315		1.4		https://s3.amazonaws.com/NARAprodstorage/lz/dc-metro/rg-024/581208/2020-03/581208-omaha-006/581208-omaha-006-091.JPG	https://s3.amazonaws.com/NARAprodstorage/lz/dc-metro/rg-024/581208/2020-03/581208-omaha-006/581208-omaha-006-091.JPG	 					nw	28	35	2	30.1	79	79	79	78		oc	nimb	0				
1873-12-17	6	5.52	-79.96	292.5		3		https://s3.amazonaws.com/NARAprodstorage/lz/dc-metro/rg-024/581208/2020-03/581208-omaha-006/581208-omaha-006-091.JPG	https://s3.amazonaws.com/NARAprodstorage/lz/dc-metro/rg-024/581208/2020-03/581208-omaha-006/581208-omaha-006-091.JPG	 					wnw	360	7	19	30.12	79	79	79	78		orq	nimb	0				
1873-12-17	7	5.56	-79.99	303.75		3		https://s3.amazonaws.com/NARAprodstorage/lz/dc-metro/rg-024/581208/2020-03/581208-omaha-006/581208-omaha-006-091.JPG	https://s3.amazonaws.com/NARAprodstorage/lz/dc-metro/rg-024/581208/2020-03/581208-omaha-006/581208-omaha-006-091.JPG	 					nwxw	11	18	13	30.12	79	79	79	78		oc	cum nimb	0				
1873-12-17	8	5.6	-80.04	303.75		4		https://s3.amazonaws.com/NARAprodstorage/lz/dc-metro/rg-024/581208/2020-03/581208-omaha-006/581208-omaha-006-091.JPG	https://s3.amazonaws.com/NARAprodstorage/lz/dc-metro/rg-024/581208/2020-03/581208-omaha-006/581208-omaha-006-091.JPG	 					nwxw	11	18	13	30.18	79	79	79	78		ocq	cum nimb	0				
1873-12-17	9	5.61	-80.08	270		3		https://s3.amazonaws.com/NARAprodstorage/lz/dc-metro/rg-024/581208/2020-03/581208-omaha-006/581208-omaha-006-091.JPG	https://s3.amazonaws.com/NARAprodstorage/lz/dc-metro/rg-024/581208/2020-03/581208-omaha-006/581208-omaha-006-091.JPG	 					wxs|ene	360	7	19	30.19	79	79	77	79		ocqr	cum nimb	0				
1873-12-17	10	5.58	-79.99	101.25		5		https://s3.amazonaws.com/NARAprodstorage/lz/dc-metro/rg-024/581208/2020-03/581208-omaha-006/581208-omaha-006-091.JPG	https://s3.amazonaws.com/NARAprodstorage/lz/dc-metro/rg-024/581208/2020-03/581208-omaha-006/581208-omaha-006-091.JPG	 					exs	11	18	19	30.19	79	79	77	79		ocqr	cum nimb	0				
1873-12-17	11	5.63	-79.9	56.25		5.6		https://s3.amazonaws.com/NARAprodstorage/lz/dc-metro/rg-024/581208/2020-03/581208-omaha-006/581208-omaha-006-091.JPG	https://s3.amazonaws.com/NARAprodstorage/lz/dc-metro/rg-024/581208/2020-03/581208-omaha-006/581208-omaha-006-091.JPG	 					nexe	338	344	19	30.19	79	77	75	79		ocqr	nimb	0				
1873-12-17	12	5.67	-79.83	47.81		4.2		https://s3.amazonaws.com/NARAprodstorage/lz/dc-metro/rg-024/581208/2020-03/581208-omaha-006/581208-omaha-006-091.JPG	https://s3.amazonaws.com/NARAprodstorage/lz/dc-metro/rg-024/581208/2020-03/581208-omaha-006/581208-omaha-006-091.JPG	 			5 40N	79 50W	ne1/4e	34	41	8	30.19	79	77	75	79		ocqr	nimb	0				
1873-12-17	13	5.63	-79.83	73.12		2.4		https://s3.amazonaws.com/NARAprodstorage/lz/dc-metro/rg-024/581208/2020-03/581208-omaha-006/581208-omaha-006-091.JPG	https://s3.amazonaws.com/NARAprodstorage/lz/dc-metro/rg-024/581208/2020-03/581208-omaha-006/581208-omaha-006-091.JPG	 					ene1/2e	360	7	5	30.14	79	77	75	78		ocr	nimb	0				
1873-12-17	14	5.59	-79.82	75.94		2.4		https://s3.amazonaws.com/NARAprodstorage/lz/dc-metro/rg-024/581208/2020-03/581208-omaha-006/581208-omaha-006-091.JPG	https://s3.amazonaws.com/NARAprodstorage/lz/dc-metro/rg-024/581208/2020-03/581208-omaha-006/581208-omaha-006-091.JPG	 					ene3/4e	360	7	5	30.1	79	77	75	78		oc	nimb	0				
1873-12-17	15	5.55	-79.8	84.38		3		https://s3.amazonaws.com/NARAprodstorage/lz/dc-metro/rg-024/581208/2020-03/581208-omaha-006/581208-omaha-006-091.JPG	https://s3.amazonaws.com/NARAprodstorage/lz/dc-metro/rg-024/581208/2020-03/581208-omaha-006/581208-omaha-006-091.JPG	 					e1/2n	11	18	19	30.06	79	77	75	78		ocrq	nimb	0				
1873-12-17	16	5.52	-79.79	67.5		2.6		https://s3.amazonaws.com/NARAprodstorage/lz/dc-metro/rg-024/581208/2020-03/581208-omaha-006/581208-omaha-006-091.JPG	https://s3.amazonaws.com/NARAprodstorage/lz/dc-metro/rg-024/581208/2020-03/581208-omaha-006/581208-omaha-006-091.JPG	 					ene	360	7	19	30.04	79	77	75	78		ocrq	nimb	0				
1873-12-17	17	5.51	-79.79	46		2.7		https://s3.amazonaws.com/NARAprodstorage/lz/dc-metro/rg-024/581208/2020-03/581208-omaha-006/581208-omaha-006-091.JPG	https://s3.amazonaws.com/NARAprodstorage/lz/dc-metro/rg-024/581208/2020-03/581208-omaha-006/581208-omaha-006-091.JPG	 					ene|N	349	356	19	30.02	78	78	76	78		oc	nimb	0				
1873-12-17	18	5.52	-79.81	360		3.4		https://s3.amazonaws.com/NARAprodstorage/lz/dc-metro/rg-024/581208/2020-03/581208-omaha-006/581208-omaha-006-091.JPG	https://s3.amazonaws.com/NARAprodstorage/lz/dc-metro/rg-024/581208/2020-03/581208-omaha-006/581208-omaha-006-091.JPG	 					N	349	356	13	30.02	78	78	76	78		oc	nimb	0				
1873-12-17	19	5.53	-79.84	360		3.2		https://s3.amazonaws.com/NARAprodstorage/lz/dc-metro/rg-024/581208/2020-03/581208-omaha-006/581208-omaha-006-091.JPG	https://s3.amazonaws.com/NARAprodstorage/lz/dc-metro/rg-024/581208/2020-03/581208-omaha-006/581208-omaha-006-091.JPG	 					N	360	7	5	30.1	78	79	77	78		oc	nimb	0				
1873-12-17	20	5.55	-79.87	360		3.6		https://s3.amazonaws.com/NARAprodstorage/lz/dc-metro/rg-024/581208/2020-03/581208-omaha-006/581208-omaha-006-091.JPG	https://s3.amazonaws.com/NARAprodstorage/lz/dc-metro/rg-024/581208/2020-03/581208-omaha-006/581208-omaha-006-091.JPG	 					N	360	7	5	30.12	78	79	77	78		bc	nim cum	6				
1873-12-17	21	5.57	-79.89	360		4		https://s3.amazonaws.com/NARAprodstorage/lz/dc-metro/rg-024/581208/2020-03/581208-omaha-006/581208-omaha-006-091.JPG	https://s3.amazonaws.com/NARAprodstorage/lz/dc-metro/rg-024/581208/2020-03/581208-omaha-006/581208-omaha-006-091.JPG	 					N	360	7	5	30.14	78	80	77	78		bc	nim	5				
1873-12-17	22	5.59	-79.92	360		3.6		https://s3.amazonaws.com/NARAprodstorage/lz/dc-metro/rg-024/581208/2020-03/581208-omaha-006/581208-omaha-006-091.JPG	https://s3.amazonaws.com/NARAprodstorage/lz/dc-metro/rg-024/581208/2020-03/581208-omaha-006/581208-omaha-006-091.JPG	 					N	360	7	5	30.18	79	80	77	79		bc	nim	6				
1873-12-17	23	5.61	-79.94	360		4		https://s3.amazonaws.com/NARAprodstorage/lz/dc-metro/rg-024/581208/2020-03/581208-omaha-006/581208-omaha-006-091.JPG	https://s3.amazonaws.com/NARAprodstorage/lz/dc-metro/rg-024/581208/2020-03/581208-omaha-006/581208-omaha-006-091.JPG	 					N	22	30	5	30.16	79	80	78	79		bcq	nim	5				
1873-12-17	24	5.64	-79.97	360		4.2		https://s3.amazonaws.com/NARAprodstorage/lz/dc-metro/rg-024/581208/2020-03/581208-omaha-006/581208-omaha-006-091.JPG	https://s3.amazonaws.com/NARAprodstorage/lz/dc-metro/rg-024/581208/2020-03/581208-omaha-006/581208-omaha-006-091.JPG	 					N	360	7	5	30.16	79	80	78	79		bcqr	nim	4				
1873-12-18	1	5.68	-79.99	360		5.4		https://s3.amazonaws.com/NARAprodstorage/lz/dc-metro/rg-024/581208/2020-03/581208-omaha-006/581208-omaha-006-092.JPG	https://s3.amazonaws.com/NARAprodstorage/lz/dc-metro/rg-024/581208/2020-03/581208-omaha-006/581208-omaha-006-092.JPG	 					n	360	7	8	30.11	79	80	78	79		ocl	cum nimb	0				
1873-12-18	2	5.76	-80.01	360		7		https://s3.amazonaws.com/NARAprodstorage/lz/dc-metro/rg-024/581208/2020-03/581208-omaha-006/581208-omaha-006-092.JPG	https://s3.amazonaws.com/NARAprodstorage/lz/dc-metro/rg-024/581208/2020-03/581208-omaha-006/581208-omaha-006-092.JPG	 					n	360	7	8	30.11	79	80	78	79		bcl	cum nimb	1				
1873-12-18	3	5.83	-80.03	360		7		https://s3.amazonaws.com/NARAprodstorage/lz/dc-metro/rg-024/581208/2020-03/581208-omaha-006/581208-omaha-006-092.JPG	https://s3.amazonaws.com/NARAprodstorage/lz/dc-metro/rg-024/581208/2020-03/581208-omaha-006/581208-omaha-006-092.JPG	 					n	11	18	10	30.07	79	80	78	79		bcq	cum nimb	3				
1873-12-18	4	5.9	-80.05	360		7		https://s3.amazonaws.com/NARAprodstorage/lz/dc-metro/rg-024/581208/2020-03/581208-omaha-006/581208-omaha-006-092.JPG	https://s3.amazonaws.com/NARAprodstorage/lz/dc-metro/rg-024/581208/2020-03/581208-omaha-006/581208-omaha-006-092.JPG	 					n	11	18	10	30.09	79	80	78	79		bcq	cum nimb	2				
1873-12-18	5	5.97	-80.07	360		6.6		https://s3.amazonaws.com/NARAprodstorage/lz/dc-metro/rg-024/581208/2020-03/581208-omaha-006/581208-omaha-006-092.JPG	https://s3.amazonaws.com/NARAprodstorage/lz/dc-metro/rg-024/581208/2020-03/581208-omaha-006/581208-omaha-006-092.JPG	 					n	360	7	13	30.1	80	80	78	79		bc	cum nimb	5				
1873-12-18	6	6.03	-80.09	360		6.2		https://s3.amazonaws.com/NARAprodstorage/lz/dc-metro/rg-024/581208/2020-03/581208-omaha-006/581208-omaha-006-092.JPG	https://s3.amazonaws.com/NARAprodstorage/lz/dc-metro/rg-024/581208/2020-03/581208-omaha-006/581208-omaha-006-092.JPG	 					n	360	7	19	30.1	80	80	76	79		bc	cum nimb	4				
1873-12-18	7	6.07	-80.11	360		5.4		https://s3.amazonaws.com/NARAprodstorage/lz/dc-metro/rg-024/581208/2020-03/581208-omaha-006/581208-omaha-006-092.JPG	https://s3.amazonaws.com/NARAprodstorage/lz/dc-metro/rg-024/581208/2020-03/581208-omaha-006/581208-omaha-006-092.JPG	 					n	360	7	19	30.14	80	80	76	79		oc	cum nimb	0				
1873-12-18	8	6.12	-80.14	360		5.4		https://s3.amazonaws.com/NARAprodstorage/lz/dc-metro/rg-024/581208/2020-03/581208-omaha-006/581208-omaha-006-092.JPG	https://s3.amazonaws.com/NARAprodstorage/lz/dc-metro/rg-024/581208/2020-03/581208-omaha-006/581208-omaha-006-092.JPG	 					n	11	18	19	30.14	80	81	76	79		bc	cum nimb	0				
1873-12-18	9	6.16	-80.16	360		5		https://s3.amazonaws.com/NARAprodstorage/lz/dc-metro/rg-024/581208/2020-03/581208-omaha-006/581208-omaha-006-092.JPG	https://s3.amazonaws.com/NARAprodstorage/lz/dc-metro/rg-024/581208/2020-03/581208-omaha-006/581208-omaha-006-092.JPG	 					n	11	18	19	30.14	80	81	76	79		bc	cum nimb	3				
1873-12-18	10	6.19	-80.18	360		4.4		https://s3.amazonaws.com/NARAprodstorage/lz/dc-metro/rg-024/581208/2020-03/581208-omaha-006/581208-omaha-006-092.JPG	https://s3.amazonaws.com/NARAprodstorage/lz/dc-metro/rg-024/581208/2020-03/581208-omaha-006/581208-omaha-006-092.JPG	 					n	11	18	24	30.13	80	82	77	79		bc	cir cum nimb	6				
1873-12-18	11	6.22	-80.21	360		4.6		https://s3.amazonaws.com/NARAprodstorage/lz/dc-metro/rg-024/581208/2020-03/581208-omaha-006/581208-omaha-006-092.JPG	https://s3.amazonaws.com/NARAprodstorage/lz/dc-metro/rg-024/581208/2020-03/581208-omaha-006/581208-omaha-006-092.JPG	 					n	11	18	24	30.13	80	82	77	79		bc	cir cum nimb	8				
1873-12-18	12	6.25	-80.23	360		4.2		https://s3.amazonaws.com/NARAprodstorage/lz/dc-metro/rg-024/581208/2020-03/581208-omaha-006/581208-omaha-006-092.JPG	https://s3.amazonaws.com/NARAprodstorage/lz/dc-metro/rg-024/581208/2020-03/581208-omaha-006/581208-omaha-006-092.JPG	1230: cc N1/2E.			6 15N	80 14W	n	11	18	24	30.13	80	82	77	79		bc	cir cum nimb	8				
1873-12-18	13	6.3	-80.26	3		5		https://s3.amazonaws.com/NARAprodstorage/lz/dc-metro/rg-024/581208/2020-03/581208-omaha-006/581208-omaha-006-092.JPG	https://s3.amazonaws.com/NARAprodstorage/lz/dc-metro/rg-024/581208/2020-03/581208-omaha-006/581208-omaha-006-092.JPG	 					n|n1/2e	22	30	24	30.09	81	83	77	80		bc	cir cum	8				
1873-12-18	14	6.35	-80.28	5.62		5.2		https://s3.amazonaws.com/NARAprodstorage/lz/dc-metro/rg-024/581208/2020-03/581208-omaha-006/581208-omaha-006-092.JPG	https://s3.amazonaws.com/NARAprodstorage/lz/dc-metro/rg-024/581208/2020-03/581208-omaha-006/581208-omaha-006-092.JPG	 					n1/2e	22	30	24	30.03	80	83	78	80		bc	cir cum	8				
1873-12-18	15	6.41	-80.3	5.62		5.2		https://s3.amazonaws.com/NARAprodstorage/lz/dc-metro/rg-024/581208/2020-03/581208-omaha-006/581208-omaha-006-092.JPG	https://s3.amazonaws.com/NARAprodstorage/lz/dc-metro/rg-024/581208/2020-03/581208-omaha-006/581208-omaha-006-092.JPG	 					n1/2e	22	30	19	30.02	82	83	78	80		bc	cir cum	9				
1873-12-18	16	6.47	-80.32	5.62		6		https://s3.amazonaws.com/NARAprodstorage/lz/dc-metro/rg-024/581208/2020-03/581208-omaha-006/581208-omaha-006-092.JPG	https://s3.amazonaws.com/NARAprodstorage/lz/dc-metro/rg-024/581208/2020-03/581208-omaha-006/581208-omaha-006-092.JPG	1600: cc N3/4E.					n1/2e	22	30	19	30.06	82	82	78	80		bc	cir cum	9				
1873-12-18	17	6.55	-80.33	8.44		6.4		https://s3.amazonaws.com/NARAprodstorage/lz/dc-metro/rg-024/581208/2020-03/581208-omaha-006/581208-omaha-006-092.JPG	https://s3.amazonaws.com/NARAprodstorage/lz/dc-metro/rg-024/581208/2020-03/581208-omaha-006/581208-omaha-006-092.JPG	 					n3/4e	22	30	19	30.06	82	82	78	80		bc	cir cum	8				
1873-12-18	18	6.61	-80.34	8.44		6.2		https://s3.amazonaws.com/NARAprodstorage/lz/dc-metro/rg-024/581208/2020-03/581208-omaha-006/581208-omaha-006-092.JPG	https://s3.amazonaws.com/NARAprodstorage/lz/dc-metro/rg-024/581208/2020-03/581208-omaha-006/581208-omaha-006-092.JPG	 					n3/4e	22	30	19	30.06	82	82	77	80		bc	cir cum	9				
1873-12-18	19	6.68	-80.36	8.44		6		https://s3.amazonaws.com/NARAprodstorage/lz/dc-metro/rg-024/581208/2020-03/581208-omaha-006/581208-omaha-006-092.JPG	https://s3.amazonaws.com/NARAprodstorage/lz/dc-metro/rg-024/581208/2020-03/581208-omaha-006/581208-omaha-006-092.JPG	 					n3/4e	22	30	19	30.08	82	82	77	80		bc	cir cum	9				
1873-12-18	20	6.74	-80.37	8.44		6		https://s3.amazonaws.com/NARAprodstorage/lz/dc-metro/rg-024/581208/2020-03/581208-omaha-006/581208-omaha-006-092.JPG	https://s3.amazonaws.com/NARAprodstorage/lz/dc-metro/rg-024/581208/2020-03/581208-omaha-006/581208-omaha-006-092.JPG	 					n3/4e	22	28	19	30.08	82	82	77	80		bc	cir cum	9				
1873-12-18	21	6.77	-80.31	53.44		7		https://s3.amazonaws.com/NARAprodstorage/lz/dc-metro/rg-024/581208/2020-03/581208-omaha-006/581208-omaha-006-092.JPG	https://s3.amazonaws.com/NARAprodstorage/lz/dc-metro/rg-024/581208/2020-03/581208-omaha-006/581208-omaha-006-092.JPG	 					ne3/4e	22	28	24	30.12	81	82	77	80		bc	nim cum	7				
1873-12-18	22	6.8	-80.25	53.44		6.4		https://s3.amazonaws.com/NARAprodstorage/lz/dc-metro/rg-024/581208/2020-03/581208-omaha-006/581208-omaha-006-092.JPG	https://s3.amazonaws.com/NARAprodstorage/lz/dc-metro/rg-024/581208/2020-03/581208-omaha-006/581208-omaha-006-092.JPG	 					ne3/4e	22	28	24	30.14	81	81	76	80		bc	nim cum	9				
1873-12-18	23	6.81	-80.21	53.44		5.4		https://s3.amazonaws.com/NARAprodstorage/lz/dc-metro/rg-024/581208/2020-03/581208-omaha-006/581208-omaha-006-092.JPG	https://s3.amazonaws.com/NARAprodstorage/lz/dc-metro/rg-024/581208/2020-03/581208-omaha-006/581208-omaha-006-092.JPG	 					ne3/4e	22	28	30	30.14	81	81	76	80		bc	nim cum	9				
1873-12-18	24	6.82	-80.18	53.44		5		https://s3.amazonaws.com/NARAprodstorage/lz/dc-metro/rg-024/581208/2020-03/581208-omaha-006/581208-omaha-006-092.JPG	https://s3.amazonaws.com/NARAprodstorage/lz/dc-metro/rg-024/581208/2020-03/581208-omaha-006/581208-omaha-006-092.JPG	 					ne3/4e	22	28	30	30.14	81	81	76	79		bc	nim cum	7				
1873-12-19	1	6.84	-80.14	53.44		5.6		https://s3.amazonaws.com/NARAprodstorage/lz/dc-metro/rg-024/581208/2020-03/581208-omaha-006/581208-omaha-006-093.JPG	https://s3.amazonaws.com/NARAprodstorage/lz/dc-metro/rg-024/581208/2020-03/581208-omaha-006/581208-omaha-006-093.JPG	 					ne3/4e	11	17	19	30.09	80	80	75	79		bcq	cir nim	9				
1873-12-19	2	6.86	-80.09	53.44		6		https://s3.amazonaws.com/NARAprodstorage/lz/dc-metro/rg-024/581208/2020-03/581208-omaha-006/581208-omaha-006-093.JPG	https://s3.amazonaws.com/NARAprodstorage/lz/dc-metro/rg-024/581208/2020-03/581208-omaha-006/581208-omaha-006-093.JPG	 					ne3/4e	11	17	19	30.06	79	80	76	79		bq	cir nim	10				
1873-12-19	3	6.88	-80.03	53.44		6.6		https://s3.amazonaws.com/NARAprodstorage/lz/dc-metro/rg-024/581208/2020-03/581208-omaha-006/581208-omaha-006-093.JPG	https://s3.amazonaws.com/NARAprodstorage/lz/dc-metro/rg-024/581208/2020-03/581208-omaha-006/581208-omaha-006-093.JPG	0320: cc N3/4E.					ne3/4e	11	17	19	30.07	79	80	76	80		bcq	cir nim	9				
1873-12-19	4	6.91	-80.03	23		4.5		https://s3.amazonaws.com/NARAprodstorage/lz/dc-metro/rg-024/581208/2020-03/581208-omaha-006/581208-omaha-006-093.JPG	https://s3.amazonaws.com/NARAprodstorage/lz/dc-metro/rg-024/581208/2020-03/581208-omaha-006/581208-omaha-006-093.JPG	 					w3/4n	11	17	19	30.07	80	81	75	80		bcq	cir nim	9				
1873-12-19	5	6.96	-80.05	8.44		5		https://s3.amazonaws.com/NARAprodstorage/lz/dc-metro/rg-024/581208/2020-03/581208-omaha-006/581208-omaha-006-093.JPG	https://s3.amazonaws.com/NARAprodstorage/lz/dc-metro/rg-024/581208/2020-03/581208-omaha-006/581208-omaha-006-093.JPG	 					w3/4n	11	17	19	30.08	80	80	75	80		bc	cir nim	9				
1873-12-19	6	7.01	-80.07	8.44		5		https://s3.amazonaws.com/NARAprodstorage/lz/dc-metro/rg-024/581208/2020-03/581208-omaha-006/581208-omaha-006-093.JPG	https://s3.amazonaws.com/NARAprodstorage/lz/dc-metro/rg-024/581208/2020-03/581208-omaha-006/581208-omaha-006-093.JPG	 					w3/4n	11	17	19	30.1	81	81	76	80		bc	cir nim	9				
1873-12-19	7	7.07	-80.08	8.44		5.4		https://s3.amazonaws.com/NARAprodstorage/lz/dc-metro/rg-024/581208/2020-03/581208-omaha-006/581208-omaha-006-093.JPG	https://s3.amazonaws.com/NARAprodstorage/lz/dc-metro/rg-024/581208/2020-03/581208-omaha-006/581208-omaha-006-093.JPG	 					w3/4n	11	17	19	30.12	81	81	76	80		bc	cum	9				
1873-12-19	8	7.13	-80.1	8.44		6		https://s3.amazonaws.com/NARAprodstorage/lz/dc-metro/rg-024/581208/2020-03/581208-omaha-006/581208-omaha-006-093.JPG	https://s3.amazonaws.com/NARAprodstorage/lz/dc-metro/rg-024/581208/2020-03/581208-omaha-006/581208-omaha-006-093.JPG	8AM: Cap Malo (Nalo ?) brg NNW3/4N; N end of Iguana Is NW1/4W.					w3/4n	11	17	19	30.14	81	81	76	80		bc	cum	9				
1873-12-19	9	7.2	-80.11	8.44		6.4		https://s3.amazonaws.com/NARAprodstorage/lz/dc-metro/rg-024/581208/2020-03/581208-omaha-006/581208-omaha-006-093.JPG	https://s3.amazonaws.com/NARAprodstorage/lz/dc-metro/rg-024/581208/2020-03/581208-omaha-006/581208-omaha-006-093.JPG	 					w3/4n	11	17	19	30.16	82	82	76	80		bc	cum	9				
1873-12-19	10	7.29	-80.12	8.44		7		https://s3.amazonaws.com/NARAprodstorage/lz/dc-metro/rg-024/581208/2020-03/581208-omaha-006/581208-omaha-006-093.JPG	https://s3.amazonaws.com/NARAprodstorage/lz/dc-metro/rg-024/581208/2020-03/581208-omaha-006/581208-omaha-006-093.JPG	1000: cc NexN. 1036: cc NE1/4N.					w3/4n	11	17	19	30.16	82	82	76	80		bc	cum	9				
1873-12-19	11	7.34	-80.08	38		7		https://s3.amazonaws.com/NARAprodstorage/lz/dc-metro/rg-024/581208/2020-03/581208-omaha-006/581208-omaha-006-093.JPG	https://s3.amazonaws.com/NARAprodstorage/lz/dc-metro/rg-024/581208/2020-03/581208-omaha-006/581208-omaha-006-093.JPG	1130: NE1/4E.					nexn|ne1/4N	11	17	19	30.13	83	84	75	80		bc	cum	9				
1873-12-19	12	7.38	-80.02	45		7.4		https://s3.amazonaws.com/NARAprodstorage/lz/dc-metro/rg-024/581208/2020-03/581208-omaha-006/581208-omaha-006-093.JPG	https://s3.amazonaws.com/NARAprodstorage/lz/dc-metro/rg-024/581208/2020-03/581208-omaha-006/581208-omaha-006-093.JPG	"Noon: Cape Mala brg NExN, Isla Frailes del Sur WNW3/4W."			7 23N	80 1W	ne1/4N|ne1/4E	11	17	19	30.1	83	84	76	80		bc	cum	9				
1873-12-19	13	7.47	-79.96	33.75		8		https://s3.amazonaws.com/NARAprodstorage/lz/dc-metro/rg-024/581208/2020-03/581208-omaha-006/581208-omaha-006-093.JPG	https://s3.amazonaws.com/NARAprodstorage/lz/dc-metro/rg-024/581208/2020-03/581208-omaha-006/581208-omaha-006-093.JPG	 					nexn	22	28	30	30.05	82	84	76	80		bc	cum nimb	9				
1873-12-19	14	7.55	-79.89	33.75		8		https://s3.amazonaws.com/NARAprodstorage/lz/dc-metro/rg-024/581208/2020-03/581208-omaha-006/581208-omaha-006-093.JPG	https://s3.amazonaws.com/NARAprodstorage/lz/dc-metro/rg-024/581208/2020-03/581208-omaha-006/581208-omaha-006-093.JPG	1400: cc NNE1/4E.					nexn	22	28	30	30.05	82	84	76	80		bc	cum nimb	9				
1873-12-19	15	7.65	-79.85	25.31		8.2		https://s3.amazonaws.com/NARAprodstorage/lz/dc-metro/rg-024/581208/2020-03/581208-omaha-006/581208-omaha-006-093.JPG	https://s3.amazonaws.com/NARAprodstorage/lz/dc-metro/rg-024/581208/2020-03/581208-omaha-006/581208-omaha-006-093.JPG	 					nne1/4e	11	17	19	30.03	83	85	77	80		bc	cum nimb	9				
1873-12-19	16	7.74	-79.8	25.31		7.6		https://s3.amazonaws.com/NARAprodstorage/lz/dc-metro/rg-024/581208/2020-03/581208-omaha-006/581208-omaha-006-093.JPG	https://s3.amazonaws.com/NARAprodstorage/lz/dc-metro/rg-024/581208/2020-03/581208-omaha-006/581208-omaha-006-093.JPG	 					nne1/4e	11	17	19	30.03	83	85	77	80		bc	cum nimb	9				
1873-12-19	17	7.82	-79.78	19.69		6.6		https://s3.amazonaws.com/NARAprodstorage/lz/dc-metro/rg-024/581208/2020-03/581208-omaha-006/581208-omaha-006-093.JPG	https://s3.amazonaws.com/NARAprodstorage/lz/dc-metro/rg-024/581208/2020-03/581208-omaha-006/581208-omaha-006-093.JPG	1730: Bona Id brg W1/4S; Otoque W1/2N					nxe3/4e	22	28	13	30.03	83	85	79	80		bc	cum nimb	9				
1873-12-19	18	7.9	-79.76	19.69		6.6		https://s3.amazonaws.com/NARAprodstorage/lz/dc-metro/rg-024/581208/2020-03/581208-omaha-006/581208-omaha-006-093.JPG	https://s3.amazonaws.com/NARAprodstorage/lz/dc-metro/rg-024/581208/2020-03/581208-omaha-006/581208-omaha-006-093.JPG	 					nxe3/4e	22	28	13	30.06	83	85	79	80		bc	cum nimb	9				
1873-12-19	19	7.97	-79.74	19.69		6		https://s3.amazonaws.com/NARAprodstorage/lz/dc-metro/rg-024/581208/2020-03/581208-omaha-006/581208-omaha-006-093.JPG	https://s3.amazonaws.com/NARAprodstorage/lz/dc-metro/rg-024/581208/2020-03/581208-omaha-006/581208-omaha-006-093.JPG	 					nxe3/4e	22	28	24	30.1	81	83	77	80		bc	cum nimb	9				
1873-12-19	20	8.05	-79.72	19.69		6		https://s3.amazonaws.com/NARAprodstorage/lz/dc-metro/rg-024/581208/2020-03/581208-omaha-006/581208-omaha-006-093.JPG	https://s3.amazonaws.com/NARAprodstorage/lz/dc-metro/rg-024/581208/2020-03/581208-omaha-006/581208-omaha-006-093.JPG	2020: cc NNE3/4E.					nxe3/4e	22	28	19	30.1	82	83	77	80		bc	cum nimb	9				
1873-12-19	21	8.12	-79.68	28.12		6.4		https://s3.amazonaws.com/NARAprodstorage/lz/dc-metro/rg-024/581208/2020-03/581208-omaha-006/581208-omaha-006-093.JPG	https://s3.amazonaws.com/NARAprodstorage/lz/dc-metro/rg-024/581208/2020-03/581208-omaha-006/581208-omaha-006-093.JPG	 					nne1/2e	22	28	24	30.11	82	82	77	80		bc	cum nimb	9				
1873-12-19	22	8.18	-79.64	30.94		6		https://s3.amazonaws.com/NARAprodstorage/lz/dc-metro/rg-024/581208/2020-03/581208-omaha-006/581208-omaha-006-093.JPG	https://s3.amazonaws.com/NARAprodstorage/lz/dc-metro/rg-024/581208/2020-03/581208-omaha-006/581208-omaha-006-093.JPG	 					nne3/4e	22	28	24	30.11	81	81	76	80		bc	cum nimb	9				
1873-12-19	23	8.23	-79.6	36.56		6		https://s3.amazonaws.com/NARAprodstorage/lz/dc-metro/rg-024/581208/2020-03/581208-omaha-006/581208-omaha-006-093.JPG	https://s3.amazonaws.com/NARAprodstorage/lz/dc-metro/rg-024/581208/2020-03/581208-omaha-006/581208-omaha-006-093.JPG	 					ne3/4n	22	28	19	30.11	81	80	76	80		bc	cum nimb	9				
1873-12-19	24	8.29	-79.55	36.56		6.4		https://s3.amazonaws.com/NARAprodstorage/lz/dc-metro/rg-024/581208/2020-03/581208-omaha-006/581208-omaha-006-093.JPG	https://s3.amazonaws.com/NARAprodstorage/lz/dc-metro/rg-024/581208/2020-03/581208-omaha-006/581208-omaha-006-093.JPG	 					ne3/4n	22	28	19	30.11	81	80	76	80		bc	cum nimb	9				
1873-12-20	1	8.35	-79.5	36.56		6		https://s3.amazonaws.com/NARAprodstorage/lz/dc-metro/rg-024/581208/2020-03/581208-omaha-006/581208-omaha-006-094.JPG	https://s3.amazonaws.com/NARAprodstorage/lz/dc-metro/rg-024/581208/2020-03/581208-omaha-006/581208-omaha-006-094.JPG	 					ne3/4n	22	28	24	30.1	80	80	76	80		b	none	10				
1873-12-20	2	8.41	-79.45	36.56		6.4		https://s3.amazonaws.com/NARAprodstorage/lz/dc-metro/rg-024/581208/2020-03/581208-omaha-006/581208-omaha-006-094.JPG	https://s3.amazonaws.com/NARAprodstorage/lz/dc-metro/rg-024/581208/2020-03/581208-omaha-006/581208-omaha-006-094.JPG	 					ne3/4n	22	28	19	30.1	80	80	76	80		bc	nimb	9				
1873-12-20	3	8.47	-79.41	36.56		6.2		https://s3.amazonaws.com/NARAprodstorage/lz/dc-metro/rg-024/581208/2020-03/581208-omaha-006/581208-omaha-006-094.JPG	https://s3.amazonaws.com/NARAprodstorage/lz/dc-metro/rg-024/581208/2020-03/581208-omaha-006/581208-omaha-006-094.JPG	 					ne3/4n	22	28	19	30.1	80	80	76	80		bc	nimb	9				
1873-12-20	4	8.53	-79.36	36.56		6.4		https://s3.amazonaws.com/NARAprodstorage/lz/dc-metro/rg-024/581208/2020-03/581208-omaha-006/581208-omaha-006-094.JPG	https://s3.amazonaws.com/NARAprodstorage/lz/dc-metro/rg-024/581208/2020-03/581208-omaha-006/581208-omaha-006-094.JPG	 					ne3/4n	22	28	24	30.08	80	80	76	80		bc	nimb	7				
1873-12-20	5	8.58	-79.31	36.56		6		https://s3.amazonaws.com/NARAprodstorage/lz/dc-metro/rg-024/581208/2020-03/581208-omaha-006/581208-omaha-006-094.JPG	https://s3.amazonaws.com/NARAprodstorage/lz/dc-metro/rg-024/581208/2020-03/581208-omaha-006/581208-omaha-006-094.JPG	"0515: Sighted Pearl Island, dist 10 mi, cc N3/4E. Bona Id brg W1/4W, dist 12 mi."					ne3/4n	22	28	8	30.08	80	80	76	80		bc	nimb	8				
1873-12-20	6	8.64	-79.31	15		4.9		https://s3.amazonaws.com/NARAprodstorage/lz/dc-metro/rg-024/581208/2020-03/581208-omaha-006/581208-omaha-006-094.JPG	https://s3.amazonaws.com/NARAprodstorage/lz/dc-metro/rg-024/581208/2020-03/581208-omaha-006/581208-omaha-006-094.JPG	 					ne3/4e|nnw	11	17	8	30.1	80	80	76	80		b	none	10				
1873-12-20	7	8.73	-79.36	337.5		7		https://s3.amazonaws.com/NARAprodstorage/lz/dc-metro/rg-024/581208/2020-03/581208-omaha-006/581208-omaha-006-094.JPG	https://s3.amazonaws.com/NARAprodstorage/lz/dc-metro/rg-024/581208/2020-03/581208-omaha-006/581208-omaha-006-094.JPG	 					nnw	11	17	8	30.1	80	80	76	80		b	none	10				
1873-12-20	8	8.82	-79.42	337.5		7		https://s3.amazonaws.com/NARAprodstorage/lz/dc-metro/rg-024/581208/2020-03/581208-omaha-006/581208-omaha-006-094.JPG	https://s3.amazonaws.com/NARAprodstorage/lz/dc-metro/rg-024/581208/2020-03/581208-omaha-006/581208-omaha-006-094.JPG	 					nnw	11	17	5	30.1	80	80	76	80		b	none	10				
1873-12-20	9	8.91	-79.49	331.88		7		https://s3.amazonaws.com/NARAprodstorage/lz/dc-metro/rg-024/581208/2020-03/581208-omaha-006/581208-omaha-006-094.JPG	https://s3.amazonaws.com/NARAprodstorage/lz/dc-metro/rg-024/581208/2020-03/581208-omaha-006/581208-omaha-006-094.JPG	0915: Anchored. Brgs: San Jose Rock SSE; Perico Id SSW1/2w; S Steeple NWxN. 					nnw1/2w	11	17	5	30.1	80	80	76	80		b	none	10				
1873-12-20	10	8.92	-79.52	888		2		https://s3.amazonaws.com/NARAprodstorage/lz/dc-metro/rg-024/581208/2020-03/581208-omaha-006/581208-omaha-006-094.JPG	https://s3.amazonaws.com/NARAprodstorage/lz/dc-metro/rg-024/581208/2020-03/581208-omaha-006/581208-omaha-006-094.JPG	 						11	17	5	30.1	80	80	76	80		b	none	10				
1873-12-20	11	8.92	-79.52			a		https://s3.amazonaws.com/NARAprodstorage/lz/dc-metro/rg-024/581208/2020-03/581208-omaha-006/581208-omaha-006-094.JPG	https://s3.amazonaws.com/NARAprodstorage/lz/dc-metro/rg-024/581208/2020-03/581208-omaha-006/581208-omaha-006-094.JPG	 						11	17	5	30.1	80	80	76	80		b	none	10				
1873-12-20	12	8.92	-79.52			a		https://s3.amazonaws.com/NARAprodstorage/lz/dc-metro/rg-024/581208/2020-03/581208-omaha-006/581208-omaha-006-094.JPG	https://s3.amazonaws.com/NARAprodstorage/lz/dc-metro/rg-024/581208/2020-03/581208-omaha-006/581208-omaha-006-094.JPG	Noon: Panama Roads.						11	17	5	30.1	80	80	76	80		b	none	10				
1873-12-20	13	8.92	-79.52			a		https://s3.amazonaws.com/NARAprodstorage/lz/dc-metro/rg-024/581208/2020-03/581208-omaha-006/581208-omaha-006-094.JPG	https://s3.amazonaws.com/NARAprodstorage/lz/dc-metro/rg-024/581208/2020-03/581208-omaha-006/581208-omaha-006-094.JPG	 						45	51	2	30.08	84	84	78	81		bc	cum str	8				
1873-12-20	14	8.92	-79.52			a		https://s3.amazonaws.com/NARAprodstorage/lz/dc-metro/rg-024/581208/2020-03/581208-omaha-006/581208-omaha-006-094.JPG	https://s3.amazonaws.com/NARAprodstorage/lz/dc-metro/rg-024/581208/2020-03/581208-omaha-006/581208-omaha-006-094.JPG	 						45	51	2	30.08	84	84	78	81		bc	cum str	6				
1873-12-20	15	8.92	-79.52			a		https://s3.amazonaws.com/NARAprodstorage/lz/dc-metro/rg-024/581208/2020-03/581208-omaha-006/581208-omaha-006-094.JPG	https://s3.amazonaws.com/NARAprodstorage/lz/dc-metro/rg-024/581208/2020-03/581208-omaha-006/581208-omaha-006-094.JPG	 						315	321	13	30.08	84	84	78	81		bc	nimb	4				
1873-12-20	16	8.92	-79.52			a		https://s3.amazonaws.com/NARAprodstorage/lz/dc-metro/rg-024/581208/2020-03/581208-omaha-006/581208-omaha-006-094.JPG	https://s3.amazonaws.com/NARAprodstorage/lz/dc-metro/rg-024/581208/2020-03/581208-omaha-006/581208-omaha-006-094.JPG	 						315	321	13	30.08	84	84	78	81		bc	nimb	4				
1873-12-20	17	8.92	-79.52			a		https://s3.amazonaws.com/NARAprodstorage/lz/dc-metro/rg-024/581208/2020-03/581208-omaha-006/581208-omaha-006-094.JPG	https://s3.amazonaws.com/NARAprodstorage/lz/dc-metro/rg-024/581208/2020-03/581208-omaha-006/581208-omaha-006-094.JPG	 						45	51	8	30.08	84	82	78	81		bc	cum	6				
1873-12-20	18	8.92	-79.52			a		https://s3.amazonaws.com/NARAprodstorage/lz/dc-metro/rg-024/581208/2020-03/581208-omaha-006/581208-omaha-006-094.JPG	https://s3.amazonaws.com/NARAprodstorage/lz/dc-metro/rg-024/581208/2020-03/581208-omaha-006/581208-omaha-006-094.JPG	 						45	51	8	30.08	82	82	78	81		bc	cum	4				
1873-12-20	19	8.92	-79.52			a		https://s3.amazonaws.com/NARAprodstorage/lz/dc-metro/rg-024/581208/2020-03/581208-omaha-006/581208-omaha-006-094.JPG	https://s3.amazonaws.com/NARAprodstorage/lz/dc-metro/rg-024/581208/2020-03/581208-omaha-006/581208-omaha-006-094.JPG	 						45	51	5	30.1	82	80	77	81		bc	cum	2				
1873-12-20	20	8.92	-79.52			a		https://s3.amazonaws.com/NARAprodstorage/lz/dc-metro/rg-024/581208/2020-03/581208-omaha-006/581208-omaha-006-094.JPG	https://s3.amazonaws.com/NARAprodstorage/lz/dc-metro/rg-024/581208/2020-03/581208-omaha-006/581208-omaha-006-094.JPG	 						45	51	5	30.1	82	80	77	81		c	cum	2				
1873-12-20	21	8.92	-79.52			a		https://s3.amazonaws.com/NARAprodstorage/lz/dc-metro/rg-024/581208/2020-03/581208-omaha-006/581208-omaha-006-094.JPG	https://s3.amazonaws.com/NARAprodstorage/lz/dc-metro/rg-024/581208/2020-03/581208-omaha-006/581208-omaha-006-094.JPG	 						315	321	5	30.15	81	80	77	81		bc	cum	2				
1873-12-20	22	8.92	-79.52			a		https://s3.amazonaws.com/NARAprodstorage/lz/dc-metro/rg-024/581208/2020-03/581208-omaha-006/581208-omaha-006-094.JPG	https://s3.amazonaws.com/NARAprodstorage/lz/dc-metro/rg-024/581208/2020-03/581208-omaha-006/581208-omaha-006-094.JPG	 						315	321	5	30.15	81	80	77	81		bc	cum	7				
1873-12-20	23	8.92	-79.52			a		https://s3.amazonaws.com/NARAprodstorage/lz/dc-metro/rg-024/581208/2020-03/581208-omaha-006/581208-omaha-006-094.JPG	https://s3.amazonaws.com/NARAprodstorage/lz/dc-metro/rg-024/581208/2020-03/581208-omaha-006/581208-omaha-006-094.JPG	 						315	321	5	30.15	81	80	77	81		b	none	10				
1873-12-20	24	8.92	-79.52			a		https://s3.amazonaws.com/NARAprodstorage/lz/dc-metro/rg-024/581208/2020-03/581208-omaha-006/581208-omaha-006-094.JPG	https://s3.amazonaws.com/NARAprodstorage/lz/dc-metro/rg-024/581208/2020-03/581208-omaha-006/581208-omaha-006-094.JPG	 						315	321	5	30.15	81	80	77	81		b	none	10				
1873-12-21	1	8.92	-79.52			a		https://s3.amazonaws.com/NARAprodstorage/lz/dc-metro/rg-024/581208/2020-03/581208-omaha-006/581208-omaha-006-095.JPG	https://s3.amazonaws.com/NARAprodstorage/lz/dc-metro/rg-024/581208/2020-03/581208-omaha-006/581208-omaha-006-096.JPG	 						315	321	5	30.15	81	80	77			bc	nim cum	4				
1873-12-21	2	8.92	-79.52			a		https://s3.amazonaws.com/NARAprodstorage/lz/dc-metro/rg-024/581208/2020-03/581208-omaha-006/581208-omaha-006-095.JPG	https://s3.amazonaws.com/NARAprodstorage/lz/dc-metro/rg-024/581208/2020-03/581208-omaha-006/581208-omaha-006-095.JPG	 						315	321	8	30.15	81	80	77			bc	nim cum	4				
1873-12-21	3	8.92	-79.52			a		https://s3.amazonaws.com/NARAprodstorage/lz/dc-metro/rg-024/581208/2020-03/581208-omaha-006/581208-omaha-006-095.JPG	https://s3.amazonaws.com/NARAprodstorage/lz/dc-metro/rg-024/581208/2020-03/581208-omaha-006/581208-omaha-006-095.JPG	 						315	321	8	30.15	80	79	77			bc	nim cum	4				
1873-12-21	4	8.92	-79.52			a		https://s3.amazonaws.com/NARAprodstorage/lz/dc-metro/rg-024/581208/2020-03/581208-omaha-006/581208-omaha-006-095.JPG	https://s3.amazonaws.com/NARAprodstorage/lz/dc-metro/rg-024/581208/2020-03/581208-omaha-006/581208-omaha-006-095.JPG	 						315	321	8	30.15	80	79	77			bc	nim cum	4				
1873-12-21	5	8.92	-79.52			a		https://s3.amazonaws.com/NARAprodstorage/lz/dc-metro/rg-024/581208/2020-03/581208-omaha-006/581208-omaha-006-095.JPG	https://s3.amazonaws.com/NARAprodstorage/lz/dc-metro/rg-024/581208/2020-03/581208-omaha-006/581208-omaha-006-095.JPG	 						315	321	13	30.15	80	79	77			bc	nim cum	4				
1873-12-21	6	8.92	-79.52			a		https://s3.amazonaws.com/NARAprodstorage/lz/dc-metro/rg-024/581208/2020-03/581208-omaha-006/581208-omaha-006-095.JPG	https://s3.amazonaws.com/NARAprodstorage/lz/dc-metro/rg-024/581208/2020-03/581208-omaha-006/581208-omaha-006-095.JPG	 						315	321	13	30.14	80	79	70			bc	nim cum	4				
1873-12-21	7	8.92	-79.52			a		https://s3.amazonaws.com/NARAprodstorage/lz/dc-metro/rg-024/581208/2020-03/581208-omaha-006/581208-omaha-006-095.JPG	https://s3.amazonaws.com/NARAprodstorage/lz/dc-metro/rg-024/581208/2020-03/581208-omaha-006/581208-omaha-006-095.JPG	 						315	321	8	30.14	80	79	70			bc	nim cum	4				
1873-12-21	8	8.92	-79.52			a		https://s3.amazonaws.com/NARAprodstorage/lz/dc-metro/rg-024/581208/2020-03/581208-omaha-006/581208-omaha-006-095.JPG	https://s3.amazonaws.com/NARAprodstorage/lz/dc-metro/rg-024/581208/2020-03/581208-omaha-006/581208-omaha-006-095.JPG	 						315	321	5	30.12	80	79	70			bc	nim cum	2				
1873-12-21	9	8.92	-79.52			a		https://s3.amazonaws.com/NARAprodstorage/lz/dc-metro/rg-024/581208/2020-03/581208-omaha-006/581208-omaha-006-095.JPG	https://s3.amazonaws.com/NARAprodstorage/lz/dc-metro/rg-024/581208/2020-03/581208-omaha-006/581208-omaha-006-095.JPG	 						315	321	5	30.12	81	81	77			bc	nim cum	3				
1873-12-21	10	8.92	-79.52			a		https://s3.amazonaws.com/NARAprodstorage/lz/dc-metro/rg-024/581208/2020-03/581208-omaha-006/581208-omaha-006-095.JPG	https://s3.amazonaws.com/NARAprodstorage/lz/dc-metro/rg-024/581208/2020-03/581208-omaha-006/581208-omaha-006-095.JPG	 						315	321	5	30.12	81	81	77			bc	nim cum	4				
1873-12-21	11	8.92	-79.52			a		https://s3.amazonaws.com/NARAprodstorage/lz/dc-metro/rg-024/581208/2020-03/581208-omaha-006/581208-omaha-006-095.JPG	https://s3.amazonaws.com/NARAprodstorage/lz/dc-metro/rg-024/581208/2020-03/581208-omaha-006/581208-omaha-006-095.JPG	 						315	321	5	30.12	81	81	77			bc	nim cum	4				
1873-12-21	12	8.92	-79.52			a		https://s3.amazonaws.com/NARAprodstorage/lz/dc-metro/rg-024/581208/2020-03/581208-omaha-006/581208-omaha-006-095.JPG	https://s3.amazonaws.com/NARAprodstorage/lz/dc-metro/rg-024/581208/2020-03/581208-omaha-006/581208-omaha-006-095.JPG	 						315	321	8	30.12	81	81	77			bc	nim cum	2			Noon: USS Benicia	
1873-12-21	13	8.92	-79.52			a		https://s3.amazonaws.com/NARAprodstorage/lz/dc-metro/rg-024/581208/2020-03/581208-omaha-006/581208-omaha-006-095.JPG	https://s3.amazonaws.com/NARAprodstorage/lz/dc-metro/rg-024/581208/2020-03/581208-omaha-006/581208-omaha-006-095.JPG	 						315	321	2	30.12	81	81	77			bc	nim cum	8				
1873-12-21	14	8.92	-79.52			a		https://s3.amazonaws.com/NARAprodstorage/lz/dc-metro/rg-024/581208/2020-03/581208-omaha-006/581208-omaha-006-095.JPG	https://s3.amazonaws.com/NARAprodstorage/lz/dc-metro/rg-024/581208/2020-03/581208-omaha-006/581208-omaha-006-095.JPG	 						315	321	5	30.12	81	81	77			bc	nim cum	8				
1873-12-21	15	8.92	-79.52			a		https://s3.amazonaws.com/NARAprodstorage/lz/dc-metro/rg-024/581208/2020-03/581208-omaha-006/581208-omaha-006-095.JPG	https://s3.amazonaws.com/NARAprodstorage/lz/dc-metro/rg-024/581208/2020-03/581208-omaha-006/581208-omaha-006-095.JPG	 						315	321	5	30.08	81	82	78			bc	nim cum	8				
1873-12-21	16	8.92	-79.52			a		https://s3.amazonaws.com/NARAprodstorage/lz/dc-metro/rg-024/581208/2020-03/581208-omaha-006/581208-omaha-006-095.JPG	https://s3.amazonaws.com/NARAprodstorage/lz/dc-metro/rg-024/581208/2020-03/581208-omaha-006/581208-omaha-006-095.JPG	 						315	321	5	30.08	81	83	79			bc	nim cum	8				
1873-12-21	17	8.92	-79.52			a		https://s3.amazonaws.com/NARAprodstorage/lz/dc-metro/rg-024/581208/2020-03/581208-omaha-006/581208-omaha-006-095.JPG	https://s3.amazonaws.com/NARAprodstorage/lz/dc-metro/rg-024/581208/2020-03/581208-omaha-006/581208-omaha-006-095.JPG	 						315	321	5	30.08	81	81	78			bc	cir cum str	8				
1873-12-21	18	8.92	-79.52			a		https://s3.amazonaws.com/NARAprodstorage/lz/dc-metro/rg-024/581208/2020-03/581208-omaha-006/581208-omaha-006-095.JPG	https://s3.amazonaws.com/NARAprodstorage/lz/dc-metro/rg-024/581208/2020-03/581208-omaha-006/581208-omaha-006-095.JPG	 						315	321	5	30.08	81	81	78			bc	cir cum str	8				
1873-12-21	19	8.92	-79.52			a		https://s3.amazonaws.com/NARAprodstorage/lz/dc-metro/rg-024/581208/2020-03/581208-omaha-006/581208-omaha-006-095.JPG	https://s3.amazonaws.com/NARAprodstorage/lz/dc-metro/rg-024/581208/2020-03/581208-omaha-006/581208-omaha-006-095.JPG	 						315	321	5	30.08	81	81	78			bc	cir cum str	7				
1873-12-21	20	8.92	-79.52			a		https://s3.amazonaws.com/NARAprodstorage/lz/dc-metro/rg-024/581208/2020-03/581208-omaha-006/581208-omaha-006-095.JPG	https://s3.amazonaws.com/NARAprodstorage/lz/dc-metro/rg-024/581208/2020-03/581208-omaha-006/581208-omaha-006-095.JPG	 						315	321	5	30.08	81	81	78			bc	cir cum str	7				
1873-12-21	21	8.92	-79.52			a		https://s3.amazonaws.com/NARAprodstorage/lz/dc-metro/rg-024/581208/2020-03/581208-omaha-006/581208-omaha-006-095.JPG	https://s3.amazonaws.com/NARAprodstorage/lz/dc-metro/rg-024/581208/2020-03/581208-omaha-006/581208-omaha-006-095.JPG	 						315	321	5	30.1	81	80	78			bc	nim cum	7				
1873-12-21	22	8.92	-79.52			a		https://s3.amazonaws.com/NARAprodstorage/lz/dc-metro/rg-024/581208/2020-03/581208-omaha-006/581208-omaha-006-095.JPG	https://s3.amazonaws.com/NARAprodstorage/lz/dc-metro/rg-024/581208/2020-03/581208-omaha-006/581208-omaha-006-095.JPG	 						315	321	8	30.1	81	80	78			bc	nim cum	7				
1873-12-21	23	8.92	-79.52			a		https://s3.amazonaws.com/NARAprodstorage/lz/dc-metro/rg-024/581208/2020-03/581208-omaha-006/581208-omaha-006-095.JPG	https://s3.amazonaws.com/NARAprodstorage/lz/dc-metro/rg-024/581208/2020-03/581208-omaha-006/581208-omaha-006-095.JPG	 						315	321	8	30.12	81	79	78			bc	nim cum	7				
1873-12-21	24	8.92	-79.52			a		https://s3.amazonaws.com/NARAprodstorage/lz/dc-metro/rg-024/581208/2020-03/581208-omaha-006/581208-omaha-006-095.JPG	https://s3.amazonaws.com/NARAprodstorage/lz/dc-metro/rg-024/581208/2020-03/581208-omaha-006/581208-omaha-006-095.JPG	 						315	321	8	30.12	81	79	78			bc	nim cum	7				
1873-12-22	1	8.92	-79.52			a		https://s3.amazonaws.com/NARAprodstorage/lz/dc-metro/rg-024/581208/2020-03/581208-omaha-006/581208-omaha-006-097.JPG	https://s3.amazonaws.com/NARAprodstorage/lz/dc-metro/rg-024/581208/2020-03/581208-omaha-006/581208-omaha-006-097.JPG	 						315	321	2	30.1	79	79	77	80		bc	cir	9				
1873-12-22	2	8.92	-79.52			a		https://s3.amazonaws.com/NARAprodstorage/lz/dc-metro/rg-024/581208/2020-03/581208-omaha-006/581208-omaha-006-097.JPG	https://s3.amazonaws.com/NARAprodstorage/lz/dc-metro/rg-024/581208/2020-03/581208-omaha-006/581208-omaha-006-097.JPG	 						315	321	2	30.1	79	79	77	80		bc	cir	9				
1873-12-22	3	8.92	-79.52			a		https://s3.amazonaws.com/NARAprodstorage/lz/dc-metro/rg-024/581208/2020-03/581208-omaha-006/581208-omaha-006-097.JPG	https://s3.amazonaws.com/NARAprodstorage/lz/dc-metro/rg-024/581208/2020-03/581208-omaha-006/581208-omaha-006-097.JPG	 						315	321	2	30.1	79	79	77	80		bc	cir	9				
1873-12-22	4	8.92	-79.52			a		https://s3.amazonaws.com/NARAprodstorage/lz/dc-metro/rg-024/581208/2020-03/581208-omaha-006/581208-omaha-006-097.JPG	https://s3.amazonaws.com/NARAprodstorage/lz/dc-metro/rg-024/581208/2020-03/581208-omaha-006/581208-omaha-006-097.JPG	 						315	321	2	30.08	79	79	77	80		bc	cir	9				
1873-12-22	5	8.92	-79.52			a		https://s3.amazonaws.com/NARAprodstorage/lz/dc-metro/rg-024/581208/2020-03/581208-omaha-006/581208-omaha-006-097.JPG	https://s3.amazonaws.com/NARAprodstorage/lz/dc-metro/rg-024/581208/2020-03/581208-omaha-006/581208-omaha-006-097.JPG	 						315	321	8	30.1	80	80	77	80		bc	cum nim	7				
1873-12-22	6	8.92	-79.52			a		https://s3.amazonaws.com/NARAprodstorage/lz/dc-metro/rg-024/581208/2020-03/581208-omaha-006/581208-omaha-006-097.JPG	https://s3.amazonaws.com/NARAprodstorage/lz/dc-metro/rg-024/581208/2020-03/581208-omaha-006/581208-omaha-006-097.JPG	 						315	321	8	30.12	80	80	77	80		bc	cum nim	6				
1873-12-22	7	8.92	-79.52			a		https://s3.amazonaws.com/NARAprodstorage/lz/dc-metro/rg-024/581208/2020-03/581208-omaha-006/581208-omaha-006-097.JPG	https://s3.amazonaws.com/NARAprodstorage/lz/dc-metro/rg-024/581208/2020-03/581208-omaha-006/581208-omaha-006-097.JPG	 						315	321	5	30.13	80	80	77	80		bc	cum nim	6				
1873-12-22	8	8.92	-79.52			a		https://s3.amazonaws.com/NARAprodstorage/lz/dc-metro/rg-024/581208/2020-03/581208-omaha-006/581208-omaha-006-097.JPG	https://s3.amazonaws.com/NARAprodstorage/lz/dc-metro/rg-024/581208/2020-03/581208-omaha-006/581208-omaha-006-097.JPG	 						315	321	5	30.13	80	80	77	80		bc	cum nim	8				
1873-12-22	9	8.92	-79.52			a		https://s3.amazonaws.com/NARAprodstorage/lz/dc-metro/rg-024/581208/2020-03/581208-omaha-006/581208-omaha-006-097.JPG	https://s3.amazonaws.com/NARAprodstorage/lz/dc-metro/rg-024/581208/2020-03/581208-omaha-006/581208-omaha-006-097.JPG	 						315	321	2	30.14	81	80	77	80		bc	cum nim	8				
1873-12-22	10	8.92	-79.52			a		https://s3.amazonaws.com/NARAprodstorage/lz/dc-metro/rg-024/581208/2020-03/581208-omaha-006/581208-omaha-006-097.JPG	https://s3.amazonaws.com/NARAprodstorage/lz/dc-metro/rg-024/581208/2020-03/581208-omaha-006/581208-omaha-006-097.JPG	 						0	0	0	30.14	81	83	78	80		bc	cum nim	8				
1873-12-22	11	8.92	-79.52			a		https://s3.amazonaws.com/NARAprodstorage/lz/dc-metro/rg-024/581208/2020-03/581208-omaha-006/581208-omaha-006-097.JPG	https://s3.amazonaws.com/NARAprodstorage/lz/dc-metro/rg-024/581208/2020-03/581208-omaha-006/581208-omaha-006-097.JPG	 						0	0	0	30.14	82	84	78	80		bc	cum nim	6				
1873-12-22	12	8.92	-79.52			a		https://s3.amazonaws.com/NARAprodstorage/lz/dc-metro/rg-024/581208/2020-03/581208-omaha-006/581208-omaha-006-097.JPG	https://s3.amazonaws.com/NARAprodstorage/lz/dc-metro/rg-024/581208/2020-03/581208-omaha-006/581208-omaha-006-097.JPG	Noon: Panama Roads.						0	0	0	30.14	82	84	79	80		bc	cum nim	6				
1873-12-22	13	8.92	-79.52			a		https://s3.amazonaws.com/NARAprodstorage/lz/dc-metro/rg-024/581208/2020-03/581208-omaha-006/581208-omaha-006-097.JPG	https://s3.amazonaws.com/NARAprodstorage/lz/dc-metro/rg-024/581208/2020-03/581208-omaha-006/581208-omaha-006-097.JPG	 						0	0	0	30.12	85	85	79	80		bc	cum nim	5				
1873-12-22	14	8.92	-79.52			a		https://s3.amazonaws.com/NARAprodstorage/lz/dc-metro/rg-024/581208/2020-03/581208-omaha-006/581208-omaha-006-097.JPG	https://s3.amazonaws.com/NARAprodstorage/lz/dc-metro/rg-024/581208/2020-03/581208-omaha-006/581208-omaha-006-097.JPG	 						0	0	0	30.12	85	85	79	80		bcr	cum nim	5				
1873-12-22	15	8.92	-79.52			a		https://s3.amazonaws.com/NARAprodstorage/lz/dc-metro/rg-024/581208/2020-03/581208-omaha-006/581208-omaha-006-097.JPG	https://s3.amazonaws.com/NARAprodstorage/lz/dc-metro/rg-024/581208/2020-03/581208-omaha-006/581208-omaha-006-097.JPG	 						79	85	2	30.12	85	85	79	80		bcr	cum nim	5				
1873-12-22	16	8.92	-79.52			a		https://s3.amazonaws.com/NARAprodstorage/lz/dc-metro/rg-024/581208/2020-03/581208-omaha-006/581208-omaha-006-097.JPG	https://s3.amazonaws.com/NARAprodstorage/lz/dc-metro/rg-024/581208/2020-03/581208-omaha-006/581208-omaha-006-097.JPG	 						79	85	5	30.18	85	85	79	80		bc	cum nim	5				
1873-12-22	17	8.92	-79.52			a		https://s3.amazonaws.com/NARAprodstorage/lz/dc-metro/rg-024/581208/2020-03/581208-omaha-006/581208-omaha-006-097.JPG	https://s3.amazonaws.com/NARAprodstorage/lz/dc-metro/rg-024/581208/2020-03/581208-omaha-006/581208-omaha-006-097.JPG	 						79	85	5	30.18	85	85	79	80		bc	cum nim	5				
1873-12-22	18	8.92	-79.52			a		https://s3.amazonaws.com/NARAprodstorage/lz/dc-metro/rg-024/581208/2020-03/581208-omaha-006/581208-omaha-006-097.JPG	https://s3.amazonaws.com/NARAprodstorage/lz/dc-metro/rg-024/581208/2020-03/581208-omaha-006/581208-omaha-006-097.JPG	 						79	85	5	30.18	85	85	79	80		bc	cum nim	6				
1873-12-22	19	8.92	-79.52			a		https://s3.amazonaws.com/NARAprodstorage/lz/dc-metro/rg-024/581208/2020-03/581208-omaha-006/581208-omaha-006-097.JPG	https://s3.amazonaws.com/NARAprodstorage/lz/dc-metro/rg-024/581208/2020-03/581208-omaha-006/581208-omaha-006-097.JPG	 						79	85	5	30.18	85	85	79	80		bc	cum nim	6				
1873-12-22	20	8.92	-79.52			a		https://s3.amazonaws.com/NARAprodstorage/lz/dc-metro/rg-024/581208/2020-03/581208-omaha-006/581208-omaha-006-097.JPG	https://s3.amazonaws.com/NARAprodstorage/lz/dc-metro/rg-024/581208/2020-03/581208-omaha-006/581208-omaha-006-097.JPG	 						79	85	5	30.18	85	85	79	80		bc	cum nim	8				
1873-12-22	21	8.92	-79.52			a		https://s3.amazonaws.com/NARAprodstorage/lz/dc-metro/rg-024/581208/2020-03/581208-omaha-006/581208-omaha-006-097.JPG	https://s3.amazonaws.com/NARAprodstorage/lz/dc-metro/rg-024/581208/2020-03/581208-omaha-006/581208-omaha-006-097.JPG	 						360	6	5	30.1	86	86	79	80		bc	cum nim	9				
1873-12-22	22	8.92	-79.52			a		https://s3.amazonaws.com/NARAprodstorage/lz/dc-metro/rg-024/581208/2020-03/581208-omaha-006/581208-omaha-006-097.JPG	https://s3.amazonaws.com/NARAprodstorage/lz/dc-metro/rg-024/581208/2020-03/581208-omaha-006/581208-omaha-006-097.JPG	 						360	6	2	30.1	86	86	79	80		bc	cum nim	9				
1873-12-22	23	8.92	-79.52			a		https://s3.amazonaws.com/NARAprodstorage/lz/dc-metro/rg-024/581208/2020-03/581208-omaha-006/581208-omaha-006-097.JPG	https://s3.amazonaws.com/NARAprodstorage/lz/dc-metro/rg-024/581208/2020-03/581208-omaha-006/581208-omaha-006-097.JPG	 						360	6	5	30.1	86	86	79	80		bc	cum nim	9				
1873-12-22	24	8.92	-79.52			a		https://s3.amazonaws.com/NARAprodstorage/lz/dc-metro/rg-024/581208/2020-03/581208-omaha-006/581208-omaha-006-097.JPG	https://s3.amazonaws.com/NARAprodstorage/lz/dc-metro/rg-024/581208/2020-03/581208-omaha-006/581208-omaha-006-097.JPG	 						360	6	5	30.1	86	86	79	80		bc	cum nim	9				
1873-12-23	1	8.92	-79.52			a		https://s3.amazonaws.com/NARAprodstorage/lz/dc-metro/rg-024/581208/2020-03/581208-omaha-006/581208-omaha-006-098.JPG	https://s3.amazonaws.com/NARAprodstorage/lz/dc-metro/rg-024/581208/2020-03/581208-omaha-006/581208-omaha-006-098.JPG	 						315	321	2	30.1	80	79	78			bc	cum	8				
1873-12-23	2	8.92	-79.52			a		https://s3.amazonaws.com/NARAprodstorage/lz/dc-metro/rg-024/581208/2020-03/581208-omaha-006/581208-omaha-006-098.JPG	https://s3.amazonaws.com/NARAprodstorage/lz/dc-metro/rg-024/581208/2020-03/581208-omaha-006/581208-omaha-006-098.JPG	 						315	321	2	30.1	80	79	78			bc	cum	8				
1873-12-23	3	8.92	-79.52			a		https://s3.amazonaws.com/NARAprodstorage/lz/dc-metro/rg-024/581208/2020-03/581208-omaha-006/581208-omaha-006-098.JPG	https://s3.amazonaws.com/NARAprodstorage/lz/dc-metro/rg-024/581208/2020-03/581208-omaha-006/581208-omaha-006-098.JPG	 						315	321	2	30.1	80	79	78			bc	cum	8				
1873-12-23	4	8.92	-79.52			a		https://s3.amazonaws.com/NARAprodstorage/lz/dc-metro/rg-024/581208/2020-03/581208-omaha-006/581208-omaha-006-098.JPG	https://s3.amazonaws.com/NARAprodstorage/lz/dc-metro/rg-024/581208/2020-03/581208-omaha-006/581208-omaha-006-098.JPG	 						315	321	2	30.1	80	79	78			bc	cum	8				
1873-12-23	5	8.92	-79.52			a		https://s3.amazonaws.com/NARAprodstorage/lz/dc-metro/rg-024/581208/2020-03/581208-omaha-006/581208-omaha-006-098.JPG	https://s3.amazonaws.com/NARAprodstorage/lz/dc-metro/rg-024/581208/2020-03/581208-omaha-006/581208-omaha-006-098.JPG	 						315	321	2	30.1	81	78	82			bc	cum nim	6				
1873-12-23	6	8.92	-79.52			a		https://s3.amazonaws.com/NARAprodstorage/lz/dc-metro/rg-024/581208/2020-03/581208-omaha-006/581208-omaha-006-098.JPG	https://s3.amazonaws.com/NARAprodstorage/lz/dc-metro/rg-024/581208/2020-03/581208-omaha-006/581208-omaha-006-098.JPG	 						315	321	2	30.1	81	78	82			bc	cum nim	6				
1873-12-23	7	8.92	-79.52			a		https://s3.amazonaws.com/NARAprodstorage/lz/dc-metro/rg-024/581208/2020-03/581208-omaha-006/581208-omaha-006-098.JPG	https://s3.amazonaws.com/NARAprodstorage/lz/dc-metro/rg-024/581208/2020-03/581208-omaha-006/581208-omaha-006-098.JPG	 						315	321	2	30.1	81	78	82			bc	cum nim	6				
1873-12-23	8	8.92	-79.52			a		https://s3.amazonaws.com/NARAprodstorage/lz/dc-metro/rg-024/581208/2020-03/581208-omaha-006/581208-omaha-006-098.JPG	https://s3.amazonaws.com/NARAprodstorage/lz/dc-metro/rg-024/581208/2020-03/581208-omaha-006/581208-omaha-006-098.JPG	 						315	321	2	30.1	82	78	82			bc	cum nim	6				
1873-12-23	9	8.92	-79.52			a		https://s3.amazonaws.com/NARAprodstorage/lz/dc-metro/rg-024/581208/2020-03/581208-omaha-006/581208-omaha-006-098.JPG	https://s3.amazonaws.com/NARAprodstorage/lz/dc-metro/rg-024/581208/2020-03/581208-omaha-006/581208-omaha-006-098.JPG	 						315	321	2	30.1	82	78	82			bc	cum	7				
1873-12-23	10	8.92	-79.52			a		https://s3.amazonaws.com/NARAprodstorage/lz/dc-metro/rg-024/581208/2020-03/581208-omaha-006/581208-omaha-006-098.JPG	https://s3.amazonaws.com/NARAprodstorage/lz/dc-metro/rg-024/581208/2020-03/581208-omaha-006/581208-omaha-006-098.JPG	 						315	321	2	30.1	82	80	80			bc	cum	7				
1873-12-23	11	8.92	-79.52			a		https://s3.amazonaws.com/NARAprodstorage/lz/dc-metro/rg-024/581208/2020-03/581208-omaha-006/581208-omaha-006-098.JPG	https://s3.amazonaws.com/NARAprodstorage/lz/dc-metro/rg-024/581208/2020-03/581208-omaha-006/581208-omaha-006-098.JPG	 						315	321	5	30.1	82	85	79			bc	cum	7				
1873-12-23	12	8.92	-79.52			a		https://s3.amazonaws.com/NARAprodstorage/lz/dc-metro/rg-024/581208/2020-03/581208-omaha-006/581208-omaha-006-098.JPG	https://s3.amazonaws.com/NARAprodstorage/lz/dc-metro/rg-024/581208/2020-03/581208-omaha-006/581208-omaha-006-098.JPG	Noon: Panama Roads.						315	321	8	30.17	83	85	79			bc	cum	7				
1873-12-23	13	8.92	-79.52			a		https://s3.amazonaws.com/NARAprodstorage/lz/dc-metro/rg-024/581208/2020-03/581208-omaha-006/581208-omaha-006-098.JPG	https://s3.amazonaws.com/NARAprodstorage/lz/dc-metro/rg-024/581208/2020-03/581208-omaha-006/581208-omaha-006-098.JPG	 						315	321	13	30.06	85	86	80			bc	cir cum	8				
1873-12-23	14	8.92	-79.52			a		https://s3.amazonaws.com/NARAprodstorage/lz/dc-metro/rg-024/581208/2020-03/581208-omaha-006/581208-omaha-006-098.JPG	https://s3.amazonaws.com/NARAprodstorage/lz/dc-metro/rg-024/581208/2020-03/581208-omaha-006/581208-omaha-006-098.JPG	 						315	321	13	30.06	85	86	80			bc	cir cum	8				
1873-12-23	15	8.92	-79.52			a		https://s3.amazonaws.com/NARAprodstorage/lz/dc-metro/rg-024/581208/2020-03/581208-omaha-006/581208-omaha-006-098.JPG	https://s3.amazonaws.com/NARAprodstorage/lz/dc-metro/rg-024/581208/2020-03/581208-omaha-006/581208-omaha-006-098.JPG	 						315	321	8	30.06	85	85	79			bc	cir cum	4				
1873-12-23	16	8.92	-79.52			a		https://s3.amazonaws.com/NARAprodstorage/lz/dc-metro/rg-024/581208/2020-03/581208-omaha-006/581208-omaha-006-098.JPG	https://s3.amazonaws.com/NARAprodstorage/lz/dc-metro/rg-024/581208/2020-03/581208-omaha-006/581208-omaha-006-098.JPG	 						315	321	8	30.06	85	85	79	80		bc	cir cum	4				
1873-12-23	17	8.92	-79.52			a		https://s3.amazonaws.com/NARAprodstorage/lz/dc-metro/rg-024/581208/2020-03/581208-omaha-006/581208-omaha-006-098.JPG	https://s3.amazonaws.com/NARAprodstorage/lz/dc-metro/rg-024/581208/2020-03/581208-omaha-006/581208-omaha-006-098.JPG	 						315	321	5	30.06	84	84	79	80		bc	cum	5				
1873-12-23	18	8.92	-79.52			a		https://s3.amazonaws.com/NARAprodstorage/lz/dc-metro/rg-024/581208/2020-03/581208-omaha-006/581208-omaha-006-098.JPG	https://s3.amazonaws.com/NARAprodstorage/lz/dc-metro/rg-024/581208/2020-03/581208-omaha-006/581208-omaha-006-098.JPG	 						315	321	5	30.06	87	84	79	80		bc	cum	6				
1873-12-23	19	8.92	-79.52			a		https://s3.amazonaws.com/NARAprodstorage/lz/dc-metro/rg-024/581208/2020-03/581208-omaha-006/581208-omaha-006-098.JPG	https://s3.amazonaws.com/NARAprodstorage/lz/dc-metro/rg-024/581208/2020-03/581208-omaha-006/581208-omaha-006-098.JPG	 						315	321	5	30.06	87	87	79	80		bc	cum	8				
1873-12-23	20	8.92	-79.52			a		https://s3.amazonaws.com/NARAprodstorage/lz/dc-metro/rg-024/581208/2020-03/581208-omaha-006/581208-omaha-006-098.JPG	https://s3.amazonaws.com/NARAprodstorage/lz/dc-metro/rg-024/581208/2020-03/581208-omaha-006/581208-omaha-006-098.JPG	 						315	321	5	30.06	87	87	77	80		bc	cum	8				
1873-12-23	21	8.92	-79.52			a		https://s3.amazonaws.com/NARAprodstorage/lz/dc-metro/rg-024/581208/2020-03/581208-omaha-006/581208-omaha-006-098.JPG	https://s3.amazonaws.com/NARAprodstorage/lz/dc-metro/rg-024/581208/2020-03/581208-omaha-006/581208-omaha-006-098.JPG	 						315	321	8	30.08	80	80	76	80		bc	cir cum	8				
1873-12-23	22	8.92	-79.52			a		https://s3.amazonaws.com/NARAprodstorage/lz/dc-metro/rg-024/581208/2020-03/581208-omaha-006/581208-omaha-006-098.JPG	https://s3.amazonaws.com/NARAprodstorage/lz/dc-metro/rg-024/581208/2020-03/581208-omaha-006/581208-omaha-006-098.JPG	 						315	321	8	30.08	80	80	76			bc	cir cum	8				
1873-12-23	23	8.92	-79.52			a		https://s3.amazonaws.com/NARAprodstorage/lz/dc-metro/rg-024/581208/2020-03/581208-omaha-006/581208-omaha-006-098.JPG	https://s3.amazonaws.com/NARAprodstorage/lz/dc-metro/rg-024/581208/2020-03/581208-omaha-006/581208-omaha-006-098.JPG	 						315	321	8	30.1	80	80	76			bc	cir cum	8				
1873-12-23	24	8.92	-79.52			a		https://s3.amazonaws.com/NARAprodstorage/lz/dc-metro/rg-024/581208/2020-03/581208-omaha-006/581208-omaha-006-098.JPG	https://s3.amazonaws.com/NARAprodstorage/lz/dc-metro/rg-024/581208/2020-03/581208-omaha-006/581208-omaha-006-098.JPG	 						315	321	8	30.1	80	80	76			bc	cir cum	8				
1873-12-24	1	8.92	-79.52			a		https://s3.amazonaws.com/NARAprodstorage/lz/dc-metro/rg-024/581208/2020-03/581208-omaha-006/581208-omaha-006-099.JPG	https://s3.amazonaws.com/NARAprodstorage/lz/dc-metro/rg-024/581208/2020-03/581208-omaha-006/581208-omaha-006-099.JPG	 						315	321	5	30.05	80	79	76			b	none	10				
1873-12-24	2	8.92	-79.52			a		https://s3.amazonaws.com/NARAprodstorage/lz/dc-metro/rg-024/581208/2020-03/581208-omaha-006/581208-omaha-006-099.JPG	https://s3.amazonaws.com/NARAprodstorage/lz/dc-metro/rg-024/581208/2020-03/581208-omaha-006/581208-omaha-006-099.JPG	 						315	321	5	30.05	80	79	76			b	none	10				
1873-12-24	3	8.92	-79.52			a		https://s3.amazonaws.com/NARAprodstorage/lz/dc-metro/rg-024/581208/2020-03/581208-omaha-006/581208-omaha-006-099.JPG	https://s3.amazonaws.com/NARAprodstorage/lz/dc-metro/rg-024/581208/2020-03/581208-omaha-006/581208-omaha-006-099.JPG	 						315	321	5	30.05	80	79	76			b	none	10				
1873-12-24	4	8.92	-79.52			a		https://s3.amazonaws.com/NARAprodstorage/lz/dc-metro/rg-024/581208/2020-03/581208-omaha-006/581208-omaha-006-099.JPG	https://s3.amazonaws.com/NARAprodstorage/lz/dc-metro/rg-024/581208/2020-03/581208-omaha-006/581208-omaha-006-099.JPG	 						315	321	5	30.05	80	79	76			b	none	10				
1873-12-24	5	8.92	-79.52			a		https://s3.amazonaws.com/NARAprodstorage/lz/dc-metro/rg-024/581208/2020-03/581208-omaha-006/581208-omaha-006-099.JPG	https://s3.amazonaws.com/NARAprodstorage/lz/dc-metro/rg-024/581208/2020-03/581208-omaha-006/581208-omaha-006-099.JPG	 						315	321	5	30.05	80	79	76			b	none	10				
1873-12-24	6	8.92	-79.52			a		https://s3.amazonaws.com/NARAprodstorage/lz/dc-metro/rg-024/581208/2020-03/581208-omaha-006/581208-omaha-006-099.JPG	https://s3.amazonaws.com/NARAprodstorage/lz/dc-metro/rg-024/581208/2020-03/581208-omaha-006/581208-omaha-006-099.JPG	 						315	321	5	30.05	80	79	76			b	none	10				
1873-12-24	7	8.92	-79.52			a		https://s3.amazonaws.com/NARAprodstorage/lz/dc-metro/rg-024/581208/2020-03/581208-omaha-006/581208-omaha-006-099.JPG	https://s3.amazonaws.com/NARAprodstorage/lz/dc-metro/rg-024/581208/2020-03/581208-omaha-006/581208-omaha-006-099.JPG	 						315	321	5	30.05	80	79	74			b	none	10				
1873-12-24	8	8.92	-79.52			a		https://s3.amazonaws.com/NARAprodstorage/lz/dc-metro/rg-024/581208/2020-03/581208-omaha-006/581208-omaha-006-099.JPG	https://s3.amazonaws.com/NARAprodstorage/lz/dc-metro/rg-024/581208/2020-03/581208-omaha-006/581208-omaha-006-099.JPG	 						315	321	2	30.08	80	79	72			bc	none	10				
1873-12-24	9	8.92	-79.52			a		https://s3.amazonaws.com/NARAprodstorage/lz/dc-metro/rg-024/581208/2020-03/581208-omaha-006/581208-omaha-006-099.JPG	https://s3.amazonaws.com/NARAprodstorage/lz/dc-metro/rg-024/581208/2020-03/581208-omaha-006/581208-omaha-006-099.JPG	 						0	0	0	30.08	82	81	74			bc	str cum	9				
1873-12-24	10	8.92	-79.52			a		https://s3.amazonaws.com/NARAprodstorage/lz/dc-metro/rg-024/581208/2020-03/581208-omaha-006/581208-omaha-006-099.JPG	https://s3.amazonaws.com/NARAprodstorage/lz/dc-metro/rg-024/581208/2020-03/581208-omaha-006/581208-omaha-006-099.JPG	 						0	0	0	30.08	82	82	76			bc	cir cum	9				
1873-12-24	11	8.92	-79.52			a		https://s3.amazonaws.com/NARAprodstorage/lz/dc-metro/rg-024/581208/2020-03/581208-omaha-006/581208-omaha-006-099.JPG	https://s3.amazonaws.com/NARAprodstorage/lz/dc-metro/rg-024/581208/2020-03/581208-omaha-006/581208-omaha-006-099.JPG	 						0	0	0	30.1	83	82	76			bc	cir cum	9				
1873-12-24	12	8.92	-79.52			a		https://s3.amazonaws.com/NARAprodstorage/lz/dc-metro/rg-024/581208/2020-03/581208-omaha-006/581208-omaha-006-099.JPG	https://s3.amazonaws.com/NARAprodstorage/lz/dc-metro/rg-024/581208/2020-03/581208-omaha-006/581208-omaha-006-099.JPG	Noon: Panama Roads.						0	0	0	30.1	83	83	79			bc	cir cum	9				
1873-12-24	13	8.92	-79.52			a		https://s3.amazonaws.com/NARAprodstorage/lz/dc-metro/rg-024/581208/2020-03/581208-omaha-006/581208-omaha-006-099.JPG	https://s3.amazonaws.com/NARAprodstorage/lz/dc-metro/rg-024/581208/2020-03/581208-omaha-006/581208-omaha-006-099.JPG	 						0	0	0	30.08	84	81	79			bc	cum	7				
1873-12-24	14	8.92	-79.52			a		https://s3.amazonaws.com/NARAprodstorage/lz/dc-metro/rg-024/581208/2020-03/581208-omaha-006/581208-omaha-006-099.JPG	https://s3.amazonaws.com/NARAprodstorage/lz/dc-metro/rg-024/581208/2020-03/581208-omaha-006/581208-omaha-006-099.JPG	 						888	888	5	30.04	84	81	79			bc	cum	7				
1873-12-24	15	8.92	-79.52			a		https://s3.amazonaws.com/NARAprodstorage/lz/dc-metro/rg-024/581208/2020-03/581208-omaha-006/581208-omaha-006-099.JPG	https://s3.amazonaws.com/NARAprodstorage/lz/dc-metro/rg-024/581208/2020-03/581208-omaha-006/581208-omaha-006-099.JPG	 						315	321	5	30.02	84	81	79			bc	cum	6				
1873-12-24	16	8.92	-79.52			a		https://s3.amazonaws.com/NARAprodstorage/lz/dc-metro/rg-024/581208/2020-03/581208-omaha-006/581208-omaha-006-099.JPG	https://s3.amazonaws.com/NARAprodstorage/lz/dc-metro/rg-024/581208/2020-03/581208-omaha-006/581208-omaha-006-099.JPG	 						315	321	5	30	84	81	79			bc	cum	4				
1873-12-24	17	8.92	-79.52			a		https://s3.amazonaws.com/NARAprodstorage/lz/dc-metro/rg-024/581208/2020-03/581208-omaha-006/581208-omaha-006-099.JPG	https://s3.amazonaws.com/NARAprodstorage/lz/dc-metro/rg-024/581208/2020-03/581208-omaha-006/581208-omaha-006-099.JPG	 						315	321	5	30	84	80	79			bc	cum	6				
1873-12-24	18	8.92	-79.52			a		https://s3.amazonaws.com/NARAprodstorage/lz/dc-metro/rg-024/581208/2020-03/581208-omaha-006/581208-omaha-006-099.JPG	https://s3.amazonaws.com/NARAprodstorage/lz/dc-metro/rg-024/581208/2020-03/581208-omaha-006/581208-omaha-006-099.JPG	 						315	321	8	30	82	80	79			bc	cum	6				
1873-12-24	19	8.92	-79.52			a		https://s3.amazonaws.com/NARAprodstorage/lz/dc-metro/rg-024/581208/2020-03/581208-omaha-006/581208-omaha-006-099.JPG	https://s3.amazonaws.com/NARAprodstorage/lz/dc-metro/rg-024/581208/2020-03/581208-omaha-006/581208-omaha-006-099.JPG	 						315	321	8	30.04	82	80	79			bc	cum	6				
1873-12-24	20	8.92	-79.52			a		https://s3.amazonaws.com/NARAprodstorage/lz/dc-metro/rg-024/581208/2020-03/581208-omaha-006/581208-omaha-006-099.JPG	https://s3.amazonaws.com/NARAprodstorage/lz/dc-metro/rg-024/581208/2020-03/581208-omaha-006/581208-omaha-006-099.JPG	 						315	321	8	30.04	82	80	79			bc	cum	8				
1873-12-24	21	8.92	-79.52			a		https://s3.amazonaws.com/NARAprodstorage/lz/dc-metro/rg-024/581208/2020-03/581208-omaha-006/581208-omaha-006-099.JPG	https://s3.amazonaws.com/NARAprodstorage/lz/dc-metro/rg-024/581208/2020-03/581208-omaha-006/581208-omaha-006-099.JPG	 						315	321	5	30.06	80	80	79			bcl	cum nim	6				
1873-12-24	22	8.92	-79.52			a		https://s3.amazonaws.com/NARAprodstorage/lz/dc-metro/rg-024/581208/2020-03/581208-omaha-006/581208-omaha-006-099.JPG	https://s3.amazonaws.com/NARAprodstorage/lz/dc-metro/rg-024/581208/2020-03/581208-omaha-006/581208-omaha-006-099.JPG	 						315	321	5	30.08	80	80	79			bcl	cum nim	4				
1873-12-24	23	8.92	-79.52			a		https://s3.amazonaws.com/NARAprodstorage/lz/dc-metro/rg-024/581208/2020-03/581208-omaha-006/581208-omaha-006-099.JPG	https://s3.amazonaws.com/NARAprodstorage/lz/dc-metro/rg-024/581208/2020-03/581208-omaha-006/581208-omaha-006-099.JPG	 						315	321	5	30.08	80	80	79			bcl	cum nim	4				
1873-12-24	24	8.92	-79.52			a		https://s3.amazonaws.com/NARAprodstorage/lz/dc-metro/rg-024/581208/2020-03/581208-omaha-006/581208-omaha-006-099.JPG	https://s3.amazonaws.com/NARAprodstorage/lz/dc-metro/rg-024/581208/2020-03/581208-omaha-006/581208-omaha-006-099.JPG	 						315	321	5	30.08	80	80	79			bcl	cum nim	6				
1873-12-25	1	8.92	-79.52			a		https://s3.amazonaws.com/NARAprodstorage/lz/dc-metro/rg-024/581208/2020-03/581208-omaha-006/581208-omaha-006-100.JPG	https://s3.amazonaws.com/NARAprodstorage/lz/dc-metro/rg-024/581208/2020-03/581208-omaha-006/581208-omaha-006-100.JPG	 						315	321	2	30.08	80	80	79			oc	cum nim	0				
1873-12-25	2	8.92	-79.52			a		https://s3.amazonaws.com/NARAprodstorage/lz/dc-metro/rg-024/581208/2020-03/581208-omaha-006/581208-omaha-006-100.JPG	https://s3.amazonaws.com/NARAprodstorage/lz/dc-metro/rg-024/581208/2020-03/581208-omaha-006/581208-omaha-006-100.JPG	 						315	321	2	30.08	80	80	79			oc	cum nim	0				
1873-12-25	3	8.92	-79.52			a		https://s3.amazonaws.com/NARAprodstorage/lz/dc-metro/rg-024/581208/2020-03/581208-omaha-006/581208-omaha-006-100.JPG	https://s3.amazonaws.com/NARAprodstorage/lz/dc-metro/rg-024/581208/2020-03/581208-omaha-006/581208-omaha-006-100.JPG	 						315	321	2	30.08	80	80	79			oc	cum nim	0				
1873-12-25	4	8.92	-79.52			a		https://s3.amazonaws.com/NARAprodstorage/lz/dc-metro/rg-024/581208/2020-03/581208-omaha-006/581208-omaha-006-100.JPG	https://s3.amazonaws.com/NARAprodstorage/lz/dc-metro/rg-024/581208/2020-03/581208-omaha-006/581208-omaha-006-100.JPG	 						315	321	2	30.08	80	80	79			oc	cum nim	0				
1873-12-25	5	8.92	-79.52			a		https://s3.amazonaws.com/NARAprodstorage/lz/dc-metro/rg-024/581208/2020-03/581208-omaha-006/581208-omaha-006-100.JPG	https://s3.amazonaws.com/NARAprodstorage/lz/dc-metro/rg-024/581208/2020-03/581208-omaha-006/581208-omaha-006-100.JPG	 						315	321	2	30.08	78	78	76			oc	cum nim	0				
1873-12-25	6	8.92	-79.52			a		https://s3.amazonaws.com/NARAprodstorage/lz/dc-metro/rg-024/581208/2020-03/581208-omaha-006/581208-omaha-006-100.JPG	https://s3.amazonaws.com/NARAprodstorage/lz/dc-metro/rg-024/581208/2020-03/581208-omaha-006/581208-omaha-006-100.JPG	 						315	321	5	30.04	78	78	76			bc	cum nim	2				
1873-12-25	7	8.92	-79.52			a		https://s3.amazonaws.com/NARAprodstorage/lz/dc-metro/rg-024/581208/2020-03/581208-omaha-006/581208-omaha-006-100.JPG	https://s3.amazonaws.com/NARAprodstorage/lz/dc-metro/rg-024/581208/2020-03/581208-omaha-006/581208-omaha-006-100.JPG	 						315	321	8	30.04	78	78	76			bc	cum nim	2				
1873-12-25	8	8.92	-79.52			a		https://s3.amazonaws.com/NARAprodstorage/lz/dc-metro/rg-024/581208/2020-03/581208-omaha-006/581208-omaha-006-100.JPG	https://s3.amazonaws.com/NARAprodstorage/lz/dc-metro/rg-024/581208/2020-03/581208-omaha-006/581208-omaha-006-100.JPG	 						315	321	8	30.04	78	79	77			bc	cum nim	4				
1873-12-25	9	8.92	-79.52			a		https://s3.amazonaws.com/NARAprodstorage/lz/dc-metro/rg-024/581208/2020-03/581208-omaha-006/581208-omaha-006-100.JPG	https://s3.amazonaws.com/NARAprodstorage/lz/dc-metro/rg-024/581208/2020-03/581208-omaha-006/581208-omaha-006-100.JPG	 						888	888	2	30.08	81	82	79			bc	cum nim	6				
1873-12-25	10	8.92	-79.52			a		https://s3.amazonaws.com/NARAprodstorage/lz/dc-metro/rg-024/581208/2020-03/581208-omaha-006/581208-omaha-006-100.JPG	https://s3.amazonaws.com/NARAprodstorage/lz/dc-metro/rg-024/581208/2020-03/581208-omaha-006/581208-omaha-006-100.JPG	 						888	888	2	30.08	81	82	79			bc	cum nim	5				
1873-12-25	11	8.92	-79.52			a		https://s3.amazonaws.com/NARAprodstorage/lz/dc-metro/rg-024/581208/2020-03/581208-omaha-006/581208-omaha-006-100.JPG	https://s3.amazonaws.com/NARAprodstorage/lz/dc-metro/rg-024/581208/2020-03/581208-omaha-006/581208-omaha-006-100.JPG	 						0	0	0	30.08	81	82	79			bc	cum nim	5				
1873-12-25	12	8.92	-79.52			a		https://s3.amazonaws.com/NARAprodstorage/lz/dc-metro/rg-024/581208/2020-03/581208-omaha-006/581208-omaha-006-100.JPG	https://s3.amazonaws.com/NARAprodstorage/lz/dc-metro/rg-024/581208/2020-03/581208-omaha-006/581208-omaha-006-100.JPG	Noon: Panama Roads.						0	0	0	30.08	81	82	79			bc	cum nim	7				
1873-12-25	13	8.92	-79.52			a		https://s3.amazonaws.com/NARAprodstorage/lz/dc-metro/rg-024/581208/2020-03/581208-omaha-006/581208-omaha-006-100.JPG	https://s3.amazonaws.com/NARAprodstorage/lz/dc-metro/rg-024/581208/2020-03/581208-omaha-006/581208-omaha-006-100.JPG	 						180	186	2	30.05	81	82	79			bc	cum nim	5				
1873-12-25	14	8.92	-79.52			a		https://s3.amazonaws.com/NARAprodstorage/lz/dc-metro/rg-024/581208/2020-03/581208-omaha-006/581208-omaha-006-100.JPG	https://s3.amazonaws.com/NARAprodstorage/lz/dc-metro/rg-024/581208/2020-03/581208-omaha-006/581208-omaha-006-100.JPG	 						315	321	2	30.05	81	82	79			bc	cum nim	5				
1873-12-25	15	8.92	-79.52			a		https://s3.amazonaws.com/NARAprodstorage/lz/dc-metro/rg-024/581208/2020-03/581208-omaha-006/581208-omaha-006-100.JPG	https://s3.amazonaws.com/NARAprodstorage/lz/dc-metro/rg-024/581208/2020-03/581208-omaha-006/581208-omaha-006-100.JPG	 						180	186	8	30.05	81	82	79			ocr	cum nim	0				
1873-12-25	16	8.92	-79.52			a		https://s3.amazonaws.com/NARAprodstorage/lz/dc-metro/rg-024/581208/2020-03/581208-omaha-006/581208-omaha-006-100.JPG	https://s3.amazonaws.com/NARAprodstorage/lz/dc-metro/rg-024/581208/2020-03/581208-omaha-006/581208-omaha-006-100.JPG	 						315	321	2	30.05	81	82	79			bc	cum nim	2				
1873-12-25	17	8.92	-79.52			a		https://s3.amazonaws.com/NARAprodstorage/lz/dc-metro/rg-024/581208/2020-03/581208-omaha-006/581208-omaha-006-100.JPG	https://s3.amazonaws.com/NARAprodstorage/lz/dc-metro/rg-024/581208/2020-03/581208-omaha-006/581208-omaha-006-100.JPG	 						315	321	5	30.08	81	80	79			bc	cum nim	4				
1873-12-25	18	8.92	-79.52			a		https://s3.amazonaws.com/NARAprodstorage/lz/dc-metro/rg-024/581208/2020-03/581208-omaha-006/581208-omaha-006-100.JPG	https://s3.amazonaws.com/NARAprodstorage/lz/dc-metro/rg-024/581208/2020-03/581208-omaha-006/581208-omaha-006-100.JPG	 						315	321	5	30.08	81	80	79			bc	cum nim	5				
1873-12-25	19	8.92	-79.52			a		https://s3.amazonaws.com/NARAprodstorage/lz/dc-metro/rg-024/581208/2020-03/581208-omaha-006/581208-omaha-006-100.JPG	https://s3.amazonaws.com/NARAprodstorage/lz/dc-metro/rg-024/581208/2020-03/581208-omaha-006/581208-omaha-006-100.JPG	 						315	321	5	30.08	81	80	79			bc	cum nim	5				
1873-12-25	20	8.92	-79.52			a		https://s3.amazonaws.com/NARAprodstorage/lz/dc-metro/rg-024/581208/2020-03/581208-omaha-006/581208-omaha-006-100.JPG	https://s3.amazonaws.com/NARAprodstorage/lz/dc-metro/rg-024/581208/2020-03/581208-omaha-006/581208-omaha-006-100.JPG	 						315	321	5	30.08	81	80	79			bc	cum nim	8				
1873-12-25	21	8.92	-79.52			a		https://s3.amazonaws.com/NARAprodstorage/lz/dc-metro/rg-024/581208/2020-03/581208-omaha-006/581208-omaha-006-100.JPG	https://s3.amazonaws.com/NARAprodstorage/lz/dc-metro/rg-024/581208/2020-03/581208-omaha-006/581208-omaha-006-100.JPG	 						315	321	5	30.12	81	80	78			bc	cum nim	8				
1873-12-25	22	8.92	-79.52			a		https://s3.amazonaws.com/NARAprodstorage/lz/dc-metro/rg-024/581208/2020-03/581208-omaha-006/581208-omaha-006-100.JPG	https://s3.amazonaws.com/NARAprodstorage/lz/dc-metro/rg-024/581208/2020-03/581208-omaha-006/581208-omaha-006-100.JPG	 						315	321	5	30.12	81	80	78			bc	cum nim	8				
1873-12-25	23	8.92	-79.52			a		https://s3.amazonaws.com/NARAprodstorage/lz/dc-metro/rg-024/581208/2020-03/581208-omaha-006/581208-omaha-006-100.JPG	https://s3.amazonaws.com/NARAprodstorage/lz/dc-metro/rg-024/581208/2020-03/581208-omaha-006/581208-omaha-006-100.JPG	 						315	321	8	30.12	81	80	78			bc	cum nim	8				
1873-12-25	24	8.92	-79.52			a		https://s3.amazonaws.com/NARAprodstorage/lz/dc-metro/rg-024/581208/2020-03/581208-omaha-006/581208-omaha-006-100.JPG	https://s3.amazonaws.com/NARAprodstorage/lz/dc-metro/rg-024/581208/2020-03/581208-omaha-006/581208-omaha-006-100.JPG	 						315	321	8	30.12	81	80	78			bc	cum nim	8				
1873-12-26	1	8.92	-79.52			a		https://s3.amazonaws.com/NARAprodstorage/lz/dc-metro/rg-024/581208/2020-03/581208-omaha-006/581208-omaha-006-101.JPG	https://s3.amazonaws.com/NARAprodstorage/lz/dc-metro/rg-024/581208/2020-03/581208-omaha-006/581208-omaha-006-101.JPG	 						315	321	2	30.16	80	80	77	80		bc	cum	8				
1873-12-26	2	8.92	-79.52			a		https://s3.amazonaws.com/NARAprodstorage/lz/dc-metro/rg-024/581208/2020-03/581208-omaha-006/581208-omaha-006-101.JPG	https://s3.amazonaws.com/NARAprodstorage/lz/dc-metro/rg-024/581208/2020-03/581208-omaha-006/581208-omaha-006-101.JPG	 						315	321	5	30.16	80	80	77	80		bc	cum	8				
1873-12-26	3	8.92	-79.52			a		https://s3.amazonaws.com/NARAprodstorage/lz/dc-metro/rg-024/581208/2020-03/581208-omaha-006/581208-omaha-006-101.JPG	https://s3.amazonaws.com/NARAprodstorage/lz/dc-metro/rg-024/581208/2020-03/581208-omaha-006/581208-omaha-006-101.JPG	 						315	321	8	30.16	80	80	77	80		bc	cum	8				
1873-12-26	4	8.92	-79.52			a		https://s3.amazonaws.com/NARAprodstorage/lz/dc-metro/rg-024/581208/2020-03/581208-omaha-006/581208-omaha-006-101.JPG	https://s3.amazonaws.com/NARAprodstorage/lz/dc-metro/rg-024/581208/2020-03/581208-omaha-006/581208-omaha-006-101.JPG	 						315	321	8	30.16	80	80	77	80		bc	cum	8				
1873-12-26	5	8.92	-79.52			a		https://s3.amazonaws.com/NARAprodstorage/lz/dc-metro/rg-024/581208/2020-03/581208-omaha-006/581208-omaha-006-101.JPG	https://s3.amazonaws.com/NARAprodstorage/lz/dc-metro/rg-024/581208/2020-03/581208-omaha-006/581208-omaha-006-101.JPG	 						315	321	5	30.08	80	80	77			bc	cum nim str	3				
1873-12-26	6	8.92	-79.52			a		https://s3.amazonaws.com/NARAprodstorage/lz/dc-metro/rg-024/581208/2020-03/581208-omaha-006/581208-omaha-006-101.JPG	https://s3.amazonaws.com/NARAprodstorage/lz/dc-metro/rg-024/581208/2020-03/581208-omaha-006/581208-omaha-006-101.JPG	 						315	321	5	30.08	80	80	77			bc	cum nim str	3				
1873-12-26	7	8.92	-79.52			a		https://s3.amazonaws.com/NARAprodstorage/lz/dc-metro/rg-024/581208/2020-03/581208-omaha-006/581208-omaha-006-101.JPG	https://s3.amazonaws.com/NARAprodstorage/lz/dc-metro/rg-024/581208/2020-03/581208-omaha-006/581208-omaha-006-101.JPG	 						315	321	5	30.08	80	80	77			bc	cum nim str	5				
1873-12-26	8	8.92	-79.52			a		https://s3.amazonaws.com/NARAprodstorage/lz/dc-metro/rg-024/581208/2020-03/581208-omaha-006/581208-omaha-006-101.JPG	https://s3.amazonaws.com/NARAprodstorage/lz/dc-metro/rg-024/581208/2020-03/581208-omaha-006/581208-omaha-006-101.JPG	 						315	321	5	30.08	80	80	77			bc	cum nim str	8				
1873-12-26	9	8.92	-79.52			a		https://s3.amazonaws.com/NARAprodstorage/lz/dc-metro/rg-024/581208/2020-03/581208-omaha-006/581208-omaha-006-101.JPG	https://s3.amazonaws.com/NARAprodstorage/lz/dc-metro/rg-024/581208/2020-03/581208-omaha-006/581208-omaha-006-101.JPG	 						0	0	0	30.08	81	81	77			bc	cum nim	6				
1873-12-26	10	8.92	-79.52			a		https://s3.amazonaws.com/NARAprodstorage/lz/dc-metro/rg-024/581208/2020-03/581208-omaha-006/581208-omaha-006-101.JPG	https://s3.amazonaws.com/NARAprodstorage/lz/dc-metro/rg-024/581208/2020-03/581208-omaha-006/581208-omaha-006-101.JPG	 						315	321	5	30.08	81	82	78			bc	cum nim	6				
1873-12-26	11	8.92	-79.52			a		https://s3.amazonaws.com/NARAprodstorage/lz/dc-metro/rg-024/581208/2020-03/581208-omaha-006/581208-omaha-006-101.JPG	https://s3.amazonaws.com/NARAprodstorage/lz/dc-metro/rg-024/581208/2020-03/581208-omaha-006/581208-omaha-006-101.JPG	 						315	321	5	30.08	82	83	78			bc	cum nim	6				
1873-12-26	12	8.92	-79.52			a		https://s3.amazonaws.com/NARAprodstorage/lz/dc-metro/rg-024/581208/2020-03/581208-omaha-006/581208-omaha-006-101.JPG	https://s3.amazonaws.com/NARAprodstorage/lz/dc-metro/rg-024/581208/2020-03/581208-omaha-006/581208-omaha-006-101.JPG	Noon: Panama Roads.						315	321	5	30.08	82	84	77			bc	cum nim	6				
1873-12-26	13	8.92	-79.52			a		https://s3.amazonaws.com/NARAprodstorage/lz/dc-metro/rg-024/581208/2020-03/581208-omaha-006/581208-omaha-006-101.JPG	https://s3.amazonaws.com/NARAprodstorage/lz/dc-metro/rg-024/581208/2020-03/581208-omaha-006/581208-omaha-006-101.JPG	 						315	321	5	30.06	83	84	80	80		bc	cum	8				
1873-12-26	14	8.92	-79.52			a		https://s3.amazonaws.com/NARAprodstorage/lz/dc-metro/rg-024/581208/2020-03/581208-omaha-006/581208-omaha-006-101.JPG	https://s3.amazonaws.com/NARAprodstorage/lz/dc-metro/rg-024/581208/2020-03/581208-omaha-006/581208-omaha-006-101.JPG	 						315	321	2	30.06	83	84	80	80		bc	cum	8				
1873-12-26	15	8.92	-79.52			a		https://s3.amazonaws.com/NARAprodstorage/lz/dc-metro/rg-024/581208/2020-03/581208-omaha-006/581208-omaha-006-101.JPG	https://s3.amazonaws.com/NARAprodstorage/lz/dc-metro/rg-024/581208/2020-03/581208-omaha-006/581208-omaha-006-101.JPG	 						888	888	2	30.06	83	84	80	80		bc	cum	8				
1873-12-26	16	8.92	-79.52			a		https://s3.amazonaws.com/NARAprodstorage/lz/dc-metro/rg-024/581208/2020-03/581208-omaha-006/581208-omaha-006-101.JPG	https://s3.amazonaws.com/NARAprodstorage/lz/dc-metro/rg-024/581208/2020-03/581208-omaha-006/581208-omaha-006-101.JPG	 						0	0	0	30	83	83	80	80		bc	cum	8				
1873-12-26	17	8.92	-79.52			a		https://s3.amazonaws.com/NARAprodstorage/lz/dc-metro/rg-024/581208/2020-03/581208-omaha-006/581208-omaha-006-101.JPG	https://s3.amazonaws.com/NARAprodstorage/lz/dc-metro/rg-024/581208/2020-03/581208-omaha-006/581208-omaha-006-101.JPG	 						315	321	2	30	83	83	80			bc	cum	9				
1873-12-26	18	8.92	-79.52			a		https://s3.amazonaws.com/NARAprodstorage/lz/dc-metro/rg-024/581208/2020-03/581208-omaha-006/581208-omaha-006-101.JPG	https://s3.amazonaws.com/NARAprodstorage/lz/dc-metro/rg-024/581208/2020-03/581208-omaha-006/581208-omaha-006-101.JPG	 						315	321	5	30	83	82	79			bc	cum	9				
1873-12-26	19	8.92	-79.52			a		https://s3.amazonaws.com/NARAprodstorage/lz/dc-metro/rg-024/581208/2020-03/581208-omaha-006/581208-omaha-006-101.JPG	https://s3.amazonaws.com/NARAprodstorage/lz/dc-metro/rg-024/581208/2020-03/581208-omaha-006/581208-omaha-006-101.JPG	 						315	321	5	30	82	82	79			b	none	10				
1873-12-26	20	8.92	-79.52			a		https://s3.amazonaws.com/NARAprodstorage/lz/dc-metro/rg-024/581208/2020-03/581208-omaha-006/581208-omaha-006-101.JPG	https://s3.amazonaws.com/NARAprodstorage/lz/dc-metro/rg-024/581208/2020-03/581208-omaha-006/581208-omaha-006-101.JPG	 						315	321	8	30	82	82	79			b	none	10				
1873-12-26	21	8.92	-79.52			a		https://s3.amazonaws.com/NARAprodstorage/lz/dc-metro/rg-024/581208/2020-03/581208-omaha-006/581208-omaha-006-101.JPG	https://s3.amazonaws.com/NARAprodstorage/lz/dc-metro/rg-024/581208/2020-03/581208-omaha-006/581208-omaha-006-101.JPG	 						315	321	5	30	82	82	79			bc	cum	9				
1873-12-26	22	8.92	-79.52			a		https://s3.amazonaws.com/NARAprodstorage/lz/dc-metro/rg-024/581208/2020-03/581208-omaha-006/581208-omaha-006-101.JPG	https://s3.amazonaws.com/NARAprodstorage/lz/dc-metro/rg-024/581208/2020-03/581208-omaha-006/581208-omaha-006-101.JPG	 						315	321	5	30	82	82	79			bc	cum	9				
1873-12-26	23	8.92	-79.52			a		https://s3.amazonaws.com/NARAprodstorage/lz/dc-metro/rg-024/581208/2020-03/581208-omaha-006/581208-omaha-006-101.JPG	https://s3.amazonaws.com/NARAprodstorage/lz/dc-metro/rg-024/581208/2020-03/581208-omaha-006/581208-omaha-006-101.JPG	 						315	321	8	30	80	82	76			bc	cum	9				
1873-12-26	24	8.92	-79.52			a		https://s3.amazonaws.com/NARAprodstorage/lz/dc-metro/rg-024/581208/2020-03/581208-omaha-006/581208-omaha-006-101.JPG	https://s3.amazonaws.com/NARAprodstorage/lz/dc-metro/rg-024/581208/2020-03/581208-omaha-006/581208-omaha-006-101.JPG	 						315	321	8	30.06	80	80	76			bc	cum	9				
1873-12-27	1	8.92	-79.52			a		https://s3.amazonaws.com/NARAprodstorage/lz/dc-metro/rg-024/581208/2020-03/581208-omaha-006/581208-omaha-006-102.JPG	https://s3.amazonaws.com/NARAprodstorage/lz/dc-metro/rg-024/581208/2020-03/581208-omaha-006/581208-omaha-006-102.JPG	 						315	321	8	30.1	80	80	76			bc	cum	9				
1873-12-27	2	8.92	-79.52			a		https://s3.amazonaws.com/NARAprodstorage/lz/dc-metro/rg-024/581208/2020-03/581208-omaha-006/581208-omaha-006-102.JPG	https://s3.amazonaws.com/NARAprodstorage/lz/dc-metro/rg-024/581208/2020-03/581208-omaha-006/581208-omaha-006-102.JPG	 						315	321	8	30.1	80	80	76			bc	cum	9				
1873-12-27	3	8.92	-79.52			a		https://s3.amazonaws.com/NARAprodstorage/lz/dc-metro/rg-024/581208/2020-03/581208-omaha-006/581208-omaha-006-102.JPG	https://s3.amazonaws.com/NARAprodstorage/lz/dc-metro/rg-024/581208/2020-03/581208-omaha-006/581208-omaha-006-102.JPG	 						315	321	8	30.1	80	80	76			bc	cum	9				
1873-12-27	4	8.92	-79.52			a		https://s3.amazonaws.com/NARAprodstorage/lz/dc-metro/rg-024/581208/2020-03/581208-omaha-006/581208-omaha-006-102.JPG	https://s3.amazonaws.com/NARAprodstorage/lz/dc-metro/rg-024/581208/2020-03/581208-omaha-006/581208-omaha-006-102.JPG	 						315	321	8	30.1	80	80	76			bc	cum	9				
1873-12-27	5	8.92	-79.52			a		https://s3.amazonaws.com/NARAprodstorage/lz/dc-metro/rg-024/581208/2020-03/581208-omaha-006/581208-omaha-006-102.JPG	https://s3.amazonaws.com/NARAprodstorage/lz/dc-metro/rg-024/581208/2020-03/581208-omaha-006/581208-omaha-006-102.JPG	 						315	321	8	30.08	79	80	77			bc	nim cum	5				
1873-12-27	6	8.92	-79.52			a		https://s3.amazonaws.com/NARAprodstorage/lz/dc-metro/rg-024/581208/2020-03/581208-omaha-006/581208-omaha-006-102.JPG	https://s3.amazonaws.com/NARAprodstorage/lz/dc-metro/rg-024/581208/2020-03/581208-omaha-006/581208-omaha-006-102.JPG	 						315	321	5	30.08	79	80	77			bc	nim cum	5				
1873-12-27	7	8.92	-79.52			a		https://s3.amazonaws.com/NARAprodstorage/lz/dc-metro/rg-024/581208/2020-03/581208-omaha-006/581208-omaha-006-102.JPG	https://s3.amazonaws.com/NARAprodstorage/lz/dc-metro/rg-024/581208/2020-03/581208-omaha-006/581208-omaha-006-102.JPG	 						315	321	5	30.1	79	80	77			bc	cir cum	7				
1873-12-27	8	8.92	-79.52			a		https://s3.amazonaws.com/NARAprodstorage/lz/dc-metro/rg-024/581208/2020-03/581208-omaha-006/581208-omaha-006-102.JPG	https://s3.amazonaws.com/NARAprodstorage/lz/dc-metro/rg-024/581208/2020-03/581208-omaha-006/581208-omaha-006-102.JPG	 						315	321	5	30.12	79	80	77			bc	cir cum	7				
1873-12-27	9	8.92	-79.52			a		https://s3.amazonaws.com/NARAprodstorage/lz/dc-metro/rg-024/581208/2020-03/581208-omaha-006/581208-omaha-006-102.JPG	https://s3.amazonaws.com/NARAprodstorage/lz/dc-metro/rg-024/581208/2020-03/581208-omaha-006/581208-omaha-006-102.JPG	 						360	6	8	30.12	79	86	77			bc	cirrus	6				
1873-12-27	10	8.92	-79.52			a		https://s3.amazonaws.com/NARAprodstorage/lz/dc-metro/rg-024/581208/2020-03/581208-omaha-006/581208-omaha-006-102.JPG	https://s3.amazonaws.com/NARAprodstorage/lz/dc-metro/rg-024/581208/2020-03/581208-omaha-006/581208-omaha-006-102.JPG	 						360	6	8	30.12	80	86	77			bc	cirrus	6				
1873-12-27	11	8.92	-79.52			a		https://s3.amazonaws.com/NARAprodstorage/lz/dc-metro/rg-024/581208/2020-03/581208-omaha-006/581208-omaha-006-102.JPG	https://s3.amazonaws.com/NARAprodstorage/lz/dc-metro/rg-024/581208/2020-03/581208-omaha-006/581208-omaha-006-102.JPG	 						11	17	13	30.12	83	83	77			bc	cirrus	6				
1873-12-27	12	8.92	-79.52			a		https://s3.amazonaws.com/NARAprodstorage/lz/dc-metro/rg-024/581208/2020-03/581208-omaha-006/581208-omaha-006-102.JPG	https://s3.amazonaws.com/NARAprodstorage/lz/dc-metro/rg-024/581208/2020-03/581208-omaha-006/581208-omaha-006-102.JPG	Noon: Panama Roads.						11	17	8	30.1	83	83	77			bc	cirrus	6				
1873-12-27	13	8.92	-79.52			a		https://s3.amazonaws.com/NARAprodstorage/lz/dc-metro/rg-024/581208/2020-03/581208-omaha-006/581208-omaha-006-102.JPG	https://s3.amazonaws.com/NARAprodstorage/lz/dc-metro/rg-024/581208/2020-03/581208-omaha-006/581208-omaha-006-102.JPG	 						360	6	5	30.1	85	85	78			bc	cum	6				
1873-12-27	14	8.92	-79.52			a		https://s3.amazonaws.com/NARAprodstorage/lz/dc-metro/rg-024/581208/2020-03/581208-omaha-006/581208-omaha-006-102.JPG	https://s3.amazonaws.com/NARAprodstorage/lz/dc-metro/rg-024/581208/2020-03/581208-omaha-006/581208-omaha-006-102.JPG	 						360	6	5	30.1	85	85	78			bc	cum	6				
1873-12-27	15	8.92	-79.52			a		https://s3.amazonaws.com/NARAprodstorage/lz/dc-metro/rg-024/581208/2020-03/581208-omaha-006/581208-omaha-006-102.JPG	https://s3.amazonaws.com/NARAprodstorage/lz/dc-metro/rg-024/581208/2020-03/581208-omaha-006/581208-omaha-006-102.JPG	 						360	6	5	30.1	85	86	80			bc	cum	8				
1873-12-27	16	8.92	-79.52			a		https://s3.amazonaws.com/NARAprodstorage/lz/dc-metro/rg-024/581208/2020-03/581208-omaha-006/581208-omaha-006-102.JPG	https://s3.amazonaws.com/NARAprodstorage/lz/dc-metro/rg-024/581208/2020-03/581208-omaha-006/581208-omaha-006-102.JPG	 						360	6	5	30.1	85	86	80			bc	cum	7				
1873-12-27	17	8.92	-79.52			a		https://s3.amazonaws.com/NARAprodstorage/lz/dc-metro/rg-024/581208/2020-03/581208-omaha-006/581208-omaha-006-102.JPG	https://s3.amazonaws.com/NARAprodstorage/lz/dc-metro/rg-024/581208/2020-03/581208-omaha-006/581208-omaha-006-102.JPG	 						360	6	5	30.1	83	83	78			bc	cum	8				
1873-12-27	18	8.92	-79.52			a		https://s3.amazonaws.com/NARAprodstorage/lz/dc-metro/rg-024/581208/2020-03/581208-omaha-006/581208-omaha-006-102.JPG	https://s3.amazonaws.com/NARAprodstorage/lz/dc-metro/rg-024/581208/2020-03/581208-omaha-006/581208-omaha-006-102.JPG	 						360	6	5	30.1	83	83	78			bc	cum	8				
1873-12-27	19	8.92	-79.52			a		https://s3.amazonaws.com/NARAprodstorage/lz/dc-metro/rg-024/581208/2020-03/581208-omaha-006/581208-omaha-006-102.JPG	https://s3.amazonaws.com/NARAprodstorage/lz/dc-metro/rg-024/581208/2020-03/581208-omaha-006/581208-omaha-006-102.JPG	 						360	6	5	30.1	83	82	78			bc	cum	8				
1873-12-27	20	8.92	-79.52			a		https://s3.amazonaws.com/NARAprodstorage/lz/dc-metro/rg-024/581208/2020-03/581208-omaha-006/581208-omaha-006-102.JPG	https://s3.amazonaws.com/NARAprodstorage/lz/dc-metro/rg-024/581208/2020-03/581208-omaha-006/581208-omaha-006-102.JPG	 						360	6	5	30.11	82	82	77			b	none	10				
1873-12-27	21	8.92	-79.52			a		https://s3.amazonaws.com/NARAprodstorage/lz/dc-metro/rg-024/581208/2020-03/581208-omaha-006/581208-omaha-006-102.JPG	https://s3.amazonaws.com/NARAprodstorage/lz/dc-metro/rg-024/581208/2020-03/581208-omaha-006/581208-omaha-006-102.JPG	 						315	321	5	30.12	81	80	76			bc	cum	8				
1873-12-27	22	8.92	-79.52			a		https://s3.amazonaws.com/NARAprodstorage/lz/dc-metro/rg-024/581208/2020-03/581208-omaha-006/581208-omaha-006-102.JPG	https://s3.amazonaws.com/NARAprodstorage/lz/dc-metro/rg-024/581208/2020-03/581208-omaha-006/581208-omaha-006-102.JPG	 						315	321	2	30.12	80	80	76			bc	cum	8				
1873-12-27	23	8.92	-79.52			a		https://s3.amazonaws.com/NARAprodstorage/lz/dc-metro/rg-024/581208/2020-03/581208-omaha-006/581208-omaha-006-102.JPG	https://s3.amazonaws.com/NARAprodstorage/lz/dc-metro/rg-024/581208/2020-03/581208-omaha-006/581208-omaha-006-102.JPG	 						315	321	2	30.12	80	78	75			bc	cum	8				
1873-12-27	24	8.92	-79.52			a		https://s3.amazonaws.com/NARAprodstorage/lz/dc-metro/rg-024/581208/2020-03/581208-omaha-006/581208-omaha-006-102.JPG	https://s3.amazonaws.com/NARAprodstorage/lz/dc-metro/rg-024/581208/2020-03/581208-omaha-006/581208-omaha-006-102.JPG	 						315	321	2	30.12	80	78	75			bc	cum	8				
1873-12-28	1	8.92	-79.52			a		https://s3.amazonaws.com/NARAprodstorage/lz/dc-metro/rg-024/581208/2020-03/581208-omaha-006/581208-omaha-006-103.JPG	https://s3.amazonaws.com/NARAprodstorage/lz/dc-metro/rg-024/581208/2020-03/581208-omaha-006/581208-omaha-006-103.JPG	 						315	321	8	30.14	79	78	76			b	none	10				
1873-12-28	2	8.92	-79.52			a		https://s3.amazonaws.com/NARAprodstorage/lz/dc-metro/rg-024/581208/2020-03/581208-omaha-006/581208-omaha-006-103.JPG	https://s3.amazonaws.com/NARAprodstorage/lz/dc-metro/rg-024/581208/2020-03/581208-omaha-006/581208-omaha-006-103.JPG	 						315	321	8	30.14	79	78	76			b	none	10				
1873-12-28	3	8.92	-79.52			a		https://s3.amazonaws.com/NARAprodstorage/lz/dc-metro/rg-024/581208/2020-03/581208-omaha-006/581208-omaha-006-103.JPG	https://s3.amazonaws.com/NARAprodstorage/lz/dc-metro/rg-024/581208/2020-03/581208-omaha-006/581208-omaha-006-103.JPG	 						315	321	5	30.14	79	78	76			b	none	10				
1873-12-28	4	8.92	-79.52			a		https://s3.amazonaws.com/NARAprodstorage/lz/dc-metro/rg-024/581208/2020-03/581208-omaha-006/581208-omaha-006-103.JPG	https://s3.amazonaws.com/NARAprodstorage/lz/dc-metro/rg-024/581208/2020-03/581208-omaha-006/581208-omaha-006-103.JPG	 						315	321	5	30.14	79	78	76			b	none	10				
1873-12-28	5	8.92	-79.52			a		https://s3.amazonaws.com/NARAprodstorage/lz/dc-metro/rg-024/581208/2020-03/581208-omaha-006/581208-omaha-006-103.JPG	https://s3.amazonaws.com/NARAprodstorage/lz/dc-metro/rg-024/581208/2020-03/581208-omaha-006/581208-omaha-006-103.JPG	 						315	321	5	30.14	79	78	76			bc	cum	9				
1873-12-28	6	8.92	-79.52			a		https://s3.amazonaws.com/NARAprodstorage/lz/dc-metro/rg-024/581208/2020-03/581208-omaha-006/581208-omaha-006-103.JPG	https://s3.amazonaws.com/NARAprodstorage/lz/dc-metro/rg-024/581208/2020-03/581208-omaha-006/581208-omaha-006-103.JPG	 						315	321	5	30.14	79	78	76			bc	cum	9				
1873-12-28	7	8.92	-79.52			a		https://s3.amazonaws.com/NARAprodstorage/lz/dc-metro/rg-024/581208/2020-03/581208-omaha-006/581208-omaha-006-103.JPG	https://s3.amazonaws.com/NARAprodstorage/lz/dc-metro/rg-024/581208/2020-03/581208-omaha-006/581208-omaha-006-103.JPG	 						315	321	5	30.14	80	80	76			bc	cum	9				
1873-12-28	8	8.92	-79.52			a		https://s3.amazonaws.com/NARAprodstorage/lz/dc-metro/rg-024/581208/2020-03/581208-omaha-006/581208-omaha-006-103.JPG	https://s3.amazonaws.com/NARAprodstorage/lz/dc-metro/rg-024/581208/2020-03/581208-omaha-006/581208-omaha-006-103.JPG	 						315	321	5	30.14	80	80	76			bc	cum	9				
1873-12-28	9	8.92	-79.52			a		https://s3.amazonaws.com/NARAprodstorage/lz/dc-metro/rg-024/581208/2020-03/581208-omaha-006/581208-omaha-006-103.JPG	https://s3.amazonaws.com/NARAprodstorage/lz/dc-metro/rg-024/581208/2020-03/581208-omaha-006/581208-omaha-006-103.JPG	 						315	321	8	30.18	82	82	76			bc	cum	6				
1873-12-28	10	8.92	-79.52			a		https://s3.amazonaws.com/NARAprodstorage/lz/dc-metro/rg-024/581208/2020-03/581208-omaha-006/581208-omaha-006-103.JPG	https://s3.amazonaws.com/NARAprodstorage/lz/dc-metro/rg-024/581208/2020-03/581208-omaha-006/581208-omaha-006-103.JPG	 						315	321	13	30.18	82	82	76			bc	cum	6				
1873-12-28	11	8.92	-79.52			a		https://s3.amazonaws.com/NARAprodstorage/lz/dc-metro/rg-024/581208/2020-03/581208-omaha-006/581208-omaha-006-103.JPG	https://s3.amazonaws.com/NARAprodstorage/lz/dc-metro/rg-024/581208/2020-03/581208-omaha-006/581208-omaha-006-103.JPG	 						315	321	13	30.18	82	84	76			bc	cum	6				
1873-12-28	12	8.92	-79.52			a		https://s3.amazonaws.com/NARAprodstorage/lz/dc-metro/rg-024/581208/2020-03/581208-omaha-006/581208-omaha-006-103.JPG	https://s3.amazonaws.com/NARAprodstorage/lz/dc-metro/rg-024/581208/2020-03/581208-omaha-006/581208-omaha-006-103.JPG	Noon: Panama Roads.						315	321	8	30.18	82	84	76			bc	cum	4				
1873-12-28	13	8.92	-79.52			a		https://s3.amazonaws.com/NARAprodstorage/lz/dc-metro/rg-024/581208/2020-03/581208-omaha-006/581208-omaha-006-103.JPG	https://s3.amazonaws.com/NARAprodstorage/lz/dc-metro/rg-024/581208/2020-03/581208-omaha-006/581208-omaha-006-103.JPG	 						315	321	13	30.16	85	87	79			bc	cum	7				
1873-12-28	14	8.92	-79.52			a		https://s3.amazonaws.com/NARAprodstorage/lz/dc-metro/rg-024/581208/2020-03/581208-omaha-006/581208-omaha-006-103.JPG	https://s3.amazonaws.com/NARAprodstorage/lz/dc-metro/rg-024/581208/2020-03/581208-omaha-006/581208-omaha-006-103.JPG	 						315	321	13	30.14	85	87	79			bc	cum	7				
1873-12-28	15	8.92	-79.52			a		https://s3.amazonaws.com/NARAprodstorage/lz/dc-metro/rg-024/581208/2020-03/581208-omaha-006/581208-omaha-006-103.JPG	https://s3.amazonaws.com/NARAprodstorage/lz/dc-metro/rg-024/581208/2020-03/581208-omaha-006/581208-omaha-006-103.JPG	 						315	321	13	30.13	85	87	79			bc	cum	8				
1873-12-28	16	8.92	-79.52			a		https://s3.amazonaws.com/NARAprodstorage/lz/dc-metro/rg-024/581208/2020-03/581208-omaha-006/581208-omaha-006-103.JPG	https://s3.amazonaws.com/NARAprodstorage/lz/dc-metro/rg-024/581208/2020-03/581208-omaha-006/581208-omaha-006-103.JPG	 						315	321	13	30.13	85	87	79			bc	cum	8				
1873-12-28	17	8.92	-79.52			a		https://s3.amazonaws.com/NARAprodstorage/lz/dc-metro/rg-024/581208/2020-03/581208-omaha-006/581208-omaha-006-103.JPG	https://s3.amazonaws.com/NARAprodstorage/lz/dc-metro/rg-024/581208/2020-03/581208-omaha-006/581208-omaha-006-103.JPG	 						315	321	8	30.13	85	87	79			bc	cum	9				
1873-12-28	18	8.92	-79.52			a		https://s3.amazonaws.com/NARAprodstorage/lz/dc-metro/rg-024/581208/2020-03/581208-omaha-006/581208-omaha-006-103.JPG	https://s3.amazonaws.com/NARAprodstorage/lz/dc-metro/rg-024/581208/2020-03/581208-omaha-006/581208-omaha-006-103.JPG	 						315	321	8	30.13	82	86	78			bc	cum	9				
1873-12-28	19	8.92	-79.52			a		https://s3.amazonaws.com/NARAprodstorage/lz/dc-metro/rg-024/581208/2020-03/581208-omaha-006/581208-omaha-006-103.JPG	https://s3.amazonaws.com/NARAprodstorage/lz/dc-metro/rg-024/581208/2020-03/581208-omaha-006/581208-omaha-006-103.JPG	 						315	321	8	30.13	82	86	78			bc	cum	9				
1873-12-28	20	8.92	-79.52			a		https://s3.amazonaws.com/NARAprodstorage/lz/dc-metro/rg-024/581208/2020-03/581208-omaha-006/581208-omaha-006-103.JPG	https://s3.amazonaws.com/NARAprodstorage/lz/dc-metro/rg-024/581208/2020-03/581208-omaha-006/581208-omaha-006-103.JPG	 						315	321	8	30.13	81	85	76			bc	cum	9				
1873-12-28	21	8.92	-79.52			a		https://s3.amazonaws.com/NARAprodstorage/lz/dc-metro/rg-024/581208/2020-03/581208-omaha-006/581208-omaha-006-103.JPG	https://s3.amazonaws.com/NARAprodstorage/lz/dc-metro/rg-024/581208/2020-03/581208-omaha-006/581208-omaha-006-103.JPG	 						315	321	8	30.14	80	80	76			b	none	10				
1873-12-28	22	8.92	-79.52			a		https://s3.amazonaws.com/NARAprodstorage/lz/dc-metro/rg-024/581208/2020-03/581208-omaha-006/581208-omaha-006-103.JPG	https://s3.amazonaws.com/NARAprodstorage/lz/dc-metro/rg-024/581208/2020-03/581208-omaha-006/581208-omaha-006-103.JPG	 						315	321	8	30.16	80	80	76			b	none	10				
1873-12-28	23	8.92	-79.52			a		https://s3.amazonaws.com/NARAprodstorage/lz/dc-metro/rg-024/581208/2020-03/581208-omaha-006/581208-omaha-006-103.JPG	https://s3.amazonaws.com/NARAprodstorage/lz/dc-metro/rg-024/581208/2020-03/581208-omaha-006/581208-omaha-006-103.JPG	 						315	321	8	30.16	80	80	76			b	none	10				
1873-12-28	24	8.92	-79.52			a		https://s3.amazonaws.com/NARAprodstorage/lz/dc-metro/rg-024/581208/2020-03/581208-omaha-006/581208-omaha-006-103.JPG	https://s3.amazonaws.com/NARAprodstorage/lz/dc-metro/rg-024/581208/2020-03/581208-omaha-006/581208-omaha-006-103.JPG	 						315	321	19	30.16	80	80	76			b	none	10				
1873-12-29	1	8.92	-79.52			a		https://s3.amazonaws.com/NARAprodstorage/lz/dc-metro/rg-024/581208/2020-03/581208-omaha-006/581208-omaha-006-104.JPG	https://s3.amazonaws.com/NARAprodstorage/lz/dc-metro/rg-024/581208/2020-03/581208-omaha-006/581208-omaha-006-104.JPG	 						315	321	5	30.12	80	80	78			bc	cum nim	7				
1873-12-29	2	8.92	-79.52			a		https://s3.amazonaws.com/NARAprodstorage/lz/dc-metro/rg-024/581208/2020-03/581208-omaha-006/581208-omaha-006-104.JPG	https://s3.amazonaws.com/NARAprodstorage/lz/dc-metro/rg-024/581208/2020-03/581208-omaha-006/581208-omaha-006-104.JPG	 						315	321	5	30.12	80	80	78			bc	cum nim	7				
1873-12-29	3	8.92	-79.52			a		https://s3.amazonaws.com/NARAprodstorage/lz/dc-metro/rg-024/581208/2020-03/581208-omaha-006/581208-omaha-006-104.JPG	https://s3.amazonaws.com/NARAprodstorage/lz/dc-metro/rg-024/581208/2020-03/581208-omaha-006/581208-omaha-006-104.JPG	 						315	321	5	30.12	79	80	77			bc	cum nim	7				
1873-12-29	4	8.92	-79.52			a		https://s3.amazonaws.com/NARAprodstorage/lz/dc-metro/rg-024/581208/2020-03/581208-omaha-006/581208-omaha-006-104.JPG	https://s3.amazonaws.com/NARAprodstorage/lz/dc-metro/rg-024/581208/2020-03/581208-omaha-006/581208-omaha-006-104.JPG	 						315	321	5	30.12	79	80	77			bc	cum nim	7				
1873-12-29	5	8.92	-79.52			a		https://s3.amazonaws.com/NARAprodstorage/lz/dc-metro/rg-024/581208/2020-03/581208-omaha-006/581208-omaha-006-104.JPG	https://s3.amazonaws.com/NARAprodstorage/lz/dc-metro/rg-024/581208/2020-03/581208-omaha-006/581208-omaha-006-104.JPG	 						315	321	2	30.12	79	80	77			bc	cir cum	8				
1873-12-29	6	8.92	-79.52			a		https://s3.amazonaws.com/NARAprodstorage/lz/dc-metro/rg-024/581208/2020-03/581208-omaha-006/581208-omaha-006-104.JPG	https://s3.amazonaws.com/NARAprodstorage/lz/dc-metro/rg-024/581208/2020-03/581208-omaha-006/581208-omaha-006-104.JPG	 						315	321	2	30.14	79	80	77			bc	cir cum	8				
1873-12-29	7	8.92	-79.52			a		https://s3.amazonaws.com/NARAprodstorage/lz/dc-metro/rg-024/581208/2020-03/581208-omaha-006/581208-omaha-006-104.JPG	https://s3.amazonaws.com/NARAprodstorage/lz/dc-metro/rg-024/581208/2020-03/581208-omaha-006/581208-omaha-006-104.JPG	 						315	321	2	30.14	79	80	77			bc	cir cum	8				
1873-12-29	8	8.92	-79.52			a		https://s3.amazonaws.com/NARAprodstorage/lz/dc-metro/rg-024/581208/2020-03/581208-omaha-006/581208-omaha-006-104.JPG	https://s3.amazonaws.com/NARAprodstorage/lz/dc-metro/rg-024/581208/2020-03/581208-omaha-006/581208-omaha-006-104.JPG	 						315	321	2	30.16	80	80	77			bc	cir cum	8				
1873-12-29	9	8.92	-79.52			a		https://s3.amazonaws.com/NARAprodstorage/lz/dc-metro/rg-024/581208/2020-03/581208-omaha-006/581208-omaha-006-104.JPG	https://s3.amazonaws.com/NARAprodstorage/lz/dc-metro/rg-024/581208/2020-03/581208-omaha-006/581208-omaha-006-104.JPG	 						45	51	5	30.16	83	84	78			bc	cum	9				
1873-12-29	10	8.92	-79.52			a		https://s3.amazonaws.com/NARAprodstorage/lz/dc-metro/rg-024/581208/2020-03/581208-omaha-006/581208-omaha-006-104.JPG	https://s3.amazonaws.com/NARAprodstorage/lz/dc-metro/rg-024/581208/2020-03/581208-omaha-006/581208-omaha-006-104.JPG	 						45	51	8	30.16	83	84	78			bc	cum	9				
1873-12-29	11	8.92	-79.52			a		https://s3.amazonaws.com/NARAprodstorage/lz/dc-metro/rg-024/581208/2020-03/581208-omaha-006/581208-omaha-006-104.JPG	https://s3.amazonaws.com/NARAprodstorage/lz/dc-metro/rg-024/581208/2020-03/581208-omaha-006/581208-omaha-006-104.JPG	 						45	51	8	30.16	83	84	78			bc	cum	8				
1873-12-29	12	8.92	-79.52			a		https://s3.amazonaws.com/NARAprodstorage/lz/dc-metro/rg-024/581208/2020-03/581208-omaha-006/581208-omaha-006-104.JPG	https://s3.amazonaws.com/NARAprodstorage/lz/dc-metro/rg-024/581208/2020-03/581208-omaha-006/581208-omaha-006-104.JPG	Noon: Panama Roads.						45	51	13	30.16	83	84	78			bc	cum					
1873-12-29	13	8.92	-79.52			a		https://s3.amazonaws.com/NARAprodstorage/lz/dc-metro/rg-024/581208/2020-03/581208-omaha-006/581208-omaha-006-104.JPG	https://s3.amazonaws.com/NARAprodstorage/lz/dc-metro/rg-024/581208/2020-03/581208-omaha-006/581208-omaha-006-104.JPG	 						45	51	8	30.14	83	84	79			bc	cir cum nim	5				
1873-12-29	14	8.92	-79.52			a		https://s3.amazonaws.com/NARAprodstorage/lz/dc-metro/rg-024/581208/2020-03/581208-omaha-006/581208-omaha-006-104.JPG	https://s3.amazonaws.com/NARAprodstorage/lz/dc-metro/rg-024/581208/2020-03/581208-omaha-006/581208-omaha-006-104.JPG	 						45	51	8	30.14	83	85	80			bc	cir cum nim	5				
1873-12-29	15	8.92	-79.52			a		https://s3.amazonaws.com/NARAprodstorage/lz/dc-metro/rg-024/581208/2020-03/581208-omaha-006/581208-omaha-006-104.JPG	https://s3.amazonaws.com/NARAprodstorage/lz/dc-metro/rg-024/581208/2020-03/581208-omaha-006/581208-omaha-006-104.JPG	 						45	51	8	30.12	84	85	81			bc	cir cum nim	5				
1873-12-29	16	8.92	-79.52			a		https://s3.amazonaws.com/NARAprodstorage/lz/dc-metro/rg-024/581208/2020-03/581208-omaha-006/581208-omaha-006-104.JPG	https://s3.amazonaws.com/NARAprodstorage/lz/dc-metro/rg-024/581208/2020-03/581208-omaha-006/581208-omaha-006-104.JPG	 						45	51	8	30.1	85	86	82			bc	cir cum nim	6				
1873-12-29	17	8.92	-79.52			a		https://s3.amazonaws.com/NARAprodstorage/lz/dc-metro/rg-024/581208/2020-03/581208-omaha-006/581208-omaha-006-104.JPG	https://s3.amazonaws.com/NARAprodstorage/lz/dc-metro/rg-024/581208/2020-03/581208-omaha-006/581208-omaha-006-104.JPG	 						45	51	8	30.1	81	81	78			bc	cum	7				
1873-12-29	18	8.92	-79.52			a		https://s3.amazonaws.com/NARAprodstorage/lz/dc-metro/rg-024/581208/2020-03/581208-omaha-006/581208-omaha-006-104.JPG	https://s3.amazonaws.com/NARAprodstorage/lz/dc-metro/rg-024/581208/2020-03/581208-omaha-006/581208-omaha-006-104.JPG	 						45	51	8	30.1	81	81	78			bc	cum	8				
1873-12-29	19	8.92	-79.52			a		https://s3.amazonaws.com/NARAprodstorage/lz/dc-metro/rg-024/581208/2020-03/581208-omaha-006/581208-omaha-006-104.JPG	https://s3.amazonaws.com/NARAprodstorage/lz/dc-metro/rg-024/581208/2020-03/581208-omaha-006/581208-omaha-006-104.JPG	 						45	51	8	30.1	81	81	78			bc	cum	8				
1873-12-29	20	8.92	-79.52			a		https://s3.amazonaws.com/NARAprodstorage/lz/dc-metro/rg-024/581208/2020-03/581208-omaha-006/581208-omaha-006-104.JPG	https://s3.amazonaws.com/NARAprodstorage/lz/dc-metro/rg-024/581208/2020-03/581208-omaha-006/581208-omaha-006-104.JPG	 						45	51	8	30.1	81	81	78			bc	cum	8				
1873-12-29	21	8.92	-79.52			a		https://s3.amazonaws.com/NARAprodstorage/lz/dc-metro/rg-024/581208/2020-03/581208-omaha-006/581208-omaha-006-104.JPG	https://s3.amazonaws.com/NARAprodstorage/lz/dc-metro/rg-024/581208/2020-03/581208-omaha-006/581208-omaha-006-104.JPG	 						45	51	8	30.1	81	80	78			bc	cum	7				
1873-12-29	22	8.92	-79.52			a		https://s3.amazonaws.com/NARAprodstorage/lz/dc-metro/rg-024/581208/2020-03/581208-omaha-006/581208-omaha-006-104.JPG	https://s3.amazonaws.com/NARAprodstorage/lz/dc-metro/rg-024/581208/2020-03/581208-omaha-006/581208-omaha-006-104.JPG	 						45	51	8	30.1	80	80	77			bc	cum	8				
1873-12-29	23	8.92	-79.52			a		https://s3.amazonaws.com/NARAprodstorage/lz/dc-metro/rg-024/581208/2020-03/581208-omaha-006/581208-omaha-006-104.JPG	https://s3.amazonaws.com/NARAprodstorage/lz/dc-metro/rg-024/581208/2020-03/581208-omaha-006/581208-omaha-006-104.JPG	 						45	51	8	30.08	80	80	77			bc	cum	8				
1873-12-29	24	8.92	-79.52			a		https://s3.amazonaws.com/NARAprodstorage/lz/dc-metro/rg-024/581208/2020-03/581208-omaha-006/581208-omaha-006-104.JPG	https://s3.amazonaws.com/NARAprodstorage/lz/dc-metro/rg-024/581208/2020-03/581208-omaha-006/581208-omaha-006-104.JPG	 						45	51	8	30.08	80	80	77			bc	cum	8				
1873-12-30	1	8.92	-79.52			a		https://s3.amazonaws.com/NARAprodstorage/lz/dc-metro/rg-024/581208/2020-03/581208-omaha-006/581208-omaha-006-105.JPG	https://s3.amazonaws.com/NARAprodstorage/lz/dc-metro/rg-024/581208/2020-03/581208-omaha-006/581208-omaha-006-105.JPG	 						315	321	2	30.08	78	78	76			b	none	10				
1873-12-30	2	8.92	-79.52			a		https://s3.amazonaws.com/NARAprodstorage/lz/dc-metro/rg-024/581208/2020-03/581208-omaha-006/581208-omaha-006-105.JPG	https://s3.amazonaws.com/NARAprodstorage/lz/dc-metro/rg-024/581208/2020-03/581208-omaha-006/581208-omaha-006-105.JPG	 						315	321	2	30.08	78	78	76			b	none	10				
1873-12-30	3	8.92	-79.52			a		https://s3.amazonaws.com/NARAprodstorage/lz/dc-metro/rg-024/581208/2020-03/581208-omaha-006/581208-omaha-006-105.JPG	https://s3.amazonaws.com/NARAprodstorage/lz/dc-metro/rg-024/581208/2020-03/581208-omaha-006/581208-omaha-006-105.JPG	 						315	321	2	30.08	78	78	76			b	none	10				
1873-12-30	4	8.92	-79.52			a		https://s3.amazonaws.com/NARAprodstorage/lz/dc-metro/rg-024/581208/2020-03/581208-omaha-006/581208-omaha-006-105.JPG	https://s3.amazonaws.com/NARAprodstorage/lz/dc-metro/rg-024/581208/2020-03/581208-omaha-006/581208-omaha-006-105.JPG	 						315	321	2	30.08	78	78	76			b	none	10				
1873-12-30	5	8.92	-79.52			a		https://s3.amazonaws.com/NARAprodstorage/lz/dc-metro/rg-024/581208/2020-03/581208-omaha-006/581208-omaha-006-105.JPG	https://s3.amazonaws.com/NARAprodstorage/lz/dc-metro/rg-024/581208/2020-03/581208-omaha-006/581208-omaha-006-105.JPG	 						315	321	5	30.1	77	78	77			bc	cum	7				
1873-12-30	6	8.92	-79.52			a		https://s3.amazonaws.com/NARAprodstorage/lz/dc-metro/rg-024/581208/2020-03/581208-omaha-006/581208-omaha-006-105.JPG	https://s3.amazonaws.com/NARAprodstorage/lz/dc-metro/rg-024/581208/2020-03/581208-omaha-006/581208-omaha-006-105.JPG	 						45	51	8	30.12	77	78	77			bc	cum	8				
1873-12-30	7	8.92	-79.52			a		https://s3.amazonaws.com/NARAprodstorage/lz/dc-metro/rg-024/581208/2020-03/581208-omaha-006/581208-omaha-006-105.JPG	https://s3.amazonaws.com/NARAprodstorage/lz/dc-metro/rg-024/581208/2020-03/581208-omaha-006/581208-omaha-006-105.JPG	 						45	51	8	30.14	77	78	77			bc	cum	8				
1873-12-30	8	8.92	-79.52			a		https://s3.amazonaws.com/NARAprodstorage/lz/dc-metro/rg-024/581208/2020-03/581208-omaha-006/581208-omaha-006-105.JPG	https://s3.amazonaws.com/NARAprodstorage/lz/dc-metro/rg-024/581208/2020-03/581208-omaha-006/581208-omaha-006-105.JPG	 						45	51	8	30.16	77	78	77			bc	cum	8				
1873-12-30	9	8.92	-79.52			a		https://s3.amazonaws.com/NARAprodstorage/lz/dc-metro/rg-024/581208/2020-03/581208-omaha-006/581208-omaha-006-105.JPG	https://s3.amazonaws.com/NARAprodstorage/lz/dc-metro/rg-024/581208/2020-03/581208-omaha-006/581208-omaha-006-105.JPG	 						315	321	8	30.14	79	79	78			bc	cum	8				
1873-12-30	10	8.92	-79.52			a		https://s3.amazonaws.com/NARAprodstorage/lz/dc-metro/rg-024/581208/2020-03/581208-omaha-006/581208-omaha-006-105.JPG	https://s3.amazonaws.com/NARAprodstorage/lz/dc-metro/rg-024/581208/2020-03/581208-omaha-006/581208-omaha-006-105.JPG	 						315	321	8	30.13	80	80	79			bc	cum	8				
1873-12-30	11	8.92	-79.52			a		https://s3.amazonaws.com/NARAprodstorage/lz/dc-metro/rg-024/581208/2020-03/581208-omaha-006/581208-omaha-006-105.JPG	https://s3.amazonaws.com/NARAprodstorage/lz/dc-metro/rg-024/581208/2020-03/581208-omaha-006/581208-omaha-006-105.JPG	 						315	321	8	30.13	81	82	80			bc	cum	8				
1873-12-30	12	8.92	-79.52			a		https://s3.amazonaws.com/NARAprodstorage/lz/dc-metro/rg-024/581208/2020-03/581208-omaha-006/581208-omaha-006-105.JPG	https://s3.amazonaws.com/NARAprodstorage/lz/dc-metro/rg-024/581208/2020-03/581208-omaha-006/581208-omaha-006-105.JPG	Noon: Panama Roads.						315	321	8	30.12	82	83	81			bc	cum	8				
1873-12-30	13	8.92	-79.52			a		https://s3.amazonaws.com/NARAprodstorage/lz/dc-metro/rg-024/581208/2020-03/581208-omaha-006/581208-omaha-006-105.JPG	https://s3.amazonaws.com/NARAprodstorage/lz/dc-metro/rg-024/581208/2020-03/581208-omaha-006/581208-omaha-006-105.JPG	 						360	6	13	30.1	84	85	81			bc	cum	8				
1873-12-30	14	8.92	-79.52			a		https://s3.amazonaws.com/NARAprodstorage/lz/dc-metro/rg-024/581208/2020-03/581208-omaha-006/581208-omaha-006-105.JPG	https://s3.amazonaws.com/NARAprodstorage/lz/dc-metro/rg-024/581208/2020-03/581208-omaha-006/581208-omaha-006-105.JPG	 						360	6	19	30.1	84	85	81			bc	cum	8				
1873-12-30	15	8.92	-79.52			a		https://s3.amazonaws.com/NARAprodstorage/lz/dc-metro/rg-024/581208/2020-03/581208-omaha-006/581208-omaha-006-105.JPG	https://s3.amazonaws.com/NARAprodstorage/lz/dc-metro/rg-024/581208/2020-03/581208-omaha-006/581208-omaha-006-105.JPG	 						360	6	19	30.08	84	85	81			bc	cum	8				
1873-12-30	16	8.92	-79.52			a		https://s3.amazonaws.com/NARAprodstorage/lz/dc-metro/rg-024/581208/2020-03/581208-omaha-006/581208-omaha-006-105.JPG	https://s3.amazonaws.com/NARAprodstorage/lz/dc-metro/rg-024/581208/2020-03/581208-omaha-006/581208-omaha-006-105.JPG	 						360	6	19	30.06	84	85	85			bc	cum	9				
1873-12-30	17	8.92	-79.52			a		https://s3.amazonaws.com/NARAprodstorage/lz/dc-metro/rg-024/581208/2020-03/581208-omaha-006/581208-omaha-006-105.JPG	https://s3.amazonaws.com/NARAprodstorage/lz/dc-metro/rg-024/581208/2020-03/581208-omaha-006/581208-omaha-006-105.JPG	 						360	6	13	30.08	83	84	83			bc	cum	9				
1873-12-30	18	8.92	-79.52			a		https://s3.amazonaws.com/NARAprodstorage/lz/dc-metro/rg-024/581208/2020-03/581208-omaha-006/581208-omaha-006-105.JPG	https://s3.amazonaws.com/NARAprodstorage/lz/dc-metro/rg-024/581208/2020-03/581208-omaha-006/581208-omaha-006-105.JPG	 						360	6	13	30.08	82	83	80			bc	cum	9				
1873-12-30	19	8.92	-79.52			a		https://s3.amazonaws.com/NARAprodstorage/lz/dc-metro/rg-024/581208/2020-03/581208-omaha-006/581208-omaha-006-105.JPG	https://s3.amazonaws.com/NARAprodstorage/lz/dc-metro/rg-024/581208/2020-03/581208-omaha-006/581208-omaha-006-105.JPG	 						360	6	8	30.09	81	81	78			bc	cum str	9				
1873-12-30	20	8.92	-79.52			a		https://s3.amazonaws.com/NARAprodstorage/lz/dc-metro/rg-024/581208/2020-03/581208-omaha-006/581208-omaha-006-105.JPG	https://s3.amazonaws.com/NARAprodstorage/lz/dc-metro/rg-024/581208/2020-03/581208-omaha-006/581208-omaha-006-105.JPG	 						360	6	8	30.1	80	80	76			bc	cum str	9				
1873-12-30	21	8.92	-79.52			a		https://s3.amazonaws.com/NARAprodstorage/lz/dc-metro/rg-024/581208/2020-03/581208-omaha-006/581208-omaha-006-105.JPG	https://s3.amazonaws.com/NARAprodstorage/lz/dc-metro/rg-024/581208/2020-03/581208-omaha-006/581208-omaha-006-105.JPG	 						360	6	2	30.1	80	80	76			bc	cum str	9				
1873-12-30	22	8.92	-79.52			a		https://s3.amazonaws.com/NARAprodstorage/lz/dc-metro/rg-024/581208/2020-03/581208-omaha-006/581208-omaha-006-105.JPG	https://s3.amazonaws.com/NARAprodstorage/lz/dc-metro/rg-024/581208/2020-03/581208-omaha-006/581208-omaha-006-105.JPG	 						360	6	8	30.1	80	78	76			bc	cum str	9				
1873-12-30	23	8.92	-79.52			a		https://s3.amazonaws.com/NARAprodstorage/lz/dc-metro/rg-024/581208/2020-03/581208-omaha-006/581208-omaha-006-105.JPG	https://s3.amazonaws.com/NARAprodstorage/lz/dc-metro/rg-024/581208/2020-03/581208-omaha-006/581208-omaha-006-105.JPG	 						360	6	13	30.1	78	78	76			bc	cum str	9				
1873-12-30	24	8.92	-79.52			a		https://s3.amazonaws.com/NARAprodstorage/lz/dc-metro/rg-024/581208/2020-03/581208-omaha-006/581208-omaha-006-105.JPG	https://s3.amazonaws.com/NARAprodstorage/lz/dc-metro/rg-024/581208/2020-03/581208-omaha-006/581208-omaha-006-105.JPG	 						360	6	13	30.1	78	78	76			bc	cum str	9				
1873-12-31	1	8.92	-79.52			a		https://s3.amazonaws.com/NARAprodstorage/lz/dc-metro/rg-024/581208/2020-03/581208-omaha-006/581208-omaha-006-106.JPG	https://s3.amazonaws.com/NARAprodstorage/lz/dc-metro/rg-024/581208/2020-03/581208-omaha-006/581208-omaha-006-106.JPG	 						315	321	5	30.15	77	77	75			bc	cum	8				
1873-12-31	2	8.92	-79.52			a		https://s3.amazonaws.com/NARAprodstorage/lz/dc-metro/rg-024/581208/2020-03/581208-omaha-006/581208-omaha-006-106.JPG	https://s3.amazonaws.com/NARAprodstorage/lz/dc-metro/rg-024/581208/2020-03/581208-omaha-006/581208-omaha-006-106.JPG	 						315	321	5	30.15	77	77	75			bc	cum	8				
1873-12-31	3	8.92	-79.52			a		https://s3.amazonaws.com/NARAprodstorage/lz/dc-metro/rg-024/581208/2020-03/581208-omaha-006/581208-omaha-006-106.JPG	https://s3.amazonaws.com/NARAprodstorage/lz/dc-metro/rg-024/581208/2020-03/581208-omaha-006/581208-omaha-006-106.JPG	 						315	321	5	30.15	77	77	75			bc	cum	8				
1873-12-31	4	8.92	-79.52			a		https://s3.amazonaws.com/NARAprodstorage/lz/dc-metro/rg-024/581208/2020-03/581208-omaha-006/581208-omaha-006-106.JPG	https://s3.amazonaws.com/NARAprodstorage/lz/dc-metro/rg-024/581208/2020-03/581208-omaha-006/581208-omaha-006-106.JPG	 						315	321	5	30.15	77	77	75			bc	cum	8				
1873-12-31	5	8.92	-79.52			a		https://s3.amazonaws.com/NARAprodstorage/lz/dc-metro/rg-024/581208/2020-03/581208-omaha-006/581208-omaha-006-106.JPG	https://s3.amazonaws.com/NARAprodstorage/lz/dc-metro/rg-024/581208/2020-03/581208-omaha-006/581208-omaha-006-106.JPG	 						315	321	5	30.15	77	77	75			bc	cum	8				
1873-12-31	6	8.92	-79.52			a		https://s3.amazonaws.com/NARAprodstorage/lz/dc-metro/rg-024/581208/2020-03/581208-omaha-006/581208-omaha-006-106.JPG	https://s3.amazonaws.com/NARAprodstorage/lz/dc-metro/rg-024/581208/2020-03/581208-omaha-006/581208-omaha-006-106.JPG	 						315	321	5	30.12	77	77	75			bc	cum	8				
1873-12-31	7	8.92	-79.52			a		https://s3.amazonaws.com/NARAprodstorage/lz/dc-metro/rg-024/581208/2020-03/581208-omaha-006/581208-omaha-006-106.JPG	https://s3.amazonaws.com/NARAprodstorage/lz/dc-metro/rg-024/581208/2020-03/581208-omaha-006/581208-omaha-006-106.JPG	 						315	321	5	30.12	77	77	75			bc	cum nim	7				
1873-12-31	8	8.92	-79.52			a		https://s3.amazonaws.com/NARAprodstorage/lz/dc-metro/rg-024/581208/2020-03/581208-omaha-006/581208-omaha-006-106.JPG	https://s3.amazonaws.com/NARAprodstorage/lz/dc-metro/rg-024/581208/2020-03/581208-omaha-006/581208-omaha-006-106.JPG	 						315	321	5	30.1	77	78	75			bc	cum nim	9				
1873-12-31	9	8.92	-79.52			a		https://s3.amazonaws.com/NARAprodstorage/lz/dc-metro/rg-024/581208/2020-03/581208-omaha-006/581208-omaha-006-106.JPG	https://s3.amazonaws.com/NARAprodstorage/lz/dc-metro/rg-024/581208/2020-03/581208-omaha-006/581208-omaha-006-106.JPG	 						360	6	5	30.1	77	78	76			bc	cum	6				
1873-12-31	10	8.92	-79.52			a		https://s3.amazonaws.com/NARAprodstorage/lz/dc-metro/rg-024/581208/2020-03/581208-omaha-006/581208-omaha-006-106.JPG	https://s3.amazonaws.com/NARAprodstorage/lz/dc-metro/rg-024/581208/2020-03/581208-omaha-006/581208-omaha-006-106.JPG	 						360	6	5	30.1	80	80	76			bc	cum	6				
1873-12-31	11	8.92	-79.52			a		https://s3.amazonaws.com/NARAprodstorage/lz/dc-metro/rg-024/581208/2020-03/581208-omaha-006/581208-omaha-006-106.JPG	https://s3.amazonaws.com/NARAprodstorage/lz/dc-metro/rg-024/581208/2020-03/581208-omaha-006/581208-omaha-006-106.JPG	 						22	28	8	30.1	80	80	77			bc	cum	5				
1873-12-31	12	8.92	-79.52			a		https://s3.amazonaws.com/NARAprodstorage/lz/dc-metro/rg-024/581208/2020-03/581208-omaha-006/581208-omaha-006-106.JPG	https://s3.amazonaws.com/NARAprodstorage/lz/dc-metro/rg-024/581208/2020-03/581208-omaha-006/581208-omaha-006-106.JPG	Noon: Panama Roads.						45	51	5	30.1	82	82	77			bc	cum	5				
1873-12-31	13	8.92	-79.52			a		https://s3.amazonaws.com/NARAprodstorage/lz/dc-metro/rg-024/581208/2020-03/581208-omaha-006/581208-omaha-006-106.JPG	https://s3.amazonaws.com/NARAprodstorage/lz/dc-metro/rg-024/581208/2020-03/581208-omaha-006/581208-omaha-006-106.JPG	 						888	888	5	30.08	82	82	77			bc	cum	4				
1873-12-31	14	8.92	-79.52			a		https://s3.amazonaws.com/NARAprodstorage/lz/dc-metro/rg-024/581208/2020-03/581208-omaha-006/581208-omaha-006-106.JPG	https://s3.amazonaws.com/NARAprodstorage/lz/dc-metro/rg-024/581208/2020-03/581208-omaha-006/581208-omaha-006-106.JPG	 						888	888	5	30.08	82	84	77			bc	cum	4				
1873-12-31	15	8.92	-79.52			a		https://s3.amazonaws.com/NARAprodstorage/lz/dc-metro/rg-024/581208/2020-03/581208-omaha-006/581208-omaha-006-106.JPG	https://s3.amazonaws.com/NARAprodstorage/lz/dc-metro/rg-024/581208/2020-03/581208-omaha-006/581208-omaha-006-106.JPG	 						888	888	2	30.06	84	84	77			bc	cum	4				
1873-12-31	16	8.92	-79.52			a		https://s3.amazonaws.com/NARAprodstorage/lz/dc-metro/rg-024/581208/2020-03/581208-omaha-006/581208-omaha-006-106.JPG	https://s3.amazonaws.com/NARAprodstorage/lz/dc-metro/rg-024/581208/2020-03/581208-omaha-006/581208-omaha-006-106.JPG	 						888	888	2	30.04	84	84	77			bc	cum	4				
1873-12-31	17	8.92	-79.52			a		https://s3.amazonaws.com/NARAprodstorage/lz/dc-metro/rg-024/581208/2020-03/581208-omaha-006/581208-omaha-006-106.JPG	https://s3.amazonaws.com/NARAprodstorage/lz/dc-metro/rg-024/581208/2020-03/581208-omaha-006/581208-omaha-006-106.JPG	 						338	344	5	30.04	84	84	77			bc	cum	5				
1873-12-31	18	8.92	-79.52			a		https://s3.amazonaws.com/NARAprodstorage/lz/dc-metro/rg-024/581208/2020-03/581208-omaha-006/581208-omaha-006-106.JPG	https://s3.amazonaws.com/NARAprodstorage/lz/dc-metro/rg-024/581208/2020-03/581208-omaha-006/581208-omaha-006-106.JPG	 						338	344	8	30.04	80	80	77			bc	cum	5				
1873-12-31	19	8.92	-79.52			a		https://s3.amazonaws.com/NARAprodstorage/lz/dc-metro/rg-024/581208/2020-03/581208-omaha-006/581208-omaha-006-106.JPG	https://s3.amazonaws.com/NARAprodstorage/lz/dc-metro/rg-024/581208/2020-03/581208-omaha-006/581208-omaha-006-106.JPG	 						338	344	8	30.06	79	79	77			bc	cum	5				
1873-12-31	20	8.92	-79.52			a		https://s3.amazonaws.com/NARAprodstorage/lz/dc-metro/rg-024/581208/2020-03/581208-omaha-006/581208-omaha-006-106.JPG	https://s3.amazonaws.com/NARAprodstorage/lz/dc-metro/rg-024/581208/2020-03/581208-omaha-006/581208-omaha-006-106.JPG	 						338	344	8	30.08	79	79	76			bc	cum	6				
1873-12-31	21	8.92	-79.52			a		https://s3.amazonaws.com/NARAprodstorage/lz/dc-metro/rg-024/581208/2020-03/581208-omaha-006/581208-omaha-006-106.JPG	https://s3.amazonaws.com/NARAprodstorage/lz/dc-metro/rg-024/581208/2020-03/581208-omaha-006/581208-omaha-006-106.JPG	 						315	321	8	30.1	79	78	75			bc	cum	9				
1873-12-31	22	8.92	-79.52			a		https://s3.amazonaws.com/NARAprodstorage/lz/dc-metro/rg-024/581208/2020-03/581208-omaha-006/581208-omaha-006-106.JPG	https://s3.amazonaws.com/NARAprodstorage/lz/dc-metro/rg-024/581208/2020-03/581208-omaha-006/581208-omaha-006-106.JPG	 						315	321	8	30.1	78	78	75			bc	cum	9				
1873-12-31	23	8.92	-79.52			a		https://s3.amazonaws.com/NARAprodstorage/lz/dc-metro/rg-024/581208/2020-03/581208-omaha-006/581208-omaha-006-106.JPG	https://s3.amazonaws.com/NARAprodstorage/lz/dc-metro/rg-024/581208/2020-03/581208-omaha-006/581208-omaha-006-106.JPG	 						315	321	8	30.12	78	77	75			bc	cum	8				
1873-12-31	24	8.92	-79.52			a		https://s3.amazonaws.com/NARAprodstorage/lz/dc-metro/rg-024/581208/2020-03/581208-omaha-006/581208-omaha-006-106.JPG	https://s3.amazonaws.com/NARAprodstorage/lz/dc-metro/rg-024/581208/2020-03/581208-omaha-006/581208-omaha-006-106.JPG	 						315	321	8	30.12	78	77	75			bc	cum	6				
